temp/ctadc_skymodel_gps_sources_pwn.ecsv
# %ECSV 0.9
# ---
# datatype:
# - {name: x, unit: kpc, datatype: float64, description: Galactocentric x coordinate}
# - {name: y, unit: kpc, datatype: float64, description: Galactocentric y coordinate}
# - {name: z, unit: kpc, datatype: float64, description: Galactocentric z coordinate}
# - {name: spiralarm, datatype: string}
# - {name: GLON, unit: deg, datatype: float64, description: Galactic longitude}
# - {name: GLAT, unit: deg, datatype: float64, description: Galactic latitude}
# - {name: RA, unit: deg, datatype: float64}
# - {name: DEC, unit: deg, datatype: float64}
# - {name: distance, unit: pc, datatype: float64, description: Distance observer to
#     source center}
# - {name: sigma, unit: deg, datatype: float64, description: Angular extension (deg)}
# - {name: spec_alpha, datatype: float64, description: Spectral model parameter (log
#     parabola)}
# - {name: spec_beta, datatype: float64, description: Spectral model parameter (log
#     parabola)}
# - {name: spec_norm, unit: 1 / (cm2 MeV s), datatype: float64, description: Spectral
#     model norm parameter (log parabola)}
# - {name: spec_norm_crab, unit: '', datatype: float64, description: Spectral model
#     norm parameter (log parabola) in crab units}
# - {name: source_name, datatype: string, description: source name}
x y z spiralarm GLON GLAT RA DEC distance sigma spec_alpha spec_beta spec_norm spec_norm_crab source_name
[from data line 372]
0.702558228951 6.97370479264 -0.145453364332 "Carina Sagittarius" 2.59963567878 -0.538012233291 268.440068095 -26.9825033667 15490.3287491 0.0525330785875 1.57382692868 0.431279624892 4.17826703634e-20 0.124883933016 pwn_372
5.59595312596 7.24909435442 -0.0525032644199 Perseus 19.5610946027 -0.179984129127 276.836385469 -11.9608603698 16713.8092895 0.0299931937994 1.64038056198 0.29313866076 3.63619553673e-20 0.108681995643 pwn_373
-0.383345003857 -5.44752632423 -0.00916384872645 Perseus -7.15801813597 -0.170666899555 262.034062764 -35.0645222491 3076.46435204 0.190774681457 1.61971552268 0.174332598859 2.16444496689e-18 6.46929451635 pwn_374
-1.81512254999 -4.57495686104 0.00156037144397 Perseus -24.8180171689 0.0206739017367 246.981608193 -48.8093694221 4324.42319263 0.165145065739 1.88827990076 0.424416512802 9.86746898923e-18 29.4928094726 pwn_375
-1.79981862242 0.462742206133 0.0375809940744 "Crux Scutum" -11.3546137733 0.23553909488 258.637554939 -38.2834150748 9141.74530701 0.082802887174 1.88910948092 0.402439224277 1.07519159305e-18 3.21363267874 pwn_376
-4.40664458747 -4.12475648106 0.156548292323 Norma -45.2048695007 1.44412009151 216.542985768 -59.2280709833 6211.74530531 0.019794771303 2.40100496957 0.49917743855 2.12838248401e-18 6.36150761195 pwn_377
1.11392033607 -2.06880831271 -0.0290794988877 "Carina Sagittarius" 9.82647531692 -0.255268102887 272.088578247 -20.5657037191 6527.01238325 0.0786710503396 2.1701670317 0.423653844167 3.66731859292e-19 1.09612230506 pwn_378
-2.44408147335 1.84457710481 0.0471872114774 Norma -13.29332252 0.25435248537 257.14280066 -39.8364852953 10629.488998 0.077594840452 1.66234232462 0.207228267403 4.25984656077e-20 0.127322257751 pwn_379
-0.63063722229 5.22483848173 -0.029483611558 "Crux Scutum" -2.63081089536 -0.122952518819 264.924980553 -31.2376558054 13739.3509286 0.00629237055433 1.88771479626 0.063749440885 3.74441147155e-20 0.111916454197 pwn_380
-7.07522986464 5.20358513377 0.020357733573 "Carina Sagittarius" -27.3075341526 0.0756315245957 244.205525775 -50.5340760147 15422.306494 0.0443281780251 2.06922185481 0.4203204541 8.29077157759e-19 2.47802295387 pwn_381
10.3724104412 -0.130230668554 0.0250230559788 Norma 51.099032496 0.107570246628 291.270922222 16.1614261927 13328.1867925 -0.00549104194318 1.80826249257 0.0298789589802 7.94969571621e-20 0.237607902674 pwn_382
2.80424735546 -4.51887381254 -0.00316831344231 Perseus 35.1603090292 -0.0372782840565 283.90918235 1.96612215159 4869.61795106 0.0574836849851 1.78119677382 0.175135603672 4.76095931285e-19 1.42299981965 pwn_383
-7.50236350018 -2.70696793672 -0.0384951222796 "Crux Scutum" -52.3260820766 -0.232691097808 203.250880829 -62.7211193105 9478.72145648 0.0615906138036 1.81392523455 0.459868990386 2.52551457364e-19 0.754849295418 pwn_384
-0.509466723728 9.8313616612 -0.0069649885609 Perseus -1.59195926447 -0.0217610894186 265.465860568 -30.3030543952 18338.441188 0.00536065731996 2.03416468978 0.480383236723 2.61888101833e-19 0.782755527171 pwn_385
5.18096360558 7.06538009798 0.00827383698489 Perseus 18.4101104892 0.0288970687809 276.09724211 -12.8813759396 16404.9843015 0.0177091371145 1.57095345884 0.320282296761 1.54386761378e-20 0.0461445517933 pwn_386
-1.65142585982 -3.9548337173 -0.0313866328255 Perseus -19.9679423717 -0.371865309981 252.177136735 -45.461836357 4835.98273659 0.0312759590141 1.71206924342 0.344324158492 4.88235359883e-18 14.592832734 pwn_387
2.21826204402 3.86789770007 0.158579733065 "Crux Scutum" 10.1682533881 0.723062811191 271.355824124 -19.7905219855 12566.2535207 0.0831363284352 1.92701694911 0.0212272443628 1.3023289965e-19 0.389252208507 pwn_388
-14.6075290752 -0.992646344843 -0.0181011046281 Perseus -62.7996790455 -0.0631472795847 180.419533064 -62.3798643314 16423.7813014 0.0377359748711 1.88409070932 0.257240170545 6.81785320756e-20 0.203778340608 pwn_389
-4.99367180493 16.2541470523 -0.021686393575 Norma -11.4052494245 -0.0492039650801 258.89503253 -38.49056595 25252.8221132 0.0291132588428 1.86468734516 0.273434089403 6.17510312246e-20 0.184567227993 pwn_390
3.27270990783 -7.47395853727 -0.0582567039845 Norma 72.5930442337 -0.973106807954 304.546169088 34.0699750463 3430.27478019 0.148376007124 1.7001536851 0.170050373062 1.87318280133e-18 5.59874305431 pwn_391
9.23162510726 -2.21385303501 0.115819099967 Norma 55.7476373939 0.594137429361 293.164008334 20.4762435562 11169.2416865 0.0422164600231 2.06258466307 0.0342984173769 1.10331253694e-19 0.329768317248 pwn_392
-1.15243724372 7.12220943213 0.135520370474 "Carina Sagittarius" -4.21901937008 0.495673196213 263.306689993 -32.2431916776 15665.2451278 0.00701105166167 2.37614442675 0.114453799862 9.49149420332e-20 0.283690610484 pwn_393
0.0317495339484 4.74423204667 -0.00152155764851 "Crux Scutum" 0.137351173378 -0.00658238094586 266.493083993 -28.8223441735 13244.2701896 0.0369340515713 1.90973218329 0.178991968431 4.55588032174e-20 0.136170390255 pwn_394
-7.77948904219 9.13913595118 0.0532931200684 Perseus -23.7991926994 0.158387175762 247.887605579 -47.975659147 19278.5478452 0.0183971347471 1.74784229058 0.217570993258 1.11448230487e-19 0.333106841419 pwn_395
-3.34945459969 -4.0306216259 -0.0594919334945 Norma -36.8487307302 -0.610277616327 232.417234906 -57.1351749042 5585.49267804 0.146526083724 2.004049878 0.295463362767 4.79962614225e-19 1.43455692141 pwn_396
0.79025036893 -1.51860825033 -0.25555192291 Norma 6.45803956058 -2.08306954884 272.05050537 -24.3971906678 7030.62111006 0.127942281832 1.65443418808 0.361195759349 1.45701707075e-19 0.435486819496 pwn_397
0.366040768868 -6.91749805355 -0.114989144751 Norma 13.023763939 -4.04942701841 277.255147631 -19.5419281481 1628.34908984 0.609648227387 1.59758360693 0.158815936637 6.82853432392e-18 20.4097587753 pwn_398
5.39769615551 8.26080551241 -0.0177162284258 Perseus 17.850778605 -0.0576462523062 275.906840474 -13.4161331848 17608.5217743 0.0463912876487 1.80885836186 0.164476879959 2.85023296895e-19 0.851904150878 pwn_399
1.25813566189 -11.0690879887 0.00663145089593 "Crux Scutum" 153.908050101 0.132822299313 65.7850506117 49.82828836 2860.62273174 0.140284787075 1.1026449091 0.00984582136185 6.39896328728e-19 1.91258168898 pwn_400
-1.73664132871 7.16523498492 -0.00710210754468 "Carina Sagittarius" -6.32595528127 -0.0258178749692 262.447177091 -34.2912853628 15761.2042902 0.0160634652418 1.48843340181 0.020437430047 1.97451909511e-20 0.0590162639839 pwn_401
-1.90874226386 2.23514463077 -0.00168908016691 Perseus -10.0820057831 -0.00887577712018 259.822797926 -37.3872666889 10903.5145768 0.0726633718799 1.7060502989 0.128910847154 2.15472981003e-19 0.644025695156 pwn_402
2.24284144121 2.69164021809 0.126494525869 "Crux Scutum" 11.3321484524 0.634939671164 272.038334167 -18.8172148362 11414.8652803 0.059113167918 1.4345850083 0.370122498837 1.25480924532e-18 3.75049063109 pwn_403
-1.91522039619 11.4457239117 0.064692274586 Perseus -5.4848169372 0.184982559939 262.792601977 -33.4729233438 20037.5686304 0.00330795503773 1.52118636249 0.314156915187 8.29618315851e-21 0.0247964041753 pwn_404
-7.09898471397 2.65365755598 -0.00938493107829 "Carina Sagittarius" -32.4755892623 -0.0406708598491 238.009347604 -54.0550476821 13221.1856095 0.0510193726781 1.68207794889 0.384894510339 2.03535776147e-19 0.608346666536 pwn_405
10.8048787459 1.20063351701 0.00913651636304 Norma 48.0824657322 0.0360511217255 289.865165642 13.4673150937 14520.5984319 0.0555067195847 1.35639937075 0.384459718107 9.93852995747e-20 0.297052031066 pwn_406
2.75320047673 -5.34189815467 -0.0126228395626 Perseus 41.0815808809 -0.172621066621 286.750062312 7.1686069852 4189.73501151 0.140727787634 1.69036061501 0.428283733835 5.27707090396e-18 15.7726005437 pwn_407
6.04345320494 12.0197492102 -0.0199930580469 Norma 16.4106957585 -0.0535508768108 275.205655019 -14.6854618414 21391.2092695 0.0242970873651 1.65547705558 0.360159632993 1.48052686183e-19 0.442513644609 pwn_408
8.45915560865 -8.7655677277 0.0347808197157 "Crux Scutum" 91.798159857 0.235461048665 319.64909157 49.7882728089 8463.39468149 0.0403446059157 1.80685940626 0.4895054595 3.23413640935e-19 0.966648783324 pwn_409
5.94914335463 -9.44204376184 -0.0214313319144 "Crux Scutum" 98.998045978 -0.203862713554 328.848995628 54.2755259086 6023.30577051 0.0263136596089 2.11162968823 0.449412609651 1.39430783182e-19 0.416743698661 pwn_410
-3.61235201445 -5.40507568936 0.00361158319248 Norma -49.4113020519 0.0435011269158 209.263303762 -61.8489057586 4756.85364589 0.168581617956 1.84657619245 0.293358583112 2.66752062621e-18 7.97293385759 pwn_411
-3.82975645778 -5.19079905107 0.0384870376124 Norma -49.1704886662 0.435669789487 209.544375721 -61.4085097365 5061.55378302 0.0956656712488 1.80568674576 0.294078835246 3.42566965058e-19 1.02389602066 pwn_412
-0.267226526125 -1.09250272522 -0.0424141423751 Perseus -2.06605750393 -0.327849606576 265.477135068 -30.8672905965 7412.43717354 0.068247473339 1.8268527034 0.0171335201761 9.26264575366e-20 0.27685057508 pwn_413
0.0957424240964 -4.49967421646 0.0114304415965 Perseus 1.37103577317 0.163668366554 267.053834565 -27.6791112856 4001.48767851 0.26713440942 1.86139604928 0.499263288854 7.10009402574e-18 21.2214216804 pwn_414
-7.24034589924 1.45815860831 0.0277874267411 "Crux Scutum" -36.0200296808 0.1293118977 232.889163207 -56.0552555166 12312.1201972 0.0624390814806 1.52548056488 0.0657879986831 2.64499649289e-20 0.0790561163209 pwn_415
3.81362004709 0.802603871696 0.182833281511 "Crux Scutum" 22.2912693468 1.04182029345 277.027638424 -8.97579845925 10055.6235344 0.0675174851578 1.76901066231 0.370173598316 1.21309017196e-18 3.6257967827 pwn_416
3.10106728482 4.44151425608 -0.0329264487318 "Carina Sagittarius" 13.4752354977 -0.141761428929 273.839093793 -17.3121400321 13307.9109441 0.0460943692449 1.8833628353 0.410507597562 2.34712421273e-19 0.701530324444 pwn_417
4.97070480743 -8.69321905201 -0.0125884109647 "Crux Scutum" 92.2260556151 -0.144992915858 320.534644458 49.8230245108 4974.47468109 0.202637850329 1.42989480471 0.186527264653 7.52338031138e-19 2.24865791173 pwn_418
-4.23660028582 1.30670109292 0.00947721660685 Norma -23.3648634934 0.0508302356957 248.446042222 -47.7311382969 10682.7083703 0.0997101530562 2.03372628916 0.0984260273327 2.73688111613e-19 0.818024494378 pwn_419
-0.416974064293 2.77636830848 -0.0235645627866 Norma -2.11770077668 -0.119650749026 265.239526929 -30.8010465143 11284.0996489 0.0743452305138 2.0919715293 0.0493799433953 2.57538608342e-20 0.076975535631 pwn_420
2.46280231629 3.78996462074 0.108604530645 "Crux Scutum" 11.3314898625 0.4964319137 272.16597075 -18.8849977952 12534.768469 0.0589934046738 1.62952848312 0.374303002915 1.77058959096e-20 0.0529210292094 pwn_421
0.0201029199313 -1.67098623667 0.027786122665 Norma 0.168664053231 0.233124713115 266.27836025 -28.6706929926 6829.09988035 -0.00396704873656 1.73483879631 0.226326764603 5.34399377059e-19 1.59726258345 pwn_422
6.2216844792 -3.09087547796 0.169335770674 Perseus 48.9963456769 1.17667920415 289.266001077 14.808406575 8246.00875921 0.0737529883051 1.56288860744 0.356858879501 5.56456240364e-19 1.66318818887 pwn_423
3.49468844352 0.373835912253 -0.0562656785272 "Carina Sagittarius" 21.4954809155 -0.338019032333 277.893668511 -10.3205203052 9537.34643082 0.0561455025333 1.98883273057 0.457703824426 3.89893040657e-19 1.16534859905 pwn_424
-3.94196131875 0.97631956762 0.0308644668606 Norma -22.58634348 0.172299525555 249.091153557 -47.0752365994 10263.5590417 0.0584244667282 1.51346998239 0.0732918680755 4.21901159488e-20 0.126101744294 pwn_425
-4.37205140181 -3.52074156475 0.0259191503286 Norma -41.284838278 0.22411457533 224.451048539 -58.7203450467 6626.35041538 0.127188671032 1.73993120723 0.459585500362 6.1255311954e-19 1.8308557611 pwn_426
5.93068133065 -4.80866282939 0.00466056109986 Norma 58.1013009843 0.0382257073033 294.917544073 22.2601236776 6985.62616189 -0.0303223347062 1.56809162489 0.205813229754 2.9254214741e-19 0.874377190919 pwn_427
-3.07757573382 -4.74696671243 -0.00102281200068 Norma -39.3525599245 -0.0120742712269 227.884240804 -57.9818430709 4853.52782017 0.0844137434093 1.81375765479 0.152633504949 2.66223935234e-19 0.795714869486 pwn_428
6.6845196463 2.58647224299 -0.074710323571 Perseus 31.0876153498 -0.330651821028 282.312660421 -1.79216630473 12945.9743291 0.0502109665508 1.3155580967 0.471531130301 3.44661597814e-19 1.03015665395 pwn_429
10.3313054126 1.83151348106 -0.00293494857645 Norma 44.9994230485 -0.0115092904872 288.437679162 10.7178507002 14610.8196537 0.0300494891889 2.15814464344 0.495325846303 2.41593133165e-20 0.0722096036392 pwn_430
1.24461653059 -2.32909579818 0.209572045933 "Carina Sagittarius" 11.4030690075 1.9067263054 270.904642779 -18.1343459772 6298.65457211 0.0265104110526 1.53955626546 0.0994461088837 6.19248803858e-19 1.85086844542 pwn_431
-9.52401755558 1.01339566964 -0.12263758905 "Carina Sagittarius" -45.0319680602 -0.521964798911 218.325733548 -60.9906701788 13462.0447015 0.0610294923818 1.81617156444 0.328419173476 2.08014107252e-19 0.621731919247 pwn_432
1.7624277488 4.5092052398 -0.0694203618181 "Crux Scutum" 7.71519897294 -0.302974021701 271.025472442 -22.4315512151 13128.2288115 0.049665890415 1.74261877791 0.0532476568855 2.71633108758e-19 0.811882310631 pwn_433
-2.71124318997 -3.12064616829 0.0190786077146 Perseus -26.7485191462 0.181461552907 244.717098558 -50.0683267613 6024.00624793 0.0489115684272 1.59422908178 0.325457001929 1.68318392691e-19 0.503085673924 pwn_434
5.49536279454 -4.19380499006 -0.0373650203482 Perseus 51.9175650552 -0.30664124984 292.056827665 16.6841978399 6981.67056312 0.0949474081858 1.56029936311 0.413656613888 4.88044570454e-19 1.45871302421 pwn_435
-3.944462496 0.91682284158 0.0429317809181 Norma -22.7275438793 0.240930338102 248.876875036 -47.1333284034 10209.6611085 0.0791421211143 2.05282760676 0.342249273262 3.54316817537e-18 10.5901507306 pwn_436
-2.25497131132 6.87206808281 -0.000188914824451 "Carina Sagittarius" -8.34535592676 -0.000696679764943 261.045379081 -35.9538900699 15536.5817603 0.036961369238 1.65807703986 0.208666571031 1.54715964774e-19 0.462429471675 pwn_437
-4.11559448423 -1.52676282073 0.0572507493871 Norma -30.5490427911 0.405101021317 240.001387932 -52.4766431194 8097.37194189 0.0990438019219 1.87321594985 0.191533179782 3.65047911934e-19 1.09108916651 pwn_438
-0.577763019576 6.82920294966 0.026354483812 "Carina Sagittarius" -2.15847626881 0.0984348521088 264.999222489 -30.719910143 15340.1097694 0.0387969167695 1.58359584094 0.196561207612 1.24266316241e-19 0.37141872883 pwn_439
-12.8576150705 -1.42982911407 -0.0946352861199 Perseus -61.1943979263 -0.369523502777 183.756040602 -62.9491691526 14673.6000182 0.0313185870582 1.6252610134 0.294855908996 9.84681847072e-20 0.294310872814 pwn_440
-3.04098743656 11.4567090748 -0.206538266018 Perseus -8.66403751263 -0.586184988245 261.424106187 -36.5464023006 20188.1276928 0.0119236304569 1.92750673052 0.440783635036 9.23497572495e-19 2.76023547515 pwn_441
-2.45093597805 5.39840607465 -0.00302658540284 "Crux Scutum" -10.0010874898 -0.0122874161686 259.8846954 -37.3229347194 14112.8589501 0.038839032811 2.05121029395 0.464533078634 5.30543560717e-19 1.58573796079 pwn_442
-1.59614738385 4.6768079136 0.0177981368873 "Crux Scutum" -6.90676416636 0.076828720356 261.953244203 -34.7181292611 13273.1409258 0.047342006955 1.75266457137 0.0267648101037 7.24414767658e-20 0.216519826361 pwn_443
-2.77512619549 4.99788881887 -0.0230988800212 "Crux Scutum" -11.6179514776 -0.0960411059163 258.785265292 -38.6907528329 13780.234451 0.059763054375 1.41608163466 0.0908111973228 7.36727617085e-20 0.220200005367 pwn_444
4.41308193678 3.43681242754 0.00205342954643 "Carina Sagittarius" 20.2895322547 0.00924474251974 277.011299067 -11.2280105554 12726.4601256 0.0424135610558 2.33944814153 0.0561121579141 1.1029840105e-19 0.329670124209 pwn_445
