temp/ctadc_skymodel_gps_sources_pwn.ecsv
# %ECSV 0.9
# ---
# datatype:
# - {name: x, unit: kpc, datatype: float64, description: Galactocentric x coordinate}
# - {name: y, unit: kpc, datatype: float64, description: Galactocentric y coordinate}
# - {name: z, unit: kpc, datatype: float64, description: Galactocentric z coordinate}
# - {name: spiralarm, datatype: string}
# - {name: GLON, unit: deg, datatype: float64, description: Galactic longitude}
# - {name: GLAT, unit: deg, datatype: float64, description: Galactic latitude}
# - {name: RA, unit: deg, datatype: float64}
# - {name: DEC, unit: deg, datatype: float64}
# - {name: distance, unit: pc, datatype: float64, description: Distance observer to
#     source center}
# - {name: sigma, unit: deg, datatype: float64, description: Angular extension (deg)}
# - {name: spec_alpha, datatype: float64, description: Spectral model parameter (log
#     parabola)}
# - {name: spec_beta, datatype: float64, description: Spectral model parameter (log
#     parabola)}
# - {name: spec_norm, unit: 1 / (cm2 MeV s), datatype: float64, description: Spectral
#     model norm parameter (log parabola)}
# - {name: spec_norm_crab, unit: '', datatype: float64, description: Spectral model
#     norm parameter (log parabola) in crab units}
# - {name: source_name, datatype: string, description: source name}
x y z spiralarm GLON GLAT RA DEC distance sigma spec_alpha spec_beta spec_norm spec_norm_crab source_name
[from data line 225]
6.74676019062 -2.37813556814 0.0819448021883 Perseus 47.7800785317 0.51535175326 289.28416889 13.4242063009 9110.58242608 0.157162752982 1.81708073843 0.43918624769 4.2636336742e-19 1.27435450521 pwn_225
-3.07502863577 1.46370898292 -0.0842393044735 Norma -17.1514232 -0.462861087343 254.76512345 -43.3350333244 10427.7703306 0.137310678118 1.84225676525 0.345392388078 4.46314293422e-19 1.33398568925 pwn_226
-9.70090007302 -0.19827114962 0.00961565726042 "Carina Sagittarius" -49.4441161551 0.0431492121291 209.19615397 -61.8574774211 12768.1735809 0.112141662727 1.86268887977 0.493674378537 3.97290763317e-20 0.118745960089 pwn_227
-5.01269773678 -13.3555907422 -0.0465000236355 "Carina Sagittarius" -134.087905937 -0.381757439772 108.514495897 -11.7087783591 6978.97286911 0.205165465206 1.63872466138 0.379641225858 3.02658918123e-19 0.904615136581 pwn_228
-3.83545988833 -1.62214945425 -0.0427239990399 Perseus -29.1463914236 -0.310842118994 242.491459639 -52.0777458741 7875.11308012 0.181818876857 1.73576113297 0.182272312998 1.50299726352e-18 4.49229807351 pwn_229
-8.35934198235 3.8019108873 -0.0225514753763 "Carina Sagittarius" -34.1967245905 -0.0868739112426 235.723067844 -55.1556823464 14873.3358204 0.0962692050149 1.41550355457 0.250531586417 2.25736983251e-20 0.067470370013 pwn_230
-6.4929806761 9.41802504321 0.0909268060269 Perseus -19.9190703498 0.273356705943 251.523105055 -45.0073276544 19058.4020105 0.0751292901976 1.66680363149 0.188194577597 9.25157505181e-20 0.276519683642 pwn_231
-6.87080857748 1.27985337609 0.00162604510255 "Crux Scutum" -35.0898517855 0.0077948849596 234.362877678 -55.6135598693 11952.135592 0.119798190401 1.65342740148 0.182455918011 1.47457283365e-19 0.440734049267 pwn_232
-0.939935683595 -3.13663326294 -0.0510668158283 Perseus -9.94020191886 -0.5373315263 260.471535758 -37.5725736446 5445.34568831 0.262948267623 1.91233351249 0.130452249691 8.93998767149e-19 2.6720667009 pwn_233
-1.31620676122 2.52139208338 -0.0108582605449 Perseus -6.81017598147 -0.0560494374666 262.152928712 -34.7115007505 11099.7117799 0.128998323898 1.48783074341 0.247985147687 1.70528982553e-19 0.509692890598 pwn_234
-6.76997898542 -9.91740838065 -0.0162297348905 "Carina Sagittarius" -101.825023675 -0.134440504027 127.415281606 -39.2754105829 6916.78576977 0.20701005684 2.01092348746 0.340869972535 4.61106343649e-19 1.37819754536 pwn_235
-5.98368001887 6.07131766841 -0.0380906341584 "Carina Sagittarius" -22.3253983854 -0.138548663929 249.686791519 -47.0897658403 15752.116558 0.0908985284659 2.20351082701 0.138670135653 1.85416735272e-19 0.554190791211 pwn_236
-4.53780380605 -0.625110251834 -0.0114268256931 Norma -29.952142975 -0.0720349713149 241.254243546 -52.4421858512 9088.76683056 0.157539987772 1.24110404325 0.262189905539 2.92447843809e-20 0.087409532754 pwn_237
-6.68575425644 -4.37440072334 -0.00798716923349 "Crux Scutum" -58.3223797206 -0.0582509261754 190.104924611 -62.903161462 7856.20411929 0.182256493544 1.91508985731 0.0586901470853 5.22295912323e-20 0.156108662184 pwn_238
3.55634047919 -15.9197311001 -0.0614742486633 "Carina Sagittarius" 154.391201943 -0.428068777153 65.6963524585 49.0902453524 8228.22862373 0.17401609518 1.98276516946 0.0799226434271 2.68487005243e-18 8.02478943703 pwn_239
-9.60638351782 2.33799935073 0.040609529879 "Carina Sagittarius" -41.5525391402 0.160658541248 224.049826628 -58.9006702574 14482.6269493 0.0988663327699 1.6278920031 0.0234031773561 1.25532401496e-19 0.375202922248 pwn_240
-0.611811318555 4.26154477967 0.0648398827493 "Crux Scutum" -2.74476073362 0.290776533038 264.444988048 -31.1131466259 12776.3665595 0.112069750713 1.69273661013 0.485365721385 2.46545938548e-20 0.0736899441973 pwn_241
0.946366102636 10.1230625049 0.0858369798256 Perseus 2.9090908944 0.263744167202 267.844123951 -26.308071187 18647.2902549 0.0767856453017 1.76412224405 0.00193017575513 1.46584482092e-20 0.0438125339608 pwn_242
7.8592499053 -4.45416866783 -0.0248319472884 Norma 62.76122724 -0.160955241249 297.666159599 26.1940779512 8839.52356567 0.161982057598 1.71959646256 0.0892899840288 3.04239939603e-19 0.90934064069 pwn_243
4.5708789335 -3.5395366966 -0.0700507743848 Perseus 42.659393474 -0.595001982234 287.862692783 8.37380865613 6745.66805588 0.212261291764 1.71656649836 0.306433376558 1.34168479022e-18 4.01015234335 pwn_244
-7.00296042493 4.53483168901 -4.30318714039e-05 "Carina Sagittarius" -28.2469053083 -0.00016662573769 243.210912174 -51.2372655589 14796.9014282 0.0967664900856 1.34747897229 0.0406847994267 8.07838185436e-20 0.241454193712 pwn_245
-7.86917195076 -1.79539120113 -0.0345889308103 "Crux Scutum" -49.5686893117 -0.191698525501 209.063981173 -62.1159696485 10338.1256875 0.138501335603 2.11112952249 0.440948251548 3.19460442542e-20 0.0954833096127 pwn_246
-2.12345477515 -5.28149499957 0.0244743598719 Norma -33.4154041636 0.363667324153 236.321594808 -54.322575516 3855.96079002 0.371332669942 2.09149701985 0.359810078921 3.78056612154e-18 11.2997078018 pwn_247
-1.75187274042 2.25919216124 -0.0410088122911 Norma -9.2480651242 -0.215544057007 260.631967328 -36.8200793108 10900.9612321 0.131350271308 1.58039165001 0.483194985719 3.54049573019e-19 1.05821630778 pwn_248
-3.15041218466 4.44032841875 0.114990367635 "Crux Scutum" -13.6828641137 0.494680066277 256.587357485 -40.0038946307 13318.7994693 0.107505501427 1.40406543149 0.25381777362 9.38708584417e-20 0.280569956295 pwn_249
-3.63662844329 -9.62330869547 0.168340846469 "Crux Scutum" -107.165259499 2.53245438647 126.253330467 -33.3814698643 3809.88549703 0.375823424737 1.94068751664 0.150201841579 8.27929297337e-19 2.47459212183 pwn_250
-1.12263836296 -9.95638201352 0.00288759864053 "Crux Scutum" -142.373505742 0.0899731753271 105.08415466 -4.1359967276 1838.85121788 0.778662352573 1.64453724815 0.274750286398 1.27622022353e-18 3.81448575503 pwn_251
-6.37481636537 5.02319255481 -0.0048382144404 "Carina Sagittarius" -25.2391323314 -0.0185419059437 246.57888511 -49.1395184035 14950.419525 0.0957728452336 1.8383273541 0.465409358649 1.30164113127e-19 0.389046612949 pwn_252
-0.588055807949 -10.0446326802 0.00671520458289 "Crux Scutum" -159.157712464 0.232789297383 97.4911465042 10.8507743822 1652.79909362 0.866314738966 1.71378132737 0.260380718621 1.1844232179e-17 35.40114323 pwn_253
-2.64100922643 -5.63648882667 0.0185042905982 Norma -42.6852686342 0.272165334335 221.97942599 -59.3073898814 3895.50617798 0.367563071378 1.98671546279 0.133603515931 7.811370655e-19 2.33473514535 pwn_254
-2.17801017945 5.44979256722 0.0728379768605 "Crux Scutum" -8.87406393361 0.29558265557 260.37276277 -36.221969147 14118.985317 0.101412685346 1.98758226879 0.438699394587 2.27453030579e-19 0.679832782058 pwn_255
11.1867656786 5.03675269185 0.118197991431 Norma 39.5703102421 0.385636256397 285.55257333 6.08199863414 17561.3601567 0.0815337879624 1.60408870781 0.185959374256 5.38848872691e-20 0.161056165002 pwn_256
3.91282092947 -10.4470801637 -0.0277049784583 "Crux Scutum" 116.455647427 -0.363197873223 359.045290392 61.8117697904 4370.58993226 0.327608912651 1.42649173204 0.0006916749995 3.35673997782e-19 1.00329367868 pwn_257
3.95581638927 0.126833154609 -0.00696216504732 "Carina Sagittarius" 24.6337244054 -0.04203151258 279.092193828 -7.39922092088 9490.56278915 0.150870316878 1.37260663272 0.123842511246 1.86173566688e-20 0.0556452879371 pwn_258
2.95230073054 -2.84878560475 0.0488440368297 "Carina Sagittarius" 27.5834135824 0.438917711355 280.023505194 -4.55772958631 6376.10300141 0.22456416012 1.96480243236 0.159116754589 2.33602820822e-19 0.698213847368 pwn_259
-10.2943961736 0.289093033056 0.0158532169943 "Carina Sagittarius" -49.5101449962 0.0671042675997 209.047939301 -61.8507347848 13535.9890753 0.105780538636 1.4790080004 0.429388734116 2.29048110395e-19 0.684600305034 pwn_260
-1.49080829853 7.52076285983 0.10578073499 "Carina Sagittarius" -5.31633543302 0.376675643711 262.711561571 -33.2268564902 16090.3244702 0.0889879018908 1.66315958434 0.229251583533 1.56132327776e-20 0.0466662829206 pwn_261
-5.09368254517 10.9104857709 0.0663058799347 Perseus -14.7039683267 0.189310850943 256.094989355 -41.0017487784 20067.8089537 0.0713503013036 1.63899520962 0.222293643906 5.94364561345e-20 0.177649210594 pwn_262
-1.87911578652 6.1662706835 -0.109303353242 "Carina Sagittarius" -7.30124216323 -0.423538371067 262.1944539 -35.3238997529 14786.5654945 0.0968341306762 1.78580683001 0.1680511332 7.10125742226e-19 2.12248989482 pwn_263
-2.62497026681 -4.21707810193 0.0951427859904 Norma -31.5038156834 1.08506181483 238.08091791 -52.5685479942 5024.23536833 0.284987487723 1.27720445242 0.440339061524 2.49117548232e-19 0.744585708281 pwn_264
-3.99949689989 4.30416181313 0.0344727917779 "Crux Scutum" -17.3466713948 0.147241832919 253.943356677 -43.1075464707 13414.310402 0.1067400539 1.85097022113 0.47251338847 6.62621343399e-20 0.198050432737 pwn_265
15.9893465194 -10.0625515088 -0.0398640196935 "Carina Sagittarius" 95.58148076 -0.142170070986 324.411781592 52.1262246491 16065.5643684 0.0891250492365 1.94145057644 0.495945164577 1.00740472508e-19 0.301102498028 pwn_266
-1.04019036054 -4.25840125685 -0.120098014029 Perseus -13.7790261791 -1.57520739036 258.709434224 -41.3086816292 4368.93344159 0.327733126287 1.8238739635 0.18837063348 9.1358756272e-19 2.73061551582 pwn_267
4.91469381598 0.342837229117 -0.0485834268534 "Carina Sagittarius" 29.0645375517 -0.275146216821 281.339123225 -3.567041774 10116.9336221 0.141529466222 1.71606073364 0.483073722814 1.94017182188e-19 0.579896607219 pwn_268
-1.43078459098 -1.97167664846 0.0155768274104 "Carina Sagittarius" -12.3618157688 0.133540067796 257.985527335 -39.1586729761 6683.29207544 0.2142423523 1.82629804489 0.395939784815 8.98796686608e-19 2.68640716902 pwn_269
-2.47585196287 -9.0579539442 0.000433467657108 "Crux Scutum" -102.699925273 0.00978582473284 126.90823289 -38.4814011675 2537.94320934 0.56417504146 1.90774251332 0.337844573822 2.56780836575e-18 7.67490457543 pwn_270
5.12339584302 -9.81524416333 0.0526903318477 "Crux Scutum" 104.39768863 0.570719489103 335.96620396 58.0302689867 5289.78529285 0.270680970225 1.05139995576 0.12244473971 1.43732001516e-18 4.29599580241 pwn_271
-9.10383619651 3.21345161163 -0.0797598816897 "Carina Sagittarius" -37.854783207 -0.308040586791 230.558600894 -57.4428548228 14835.4691126 0.0965149267938 2.32809632323 0.108228630472 1.2192898787e-18 3.64432704311 pwn_272
-3.65108686109 -3.34730221445 -0.00117230556139 Norma -35.3205365476 -0.0106360875733 234.051065564 -55.7640995555 6315.11924754 0.226732728112 1.90532519713 0.0830239122606 8.12894938116e-19 2.42965603006 pwn_273
-0.658647126558 -6.53620472904 -0.0380231406856 Norma -18.5411956121 -1.05166546356 254.204219011 -44.7894686868 2071.65481266 0.691159650055 1.62384968276 0.461378305113 5.62491316231e-18 16.8122638517 pwn_274
1.65986120963 1.99010739831 -0.0417354110099 Norma 8.99142892303 -0.225151771896 271.625408036 -21.2805694655 10620.6983908 0.134816389908 1.6944425887 0.147038331192 5.87812224984e-19 1.75690787334 pwn_275
1.70823354432 1.67964312903 -0.0310031728698 Norma 9.52598033738 -0.172093555761 271.854795268 -20.7879057176 10322.0229254 0.138717403138 1.93331027988 0.226547122724 1.15130687139e-19 0.344113310511 pwn_276
-0.952531100266 3.35126325311 -0.00562151475064 Norma -4.59520177245 -0.0270902529936 263.584684035 -32.8430874323 11889.482234 0.12042948441 1.76865193646 0.246978916994 1.27433261116e-20 0.0380884388353 pwn_277
2.84808365758 2.00210079963 -0.0026874646655 "Crux Scutum" 15.1732015692 -0.0141507376217 274.563792945 -15.757548714 10881.4387352 0.131585928129 1.2517151937 0.389085797725 4.59093097674e-19 1.37218016846 pwn_278
0.635949636238 1.04985811734 0.0470267766494 "Crux Scutum" 3.80984841762 0.281518282454 268.337158269 -25.5238411878 9571.12498711 0.149600409281 2.35741307257 0.422117480777 5.10630543258e-19 1.52622008132 pwn_279
8.63537689943 9.25014083737 -0.0141842063058 Norma 25.9427476955 -0.0411715645859 279.696756724 -6.23594582228 19739.2359308 0.0725379756524 1.77015402255 0.0695363505743 7.27621800219e-20 0.217478374094 pwn_280
-5.54059014054 5.43079285149 0.0223705739314 "Carina Sagittarius" -21.6888302081 0.0854938687071 250.061028845 -46.4654805547 14992.1855985 0.0955060358575 2.07544663216 0.213452180106 9.32768750868e-20 0.278794603574 pwn_281
-3.69545780512 11.4528080587 -0.108603255918 Perseus -10.4928467198 -0.306643296546 259.833128098 -37.8946001103 20292.430916 0.0705605070814 1.6131465411 0.421427443918 1.77642586262e-20 0.0530954691277 pwn_282
-4.62667110716 0.455820384141 0.0538802977285 Norma -27.3213525007 0.306248707753 243.938609832 -50.377562846 10080.4616647 0.142041531725 2.21482180465 0.409016652878 8.08039620098e-19 2.41514400378 pwn_283
1.8948203106 0.67044069706 -0.0964167296764 Perseus 11.6743164607 -0.589917483755 273.347392011 -19.1082103448 9364.64749863 0.152898890808 1.877312796 0.0512068792262 6.28272661214e-19 1.87783978994 pwn_284
13.7426853821 -4.79054113437 -0.0496997102532 "Crux Scutum" 74.8945680583 -0.200046969108 305.3593329 36.405148984 14234.6041971 0.100588972866 1.96438783531 0.078191674434 7.75723508511e-20 0.231855460249 pwn_285
-6.86411164557 -0.423129471589 0.0214829657258 "Crux Scutum" -40.3594776441 0.11612510722 226.108348496 -58.3736958552 10599.6380945 0.135084255008 1.51778159114 0.1520993458 1.77360113714e-19 0.530110411041 pwn_286
6.7344820899 -0.0519741095015 -0.0478280137215 Perseus 38.5606741709 -0.253644268896 285.658990845 4.89169954417 10803.9195658 0.132530069909 2.12700922821 0.0376795345417 1.42021247295e-19 0.424486318843 pwn_287
3.55738962324 9.61188734773 -0.0758652365336 Perseus 11.1121190403 -0.23549398262 272.731937879 -19.4309100839 18458.094153 0.077572700815 1.98625090442 0.21233150142 4.50310074813e-19 1.34592865248 pwn_288
4.58873568707 0.612738466647 0.0766483578321 "Carina Sagittarius" 26.7276214355 0.430422619759 279.637371837 -5.32220267242 10203.1550286 0.140333476394 2.15149848198 0.0538088525748 4.2558986372e-19 1.27204258537 pwn_289
-8.89800780913 7.73140215305 0.0409194364839 Perseus -28.7314260512 0.126659275907 242.504831761 -51.4748080684 18510.3925735 0.0773535304377 1.6304163589 0.284108796835 6.15848049862e-20 0.184070395544 pwn_290
2.40377754944 5.7454884004 0.0265889248875 "Carina Sagittarius" 9.57784172239 0.105450615639 271.622711181 -20.6073902643 14446.8956265 0.0991108576101 1.67012267802 0.123278469906 1.89142265949e-19 0.565326003956 pwn_291
-3.77765614014 0.360998978118 0.00283054168741 Norma -23.0897130221 0.0168362860033 248.759797431 -47.5517661429 9632.65263649 0.148644850944 2.42205750837 0.298216532675 2.97297895407e-19 0.888591613047 pwn_292
-10.2151180147 -0.901805434743 -0.0515761841577 "Carina Sagittarius" -53.3574440832 -0.232114968086 201.018005988 -62.8685095458 12731.2158418 0.112467201338 1.51379572787 0.0587628214518 2.23002036384e-20 0.0666529236449 pwn_293
5.6086625164 -3.99358088411 -0.046925210966 Perseus 51.218999411 -0.37368441301 291.770978237 16.0382517677 7194.93644491 0.199007208238 1.76329358082 0.487941934209 4.93179364049e-18 14.7406037309 pwn_294
2.22647529148 3.12285230641 -0.00113302294439 "Crux Scutum" 10.8442176239 -0.00548558632635 272.381034157 -19.5544080799 11834.1830831 0.120992231174 2.1069606679 0.466280601929 1.4180322257e-18 4.23834666258 pwn_295
7.17260634795 1.43854592305 0.0338415020716 Perseus 35.8178237541 0.158199777735 284.035374666 2.64039048781 12256.5134575 0.116823125949 1.82638574128 0.195898469282 1.3782758635e-19 0.411951914794 pwn_296
6.9475991309 3.64128490502 -0.108549156689 Perseus 29.7794551978 -0.444597712702 281.816959624 -3.00827020754 13988.9855153 0.102355114585 1.95739749353 0.121089297063 2.639231719e-19 0.788838133947 pwn_297
