temp/ctadc_skymodel_gps_sources_pwn.ecsv
# %ECSV 0.9
# ---
# datatype:
# - {name: x, unit: kpc, datatype: float64, description: Galactocentric x coordinate}
# - {name: y, unit: kpc, datatype: float64, description: Galactocentric y coordinate}
# - {name: z, unit: kpc, datatype: float64, description: Galactocentric z coordinate}
# - {name: spiralarm, datatype: string}
# - {name: GLON, unit: deg, datatype: float64, description: Galactic longitude}
# - {name: GLAT, unit: deg, datatype: float64, description: Galactic latitude}
# - {name: RA, unit: deg, datatype: float64}
# - {name: DEC, unit: deg, datatype: float64}
# - {name: distance, unit: pc, datatype: float64, description: Distance observer to
#     source center}
# - {name: sigma, unit: deg, datatype: float64, description: Angular extension (deg)}
# - {name: spec_alpha, datatype: float64, description: Spectral model parameter (log
#     parabola)}
# - {name: spec_beta, datatype: float64, description: Spectral model parameter (log
#     parabola)}
# - {name: spec_norm, unit: 1 / (cm2 MeV s), datatype: float64, description: Spectral
#     model norm parameter (log parabola)}
# - {name: spec_norm_crab, unit: '', datatype: float64, description: Spectral model
#     norm parameter (log parabola) in crab units}
# - {name: source_name, datatype: string, description: source name}
x y z spiralarm GLON GLAT RA DEC distance sigma spec_alpha spec_beta spec_norm spec_norm_crab source_name
[from data line 150]
5.60830652074 7.34376721029 -0.0506541543614 Perseus 19.4927191745 -0.172680789217 276.797239035 -12.0179758567 16807.1600007 0.0851925141007 1.78157476656 0.248888453913 1.32315919257e-19 0.395478131331 pwn_150
8.10677902743 -1.35218224642 0.0102709071231 Norma 48.597094581 0.0544489020019 290.096946928 13.9304261637 10807.9262733 0.132480938446 2.26260253485 0.290540964836 1.63634969963e-19 0.489087424287 pwn_151
3.8726136525 -6.97768185924 0.0759899510534 Norma 68.5402909518 1.04622340357 299.903028538 31.7643974371 4161.77408035 0.344046598327 1.59891619805 0.12077852002 1.25875525095e-18 3.76228481989 pwn_152
-7.55132586577 -2.46816608298 0.024804016401 "Crux Scutum" -51.3829051695 0.147047404946 205.115409705 -62.1823489973 9664.68612904 0.148152169272 1.57686159456 0.0845127030646 7.95214954976e-20 0.237681245135 pwn_153
-8.70660038035 3.9984592311 0.017179483214 "Carina Sagittarius" -34.8616052685 0.0646209333853 234.62868592 -55.4327684587 15232.0933712 0.0940018013582 1.77341781841 0.42979041821 1.29743213724e-19 0.387788589647 pwn_154
6.96970323292 5.26062436622 0.000625136270488 Perseus 26.8620382835 0.00232204865929 280.08140742 -5.39895518141 15425.0298701 0.0928260254538 1.62086086268 0.0292674611178 9.19947662255e-20 0.274962517311 pwn_155
-12.7588867468 13.3053562489 0.0473155889998 Norma -30.3330238895 0.107306647083 240.590271586 -52.5599350676 25263.9068817 0.0566754865768 2.10419169897 0.235310451959 5.91306935542e-20 0.176735318944 pwn_156
4.26843330062 2.93017300482 0.0302055890395 "Carina Sagittarius" 20.4774210819 0.141842973387 276.980691796 -11.0000139976 12201.2003565 0.117352733626 1.50841849274 0.0579170006504 6.0312162681e-21 0.0180266603804 pwn_157
-2.6046066238 1.80265424239 0.0387277513536 Perseus -14.1876348221 0.208805004545 256.487285192 -40.5789437766 10626.860305 0.134738217522 1.49018346385 0.228529380666 2.0165755066e-19 0.602732851437 pwn_158
3.39990554713 -2.33804357685 -0.185530868726 "Carina Sagittarius" 28.8880462919 -1.51010855792 282.36012434 -4.2872728525 7040.13397554 0.203383091902 1.68178858792 0.489981163171 7.65439539056e-19 2.28781691767 pwn_159
2.65802129892 3.19501967839 -0.0508042434496 "Crux Scutum" 12.8045562036 -0.242707030159 273.596205038 -17.9496456741 11993.3791558 0.119386221077 1.66553123831 0.211853176728 6.93648009937e-20 0.207323971532 pwn_160
2.76265606869 2.28469916653 -0.0288102509916 "Carina Sagittarius" 14.368176664 -0.148272102747 274.289220773 -16.5298776058 11132.9616319 0.128613055779 2.32097365453 0.428562458752 3.62165579421e-19 1.0824741829 pwn_161
4.18408102599 1.32713424388 0.0556785552031 "Carina Sagittarius" 23.0627613281 0.298678258076 278.055729894 -8.636425265 10680.9270001 0.13405617465 2.05634361787 0.0586577820916 2.87479210087e-19 0.859244612747 pwn_162
-7.07767870697 -1.67843394226 -0.0622265278613 "Crux Scutum" -46.0556338627 -0.362695760579 216.234562414 -61.2192572453 9830.11553849 0.145658940604 1.82363883517 0.135626038381 2.4169199651e-20 0.0722391528354 pwn_163
1.55667275026 -2.34699761376 0.115092783955 "Carina Sagittarius" 14.1975827138 1.03887672144 273.117433808 -16.1129990881 6347.90632929 0.225561648373 1.46913240992 0.201896370334 5.876047057e-19 1.7562876204 pwn_164
-5.57160544991 10.2095833806 -0.00252169706816 Perseus -16.5832263212 -0.00740118104242 254.757378875 -42.6068491637 19521.5599767 0.0733468133213 2.02797800363 0.199906070005 5.59269507126e-20 0.167159674234 pwn_165
-2.15929348989 4.27262797101 -0.00626887453168 "Crux Scutum" -9.59548699153 -0.0277276374924 260.191659179 -36.9990431539 12953.8647886 0.11053413315 1.5299418562 0.335691739335 1.48812674045e-19 0.444785167048 pwn_166
3.09223783201 -1.89768607537 -0.0604820536749 "Crux Scutum" 25.0963561829 -0.47531050876 279.694384262 -7.18717223233 7290.82588243 0.19638985191 1.38291180387 0.172359063688 2.50196419308e-19 0.747810338541 pwn_167
3.69077624037 2.44671944564 -0.152304122501 "Crux Scutum" 18.6319559095 -0.755345732633 276.915274527 -13.0509720404 11553.1680687 0.123935201742 2.12076804394 0.356883434205 1.37216413827e-18 4.10125185487 pwn_168
-10.6662348991 -2.24031797282 0.0533569655533 "Carina Sagittarius" -59.5926508834 0.247191320018 187.382395654 -62.517117339 12367.4990588 0.115774758384 1.88557450522 0.319593449613 1.58128220874e-19 0.472628340213 pwn_169
-1.6128473896 -10.1266068471 0.0611756819802 "Crux Scutum" -135.243360161 1.52980988518 109.68808081 -9.79574905971 2291.47747128 0.624856335397 2.04863188242 0.199580572627 2.06646273037e-18 6.17643609072 pwn_170
-6.21279851179 3.19669893645 0.0063245566602 "Crux Scutum" -27.9753758493 0.0273604662088 243.495359164 -51.0308017752 13244.3071302 0.108110163958 1.88605646629 0.215880063827 2.59204537771e-20 0.07747346412 pwn_171
4.37699660666 -6.5304213881 0.0135473948773 Norma 65.7730151823 0.161719023534 299.102151073 28.9427411447 4799.74194463 0.298316916173 2.03134426521 0.307263849905 8.94131011525e-19 2.6724619652 pwn_172
7.55818574125 -4.70058424202 0.00971536010075 Norma 63.3118332617 0.0658022771237 297.761884926 26.783352967 8459.4223319 0.169260282697 1.62422308981 0.0350210950723 1.97077084307e-20 0.0589042327392 pwn_173
12.9005305783 -2.94525254843 0.00964528634833 "Crux Scutum" 66.7041166132 0.0393457077191 299.779182936 29.6730780872 14045.6043474 0.101942513824 1.52075443272 0.411203369178 3.23197010463e-20 0.0966001298013 pwn_174
6.22608480665 -5.3980075963 0.0233854341709 Norma 63.5163569907 0.192621330796 297.7565822 27.0239572827 6956.0790515 0.205840704907 1.98403051994 0.326710580557 4.55207722789e-19 1.36056719847 pwn_175
-5.97714744874 2.03347137212 0.00394224300855 "Crux Scutum" -29.5724518874 0.0186500541879 241.617537471 -52.1212617136 12111.1653573 0.118225139621 1.58307939067 0.363171232209 3.4000574801e-20 0.101624081683 pwn_176
4.68470696816 1.14422132399 -0.036565697373 "Carina Sagittarius" 25.9082908374 -0.19540073079 279.818752723 -6.33728359016 10721.8851595 0.133544073085 1.61382156001 0.268461500541 1.90664069552e-19 0.569874512167 pwn_177
-7.54113932476 0.223269709227 0.0276109149665 "Crux Scutum" -40.8429358758 0.137194029247 225.278912401 -58.5885433589 11531.044146 0.124172988778 1.67700622405 0.0552385554959 1.41670806475e-20 0.0423438888712 pwn_178
3.81906411002 -3.49895536399 -0.0191148412137 Perseus 37.3672814166 -0.174047579939 285.040290375 3.86702696779 6292.54030618 0.227546292225 1.80471937294 0.202517806648 6.55650328774e-19 1.95966871021 pwn_179
3.31037914292 -0.164063571279 0.212382486402 "Carina Sagittarius" 21.6590884284 1.35645925037 276.447567791 -9.3887904335 8971.70845124 0.159595490996 1.70442164396 0.202686791424 1.02471231269e-18 3.06275550858 pwn_180
9.60586397621 1.75508084611 0.157633557212 Norma 43.1277755502 0.642741412158 286.970022818 9.36045795426 14052.1939293 0.101894709292 1.42876315078 0.160521495022 8.58671113749e-20 0.256647612322 pwn_181
2.02754997605 14.76402554 -0.0469194033091 Norma 4.98096319163 -0.115118862227 269.367741868 -24.7125903137 23352.2599476 0.061315016986 1.62622303124 0.0149751624524 8.16826812197e-21 0.0244140798117 pwn_182
2.01395429989 -2.16754803629 0.0694246246118 "Carina Sagittarius" 17.6425914981 0.598584831127 275.210913472 -13.291628514 6645.35774607 0.215465332351 1.1996811489 0.368627121298 9.9602689862e-20 0.297701787385 pwn_183
0.780488336995 -2.83769061411 0.0131930242051 "Carina Sagittarius" 7.84815114589 0.132246932499 270.686769242 -22.1016341748 5715.86246175 0.250503616021 1.96881249178 0.0548922290313 7.99256210815e-19 2.38889133283 pwn_184
9.85770576247 6.98140237765 -0.111518703526 Norma 32.4867425794 -0.348135166614 282.966326902 -0.55494767046 18353.7630719 0.0780136590922 1.36744443299 0.303154066523 1.64226534487e-19 0.490855547381 pwn_185
-3.98107590041 -1.24666899292 0.00883258378251 Norma -28.760698805 0.061163523487 242.54166709 -51.5427858543 8274.04701688 0.173052463012 1.50181649835 0.351608748234 5.29806068653e-20 0.158353367589 pwn_186
-6.47520181526 9.43785422584 -0.0563014841304 Perseus -19.8485549895 -0.169150247085 252.065894206 -45.2399472454 19070.8684289 0.0750801790011 1.8140845714 0.317393161467 7.32413078281e-20 0.218910435863 pwn_187
0.180909734132 -4.49104157039 0.0975862920071 Perseus 2.58379752077 1.39300465329 266.579134732 -26.0050872207 4014.22459594 0.356692601803 1.60031799097 0.479571125989 1.39869618215e-18 4.18055329642 pwn_188
-8.65053515557 4.21367361572 -0.0122358988703 "Carina Sagittarius" -34.2318380184 -0.0455901559521 235.630435133 -55.1440475888 15377.5617379 0.0931125649019 2.21661394076 0.0516490775426 3.72160460443e-20 0.111234781331 pwn_189
-2.98597608246 7.61988725427 0.0167788616687 "Carina Sagittarius" -10.4942666588 0.0586404304158 259.454023147 -37.6856040215 16394.117841 0.0873388997952 1.45092863437 0.433583579553 2.90066971314e-19 0.866979154289 pwn_190
5.71931807265 -10.6942580279 -0.0605956823043 "Crux Scutum" 110.989674584 -0.566744965237 348.400434057 60.0168990261 6126.09495077 0.233728701049 1.87210373472 0.0145951174245 3.19884637475e-19 0.956100969415 pwn_191
-5.77180473965 6.31148480358 -0.0231789388835 "Carina Sagittarius" -21.2900872212 -0.0835446360575 250.626827727 -46.2779487919 15896.3627696 0.0900737002611 1.78939363908 0.267458427464 1.06401087193e-19 0.318021469911 pwn_192
1.81560761343 4.66686824712 0.0409403764807 "Carina Sagittarius" 7.85112629402 0.17648202334 270.6468237 -22.0772292869 13291.5208519 0.107726138438 1.48461475561 0.20212180897 1.71662186668e-20 0.05130799165 pwn_193
1.85621087123 -0.11786847513 -0.10710795226 Norma 12.486558667 -0.714778423795 273.873135419 -18.4543825975 8585.86744669 0.166767565915 1.94128469834 0.262091930197 1.87500344196e-19 0.560418475443 pwn_194
-4.13114712488 -2.00020676114 -0.0209272904825 Norma -32.4392769915 -0.155688702512 238.181243462 -54.1212463093 7701.56650733 0.185915970989 1.75368249057 0.18254993853 1.46122527234e-19 0.436744605944 pwn_195
14.4875164311 3.4163181551 -0.0713294201038 "Crux Scutum" 50.5619109107 -0.217865148618 291.30394282 15.5342119417 18758.7808399 0.0763292789423 2.00838344883 0.09528345747 8.58369568483e-20 0.256557483667 pwn_196
-2.46578782917 0.310738141227 0.0337783165245 Perseus -15.634896303 0.211530025849 255.314102604 -41.725376868 9149.33643421 0.156497055895 2.02234612157 0.00956144872434 3.85274396051e-20 0.115154396429 pwn_197
-4.82473244526 3.10508272149 -0.0116825972699 "Crux Scutum" -22.574758962 -0.053259105199 249.348323248 -47.2181297712 12568.0597001 0.113927228985 2.38407370631 0.259074906896 1.02644447179e-19 0.306793274687 pwn_198
2.59154256343 -6.09627702597 0.0757748443429 Norma 47.1532795091 1.22809176268 288.336264415 13.2008253099 3535.49414099 0.404991256738 2.16086254635 0.421388431342 2.28765255784e-19 0.683754882854 pwn_199
8.45901944686 4.66465635399 0.0360549807649 Norma 32.7229866348 0.132015639332 282.646712488 -0.125755133116 15648.146436 0.0915024805784 1.70032090376 0.186607977872 8.00293598221e-20 0.239199197284 pwn_200
9.97599070384 -8.19313534136 0.00451804674644 "Crux Scutum" 88.2381190874 0.0259365328601 316.203137756 47.0509176873 9980.71023798 0.143461154688 1.73536762205 0.111431909007 3.72879452662e-20 0.111449680416 pwn_201
-0.356635319679 -1.77168272933 0.117850138412 "Crux Scutum" -3.03413075811 1.00205775904 263.563695323 -30.9734540447 6738.79297064 0.212477846046 2.09690809089 0.0402660017359 9.79982754995e-19 2.92906364449 pwn_202
-4.10479482049 -3.46215487194 0.0176430086397 Norma -39.1728649224 0.155556320324 228.013270191 -57.7458779551 6498.42560382 0.220337094343 1.9769212073 0.0426554615594 1.16716596858e-18 3.48853425046 pwn_203
-2.90877114933 0.865270111159 0.0609253731472 Perseus -17.2543381884 0.35595669405 253.800410954 -42.9046673606 9806.78060095 0.146005531643 1.97283551205 0.110698223146 1.04017473846e-19 0.310897104547 pwn_204
2.30683319728 -7.3824425863 -0.0234614070644 Norma 64.1518891448 -0.524406653446 298.814509484 27.2008015492 2563.3892429 0.558574636807 1.36342186804 0.0500070304608 1.20836443853e-18 3.61167207092 pwn_205
11.9658812235 -3.47892594769 -0.0176198600091 "Crux Scutum" 67.2363040336 -0.0777968763301 300.216897229 30.0640659865 12976.6639994 0.110339931389 1.79343194641 0.132519849182 1.41248968485e-19 0.422178060077 pwn_206
-7.42170139851 -4.00598022779 0.0801326224667 "Crux Scutum" -58.804080325 0.529158763073 189.123915045 -62.2922123247 8676.65180809 0.165022666233 1.60073165451 0.0330747310585 7.18924323177e-19 2.14878791226 pwn_207
10.826338445 5.55025618578 0.0886681071147 Norma 37.6158278775 0.286413688234 284.743591769 4.29855463203 17737.7328046 0.0807230682255 1.87557964174 0.032802433605 1.18465089629e-19 0.354079482935 pwn_208
-6.50611390967 5.71510663467 0.0224226063163 "Carina Sagittarius" -24.593101913 0.0821786332904 247.150179095 -48.6044426362 15633.2746926 0.0915895257715 1.7734993948 0.428138089811 8.04006759222e-20 0.240309021395 pwn_209
3.16793109868 9.35807856443 -0.0140621801011 Perseus 10.0593283961 -0.0444234615372 272.012547603 -20.2597655725 18136.8948611 0.0789464914646 2.04574830519 0.0810601303544 1.73158020591e-20 0.0517550804115 pwn_210
-1.4928378811 3.4141533208 -0.00258726008406 Norma -7.14191383235 -0.0123457309668 261.884266646 -34.963164786 12007.3153113 0.119247656802 1.8856489181 0.279841202912 1.79045019536e-19 0.535146414341 pwn_211
4.39743923688 8.51985048298 -0.0171928103702 Perseus 14.4867675476 -0.0560378087698 274.263314055 -16.3817100845 17578.7678151 0.0814530478136 2.01230854977 0.386727772225 7.2403528442e-20 0.216406402879 pwn_212
4.91699251616 3.17279242799 0.00111688531665 "Carina Sagittarius" 22.8425448843 0.00505227759756 278.216357251 -8.96735441715 12666.1319951 0.113045104527 1.67406684388 0.22820478267 5.53054168798e-19 1.65301976081 pwn_213
-6.92893039614 -5.43039257615 -0.0921836145411 "Crux Scutum" -66.1060265824 -0.696908619888 173.191142019 -62.1801767884 7578.98832232 0.188922868654 1.5449995109 0.0766844389297 1.48537312802e-19 0.443962141742 pwn_214
3.6060442762 -6.40389791579 -0.0196655178488 Norma 59.8316492014 -0.270137659333 296.140283107 23.6096480144 4171.04135701 0.343282190895 1.68928658284 0.0997980710601 6.6983762977e-19 2.00207303554 pwn_215
-4.02829270655 -8.4560556594 0.0345763626257 "Crux Scutum" -89.3749894651 0.491750050104 139.190048119 -48.4411159782 4028.68077161 0.355412676387 1.79540448826 0.216492103141 2.1346916481e-18 6.38036502865 pwn_216
-1.52126589718 -1.80625235475 -0.0253146581611 "Crux Scutum" -12.8039373571 -0.211294285382 258.008401246 -39.7190920021 6864.48456187 0.208587287573 1.9023709686 0.264117044589 3.64641469254e-19 1.08987435281 pwn_217
11.3088755894 4.96364313494 0.0683745459908 Norma 40.0288005128 0.222804009145 285.909480779 6.41493714328 17583.0892803 0.0814330287767 2.41001341669 0.174720146024 6.80186606228e-21 0.0203300501934 pwn_218
6.33321983792 -5.38910542901 -0.0708921757129 Norma 63.8396054228 -0.575634572538 298.682493229 26.907009842 7056.37047268 0.202915113498 1.78859056905 0.390739800117 6.83426483068e-19 2.04268866471 pwn_219
-0.960750128527 4.88020783113 0.038940722863 "Crux Scutum" -4.10700762995 0.16632053495 263.705776758 -32.3279850714 13414.7127734 0.106736852256 1.54189484987 0.375510824428 1.1582325345e-19 0.346183317144 pwn_220
2.18254852733 14.167356492 0.0410947914633 Norma 5.49982555334 0.103396103383 269.445398256 -24.1540494108 22772.2255652 0.0628767799286 1.70658492056 0.463605903687 1.81835040745e-20 0.0543485489338 pwn_221
11.5497757582 -6.50908042838 0.00290313704081 "Crux Scutum" 80.2196215413 0.0141924806498 309.130749671 40.8475436292 11720.1147278 0.122169812208 1.67482908685 0.0144762745135 5.43256322698e-19 1.62373504671 pwn_222
-11.86820004 -0.268483588765 0.00798739281687 "Carina Sagittarius" -55.2556938993 0.0316853093887 196.824832237 -62.7842327192 14443.4102073 0.0991347745995 1.92999999792 0.447845645605 2.35486704784e-19 0.703844575047 pwn_223
