temp/ctadc_skymodel_gps_sources_pwn.ecsv
# %ECSV 0.9
# ---
# datatype:
# - {name: x, unit: kpc, datatype: float64, description: Galactocentric x coordinate}
# - {name: y, unit: kpc, datatype: float64, description: Galactocentric y coordinate}
# - {name: z, unit: kpc, datatype: float64, description: Galactocentric z coordinate}
# - {name: spiralarm, datatype: string}
# - {name: GLON, unit: deg, datatype: float64, description: Galactic longitude}
# - {name: GLAT, unit: deg, datatype: float64, description: Galactic latitude}
# - {name: RA, unit: deg, datatype: float64}
# - {name: DEC, unit: deg, datatype: float64}
# - {name: distance, unit: pc, datatype: float64, description: Distance observer to
#     source center}
# - {name: sigma, unit: deg, datatype: float64, description: Angular extension (deg)}
# - {name: spec_alpha, datatype: float64, description: Spectral model parameter (log
#     parabola)}
# - {name: spec_beta, datatype: float64, description: Spectral model parameter (log
#     parabola)}
# - {name: spec_norm, unit: 1 / (cm2 MeV s), datatype: float64, description: Spectral
#     model norm parameter (log parabola)}
# - {name: spec_norm_crab, unit: '', datatype: float64, description: Spectral model
#     norm parameter (log parabola) in crab units}
# - {name: source_name, datatype: string, description: source name}
x y z spiralarm GLON GLAT RA DEC distance sigma spec_alpha spec_beta spec_norm spec_norm_crab source_name
[from data line 224]
3.38628536181 0.130146410596 0.0705309903668 "Crux Scutum" 21.423983296 0.435893610097 277.16325725 -10.0252313071 9270.99402656 0.0141841778056 1.85926758006 0.443641575618 3.60149504888e-19 1.07644835174 pwn_224
-10.6199213748 2.35458864812 -0.0592155831516 "Carina Sagittarius" -44.3739131101 -0.223420102663 219.327131127 -60.4592789504 15185.7937301 0.0389083350354 1.90612699217 0.382534974579 2.96642579882e-19 0.88663294503 pwn_225
-14.6662406311 2.16941361528 -0.0258247233004 Perseus -53.9648168063 -0.0815836200043 199.658688752 -62.7893457367 18136.5836932 0.034050309187 1.54647497538 0.156795305871 4.09421583298e-20 0.122371732441 pwn_226
0.0271525012356 4.66839875128 -0.0223222793153 "Crux Scutum" 0.118140523281 -0.0971240675624 266.569968338 -28.8858443325 13168.4456644 0.0485423349993 2.07459566768 0.182769514059 2.18130301389e-19 0.651968141587 pwn_227
-0.0497969292647 -5.13830761904 -0.0700375681384 Perseus -0.848663380771 -1.19339789481 267.07255024 -30.2806102628 3362.79060593 0.119449891948 2.18420554406 0.10063338288 6.28221763119e-18 18.7768766098 pwn_228
-6.62264847784 -0.106280883933 0.0646735071301 "Crux Scutum" -38.2734571522 0.346572460712 229.255466383 -57.1147765077 10691.9678321 0.0471947094845 1.90694337794 0.243574063459 1.51479489122e-19 0.452755992094 pwn_229
-0.224084678976 5.57651110539 -0.0118788681127 "Crux Scutum" -0.912017323188 -0.0483445520975 265.905262629 -29.7388862967 14078.2996115 0.0117152650338 1.64032127969 0.49518426107 1.75691196547e-19 0.52512219612 pwn_230
13.0146864654 -4.37479197129 -0.00449954040703 "Crux Scutum" 72.4131754325 -0.0188828921205 303.466417153 34.452787643 13652.8174865 0.0316027253938 2.10359317982 0.456075476506 1.32136687035e-19 0.394942425388 pwn_231
-4.71434394265 6.53472516352 -0.010803248685 "Carina Sagittarius" -17.4095307559 -0.0392840780607 254.088803109 -43.2733723888 15756.5261483 0.0264829359834 2.00395683783 0.0591747170097 7.78776819256e-20 0.232768062176 pwn_232
4.48883130967 -6.79651210574 -0.00914276775324 Norma 69.2185094255 -0.10910644652 301.477715921 31.7253095899 4801.20413259 0.14410581959 2.03420000107 0.0125951446453 5.70792553897e-19 1.70603789673 pwn_233
10.2899418526 1.64111677291 0.0362986595719 Norma 45.4173497957 0.14395438969 288.495023279 11.1601870721 14447.3689759 0.0167257485543 1.62275480776 0.449318834204 6.11005257209e-20 0.182622936614 pwn_234
-12.8141918012 2.93913209786 0.0615955683709 Perseus -48.2449516853 0.205455177179 211.535549976 -61.379984661 17177.3411413 0.0463662260755 1.03467028358 0.268585063974 3.82620845617e-20 0.114361278585 pwn_235
-1.47981829282 -10.0045739739 -0.00131781401901 "Crux Scutum" -135.475260417 -0.0357783946515 108.171175226 -10.3192238051 2110.35702175 0.474190616005 2.3715335758 0.100094944104 1.31496972529e-17 39.303038715 pwn_236
-1.95083159606 0.630921093418 0.102292132358 Perseus -12.0599897277 0.627683037992 257.702744691 -38.6231098233 9337.55469118 -0.00214633609207 1.36506283107 0.336826634792 2.10621651814e-19 0.629525591064 pwn_237
0.447318018617 5.89704083675 -0.100768681247 "Carina Sagittarius" 1.7796151638 -0.400828287478 267.837533864 -27.6185372671 14404.3407552 0.0482358004111 1.7903426206 0.322111588965 2.00712782068e-19 0.599909039157 pwn_238
-8.7344519768 8.26197776176 0.0748561703075 Perseus -27.5234429373 0.226912845614 243.795524168 -50.574646606 18901.3267594 0.0405571030411 2.44280124483 0.0610428034182 3.71398866207e-20 0.111007148959 pwn_239
1.41707794878 10.6645178515 -0.00637458594756 Perseus 4.22891383997 -0.0190060852706 268.858916426 -25.3144238786 19216.8388407 0.0203048787492 1.88925572419 0.129800116749 1.33778660098e-20 0.0399850107263 pwn_240
6.3281778437 -5.97680862919 -0.0744217716429 Norma 68.2616827412 -0.625876548255 301.386876204 30.6406504152 6813.06598495 0.0673663541935 2.05629654786 0.0300389821566 7.02556098759e-19 2.09986504007 pwn_241
-4.76235257127 6.36932682892 0.0592357925771 "Carina Sagittarius" -17.759239058 0.217374448476 253.512254647 -43.3841672156 15613.4682642 0.0342451029984 1.39435292627 0.104930236935 9.49007027152e-20 0.283648050685 pwn_242
0.0520462636689 4.91089779292 0.061074590744 "Carina Sagittarius" 0.222357691686 0.260927030864 266.283268691 -28.6103824268 13411.1378537 0.0363473749838 1.32002992222 0.0661528374265 5.12876896137e-20 0.153293418983 pwn_243
-3.4088292889 -4.27929253238 0.077102818396 Norma -38.9258703496 0.814208070309 227.782639648 -57.0535016677 5425.90393323 0.089247064758 1.65617024617 0.0966181462373 2.29511405837e-18 6.85985045562 pwn_244
8.84312915213 -14.6595817942 -0.0381212901427 "Carina Sagittarius" 124.858704885 -0.202672543611 17.0501258149 62.6063476088 10776.9584908 0.00860933214313 2.0945024283 0.342733572957 7.69021086531e-19 2.29852178003 pwn_245
-7.86669573923 4.51373543117 -0.00267480434562 "Carina Sagittarius" -31.1526157612 -0.0100781563303 239.690048307 -53.1846602703 15206.650482 0.0593641278367 1.70651264914 0.0247498721305 1.25402905436e-18 3.74815872375 pwn_246
-14.8567685978 -4.96448590873 -0.0122389936133 Perseus -76.6141147332 -0.0459179145622 154.909462897 -57.0416069444 15271.6594662 0.0577479359889 1.58544819331 0.0509273076241 4.07771196392e-20 0.121878449446 pwn_247
8.01610454545 0.656517137889 0.00572318379219 Perseus 41.2006367285 0.0269453077351 286.626601381 7.3660970436 12169.6249299 0.0279232520471 1.85345116829 0.0670868190391 3.65801774635e-20 0.10933423815 pwn_248
-5.05179485677 -12.3989372966 -0.0147188210334 "Carina Sagittarius" -127.660689982 -0.132153450358 111.864085322 -17.2642196786 6381.42303577 0.0239444160152 2.09212250899 0.158270560479 2.64982985955e-19 0.792005804809 pwn_249
-3.30256985439 4.67097063315 -0.0218170667759 "Crux Scutum" -14.0764715406 -0.0920576796589 256.892032885 -40.6711671477 13578.730097 0.0531680375718 1.40986614625 0.149375155426 3.31159379016e-20 0.0989799966034 pwn_250
-1.34691491029 5.25358866128 0.136085959447 "Crux Scutum" -5.59324841766 0.564200182036 262.341836845 -33.3546392164 13820.0542773 0.0295114580006 1.47315339159 0.127531892658 1.09927093039e-19 0.328560324274 pwn_251
-9.35338927361 2.11540046831 0.0389516881145 "Carina Sagittarius" -41.3837630169 0.157741325069 224.34176782 -58.8251383762 14148.2908947 0.0433542576878 1.58705930128 0.375268326716 8.60451095007e-21 0.0257179629682 pwn_252
0.965346613912 -6.01301659682 0.0101234111356 Norma 21.2142032195 0.217420021231 277.260892236 -10.3124619897 2667.78616387 0.180408753626 2.09555236117 0.499011393879 2.32370501858e-17 69.4530577785 pwn_253
9.57263515502 -9.22234990272 -0.0258178644664 "Crux Scutum" 94.3153542421 -0.154091053282 322.915115997 51.2644190875 9599.88540323 0.0802897957472 1.86340181201 0.266988961814 1.92965968255e-19 0.576754641201 pwn_254
-9.4753539271 3.35988095236 0.00706092739219 "Carina Sagittarius" -38.6228173234 0.0266505547606 229.017288191 -57.5707187121 15180.2225973 0.0508353675109 2.37568142085 0.472101358957 1.41055859734e-19 0.421600878673 pwn_255
10.304390143 -0.766888232525 0.112550726037 Norma 53.1129566951 0.500529958823 291.911449777 18.1198913288 12883.8713706 0.0283260515289 2.05284034597 0.198305056063 4.46424753899e-20 0.133431584381 pwn_256
7.36620237222 -1.91284023627 0.0922910292788 Perseus 48.195614076 0.535093639639 289.465847159 13.8008579671 9882.31393832 0.0178688262477 1.79052430225 0.0533412234014 1.39230801671e-19 0.416145975312 pwn_257
14.2627148874 2.19915620979 0.0319168510699 "Crux Scutum" 53.1246521302 0.102564957606 292.284974853 17.9400077988 17829.6942835 0.00669856963023 2.14157101628 0.204386914735 8.97038040934e-20 0.268115076519 pwn_258
-4.1425705308 -0.502700148702 0.00363392073394 Norma -27.3839826977 0.0231174675466 244.176415604 -50.6249627629 9006.53699929 0.0829987511101 1.85710419344 0.148063886707 2.10367253499e-19 0.62876522171 pwn_259
1.92206903481 6.33092351139 -0.118934773958 "Carina Sagittarius" 7.38430267955 -0.455656168424 270.993467883 -22.7947680667 14955.4266758 0.0155318494718 1.60967123482 0.246703481145 1.16011460573e-19 0.346745848104 pwn_260
-3.06276891708 -5.33777801113 -0.164487156461 Norma -44.0846964091 -2.13980158043 221.517890865 -62.0866439166 4405.36688268 0.0970637144416 1.98359320795 0.328521838458 7.36120792313e-19 2.20018631933 pwn_261
8.88598590924 -2.12674484467 -0.0522230129915 Norma 54.3509466591 -0.273623608826 293.254158023 18.8341428116 10935.3488329 0.0367589485242 1.61199180346 0.230525109576 5.1163805091e-20 0.152923141394 pwn_262
-13.5002543197 3.66312602341 0.000980418822034 Perseus -47.9825609192 0.00309133964316 212.183474649 -61.4976406361 18171.3648998 0.0306902675391 1.72159278278 0.467580256039 1.48759690461e-19 0.444626804783 pwn_263
3.75816844326 2.6469286741 0.0102266556307 "Crux Scutum" 18.6314483047 0.0498107254946 276.184441078 -12.6759589764 11763.4158941 0.00155120574195 2.15850132791 0.44238241115 2.93203321166e-19 0.876353368562 pwn_264
-3.6484378188 -2.20006068392 0.176733278909 Norma -30.0761058232 1.39064529932 239.544925148 -51.4203466464 7282.27770384 0.0860716962454 1.77265399872 0.350988797583 5.65837499551e-19 1.69122776924 pwn_265
-3.12611247496 0.866911534363 -0.0155739222981 Norma -18.4559133242 -0.0903633057661 253.232449096 -44.1184741368 9874.80903338 0.0731926815077 1.58315182542 0.244842456182 5.90530672564e-19 1.76503302242 pwn_266
2.73987853949 1.83371382129 0.00999177300337 "Crux Scutum" 14.849709728 0.0535495782626 274.342337376 -16.0102567921 10690.7752566 0.0559415947444 1.67462882331 0.0658436409072 3.72172065013e-20 0.111238249813 pwn_267
8.10855595025 -5.17201751722 0.0148485963356 Norma 67.6853557399 0.09706412513 300.319539044 30.5377433956 8764.95108285 0.0551867966235 2.07588345811 0.198506833389 1.27621292784e-19 0.381446394898 pwn_268
5.72402123075 -2.91533433809 0.0176603251908 Perseus 45.7060131651 0.126529114502 288.647486508 11.4077243632 7997.07580885 0.0751062104981 1.65081401818 0.352200769701 1.41800756459e-18 4.23827295317 pwn_269
-1.99606306782 2.14626063832 0.0186038979035 Perseus -10.6190792164 0.0984072108947 259.321841218 -37.7645269519 10831.7809918 0.0634255924294 1.69554487135 0.142442760277 2.51592837804e-20 0.0751984084077 pwn_270
-9.46182658749 2.54114849946 -0.0335194809743 "Carina Sagittarius" -40.5952663265 -0.132078654639 225.945292222 -58.7052970614 14540.7787314 -0.0152155876868 1.6622209603 0.0519940387717 1.38592624036e-20 0.0414238530616 pwn_271
2.04165425902 -0.711165993638 -0.0761255187071 Norma 14.6882435036 -0.541673497912 274.808646733 -16.434389315 8052.33397138 0.140685922246 1.84965988347 0.453949228755 1.13540550979e-18 3.39360563595 pwn_272
1.52232174324 -0.982163351533 -0.088153933619 Norma 11.4473021156 -0.658455010776 273.295913681 -19.3402966962 7670.92579021 0.0892262913715 1.6959177647 0.354525404908 4.99514694066e-19 1.49299599694 pwn_273
3.04815330663 -1.65418903341 0.0210163488974 "Carina Sagittarius" 24.0014101598 0.160686452945 278.617012859 -7.8673057736 7493.78462847 0.051497102509 1.36750426678 0.307638213318 2.98293704551e-19 0.891567980076 pwn_274
-0.0316058233147 6.62641919347 0.245027918151 "Carina Sagittarius" -0.119716214757 0.928032405609 265.432201681 -28.5513230373 15128.4366418 0.0304579271013 1.5604611457 0.396249452804 8.13797239165e-20 0.243235291139 pwn_275
-2.4179933011 2.1109188657 0.0995292506752 Norma -12.8372294396 0.523980582818 257.215580054 -39.3096426569 10883.390871 0.0656164936242 1.54814695879 0.417823018792 1.84092189507e-19 0.550231865583 pwn_276
14.388360531 5.3734285174 0.0497306621042 "Crux Scutum" 46.043818102 0.142557230742 288.793316246 11.7142473472 19987.4813505 0.0269913515356 2.1356962338 0.241729499086 6.57048136922e-20 0.196384660927 pwn_277
-2.74789224807 1.09237754764 -0.0614552796463 Norma -15.9852197378 -0.352877381964 255.625560115 -42.3480902492 9978.39644306 -0.000880609984675 2.01942199137 0.440594125705 1.55470791484e-18 4.6468556798 pwn_278
-3.67117399125 7.18661277263 0.0880187856121 "Carina Sagittarius" -13.1719962051 0.313029590844 257.175874158 -39.704135382 16110.7133939 0.0722465908193 1.95856003244 0.458209505351 7.67383858177e-20 0.229362827958 pwn_279
-5.19719377165 3.27208020452 0.131201301124 "Crux Scutum" -23.8207267088 0.584151019045 247.404356403 -47.699035403 12868.9513645 0.0420455614982 1.66355325434 0.135775547712 7.77523814837e-20 0.232393552556 pwn_280
0.216591191617 11.8866652458 0.0225410982302 Perseus 0.608696622686 0.0633471129497 266.704009199 -28.3832953354 20387.8282239 0.0424215544601 1.57973628366 0.303772679895 3.52325375568e-19 1.053062866 pwn_281
1.43485197924 10.7792636605 0.201856765075 Perseus 4.25636979872 0.598219068279 268.28618915 -24.978365804 19333.6378792 0.0193732899221 1.66297024755 0.26329201441 5.26333301796e-20 0.157315394717 pwn_282
-5.14498765299 6.70699626367 0.0393589855273 "Carina Sagittarius" -18.6922361368 0.140471602098 252.774833018 -44.1541238167 16053.821428 0.0630820649292 1.51599237231 0.268972889576 8.32673181355e-19 2.4887710838 pwn_283
4.40543330521 7.8858515612 -0.0178552601575 Perseus 15.0484609192 -0.0602927127785 274.544603948 -15.889262282 16967.7427138 0.0385871950142 2.47424410573 0.468831546982 1.41485640799e-19 0.422885448311 pwn_284
-1.12968906489 -2.3606179173 0.0994882053686 "Crux Scutum" -10.4261945302 0.913066136445 258.627926801 -37.1341324631 6243.24496105 0.119663988085 1.19376315494 0.152594351347 1.10313704224e-18 3.29715863758 pwn_285
6.14402461121 4.69092027213 -0.11811533264 Perseus 24.9750113835 -0.46505922278 279.629104994 -7.29029804819 14552.0915088 0.0187883431599 1.95228230447 0.491716989117 2.27030203108e-20 0.067856899597 pwn_286
2.66654658676 -7.42683992378 0.0065185320859 Norma 68.0775248287 0.129934756007 300.528493225 30.8878920028 2874.40180556 0.31991768157 1.45317087954 0.451065607402 2.89399368257e-18 8.64983760152 pwn_287
-11.7226195028 -3.42630793761 -0.0291120367582 "Carina Sagittarius" -66.5964530683 -0.130582431026 172.566240445 -61.4915227713 12773.5275732 0.0603028498928 1.7718272573 0.229361444307 2.00721427791e-20 0.05999348803 pwn_288
14.2053951488 8.30661670812 -0.0174651240318 "Crux Scutum" 40.2053751151 -0.045473342937 286.230887238 6.44878104649 22005.8156299 0.042967999944 1.53323947553 0.408726631809 1.11865443259e-19 0.334353845774 pwn_289
1.73955256557 5.99613670129 -0.101457047832 "Carina Sagittarius" 6.84283638361 -0.39814467332 270.649480407 -23.2377576355 14600.4902631 0.0269082045369 1.48204018013 0.38452349716 2.18819321038e-20 0.0654027547625 pwn_290
-4.45692008239 -1.08420607052 -0.0150351871519 Norma -31.0060257308 -0.0995661074336 239.972891301 -53.1572479214 8652.07271596 0.0502754104157 1.49214699875 0.338947484809 3.3034532282e-19 0.987366839129 pwn_291
5.43276338666 -5.79935139437 0.0414835515409 Norma 63.5678437446 0.391758295875 297.593589506 27.1697369103 6067.13621007 0.20314487803 2.27384626151 0.159916944692 5.8903696578e-19 1.76056849259 pwn_292
-1.89955995018 5.55320162301 0.0378971875372 "Crux Scutum" -7.69796820038 0.153116388189 261.336583569 -35.3319850553 14181.0521492 0.0189818201442 1.76409312598 0.0982254959105 2.13674412696e-20 0.0638649966845 pwn_293
-9.74997109431 3.94240758963 -0.126248739206 "Carina Sagittarius" -38.0825361437 -0.457592249301 230.353413156 -57.6921044461 15807.9531158 0.0337681876794 1.59326040749 0.335763848383 1.22182014657e-20 0.0365188974314 pwn_294
13.3608134222 -3.87986718151 0.0470605094663 "Crux Scutum" 70.9247542023 0.190729561943 302.272058168 33.3230113738 14137.1559111 0.0635423387841 1.9500624803 0.421486648201 8.38772556318e-20 0.250700146323 pwn_295
2.16406175675 -4.10135670379 -0.0518173635984 Perseus 26.1964441364 -0.605611071601 280.318401109 -6.26901104856 4902.43930849 0.122535544916 1.80279431493 0.00812639433868 4.45904715362e-18 13.3276150424 pwn_296
