temp/ctadc_skymodel_gps_sources_pwn.ecsv
# %ECSV 0.9
# ---
# datatype:
# - {name: x, unit: kpc, datatype: float64, description: Galactocentric x coordinate}
# - {name: y, unit: kpc, datatype: float64, description: Galactocentric y coordinate}
# - {name: z, unit: kpc, datatype: float64, description: Galactocentric z coordinate}
# - {name: spiralarm, datatype: string}
# - {name: GLON, unit: deg, datatype: float64, description: Galactic longitude}
# - {name: GLAT, unit: deg, datatype: float64, description: Galactic latitude}
# - {name: RA, unit: deg, datatype: float64}
# - {name: DEC, unit: deg, datatype: float64}
# - {name: distance, unit: pc, datatype: float64, description: Distance observer to
#     source center}
# - {name: sigma, unit: deg, datatype: float64, description: Angular extension (deg)}
# - {name: spec_alpha, datatype: float64, description: Spectral model parameter (log
#     parabola)}
# - {name: spec_beta, datatype: float64, description: Spectral model parameter (log
#     parabola)}
# - {name: spec_norm, unit: 1 / (cm2 MeV s), datatype: float64, description: Spectral
#     model norm parameter (log parabola)}
# - {name: spec_norm_crab, unit: '', datatype: float64, description: Spectral model
#     norm parameter (log parabola) in crab units}
# - {name: source_name, datatype: string, description: source name}
x y z spiralarm GLON GLAT RA DEC distance sigma spec_alpha spec_beta spec_norm spec_norm_crab source_name
[from data line 150]
-5.31342719379 0.837859002862 -0.00117972923669 Norma -29.6407356641 -0.00629142702174 241.562002856 -52.1854782641 10743.7479816 0.051489984456 1.38138407683 0.411735859534 1.82988592146e-19 0.5469333311 pwn_150
5.65982629399 -9.78333116128 -0.0528254824186 "Crux Scutum" 102.775452108 -0.521512086108 334.549105544 56.2320839921 5803.7369926 0.183224301942 1.91267608168 0.433067353162 2.91700653219e-18 8.7186205478 pwn_151
-5.22882291129 6.80172782935 0.0287204305966 "Carina Sagittarius" -18.8660438145 0.101763259274 252.661536934 -44.3126091331 16170.4758268 0.0222295938122 1.54502050748 0.480406264411 8.28071272744e-20 0.247501647114 pwn_152
-5.44007166514 6.22542655197 0.0213993525454 "Carina Sagittarius" -20.2759386716 0.0781041205593 251.404256951 -45.4054052894 15698.1853981 0.0214082984392 1.86428784991 0.0325607342744 2.21691210257e-20 0.066261131735 pwn_153
-11.6153678272 -1.41069482951 -0.0112618411713 "Carina Sagittarius" -58.6026796954 -0.0474177272328 189.491627498 -62.8790182294 13607.9074214 0.0400167295205 1.42039001261 0.0222855554938 5.68288819313e-20 0.169855450184 pwn_154
-10.7962693605 -3.94087820228 -0.161439792001 "Carina Sagittarius" -67.1063092866 -0.789222192626 171.102424715 -61.9529100452 11720.5412194 0.0326553330351 1.64068443562 0.456641798184 1.78907681277e-20 0.0534735924972 pwn_155
1.9228970121 5.12976450753 0.0160386433911 "Carina Sagittarius" 8.03033183084 0.0667608897847 270.845072569 -21.9753544859 13764.7473892 0.0650481324792 1.77016786063 0.152523349181 2.30171436837e-19 0.687957807629 pwn_156
0.887146305072 6.2350598098 0.075031218238 "Carina Sagittarius" 3.44541907007 0.291221403384 268.122325929 -25.8327306087 14761.932321 0.0178485406765 1.3516110508 0.278993700305 3.92270979522e-20 0.1172456004 pwn_157
0.893588573116 -7.32594264151 -0.123806438968 Norma 37.2751806739 -4.79655343147 289.1100185 1.66385726701 1480.621239 0.164889175746 1.83108992575 0.4912224415 7.79841867966e-18 23.3086393844 pwn_158
1.99568483519 1.46219903809 0.0187476071026 Norma 11.3278767216 0.105722852834 272.525674249 -19.0772691408 10160.1436559 0.0440308406657 1.69763015802 0.200224267368 4.76572792687e-19 1.42442510738 pwn_159
-4.61394003406 -1.74726634175 -0.102904015479 Norma -34.3436219671 -0.720872411392 236.197320666 -55.7483070942 8179.14688299 0.0525869892761 1.32956382659 0.332935699155 4.60321471452e-20 0.13758516463 pwn_160
6.67236741092 -5.3480003036 -0.141488616795 Norma 64.7141368852 -1.0984231907 299.695299411 27.3820873039 7380.75930925 0.152463384986 1.44812445639 0.200439781816 2.33537052392e-18 6.98017272566 pwn_161
-6.46288334769 2.8258918319 0.0545429411026 "Crux Scutum" -29.7103380337 0.239649826472 241.210450225 -52.04861526 13040.2324322 0.0647704884553 1.9633824227 0.384097332231 9.94190179639e-20 0.297152811725 pwn_162
-6.80511444947 -11.4176439329 -0.142500148195 "Carina Sagittarius" -113.206886021 -1.10256954395 118.784680731 -30.302702609 7405.57459497 0.0807242741502 2.0418001161 0.263857362786 2.74970066559e-19 0.821856120608 pwn_163
10.7968053954 0.868360114241 -0.0334656812159 Norma 49.0519082869 -0.134136760358 290.489065528 14.2431107913 14294.6947476 0.0155170249013 1.76438466726 0.118761568993 2.6802190163e-19 0.801088798746 pwn_164
8.03514495575 -10.4106522697 -0.0705271219278 "Crux Scutum" 103.375778295 -0.489250201556 335.426015113 56.5871063748 8259.48670503 0.0986183480781 1.90928568925 0.135653050629 6.749496269e-19 2.01735224823 pwn_165
9.56268197663 -4.00022009498 -0.000249316241503 Norma 64.8003760772 -0.00135163804876 298.687585788 28.0263085473 10568.4864499 0.0270906506475 1.86043776209 0.129029606269 2.87858902169e-18 8.60379471771 pwn_166
1.5776096638 -6.6202171555 -0.0268772338063 Norma 40.0050895937 -0.627485578493 286.658394069 6.00354028916 2454.21233382 0.0531182133474 1.88899820517 0.266160164129 3.12186736616e-18 9.33092767046 pwn_167
-10.4558659834 -6.60269588674 0.100683134448 "Carina Sagittarius" -79.7151123026 0.542839591161 150.966678049 -54.7864022678 10627.0896041 0.0859080366609 2.14721568191 0.351594508008 2.54941466421e-19 0.761992776875 pwn_168
10.2293961002 -7.63490936938 -0.0432622474079 "Crux Scutum" 85.1660506884 -0.241452467517 313.599355418 44.55756204 10266.0020454 0.0646308243755 1.39311043248 0.474639950022 3.36740521876e-20 0.100648140513 pwn_169
-12.7830265045 4.6375720477 -0.00103456085065 Perseus -44.2163492476 -0.00323376176128 219.442406626 -60.1946061941 18330.345523 0.0456315982198 1.98264439774 0.347043687541 5.83174469654e-20 0.174304611867 pwn_170
0.974137780217 6.07748580766 -0.0394886035026 "Carina Sagittarius" 3.82309583048 -0.154861406196 268.761984244 -25.7333429018 14610.0512058 0.0454489410073 1.69685758199 0.390596421981 4.77627316005e-20 0.142757696479 pwn_171
0.233829697809 -3.66087999286 0.0159754212541 Perseus 2.76642079047 0.188929841684 267.834531916 -26.4689369367 4844.79246048 0.168863224555 1.73945008775 0.0844630579323 3.92770405476e-19 1.17394873476 pwn_172
7.53608108962 -5.39370087871 0.00891882423732 Norma 67.5990210173 0.0626916907715 300.30047033 30.4462822591 8151.17733617 0.047392447035 1.71839257278 0.187031312504 3.63265843166e-20 0.108576275356 pwn_173
-2.7207249636 -3.03526991646 3.86600994998e-05 Norma -26.4673343037 0.000362853593848 245.22672092 -49.9997279782 6104.55724971 0.0453043109879 1.6987102785 0.206890109929 3.29732140372e-18 9.85534102372 pwn_174
1.93311175654 0.541675735851 0.0353549096676 Norma 12.068155824 0.219086482877 272.797923446 -18.3741471338 9246.08409789 0.0830540920516 1.46892702822 0.343190115 4.01118363947e-20 0.119889988981 pwn_175
1.97360457473 -0.251519257976 0.0480287443242 Perseus 13.4561169374 0.3244565125 273.400789639 -17.1061532078 8481.44187796 0.0404018791887 1.8495015838 0.147945988188 1.075008973e-20 0.0321308684696 pwn_176
-1.53069333563 7.38677575106 0.0128524182608 "Carina Sagittarius" -5.50346908418 0.0461386697229 262.919611658 -33.5646465238 15960.3518456 0.0235127720038 2.25115461885 0.15164596071 2.90917943354e-20 0.0869522618705 pwn_177
6.1480934466 -2.61460703666 0.119660007846 Perseus 46.2506133318 0.805495480965 288.291312494 12.2052296841 8511.8283511 0.0519615001482 1.78484408448 0.17794457732 1.31142229315e-19 0.391970097622 pwn_178
-3.37075349003 -1.38940146483 -0.00313629453877 Perseus -25.36312157 -0.0228357296367 246.451333147 -49.2313948817 7869.09146314 0.073419298199 1.79962603846 0.405151040772 1.12259948653e-19 0.335532980205 pwn_179
-3.88637531104 -3.94103337384 0.0180966262613 Norma -40.4465457607 0.173078752971 225.910460109 -58.3663158688 5990.69422058 0.0786828440852 1.61442925997 0.288795045022 1.85674486902e-18 5.54961183269 pwn_180
8.06683490195 10.4327377105 0.00940981126571 Norma 23.0778175223 0.0261978307082 278.307268475 -8.74887905724 20579.6615884 0.00869763937551 1.76828187247 0.0376386399164 2.95365729324e-20 0.0882816575274 pwn_181
-2.82630957895 4.14195421741 -0.0142052322708 "Crux Scutum" -12.6021496781 -0.0628298060694 258.007246214 -39.4685746953 12954.0431549 0.0299848799403 1.92586493503 0.0391230498452 1.08625391002e-19 0.324669676106 pwn_182
-0.453246742176 2.95115527077 -0.0229289571294 Norma -2.26663389431 -0.114634970923 265.142619236 -30.9246844786 11460.1446492 -0.00558245154828 1.70003454101 0.185643472141 2.70321813876e-19 0.807962990473 pwn_183
0.996006013698 -4.8007768901 -0.0547975706349 Perseus 15.0693738741 -0.819495046511 275.251247387 -16.2294025048 3831.35516102 0.196218951735 1.67747290892 0.383295525303 2.15596410416e-18 6.44394612469 pwn_184
-3.53189083995 -3.76146988134 0.0108529195862 Norma -36.6992175857 0.105216139715 231.906161394 -56.4599202201 5909.99478652 0.019282299374 1.90888142584 0.344341713239 2.37166321884e-18 7.08864770922 pwn_185
4.85953932605 2.86185476598 -0.0663005166624 "Carina Sagittarius" 23.1567113031 -0.307401580228 278.643623272 -8.83266801838 12357.6398209 0.0207545057664 1.55213871215 0.353991177326 3.53894518262e-20 0.105775286569 pwn_186
-4.22743711114 4.85484267903 -0.0461242932735 "Crux Scutum" -17.5650337801 -0.188658240422 254.115327299 -43.4881329176 14008.0396545 0.0419527752657 1.86817408931 0.383605033027 7.34549813207e-20 0.21954908308 pwn_187
-2.25579297723 7.27203630509 -0.0783408506546 "Carina Sagittarius" -8.13951833403 -0.281723115953 261.475393628 -35.9413485384 15932.7294728 0.0226546171578 2.02148688526 0.143576356443 1.96145633506e-19 0.586258320569 pwn_188
5.57808644175 13.405089457 -0.00017216103983 Norma 14.2866115873 -0.000436384343734 274.113104332 -16.5313820416 22604.1587435 0.0448859434311 2.16718610625 0.274128140971 3.28717227393e-21 0.00982500636023 pwn_189
0.208769521044 7.59709450775 -0.00756918903521 "Carina Sagittarius" 0.743049737365 -0.0269394010625 266.870868409 -28.3151912553 16098.4500371 0.0125790835876 1.77559685804 0.271676320158 1.71379645e-20 0.0512235429672 pwn_190
-3.16110343432 -2.63594166129 -0.0408451770081 Perseus -28.3275140173 -0.351289785694 243.503432083 -51.5478611257 6661.93841541 0.097451026136 2.16925125475 0.36981625059 1.37350477371e-18 4.10525887084 pwn_191
0.0581470357337 -3.26775698906 -0.0512414558976 "Carina Sagittarius" 0.636714041758 -0.561067984087 267.329013082 -28.6819198329 5232.81699375 0.107301346789 2.07929066935 0.478435284553 7.39528440821e-19 2.21037141627 pwn_192
7.43924242286 -9.52143486981 -0.0828136377401 "Crux Scutum" 97.8180329139 -0.631862476634 327.742742668 53.2043010604 7509.49499753 0.0317241176234 1.5310225871 0.138994972398 6.94262575443e-19 2.07507658589 pwn_193
-3.38301617756 -1.31095494616 0.0595384679045 Norma -25.200707043 0.429342625424 246.131694179 -48.7990797876 7945.48375323 0.09094321258 1.47115660187 0.396640836379 7.62347521337e-19 2.27857520741 pwn_194
0.534575505501 6.30007233773 -0.157188850438 "Carina Sagittarius" 2.06861224172 -0.60810855102 268.204803977 -27.4755650547 14810.5577379 0.0353539799784 1.71765981778 0.329985274262 2.5364340899e-20 0.0758113022041 pwn_195
2.11131178734 -6.53091607949 0.0230829516127 Norma 46.9963158489 0.458093119226 288.961126617 12.704140035 2887.11997881 0.274929500405 2.077812583 0.290118935432 5.61305695137e-18 16.7768269053 pwn_196
4.33774595544 0.621127264669 -0.00683873243956 "Carina Sagittarius" 25.4344174245 -0.0387949030386 279.459907407 -6.68652130026 10100.0519464 0.080055392018 1.78048250796 0.387439889674 9.83716555003e-19 2.94022357338 pwn_197
10.5717480813 4.88737838698 0.0013359783981 Norma 38.2974529122 0.00448732674197 285.3077463 4.77585375624 17058.2460809 0.0698911867356 1.63782245943 0.472016233214 9.9348522445e-20 0.296942108159 pwn_198
-1.23400293052 -4.56637712973 -0.00327224710355 Perseus -17.4169784675 -0.0454771592474 254.0890392 -43.283057072 4122.64027362 0.231763526608 2.21910565861 0.0183457089347 4.49998752863e-19 1.34499814447 pwn_199
10.2342795763 5.33511373271 0.0193414394905 Norma 36.4915264918 0.0643953860132 284.426876899 3.19698498899 17209.0448466 0.0271377937874 1.87746421176 0.0737000512566 1.65293338939e-19 0.494044111792 pwn_200
7.71319334753 -9.30837306655 -0.105438866511 "Crux Scutum" 95.9829819113 -0.778915371839 325.584809173 51.9128005318 7756.15471646 0.0650047564075 1.17343954554 0.378143615751 4.63128649305e-19 1.38424200068 pwn_201
-2.76432065765 -1.14636038858 -0.0465781612161 Perseus -20.601838098 -0.339700179209 251.555329999 -45.9246581321 7856.18570034 0.112986882724 1.8856333691 0.041895676455 5.13960501721e-19 1.53617297103 pwn_202
-2.89160062299 -2.1534560182 0.128656870311 Perseus -24.494870947 1.05684108321 246.201652267 -47.8558370372 6975.42308868 0.109009130048 1.94041096593 0.258061850371 1.16767845842e-18 3.49006602776 pwn_203
5.45209915055 -2.35311463257 0.0264529829833 Perseus 41.5720440249 0.184464613283 286.657739773 7.76834370241 8216.46424128 0.0920166373856 1.86091433671 0.109930388321 8.74414918126e-21 0.0261353267068 pwn_204
2.43077069105 -7.03367190263 -0.0408777410273 Norma 58.9001128591 -0.824983534283 296.15674295 22.5255361459 2839.09056412 0.0386362646623 1.92142226706 0.137147851921 7.07121732505e-18 21.1351123104 pwn_205
2.42137401321 -1.4779602122 0.0283885108657 "Carina Sagittarius" 19.025467359 0.218979466089 276.219939778 -12.2485637931 7427.84630972 0.0761689752922 1.78183558559 0.350920241472 3.50462589386e-18 10.4749519733 pwn_206
4.75395599084 8.22327320491 0.142390161105 Perseus 15.8689593049 0.469241963388 274.464309272 -14.915805064 17386.4383704 0.0207856618372 1.4440331152 0.0150963866344 5.02382425758e-20 0.150156734026 pwn_207
-9.90562698651 -8.20793042957 -0.00193599271809 "Carina Sagittarius" -88.3111107689 -0.011193236383 139.777339157 -49.5530129249 9909.93210763 0.0658833342775 1.69990991913 0.436659713951 3.14872000633e-19 0.941118734 pwn_208
-7.08779213215 0.429156398564 -0.139390046558 "Crux Scutum" -38.4418682995 -0.700514007625 230.031020087 -58.0905436856 11401.1429639 0.0477698134594 1.5446837352 0.222239477676 2.69455177674e-19 0.805372707552 pwn_209
5.26989947349 7.46819657936 0.0330473372784 Perseus 18.2641667655 0.112603863077 275.951254345 -12.9711557822 16815.3571055 0.0495609199263 1.54815995409 0.251196646954 8.63488849852e-20 0.258087582117 pwn_210
2.51810596172 -1.02476041048 -0.010088593217 "Carina Sagittarius" 18.6165904701 -0.073280391028 276.28887477 -12.7466260695 7887.97606075 0.0841253946912 1.45897154574 0.270023981847 5.25881380571e-19 1.57180320296 pwn_211
-9.68568066407 -7.59663985707 0.0510247994309 "Carina Sagittarius" -84.6715751343 0.300530841808 144.276986105 -51.8394805811 9727.85037942 0.0820240324225 1.92217205501 0.32277214729 2.80546614562e-19 0.83852382617 pwn_212
0.0660199966826 -5.65773737972 -0.145726416572 Perseus 1.33062549116 -2.93426730686 270.071346239 -29.280714464 2846.76160419 0.154269956563 1.82643195926 0.172428293311 1.00736022667e-18 3.01089197927 pwn_213
-0.243991734152 -2.88442597618 0.0175769395562 "Carina Sagittarius" -2.48788626372 0.179168133719 264.715337405 -30.9557370914 5620.89961946 0.0537774600073 1.67899535208 0.0505537452817 1.34173539994e-19 0.40103036104 pwn_214
-0.177180401675 3.66882012635 0.0257539973201 Norma -0.834178813606 0.121247314577 265.786206502 -29.5835893494 12170.1371985 0.0374122511907 1.62467875951 0.159189468333 3.30483379228e-20 0.0987779474967 pwn_215
-3.93700089737 -3.10757633743 0.0634979767762 Norma -36.1331288993 0.54488909812 232.301286387 -55.7778336841 6676.99341138 0.0850477954563 1.79367576164 0.0840710590114 7.59617243358e-20 0.227041469853 pwn_216
0.170532693366 13.7329326514 -0.053137236254 Norma 0.439465730556 -0.13693398292 266.799025207 -28.6318512852 22233.6501557 0.0306434132599 2.09138257659 0.278066589725 1.73068752358e-20 0.0517283990913 pwn_217
10.7587576377 4.8118846796 -0.0189225261849 Norma 38.9453841104 -0.0633431310951 285.666070311 5.32084435709 17116.0012179 0.071262753546 1.25886175682 0.15901431548 2.55242252578e-19 0.762891794528 pwn_218
-1.08897055608 5.51336801178 0.104785207753 "Crux Scutum" -4.44349118129 0.427134531659 263.229927499 -32.4687511977 14056.0065397 0.0398859059237 1.90175666063 0.479033588997 3.70284429305e-19 1.10674055688 pwn_219
-4.21061295295 0.682885377549 0.00585885007695 Norma -24.6327962925 0.0332291000864 247.162197021 -48.6669616244 10102.2116204 0.0295959769549 1.65265776702 0.48286713899 1.19377167387e-19 0.356805585807 pwn_220
-6.92849102566 -0.0819535465298 -0.00566376710899 "Crux Scutum" -39.4561609055 -0.0297643516619 227.733006392 -58.0498802329 10902.6384909 0.0434444639895 1.29116182186 0.310062940284 7.33338259243e-20 0.219186962558 pwn_221
10.466044621 -1.12857466817 0.00217929156856 Norma 54.8422677328 0.0097539446659 293.242975097 19.4012281849 12801.4064142 0.0343695238626 1.27466016755 0.308748633834 9.29134301135e-20 0.27770830542 pwn_222
