temp/ctadc_skymodel_gps_sources_pwn.ecsv
# %ECSV 0.9
# ---
# datatype:
# - {name: x, unit: kpc, datatype: float64, description: Galactocentric x coordinate}
# - {name: y, unit: kpc, datatype: float64, description: Galactocentric y coordinate}
# - {name: z, unit: kpc, datatype: float64, description: Galactocentric z coordinate}
# - {name: spiralarm, datatype: string}
# - {name: GLON, unit: deg, datatype: float64, description: Galactic longitude}
# - {name: GLAT, unit: deg, datatype: float64, description: Galactic latitude}
# - {name: RA, unit: deg, datatype: float64}
# - {name: DEC, unit: deg, datatype: float64}
# - {name: distance, unit: pc, datatype: float64, description: Distance observer to
#     source center}
# - {name: sigma, unit: deg, datatype: float64, description: Angular extension (deg)}
# - {name: spec_alpha, datatype: float64, description: Spectral model parameter (log
#     parabola)}
# - {name: spec_beta, datatype: float64, description: Spectral model parameter (log
#     parabola)}
# - {name: spec_norm, unit: 1 / (cm2 MeV s), datatype: float64, description: Spectral
#     model norm parameter (log parabola)}
# - {name: spec_norm_crab, unit: '', datatype: float64, description: Spectral model
#     norm parameter (log parabola) in crab units}
# - {name: source_name, datatype: string, description: source name}
x y z spiralarm GLON GLAT RA DEC distance sigma spec_alpha spec_beta spec_norm spec_norm_crab source_name
[from data line 75]
-14.7212131121 -2.87490341438 0.0267485278944 Perseus -69.0877321827 0.0972489506633 167.904111441 -60.4239073064 15759.3319202 0.090856910851 1.61510127545 0.150014459738 1.87657370908e-20 0.056088781149 pwn_75
9.77657108833 -1.43415541103 0.201454600748 Norma 54.1431414136 0.956790287436 292.006930839 19.2428765618 12064.3311442 0.118684094314 1.56488476972 0.0802338219438 2.42913421141e-20 0.0726042235943 pwn_76
-5.61029366262 -7.49055764554 0.027519835388 "Crux Scutum" -79.8000870898 0.276605643913 150.57217234 -54.9493791611 5700.44964798 0.251180924974 1.64371059051 0.443152333043 1.73281961821e-18 5.17921251194 pwn_77
-3.35323544307 -20.0597139141 -0.0131385218243 Perseus -163.823642112 -0.0625428946082 94.9855077598 14.8373616466 12036.2513405 0.118960976706 1.71588081633 0.223197207742 1.57823863933e-19 0.471718649866 pwn_78
-4.45666568095 6.67321188871 0.0219772893201 "Carina Sagittarius" -16.3685333902 0.0796250748543 254.844920015 -42.384362428 15814.1933406 0.0905417168308 1.8151646424 0.453937797177 2.28756206635e-19 0.683727835916 pwn_79
-6.27453862861 12.1974644452 -0.0879244013139 Perseus -16.8649392033 -0.232927358191 254.76087592 -42.9677053214 21627.8200511 0.0662038158247 1.48540954299 0.0801152331601 6.37141430033e-20 0.190434759142 pwn_80
-4.30003990788 -8.7336469768 0.12959573071 "Crux Scutum" -93.1101651748 1.723731532 136.766876356 -44.8771669653 4308.33252809 0.332343013455 2.04322315148 0.330558755754 3.97606796458e-18 11.8840419015 pwn_81
5.96014235355 12.69177429 -0.0920060236291 Norma 15.7085271726 -0.239462835503 275.032629919 -15.3923413856 22014.1558898 0.0650419767406 1.92572885873 0.220131876415 5.48099671776e-20 0.16382112991 pwn_82
9.78083741095 -1.94246677527 -0.0146178476087 Norma 56.1602416151 -0.0711247593934 293.998742496 20.5143229321 11775.6628745 0.121593512875 1.38521420471 0.0382433845151 2.22897381992e-19 0.666216435665 pwn_83
2.61002052255 9.40378624265 -0.0811233484397 Perseus 8.29417337639 -0.256894179412 271.288696111 -21.9043840966 18093.2128144 0.0791370902468 2.20182809232 0.348231572326 1.02526615942e-19 0.306441089722 pwn_84
3.15557348968 3.12325863093 -0.00859112478184 "Crux Scutum" 15.1890005437 -0.0408697578511 274.596018897 -15.7562898914 12043.9968058 0.118884473189 2.31189007753 0.12369937777 1.19879882421e-19 0.358308147278 pwn_85
-2.53302666798 -8.16410045975 -0.0793912496423 "Crux Scutum" -82.4461944671 -1.77963317459 144.742933495 -54.8727644683 2556.43415178 0.560094307281 2.11827048421 0.0198077612898 6.0760932759e-18 18.1607929571 pwn_86
-5.85707999686 2.65174711602 0.0456878685741 "Crux Scutum" -27.7091898107 0.207815782165 243.604313966 -50.7166493672 12596.3858789 0.113671034622 1.75142029433 0.0299721491248 2.50009558008e-20 0.0747251830101 pwn_87
-2.62967755474 -2.6821453453 -0.0451150981087 Perseus -24.3230276911 -0.404861216272 247.967010059 -48.7430344558 6384.72177915 0.22426101949 1.51089679219 0.0305392685334 1.11008321858e-19 0.331792001577 pwn_88
-0.882869334437 -5.88100494582 -0.0103286898576 Norma -18.629081404 -0.214120945371 253.212904184 -44.3308576207 2763.81982722 0.518067133483 2.08470196627 0.453866478743 3.31050633926e-17 98.947493859 pwn_89
-3.94191567557 -2.3809608953 -0.00859054965367 Perseus -32.7898374032 -0.0676210514119 237.620945634 -54.2736118163 7278.83318642 0.19671342627 1.69114222432 0.369941958915 4.53504045746e-19 1.35547509 pwn_90
0.984586889348 -4.78399798902 -0.0326091482628 Perseus 14.8400135024 -0.486007119533 274.832268408 -16.2743353214 3844.36544111 0.372452681016 2.130060169 0.449031178607 2.51046131318e-18 7.50350036863 pwn_91
0.280944419138 6.31580972175 0.0672640556678 "Carina Sagittarius" 1.08633958314 0.260075379294 266.794127836 -27.8728773412 14818.6258449 0.096624628379 1.85623424408 0.336291155648 3.95876080221e-20 0.118323126442 pwn_92
-3.25176611118 5.21368671089 0.0244081186086 "Crux Scutum" -13.3395147211 0.0992256699381 257.269083071 -39.9661493641 14093.9626011 0.101592735547 2.06369253985 0.264469964515 3.93785540458e-19 1.17698286465 pwn_93
-0.392949105146 -4.93008363298 0.11137816402 Norma -6.28139458613 1.776275597 260.679234897 -33.2473404154 3593.20427504 0.39848672821 1.89621892724 0.152223182174 1.12353531584e-17 33.5812689575 pwn_94
-4.6936377273 -1.51853585897 -0.0869588233773 Norma -33.912936995 -0.592233429988 236.659232785 -55.3825309517 8413.00413079 0.170194165258 1.99077475541 0.498981125664 4.66171963957e-19 1.39333814268 pwn_95
-1.29957496869 -6.34354612516 -0.032553598954 Norma -31.0750354427 -0.740765269322 240.590602952 -53.6867803113 2517.98493847 0.568646854662 1.80283500559 0.18109452947 2.23845144675e-18 6.6904919696 pwn_96
-3.91905114295 -2.10341319011 0.00027111754372 Norma -31.4949055133 0.00207072011908 239.240137864 -53.3967543628 7501.68546069 0.19086966827 2.28218503335 0.235324474607 6.2224763533e-19 1.85983163196 pwn_97
3.28641908268 -1.53842368745 0.0202418184253 "Crux Scutum" 25.2710463925 0.150652147718 279.214911239 -6.74464133822 7698.34429431 0.185993787834 1.83426626503 0.189122587462 1.14807340212e-18 3.43146861128 pwn_98
-2.01909238088 -5.66171098719 0.062624416743 Norma -35.4271565974 1.03001195724 232.837714303 -54.9773559088 3483.75377723 0.411006146505 1.90853712813 0.489763464668 2.88844224848e-18 8.63324495876 pwn_99
-5.94419249112 -6.31303512173 -0.00401260680579 "Crux Scutum" -69.8006122634 -0.0362985327667 166.470465984 -60.2722625188 6333.73948401 0.226066168172 2.30845068821 0.0873291926975 1.34595850593e-18 4.02292602255 pwn_100
5.78008943636 5.46930801173 -0.0164706065556 Perseus 22.4783352066 -0.0624224040523 278.106630163 -9.32156561665 15117.9122732 0.0947117690244 1.43610505349 0.163994000454 3.76428997286e-20 0.112510601341 pwn_101
6.56080582339 0.0776833829816 -0.0471606988391 Perseus 37.4112607187 -0.25021425499 285.128338531 3.87130908619 10799.2152216 0.132587802536 1.45696905041 0.340174333008 7.46342352287e-20 0.223073746889 pwn_102
-8.38931571225 8.0695495114 0.0406270626737 Perseus -26.85351415 0.125334752766 244.661349499 -50.1818901286 18572.3514852 0.0770954726165 2.0617371112 0.0316038091693 3.75657595399e-20 0.112280037567 pwn_103
17.1521771435 -10.9879812185 0.0142680833146 "Carina Sagittarius" 98.25338251 0.0471679972943 327.589030606 54.0057292061 17331.6887487 0.0826142354682 1.48325668062 0.303624687006 5.35234123008e-20 0.159975754982 pwn_104
-4.07591088258 0.867883046339 0.0386540296548 Perseus -23.5135749529 0.21678384078 248.114807635 -47.7271810998 10216.2506051 0.140153591635 2.32477772013 0.238823251438 2.28687936497e-19 0.683523783773 pwn_105
-0.915771254785 -3.33008790497 0.0172173252417 Perseus -10.0448818049 0.187886222932 259.64712118 -37.2438352373 5250.42136383 0.272710343824 1.68832287519 0.141999988381 2.90243875247e-20 0.0867507901226 pwn_106
6.22481366249 -2.84988524372 -0.0206400468906 Perseus 47.7707240991 -0.140672250468 289.875419369 13.1091053031 8406.69542111 0.170321885548 1.59818720091 0.119206640462 3.5493419837e-19 1.06086035834 pwn_107
5.95445580101 12.3871533813 0.088524158892 Norma 15.9116544619 0.233526342513 274.700117307 -14.9898404676 21719.4971578 0.0659243722332 2.31919434715 0.257256371649 1.33834623332e-20 0.0400017375387 pwn_108
7.14881304197 4.75155265157 -0.0809035599643 Perseus 28.3455231958 -0.307858774468 281.039160638 -4.22162319045 15057.0820869 0.0950944018956 2.19973899369 0.183963790269 5.03414715256e-20 0.150465274317 pwn_109
-5.96127077451 9.86243731968 -0.135759396559 Perseus -17.9857552598 -0.40289923236 253.982095777 -43.9503331503 19306.3275684 0.0741645043716 2.30424091932 0.228259945631 2.17068385688e-19 0.648794189128 pwn_110
-10.1394417273 -15.8464207288 0.354850995659 Perseus -125.924794049 1.62334051076 114.355957321 -17.9371557147 12526.1364871 0.11430852736 2.04463205773 0.168738690882 8.90471112242e-19 2.66152291767 pwn_111
3.44927599698 -0.454680956318 -0.00452817493035 "Carina Sagittarius" 23.2063040128 -0.0296388602977 278.417347346 -8.66063676679 8753.55264577 0.163572925564 1.56746906504 0.485246846798 1.36333039155e-18 4.07484873071 pwn_112
-2.19333805176 3.06322553542 0.223398518705 Norma -10.7403918606 1.08741727831 258.219411715 -37.2865657929 11771.5259627 0.121636244943 2.31571753734 0.0667197158728 1.92951484889e-19 0.576711351968 pwn_113
-6.93387880793 -4.68526630697 0.0656658208811 "Crux Scutum" -61.1822260248 0.475398521484 184.036177801 -62.1140953414 7914.2390962 0.180920009864 1.72763908984 0.0484019765892 9.06636503321e-19 2.7098395427 pwn_114
6.72113063584 11.361120709 -0.0532616136923 Norma 18.6961489806 -0.145542070418 276.392474027 -12.7100269226 20967.6071511 0.068288393856 2.01666322687 0.171695864395 4.94514775004e-20 0.147805177361 pwn_115
0.092784567575 -2.8802024129 0.0328468762066 "Crux Scutum" 0.945884807762 0.334835814403 266.639342064 -27.9541677161 5620.65946427 0.254746658191 2.0557580313 0.295513450435 2.62230689439e-19 0.783779484885 pwn_116
15.5040077659 1.07963550525 0.0215049711086 "Crux Scutum" 58.2888590276 0.0676080332262 294.989800172 22.4378179528 18224.8219658 0.0785656078309 1.75814727487 0.329588235925 1.60499740166e-20 0.0479716557741 pwn_117
0.848088023667 -2.18107932941 0.248359750118 "Crux Scutum" 7.64421835477 2.23082066812 268.620302543 -21.2312679264 6380.4149005 0.224412399143 1.96580142999 0.198628373584 2.37822276976e-19 0.710825350539 pwn_118
-2.6464803985 -4.47079813729 -0.0620283528391 Perseus -33.2979085884 -0.737201980051 237.662431111 -55.113781133 4821.01375922 0.297000649005 2.04899580132 0.499638996961 7.53186817083e-19 2.25119484214 pwn_119
-7.10214035883 2.28663078508 -0.0160738368286 "Crux Scutum" -33.3617321186 -0.0713106859343 236.854989467 -54.6324816662 12914.800027 0.110868477433 1.90163489341 0.175946498097 8.31018001899e-20 0.248382392943 pwn_120
0.566930877779 -7.2541687711 0.0557403055401 Norma 24.468494367 2.33197839498 276.894179859 -6.44933446392 1369.89527072 1.04522166472 1.50316178654 0.36070333398 2.64723155525e-18 7.91229199445 pwn_121
4.17844630768 1.58815219519 0.0684073686864 "Carina Sagittarius" 22.4990151651 0.358943958939 277.737810723 -9.1084036016 10919.473789 0.131127583895 1.88052430704 0.318791347265 2.34319654308e-19 0.700356385992 pwn_122
3.58437149697 -6.30558867179 -0.00999249113664 Norma 58.5243446488 -0.136226432351 295.30748967 22.5419481667 4202.76813012 0.340690747388 2.15812419211 0.406526931624 6.44899261984e-18 19.2753492142 pwn_123
-6.10011904625 4.99781122036 0.0701779368258 "Carina Sagittarius" -24.3198256002 0.271455928895 247.228465239 -48.2761015882 14812.4030819 0.0966652208577 1.61246667787 0.488112831727 2.01663481504e-20 0.0602750578093 pwn_124
-3.58254135486 4.33646166469 0.0132241183845 "Crux Scutum" -15.5939413614 0.0568533820962 255.511541164 -41.7879007067 13327.0223796 0.107439169423 1.75959867411 0.444896828223 1.32364782133e-18 3.95624177241 pwn_125
0.103050403866 -4.92868634074 -0.0376280040993 Perseus 1.6528134795 -0.60340518736 267.961182218 -27.8309871848 3572.99825151 0.400740250781 1.68250854104 0.382280987179 6.54820216917e-19 1.95718759465 pwn_126
14.7632413704 1.27200433478 0.0151209957684 "Crux Scutum" 56.498844878 0.0489352704569 294.063137006 20.8684946249 17704.3947404 0.0808750729039 2.29930120669 0.349124238909 1.07819502055e-19 0.322260960234 pwn_127
3.88282017434 2.33987299216 0.0144316703303 "Carina Sagittarius" 19.7074194817 0.0718127251046 276.678339984 -11.7141107928 11514.3105423 0.124353447832 1.98151958439 0.167749084838 6.68425461208e-19 1.99785221474 pwn_128
-10.1253191073 0.725909145628 0.0440435117569 "Carina Sagittarius" -47.661088747 0.18422177288 212.710930978 -61.2288413467 13698.2271268 0.104527702898 1.91001469579 0.0738427891034 9.71115967869e-20 0.290256176609 pwn_129
0.674467007128 6.56677177171 0.00541457778726 "Carina Sagittarius" 2.56314565806 0.0205699052111 267.880255223 -26.7296938904 15081.8615125 0.0949381622529 1.5921226599 0.0313180015299 3.49914535581e-20 0.104585712312 pwn_130
5.21585491486 -3.22520451565 0.0595731710427 Perseus 44.6780933295 0.460118550818 287.860850623 10.6515936176 7418.36631997 0.193013414759 1.94559728165 0.120950852101 8.73099764618e-19 2.6096018175 pwn_131
-7.96788939859 -0.167470029193 0.0292247303398 "Crux Scutum" -43.7185064732 0.145237845436 220.234068338 -59.857763463 11529.0576921 0.124194383755 1.61793018162 0.216140740591 6.72941419727e-20 0.201134993177 pwn_132
12.3097331861 -5.21081012601 0.0999408947345 "Crux Scutum" 75.039930883 0.449400017774 304.795070097 36.8929679179 12741.9892215 0.112372110073 1.80859425073 0.260998136815 5.70722444578e-20 0.170582834748 pwn_133
2.50443566903 -7.4849723235 -0.0687760669501 Norma 67.9376824083 -1.45791115871 301.996519842 29.9194998798 2703.18503839 0.529687829363 1.62832155884 0.386541777027 8.79944492212e-19 2.63005997623 pwn_134
6.3333832996 -5.75677285682 -0.0731414782556 Norma 66.5807442704 -0.607152418453 300.335822831 29.2278393622 6902.34661941 0.207443105121 1.98263698964 0.479370461528 1.49472661634e-18 4.46757799366 pwn_135
12.8906586172 9.15765264445 -0.0906068170879 "Crux Scutum" 36.1306553183 -0.237456704918 284.530754735 2.73809451821 21862.5246962 0.0654930862398 1.95567952049 0.0586602401924 1.13418336687e-19 0.338995278147 pwn_136
2.84021104132 -0.803659283609 -0.0708911333058 "Crux Scutum" 20.2557730443 -0.495102054245 277.450943308 -11.4920521251 8203.99199992 0.174530181814 1.74375933599 0.0535020700969 1.68676835606e-18 5.0415702146 pwn_137
4.26694507434 -7.00115687097 0.125459112327 Norma 70.6452345377 1.5890268653 300.676069902 33.838266834 4524.27795142 0.316480161193 1.90692181242 0.294847361507 2.20514679043e-18 6.59094791384 pwn_138
0.2699224924 2.79348616512 0.118373310705 Perseus 1.36914992831 0.600355507764 266.631322648 -27.4545764762 11297.3315502 0.126741807036 1.50487339264 0.372699036974 1.49833998717e-19 0.447837797262 pwn_139
1.10057143987 -5.41550376709 -0.00151887768394 Perseus 19.6367821188 -0.0265729132499 276.733653355 -11.8224485548 3274.9621085 0.437209399044 1.39736044997 0.424075190173 1.2049063594e-18 3.60133624223 pwn_140
-4.6980011644 10.2990802933 -0.0186527812021 Perseus -14.0311692142 -0.0551536978773 256.888930285 -40.6127834277 19377.2284587 0.0738931379377 1.91863575934 0.467916040108 7.33406919404e-20 0.219207484345 pwn_141
2.32797056116 4.47392055353 0.010675597711 "Crux Scutum" 10.1725936098 0.0464047302279 271.98659324 -20.1166384775 13181.1295203 0.108628339714 1.84500184375 0.49171312113 2.13548197786e-19 0.638272723978 pwn_142
-6.96133322765 0.851946269589 -0.0298272245495 "Crux Scutum" -36.6629894658 -0.146586625908 232.217506185 -56.6477266055 11658.4711261 0.122815779175 1.97145848796 0.199900846112 3.40052767704e-19 1.01638135367 pwn_143
-3.3209763262 2.27142453982 -0.0091008063547 Norma -17.1352403144 -0.0462605567004 254.331133959 -43.0635011044 11271.7590997 0.127029348542 2.44344908921 0.190167591764 9.48530097305e-20 0.283505501455 pwn_144
-11.6769182165 5.06782146029 -0.0418746679662 Perseus -40.7163811963 -0.134030127722 225.742970535 -58.7656870834 17900.7807567 0.0799878080632 2.05500946149 0.0739043383486 4.71070515148e-20 0.140797938829 pwn_145
-6.58754736781 -8.02062828802 0.0211092556441 "Crux Scutum" -85.8379580604 0.183114813247 142.76774744 -51.1386397744 6604.99986086 0.216781869116 1.55353799913 0.342467219342 2.41350892879e-19 0.721372006084 pwn_146
9.97023698539 0.967757846715 -0.0884721460131 Norma 46.4807866699 -0.368673292618 289.463443265 11.8624681633 13749.6142313 0.104137046412 2.10159439779 0.32838097922 1.75597949979e-19 0.524843492101 pwn_147
-9.24081756927 3.04733847816 0.0396133948111 "Carina Sagittarius" -38.6687226421 0.153463737728 228.820714695 -57.4867477974 14789.7026508 0.0968135904526 1.44470499916 0.431031297926 1.10050219478e-19 0.328928336034 pwn_148
