temp/ctadc_skymodel_gps_sources_pwn.ecsv
# %ECSV 0.9
# ---
# datatype:
# - {name: x, unit: kpc, datatype: float64, description: Galactocentric x coordinate}
# - {name: y, unit: kpc, datatype: float64, description: Galactocentric y coordinate}
# - {name: z, unit: kpc, datatype: float64, description: Galactocentric z coordinate}
# - {name: spiralarm, datatype: string}
# - {name: GLON, unit: deg, datatype: float64, description: Galactic longitude}
# - {name: GLAT, unit: deg, datatype: float64, description: Galactic latitude}
# - {name: RA, unit: deg, datatype: float64}
# - {name: DEC, unit: deg, datatype: float64}
# - {name: distance, unit: pc, datatype: float64, description: Distance observer to
#     source center}
# - {name: sigma, unit: deg, datatype: float64, description: Angular extension (deg)}
# - {name: spec_alpha, datatype: float64, description: Spectral model parameter (log
#     parabola)}
# - {name: spec_beta, datatype: float64, description: Spectral model parameter (log
#     parabola)}
# - {name: spec_norm, unit: 1 / (cm2 MeV s), datatype: float64, description: Spectral
#     model norm parameter (log parabola)}
# - {name: spec_norm_crab, unit: '', datatype: float64, description: Spectral model
#     norm parameter (log parabola) in crab units}
# - {name: source_name, datatype: string, description: source name}
x y z spiralarm GLON GLAT RA DEC distance sigma spec_alpha spec_beta spec_norm spec_norm_crab source_name
[from data line 75]
4.71559924504 8.56761492091 0.0066900723572 Perseus 15.4449058646 0.0216474479263 274.664646233 -15.5012839174 17707.0720359 0.0212699994618 1.56004553051 0.181922387546 2.6095436283e-20 0.0779964681155 pwn_75
-10.4991601222 -3.61236454866 -0.128792595316 "Carina Sagittarius" -65.0367823071 -0.637157319621 175.433838966 -62.4255939124 11581.793087 0.0279204188463 2.05292046515 0.393957875477 2.18929303601e-19 0.654356273744 pwn_76
2.75070882206 -4.50992981651 0.00419709406504 Perseus 34.5819361445 0.0496200167235 283.567848565 1.49108070878 4846.34673837 0.0839752496674 2.18132848063 0.277647053733 3.01817083525e-19 0.902098983 pwn_77
-2.27573299008 -3.98733123916 -0.00122828645717 Perseus -26.7617500818 -0.0139246774993 244.916062065 -50.2169596287 5054.02230861 0.0956700858118 1.16021153559 0.197816833813 2.52889643166e-19 0.755860096609 pwn_78
7.66392256801 -0.908537508879 0.0111682743873 Perseus 45.2721416308 0.0593192262348 288.502707356 10.9922835697 10787.3136884 0.0545846451879 2.03329412113 0.477732966653 1.2875369955e-19 0.384831037612 pwn_79
2.00705227711 -1.51958143829 -0.130037345258 "Crux Scutum" 16.0413226648 -1.02568632856 275.914803054 -15.4681571597 7264.39342622 0.0329105350171 1.19530690416 0.299157984682 1.45161809694e-19 0.433873123967 pwn_80
-2.46187697903 7.04292808045 -0.118772088628 "Carina Sagittarius" -9.00042798366 -0.432429541965 261.03008526 -36.7383343097 15737.13946 0.0527863610237 1.90840474487 0.059458471073 6.77448067166e-20 0.202481981897 pwn_81
2.81135251498 -11.6367624223 -0.0523719099046 "Crux Scutum" 138.131420103 -0.712336778747 43.0248480258 58.5526480538 4212.56742078 0.167614860425 2.13071505233 0.208769600498 6.27243307442e-19 1.87476316161 pwn_82
5.89540254264 -5.99546554477 -0.123076496899 Norma 66.9828360494 -1.1007829415 301.060058909 29.3063110268 6406.52884184 0.0207296903371 1.81751114871 0.390790863841 4.93636294952e-19 1.47542609069 pwn_83
15.7884409518 -11.8845799883 -0.0164547804573 "Carina Sagittarius" 102.099415491 -0.0583873634057 333.074734966 56.2365466591 16147.1520754 0.0618639584496 1.45448392323 0.34687351162 3.0020718427e-19 0.897287166309 pwn_84
-2.40616432618 -10.1400466217 0.0389540405482 "Crux Scutum" -124.278423921 0.766420652488 114.416826823 -19.791960165 2912.19798487 0.383099391547 1.64193357485 0.458170164918 2.75877982827e-18 8.24569785228 pwn_85
-0.111192042446 7.73748289846 0.0192349803192 "Carina Sagittarius" -0.392347459718 0.0678711622682 266.104336806 -29.2353640697 16237.8750005 0.0560605022602 1.72935572966 0.129688692071 2.34597102674e-19 0.701185649487 pwn_86
-4.74029730986 3.0059424125 -0.0136246897984 "Crux Scutum" -22.3910183926 -0.0627311833237 249.539544657 -47.0879749618 12444.1679118 0.0418841036831 1.75079390838 0.379096858177 2.33342501302e-19 0.697435780164 pwn_87
-4.18485461872 -1.13352203952 0.0422020632371 Norma -29.6006627398 0.285402012021 241.293957233 -51.9414802948 8472.29524604 0.0314091387252 1.74521785299 0.229937603697 6.71331194726e-19 2.00653714146 pwn_88
-7.80590942562 1.60393824867 -0.0554402796781 "Crux Scutum" -37.6882777989 -0.248784023172 230.757477883 -57.302367488 12768.119036 0.0685065517313 1.77033164959 0.286804873483 5.52473541561e-20 0.16512843281 pwn_89
-8.61582224664 -0.886554629447 0.027279015726 "Crux Scutum" -48.5343000876 0.135937665336 210.995327284 -61.5280123977 11497.7253203 0.0397713771676 1.85763961321 0.477523340503 2.52551836469e-19 0.75485042852 pwn_90
3.37875582347 14.0709460201 -0.0241720829623 Norma 8.51366935391 -0.0606840481173 271.220288559 -21.6169122389 22822.4490238 0.040434217454 1.47368511349 0.489643159995 4.80342999591e-20 0.143569385259 pwn_91
-1.04184904892 -4.37003438205 -0.0378053501816 Perseus -14.1583620255 -0.508535327846 257.268417396 -40.9858891545 4259.51812893 0.148463072937 1.73465464594 0.430795481963 6.90888637323e-19 2.06499224569 pwn_92
4.98935565205 -6.6733489147 -0.00314659919678 Norma 69.8918357704 -0.0339317358707 301.830813613 32.3331017171 5313.22255426 0.160433083389 2.209930516 0.179548543865 3.98368440869e-19 1.19068066383 pwn_93
-3.21283535909 -5.6293277765 0.0461632408366 Norma -48.2191741296 0.613871403414 211.346542888 -60.9810267948 4308.73544143 0.156609735775 1.69614573575 0.443850417864 2.41086424564e-19 0.720581538576 pwn_94
3.13039336016 0.0450175183449 0.0125538162368 "Crux Scutum" 20.1198720235 0.0790385924622 276.867825558 -11.3457375668 9100.37606786 0.0851699117794 1.68016425485 0.319304588821 1.41986572568e-18 4.24382679793 pwn_95
2.1248276851 -1.2838144967 0.0742826631157 "Crux Scutum" 16.4072248063 0.565760917067 274.639989995 -14.3960606542 7522.88135115 0.0765324531987 2.091113272 0.214998390235 1.56710600902e-19 0.468391225732 pwn_96
-1.16872150178 -6.48018141581 0.0034151137135 Norma -30.0548317292 0.0838504769506 240.958638262 -52.3937985434 2333.57852337 0.464589188876 1.10902014009 0.0178713412502 4.9390320862e-18 14.762238671 pwn_97
0.390240581901 -5.09265403165 0.0231981229663 Perseus 6.53357178176 0.387545622189 269.74048643 -23.1166138135 3429.69858919 0.177590344883 2.11897222235 0.385064062096 1.65696679491e-18 4.95249653565 pwn_98
-1.59459050625 5.40933341274 0.0545937202699 "Crux Scutum" -6.53993802255 0.223419711588 262.052492735 -34.3316538381 14000.5448231 0.0491305819714 1.62938598534 0.251052790362 3.41318519518e-20 0.102016455046 pwn_99
-1.4831542823 2.87784114939 -0.0973898500682 Norma -7.42689238814 -0.486303276742 262.17321894 -35.4632796642 11474.5152677 0.0969115772334 1.84426071456 0.393094249733 4.16695011174e-19 1.24545682243 pwn_100
8.06056991702 1.44897604225 -0.0298884192192 Perseus 39.0140766868 -0.133740386497 285.760524654 5.34965306172 12804.5228335 0.0145871490482 1.8260067661 0.374011399672 7.60917023439e-20 0.227429960218 pwn_101
0.15732413371 0.800094463801 -0.00849772099941 "Crux Scutum" 0.969145983367 -0.0523450343133 267.028251519 -28.1348148447 9301.42892947 0.022460029375 2.05446639219 0.396783684024 7.13296062816e-19 2.13196564399 pwn_102
-5.86679406604 5.81788909817 0.00532677026 "Carina Sagittarius" -22.2814991398 0.0197244663051 249.55697041 -46.9514016698 15473.243009 0.0549556870164 1.72774941852 0.150325579348 4.87081164349e-20 0.14558335064 pwn_103
-3.15688534907 16.077524469 -0.00893705826986 Norma -7.31933835647 -0.0206645389553 261.772066243 -35.1151827644 24779.4413577 0.00955597385835 1.61693303898 0.400399299534 6.2208293208e-20 0.185933935156 pwn_104
10.2663116991 6.15528829274 -0.0823443572353 Norma 35.0119826864 -0.263669534088 284.043018075 1.73083470435 17893.6137054 0.0631135920911 2.15041836348 0.274423164233 3.14012437691e-20 0.0938549592299 pwn_105
0.954115893711 6.14065604553 -0.0816238168728 "Carina Sagittarius" 3.72863214051 -0.318752972986 268.866229653 -25.8975908677 14671.9395115 0.0309631931614 1.16167306937 0.236663100225 1.23290587184e-19 0.368502379033 pwn_106
-4.85226091846 -2.77163775692 0.0758591090232 Norma -40.2665682856 0.578942732411 225.835786801 -57.9240910007 7507.61777218 0.0477767951732 1.80549022906 0.33756295691 7.54587178219e-19 2.2553803718 pwn_107
-3.49047173093 -9.19839726999 0.0241427296745 "Crux Scutum" -101.314713613 0.388592398342 128.350647525 -39.3776764309 3559.7379851 0.315587375884 1.43606013589 0.0106793414692 2.46188340873e-19 0.735830620767 pwn_108
-2.48291473377 -6.29423476747 0.0141281306791 Norma -48.3828371757 0.243731536536 211.236831434 -61.3822634519 3321.21445261 0.300104376978 1.59437518517 0.0511584079438 2.3047601661e-17 68.8868163993 pwn_109
0.257180344373 10.2657990859 0.0149942972652 Perseus 0.785174444882 0.045776313376 266.825004206 -28.2414982087 18767.5672875 0.0590139557265 2.343039304 0.146088682584 1.6597913544e-19 0.496093884186 pwn_110
3.10035331574 13.7124464859 0.0658673841619 Norma 7.94585567919 0.168269599952 270.704928797 -21.9988701208 22427.8690045 0.0371056495173 1.78795923486 0.491495054979 7.86953253915e-19 2.35211911047 pwn_111
-1.15151314712 0.847335983504 -0.176111588045 "Carina Sagittarius" -7.02297333863 -1.07127604404 263.045693747 -35.4478507155 9419.6437198 0.0346201504844 1.85266881823 0.0698728894325 1.22183546114e-18 3.65193551675 pwn_112
6.00736646003 -6.4008047068 -0.0436346010086 Norma 70.7387030129 -0.392867174958 302.734790994 32.8487866982 6363.72348885 0.175953713091 1.31897802896 0.16529815038 2.14112383433e-19 0.639959014536 pwn_113
0.134849860776 -4.99752409735 0.0763674785276 Perseus 2.20487272151 1.24814652431 266.497645046 -26.4040181137 3505.90272618 0.141472798763 1.60315794213 0.025526532346 5.88524832639e-19 1.75903778141 pwn_114
2.8066359513 3.51164077896 0.155098030734 "Crux Scutum" 13.1517530012 0.720378035514 272.884424236 -17.183095 12336.1572203 0.0650556069839 1.8530704982 0.165634440146 8.29595362527e-20 0.24795718125 pwn_115
3.65390647113 -6.75693433667 -0.055068856632 Norma 64.4969127815 -0.779330310068 299.261143451 27.36341262 4048.7458534 0.208459895189 1.89578457714 0.160163143255 1.54579560598e-19 0.462021774182 pwn_116
-9.67131963109 1.79327484127 0.0252637958459 "Carina Sagittarius" -43.2156468418 0.102486022201 221.17783755 -59.6875949789 14123.9714183 0.03740786564 1.96655936969 0.473403585472 7.23373062192e-20 0.216208471738 pwn_117
-8.51119173341 -9.21178155747 0.00393746957541 "Carina Sagittarius" -94.7804589102 0.0264141136439 133.416289481 -44.7368379109 8540.90353605 0.0876477391203 1.80232953271 0.422577043498 4.85987375558e-19 1.45256428868 pwn_118
-3.47298968527 -1.01540821602 -0.0112957747314 Norma -24.8921762955 -0.0784379346065 247.012195901 -48.9315084257 8251.11502291 0.101420104001 1.94229113628 0.191382109621 1.94477972148e-18 5.81273859126 pwn_119
-0.313096201112 2.41321150596 0.00638406050744 Norma -1.64334499158 0.0335033585966 265.380063741 -30.3174925334 10917.7037586 0.062333091742 1.92252111641 0.0123845290196 5.79491113966e-20 0.173203696246 pwn_120
-5.40122262141 -13.8316681347 0.0246134876686 "Carina Sagittarius" -134.628699962 0.185816140739 108.770751985 -10.9661705709 7589.49910922 0.0339816304026 1.30597008903 0.415515556998 7.87689236421e-19 2.35431888347 pwn_121
9.85751927488 -2.00366124734 0.0530399940838 Norma 56.6141714047 0.257414906126 293.92835772 21.070793747 11805.7577768 0.0557476969703 1.80999154492 0.330268088572 4.09411094919e-20 0.122368597576 pwn_122
-2.04007501306 -0.853904628588 0.185356965454 "Carina Sagittarius" -14.9392261355 1.34177402295 254.703212774 -40.4806139884 7915.7461867 0.120339037959 2.00733365009 0.0761822418257 1.67436896292e-19 0.500450975465 pwn_123
8.60609860052 -3.74267139057 -0.031589863838 Norma 61.0668081441 -0.184061157262 296.737704435 24.7213671862 9833.51953979 0.0380164080828 1.9592675516 0.498035635505 1.99609346663e-19 0.596610988745 pwn_124
2.64639591251 4.44309283038 0.0209533873432 "Carina Sagittarius" 11.5556485071 0.0908751454701 272.655714604 -18.8849703997 13210.8857533 0.0401098780081 1.70175812131 0.0501167187121 1.21708334293e-19 0.363773194366 pwn_125
-9.56671544565 2.8848479293 0.0447775822206 "Carina Sagittarius" -40.0404174047 0.172524764319 226.584192163 -58.1678897667 14870.7367613 0.0301345706113 1.58248084296 0.433557270797 1.69689583351e-19 0.507184016157 pwn_126
2.75264276316 9.39688503339 0.0432491220943 Perseus 8.74389748271 0.136849935148 271.156565804 -21.3194094572 18107.385415 0.0608762212398 1.49805578043 0.147133082065 1.20071199161e-19 0.35887997255 pwn_127
6.1039970041 6.86521450937 0.0411384423874 Perseus 21.665983453 0.142564421517 277.541100146 -9.94692233792 16533.3084625 0.046286075146 1.76461541688 0.217676733163 1.759617571e-19 0.525930872678 pwn_128
-3.58064805109 -3.89661042232 0.0263341337886 Norma -37.8767977932 0.258714712093 229.958696288 -56.9779317248 5832.06048976 0.118212433151 2.10593156748 0.397728263388 1.3007635369e-18 3.88784309377 pwn_129
5.4545807402 -11.9266591849 0.0301701972925 "Crux Scutum" 122.137727938 0.26835063728 11.1021235565 63.1292579732 6441.68878958 0.0546840622307 1.2730128926 0.338754177997 5.30706207388e-19 1.5862240943 pwn_130
-1.15285777749 -11.126722613 -0.0187188967099 "Crux Scutum" -156.30352677 -0.373877826799 98.2840356264 8.03959620185 2868.64134003 0.253486500048 1.62182923297 0.468932187222 1.81340825497e-17 54.2008332818 pwn_131
1.48652709742 -6.52242877816 -0.00319471773864 Norma 36.9319404239 -0.0739877179925 284.75170987 3.52555885089 2473.97674909 0.15344922801 1.49225333703 0.31057016273 1.5507829672e-18 4.63512443108 pwn_132
-0.584841712413 -0.781113066277 -0.0154190262629 Norma -4.33288634195 -0.11412513573 263.840572426 -32.6696665129 7741.02661606 0.0751648321529 2.01193853073 0.0489050807395 8.07039472798e-19 2.41215467047 pwn_133
-11.5756675104 -12.7742505817 -0.0642698869247 Perseus -110.266385527 -0.298418522009 121.398422702 -32.3786788477 12339.7498745 0.0316579496568 1.65033640083 0.442180181621 1.95264323286e-20 0.0583624178576 pwn_134
-2.46603472178 -8.06502655181 0.0398042668444 "Crux Scutum" -79.996732887 0.910675372535 150.953216249 -54.3232183525 2504.41880071 0.30603791427 1.6729278323 0.384577762494 5.81340959575e-18 17.3756595314 pwn_135
-6.51371340287 -7.22174831274 0.0191690495242 "Crux Scutum" -78.8973579723 0.165458080276 151.733305428 -55.5734943761 6637.97839129 0.1111566335 1.74142361612 0.355935225447 3.0403841188e-19 0.908738295881 pwn_136
5.40514377135 -2.6455026631 -0.0630399845543 Perseus 42.7146334203 -0.453288341741 287.761479711 8.48830794708 7968.35568335 0.0643906262322 1.92025617774 0.0268667736769 2.71898302109e-19 0.812674945194 pwn_137
6.41669782384 3.26213874805 -0.0461548633942 Perseus 28.6141603884 -0.197369319453 281.063656803 -3.9321833729 13398.6584837 0.0512097290284 1.6940549705 0.198111372331 3.28738780038e-19 0.982565054576 pwn_138
8.20719129704 -7.3990038588 0.0141940700903 "Crux Scutum" 82.3593775281 0.0982113097921 310.790944331 42.5941215934 8280.72357713 0.0313642792277 0.977541375204 0.0837179097298 9.81250581192e-20 0.29328530414 pwn_139
1.45255200038 19.7907254617 -0.0225002900393 "Crux Scutum" 2.9391993703 -0.0455087479284 268.158196078 -26.4398604852 28327.9995893 0.00514289666443 1.94669421067 0.410951954204 1.02860964043e-19 0.307440420435 pwn_140
-3.10007979788 6.04488081635 -0.173531793749 "Carina Sagittarius" -12.0319190677 -0.668535861942 259.074885687 -39.3604460258 14872.5978228 0.0469699905564 1.91854159857 0.350264311409 6.7245368824e-19 2.00989215452 pwn_141
0.0815668545225 -0.751353294275 0.156560080162 "Crux Scutum" 0.60310710778 1.15742981589 265.643274103 -27.8162649556 7750.65739022 0.0800535684835 1.74072392235 0.44153879866 6.72727848361e-19 2.0107115898 pwn_142
-3.25570748319 -6.1222795079 0.0666281968035 Norma -53.8584568649 0.94682977008 199.653193309 -61.7554506482 4032.07456172 0.187147061019 1.50731011242 0.483287553462 5.20020555156e-18 15.5428582262 pwn_143
4.46814101346 4.29473431713 -0.0387628780832 "Carina Sagittarius" 19.2500788863 -0.163877348774 276.673682279 -12.2285901806 13552.5279163 0.0926171195466 1.89498062988 0.387373807096 1.04014183791e-19 0.310887270924 pwn_144
3.97432372238 -0.316576135468 0.115466929774 "Carina Sagittarius" 25.9037765433 0.727171832586 278.992359192 -5.9177378993 9098.18706165 0.0926785939242 1.90239359405 0.49711654161 3.73924194452e-19 1.11761942563 pwn_145
-2.39491243729 -10.0412899971 0.0409747206774 "Crux Scutum" -122.764052853 0.824264585325 115.26540095 -21.0819134849 2848.30815839 0.109304830867 1.67309112167 0.307384943072 1.38561525944e-18 4.14145581747 pwn_146
-6.61510202887 1.7579199367 -0.0142731300953 "Crux Scutum" -32.8170601998 -0.0669994319013 237.583933285 -54.2901820366 12205.9288873 0.0731297352698 1.74148250294 0.0185648019457 3.04832267204e-19 0.91111104454 pwn_147
0.985204862391 2.80993726566 0.00121242578106 Norma 4.97844930632 0.00611893843891 269.250909571 -24.653976782 11352.7666691 0.0172559525897 1.54885774432 0.00712575757515 1.30005941687e-19 0.38857385543 pwn_148
