temp/ctadc_skymodel_gps_sources_pwn.ecsv
# %ECSV 0.9
# ---
# datatype:
# - {name: x, unit: kpc, datatype: float64, description: Galactocentric x coordinate}
# - {name: y, unit: kpc, datatype: float64, description: Galactocentric y coordinate}
# - {name: z, unit: kpc, datatype: float64, description: Galactocentric z coordinate}
# - {name: spiralarm, datatype: string}
# - {name: GLON, unit: deg, datatype: float64, description: Galactic longitude}
# - {name: GLAT, unit: deg, datatype: float64, description: Galactic latitude}
# - {name: RA, unit: deg, datatype: float64}
# - {name: DEC, unit: deg, datatype: float64}
# - {name: distance, unit: pc, datatype: float64, description: Distance observer to
#     source center}
# - {name: sigma, unit: deg, datatype: float64, description: Angular extension (deg)}
# - {name: spec_alpha, datatype: float64, description: Spectral model parameter (log
#     parabola)}
# - {name: spec_beta, datatype: float64, description: Spectral model parameter (log
#     parabola)}
# - {name: spec_norm, unit: 1 / (cm2 MeV s), datatype: float64, description: Spectral
#     model norm parameter (log parabola)}
# - {name: spec_norm_crab, unit: '', datatype: float64, description: Spectral model
#     norm parameter (log parabola) in crab units}
# - {name: source_name, datatype: string, description: source name}
x y z spiralarm GLON GLAT RA DEC distance sigma spec_alpha spec_beta spec_norm spec_norm_crab source_name
3.85816859913 8.44069654781 -0.052231415132 Perseus 12.8300247056 -0.172242857841 273.543955165 -17.8935895237 17374.5616516 0.0824103792695 2.27629413341 0.15519041299 1.4708026788e-20 0.0439607190305 pwn_0
9.70945850116 5.44782204611 0.0874608431417 Norma 34.8428267408 0.294864399888 283.468544179 1.83510827517 16994.792544 0.0842519384476 1.90804244626 0.18651743194 2.98767642179e-19 0.892984528959 pwn_1
0.00495409755829 -6.95457249893 -0.0805664279965 Norma 0.183669508211 -2.98423420914 269.465955938 -30.2997732993 1547.53405567 0.925242459189 2.06425925571 0.262485221127 5.3369834758e-18 15.9516728132 pwn_2
-6.89934335205 4.94658950038 -0.0929286064996 "Carina Sagittarius" -27.1620161963 -0.352295749588 244.840817178 -50.7388916658 15113.5814289 0.0947389089798 2.40504116378 0.375297511464 8.46199865149e-20 0.252920089496 pwn_3
-9.5221888868 2.16362145809 0.0318701224658 "Carina Sagittarius" -41.763583086 0.127726566516 223.715393503 -59.0267367402 14296.3603586 0.100154457459 2.30424065734 0.166753732896 2.4930701077e-19 0.745151991545 pwn_4
3.68281432965 -4.44020930564 -0.116479726446 Perseus 42.2125516726 -1.21736651848 288.211055469 7.68972722365 5482.57142182 0.261162893319 1.53613497243 0.46207938331 5.99002854402e-19 1.79035546782 pwn_5
-6.07019449881 5.68613973799 -0.0015882906562 "Carina Sagittarius" -23.1658953591 -0.00589764393196 248.708255019 -47.6232649699 15430.2891885 0.0927943862784 2.05652387273 0.431159273418 4.83546058137e-19 1.44526745201 pwn_6
-12.0289557167 5.82552023799 0.023808029871 Perseus -40.0197492325 0.0729228722947 226.711846844 -58.244206357 18706.0651273 0.0765443830976 1.75913355376 0.0243451479878 1.44474202459e-21 0.00431817939482 pwn_7
3.98044159762 -1.25328478485 0.0618759983666 "Carina Sagittarius" 28.7789046372 0.428784955549 280.581020745 -3.49945785764 8268.16940808 0.173175481135 1.77213091002 0.126821262128 1.05229158789e-19 0.31451870125 pwn_8
-1.06426504765 -2.06564450865 0.0412991737671 "Carina Sagittarius" -9.39189087397 0.362820791918 259.936819404 -36.608730622 6521.9089462 0.219543729782 1.91086159552 0.22306775633 5.28592543621e-18 15.7990657935 pwn_9
4.03236347859 17.5914363119 -0.0297392986766 "Crux Scutum" 8.78540722866 -0.0645400972688 271.366909878 -21.3818676059 26401.2099811 0.0542340376208 1.83889176421 0.0523139443712 8.39913826708e-20 0.251041259836 pwn_10
6.9393895358 2.20094036349 -0.00700595554086 Perseus 32.9627669438 -0.0314733209745 282.901552086 0.0130974050911 12754.0307698 0.112266015442 2.19265384688 0.174237994517 6.28276518339e-19 1.87785131848 pwn_11
-1.19882800946 4.78237275375 0.104995565941 "Crux Scutum" -5.15737473943 0.451073346797 262.74159143 -33.053161578 13336.7776706 0.107360582197 2.00548018579 0.370048762809 1.6760438221e-19 0.500951572962 pwn_12
1.35166349033 6.66077975552 -0.106903629716 "Carina Sagittarius" 5.09475066175 -0.40240854785 269.704316923 -24.7576830456 15221.2898722 0.0940685203012 1.83285225445 0.340257240571 2.4125188907e-20 0.0721076094286 pwn_13
5.84968733946 -2.46286762309 0.114700092991 Perseus 44.0965691651 0.781726410236 287.297712829 10.2842973222 8407.07829256 0.170314128824 1.91984307284 0.311192214283 2.56538938537e-18 7.66767450178 pwn_14
-10.899737952 -3.42405639383 -0.260105806126 "Carina Sagittarius" -65.0288825176 -1.23927195192 175.097019478 -63.007632637 12026.5184465 0.119057250169 1.89009206839 0.355264201361 8.09126408621e-19 2.41839229845 pwn_15
3.60451720087 -1.09075971033 -0.0100998545461 "Carina Sagittarius" 25.9424325878 -0.0702322519509 279.72259001 -6.2495530064 8239.50774795 0.173777883237 2.20340134975 0.10246184348 2.59294829955e-19 0.775004514881 pwn_16
-7.77896316844 6.05046288406 -0.0026749388944 "Carina Sagittarius" -28.1298349499 -0.00928902021443 243.356842533 -51.163594102 16499.3407526 0.0867819046116 1.74460726878 0.170849057432 1.74697535214e-20 0.0522152248669 pwn_17
-1.28889069946 1.88385817185 -0.0267537388893 Perseus -7.07561757382 -0.146496541428 262.065340464 -34.9825592128 10463.5780463 0.13684078324 1.88452827945 0.338121241139 1.18186453216e-19 0.353246668497 pwn_18
-6.65950873527 -3.5526052657 -0.0916657242747 "Crux Scutum" -53.3910895522 -0.633047634932 201.056389202 -63.2704756634 8296.63629775 0.172581292462 1.56939415039 0.439617381516 1.01085093555e-19 0.302132533478 pwn_19
-1.56682355674 0.712785220059 0.00652908247537 "Carina Sagittarius" -9.65197459747 0.0400306020728 260.081615969 -37.006720672 9345.07304401 0.153219157154 1.11069274972 0.271839026914 6.51665288264e-20 0.194775785033 pwn_20
2.10438037698 3.22900038691 -0.0370392442447 "Crux Scutum" 10.1716073264 -0.178091191826 272.195189322 -20.2264615369 11916.3433465 0.120158019428 1.97647702077 0.141349825473 1.60268422757e-20 0.0479025174744 pwn_21
5.31551123166 -2.80869548846 0.0519507901604 Perseus 43.0445744603 0.38221583445 287.165502959 9.1666198936 7787.70220165 0.18385965183 2.03339777369 0.015117629003 9.92128146801e-19 2.96536492164 pwn_22
5.13864613649 -4.16658201131 0.0983777582809 Perseus 49.8590796696 0.838484950723 289.993486127 15.4127151143 6722.63889883 0.212988416736 1.59961544449 0.355168414487 1.81794991247e-18 5.43365785671 pwn_23
7.17807852376 11.1851625395 -0.0148652831943 Norma 20.0340861793 -0.0406488658282 276.935190715 -11.4773577878 20953.0584039 0.0683358098731 2.41283374848 0.00394205175422 2.7167701819e-20 0.0812013551228 pwn_24
-5.85645502755 3.38657303102 -0.122433414313 "Crux Scutum" -26.2292369482 -0.529373227321 246.073966765 -50.2046327957 13251.5536392 0.108051044756 1.40732126786 0.18633953491 2.52948517816e-19 0.75603606664 pwn_25
5.94866400668 3.81815910692 -0.00914994097666 Perseus 25.7767452065 -0.0383245022759 279.617604463 -6.38214944584 13679.3176354 0.104672195903 1.81235479967 0.265268607281 2.67644387966e-20 0.0799960450783 pwn_26
11.3620729732 1.47927174026 0.0314875241704 Norma 48.7072676625 0.119300974072 290.091251911 14.058149824 15122.2868039 0.0946843710822 1.74946036049 0.461055730884 8.21715118471e-21 0.0245601860581 pwn_27
-6.68929058717 0.631594474663 0.00505278812001 "Crux Scutum" -36.2244000713 0.0255754819863 232.694384122 -56.257148906 11319.569415 0.126492816366 2.21385038788 0.0447472725165 4.02876418701e-18 12.0415452744 pwn_28
0.252620848113 2.6341075797 -0.0312931140468 Norma 1.29975621153 -0.160991558014 267.326788 -27.9075407361 11137.017022 0.128566223121 2.19672686787 0.202971160984 2.73972880437e-19 0.818875637939 pwn_29
7.26716461896 -9.29336310579 -0.106777247632 "Crux Scutum" 96.2303598537 -0.836821348486 325.950545895 52.0301497195 7311.1222119 0.195844656107 1.84183580494 0.0121565998551 8.14740264907e-19 2.43517151448 pwn_30
-2.61169825179 0.0541998227876 0.0234074699334 Perseus -16.9780495031 0.149949103278 254.255561291 -42.8182533435 8944.03993038 0.160089202027 1.90210388029 0.171305492171 4.99263872096e-19 1.4922463169 pwn_31
-7.47211652197 -2.18332176952 0.0517013696804 "Crux Scutum" -49.7899355404 0.302754021024 208.35311178 -61.6901146458 9784.45819742 0.146338630761 1.56029784814 0.31111552942 4.76736124509e-19 1.42491328873 pwn_32
-0.140603289931 -4.4248815041 0.079733324077 Perseus -1.97608502624 1.12023353068 264.111501389 -30.0193853286 4078.32287144 0.351086527596 1.26518495358 0.139533974114 7.20121278167e-19 2.15236548271 pwn_33
-7.61748065768 0.413346599228 0.0693833456055 "Crux Scutum" -40.5177003967 0.339049334462 225.639102868 -58.2554572072 11725.1257229 0.122117600203 1.70606371968 0.104874974828 9.54634348304e-20 0.285329996793 pwn_34
7.28147354094 1.30966071804 0.128269489192 Perseus 36.5856041091 0.601552987238 283.991125998 3.52586643101 12217.4364493 0.117196780298 1.84221422166 0.0578516166635 9.77264832602e-20 0.292094006514 pwn_35
5.52641652465 -5.78457303501 0.0357227834502 Norma 63.8326203825 0.332398100523 297.802884208 27.3672674443 6157.60499898 0.232532651183 2.1321784838 0.28857012201 5.65814479345e-19 1.69115896431 pwn_36
-2.16980359507 3.92219779949 -0.00171855895638 "Crux Scutum" -9.90798064288 -0.00780840792658 259.94713002 -37.244059854 12610.2755229 0.113545831155 2.12464255917 0.347635002952 1.90484054391e-19 0.569336466104 pwn_37
1.7183674632 15.2593669076 0.244628694637 Norma 4.13664540029 0.58836525976 268.228418734 -25.0864842772 23822.6813307 0.0601042424852 1.6954217593 0.335978570298 1.30515653365e-20 0.0390097329123 pwn_38
-0.0803663454853 -4.93175967238 -0.0208049569491 Perseus -1.29023653756 -0.333979886809 265.957021824 -30.2107180166 3569.20588246 0.401166047155 1.71837825734 0.47443051036 1.07719450181e-18 3.21961915883 pwn_39
-1.53257716539 -1.41864631002 -0.0806614748709 "Crux Scutum" -12.2118592501 -0.63784405954 258.907221695 -39.4890636755 7245.7483481 0.197611640173 1.51689069943 0.00135160694675 5.23886729562e-19 1.56584140442 pwn_40
4.86995877256 -6.79050274075 -0.0545183130131 Norma 70.6574421334 -0.605188845169 302.893071913 32.664490891 5161.57452452 0.277404541685 1.41659515696 0.323598326947 3.63530919098e-19 1.08655503717 pwn_41
5.60299915155 -2.96076965752 -0.0240727925228 Perseus 45.3279095746 -0.175058635844 288.74049913 10.9327606538 7878.91183976 0.181731214217 1.33930704853 0.300196118549 8.06662760952e-20 0.241102871905 pwn_42
0.245330885598 1.85844805863 0.00836493632959 Perseus 1.35674734975 0.0462560680231 267.159110693 -27.7519400274 10361.3562529 0.138190810199 2.32670935671 0.294369804985 2.31380539048e-19 0.691571684822 pwn_43
5.68916611362 -6.41487640754 0.15711479917 Norma 69.8717220908 1.48533526264 300.290978974 33.1272917102 6061.2735068 0.236228280038 1.66239391093 0.48138515992 9.50124000063e-19 2.83981901943 pwn_44
8.34674793402 9.70403854558 0.123308548026 Norma 24.6319662287 0.352783480919 278.737956551 -7.21914011171 20026.7427566 0.0714966099454 1.68171993856 0.00843583668502 1.23538552633e-20 0.036924352124 pwn_45
14.869085941 6.36378351793 0.00772783919434 "Crux Scutum" 45.0102178654 0.0210600237251 288.413414956 10.7425275206 21024.3153731 0.0681042017274 1.46174525279 0.348241215351 2.40656857537e-19 0.719297608673 pwn_46
1.30839069636 5.54496181288 -0.0232862310455 "Carina Sagittarius" 5.32215975306 -0.094585495279 269.535955084 -24.4069286625 14105.7924552 0.101507534575 2.00992239607 0.406839324851 5.69805463288e-19 1.70308758847 pwn_47
-7.67590032331 3.18947649034 0.0581649698734 "Carina Sagittarius" -33.2909235286 0.238307631283 236.622112198 -54.345114728 13984.5160644 0.102387827277 1.36424758116 0.254903598311 2.26461528199e-20 0.0676869287488 pwn_48
0.572825747141 5.74705348925 0.00190731817919 "Carina Sagittarius" 2.30242901136 0.00766425547067 267.74331461 -26.9603693118 14258.5646578 0.100419940556 1.74256012434 0.166982434798 3.63651819693e-19 1.08691639612 pwn_49
0.771157903338 4.80738454517 0.0258511009092 "Crux Scutum" 3.31655956891 0.11111698034 268.22184437 -26.0352954115 13329.7350395 0.107417305078 1.55822402848 0.395420081614 4.17672506509e-20 0.124837845144 pwn_50
1.57701857803 -2.00437076535 -0.080565255317 "Crux Scutum" 13.646326171 -0.690544867066 274.430164497 -17.4225841101 6684.8094595 0.214193721455 1.90446367442 0.0486214628162 2.0984054888e-19 0.627190957933 pwn_51
2.8148148821 0.0935695296038 -0.0361216916682 "Crux Scutum" 18.1361555874 -0.228867669392 276.199601201 -13.2440761946 9042.89361085 0.158339164096 1.66208261286 0.221017818865 4.39830795758e-19 1.31460720815 pwn_52
4.50324557041 -0.0207155571259 -0.0168200253195 "Carina Sagittarius" 27.9722315939 -0.100377507008 280.682990316 -4.45882059508 9600.92538476 0.14913606324 1.48122931029 0.259976187285 6.2302924658e-20 0.186216778439 pwn_53
3.77218321208 4.64768636547 -0.143995793511 "Carina Sagittarius" 16.0086362917 -0.603156371536 275.511872853 -15.2988280155 13678.8799885 0.104675544822 1.79239079835 0.346978205467 6.74933289729e-20 0.201730341817 pwn_54
3.32840565271 1.38475031446 -0.041054839267 "Crux Scutum" 18.6094737841 -0.225526249588 276.423515254 -12.8240158558 10430.1609991 0.137279205514 1.91564960504 0.0454428660162 1.18290875194e-19 0.353558774621 pwn_55
-2.42561327052 -3.61069759504 0.00346126168719 Norma -26.3862950116 0.0363353993995 245.276626871 -49.9170808213 5457.91990832 0.262342474679 1.81795965004 0.113879750769 5.07517471015e-20 0.151691544134 pwn_56
0.162990013748 -1.16516883972 -0.0770350584403 Norma 1.2729813454 -0.601586066979 267.739677268 -28.1565714685 7337.04629225 0.195152675657 1.88166741239 0.205150781345 1.56911058614e-18 4.68990372394 pwn_57
-1.64914172867 1.23691174753 -0.0666985839749 Perseus -9.61296485042 -0.386963449461 260.549604386 -37.217833131 9875.80718329 0.144985031479 1.62873303471 0.31164733651 2.20230360553e-19 0.658244993824 pwn_58
6.04016200786 6.73512105538 -0.0775368571282 Perseus 21.6264946367 -0.271069508591 277.894909299 -10.173398396 16388.9744224 0.0873663097182 1.70205988518 0.443480390609 7.07741374067e-20 0.21153632734 pwn_59
1.4098065118 10.1963461024 -0.0057892987293 Perseus 4.31225362927 -0.0176913364108 268.904122807 -25.2417859821 18749.4252044 0.0763673659186 1.6184356791 0.309413084121 8.11203255553e-20 0.242459977181 pwn_60
-3.98967465229 4.9433538952 -0.0447124303758 "Crux Scutum" -16.5296634765 -0.182688876407 254.989672868 -42.6731395248 14022.9550019 0.102107167509 1.70292064638 0.0667307354675 2.69650474531e-20 0.080595642897 pwn_61
-4.09058228702 -2.77958407751 0.0420618042106 Perseus -35.5679816747 0.342685526243 233.329258729 -55.620742336 7032.62333475 0.203600299233 1.58045050385 0.490290066394 6.55038530244e-19 1.95784010984 pwn_62
-0.241171876327 13.8738534531 -0.0189493018537 Norma -0.617577814085 -0.0485232324467 266.08291039 -29.4882032113 22375.1612573 0.0639925763611 1.33390369737 0.435892867378 3.65642962124e-21 0.0109286770789 pwn_63
-4.39556575956 -1.88087375171 0.0102759602054 Norma -33.5869594348 0.0740992365762 236.393556709 -54.6565414729 7945.68664325 0.180203962179 1.84790505841 0.251360380573 2.12734416063e-19 0.635840417443 pwn_64
0.0268785491413 7.01755332473 0.0320456774831 "Carina Sagittarius" 0.0992441174731 0.118322564678 266.348753391 -28.7898079253 15517.6096925 0.0922722148402 1.69151914722 0.461173990898 8.4455586452e-20 0.252428715291 pwn_65
-1.96203981984 -3.37756938794 -0.0468130210548 Perseus -20.958292223 -0.488962591341 251.384607032 -46.292520792 5485.53434854 0.261021830213 1.35984644632 0.270690396879 4.65032208636e-20 0.138993153593 pwn_66
-1.40035557691 -6.05909792666 0.0396178557447 Norma -29.8430709238 0.806584316472 240.441998482 -51.7109691758 2814.35041314 0.508765436125 1.92495120899 0.461653033945 2.84107915186e-18 8.4916817285 pwn_67
-9.71560456886 10.0304066458 0.0102486019405 Perseus -27.668295173 0.0280649807886 243.847292812 -50.8184646394 20922.9311434 0.06843420769 1.55502944162 0.414948684302 5.69403502394e-20 0.170188617035 pwn_68
-8.24945314552 3.54894022855 -0.1203306635 "Carina Sagittarius" -34.3979655056 -0.472133171466 235.852366332 -55.5840779134 14602.9078371 0.0980519928851 1.81402525686 0.484143205147 2.03034767845e-19 0.606849206306 pwn_69
4.35554010743 13.2168873884 0.0614380284765 Norma 11.3407836971 0.158927007282 272.482991597 -19.0402594625 22149.4402209 0.0646447134136 1.99685445179 0.459891405389 1.28472344358e-19 0.383990097033 pwn_70
-1.12028505283 4.99942398722 -0.0148729013905 "Crux Scutum" -4.74396975584 -0.0629089684152 263.524353439 -32.9874822464 13545.8372864 0.105703633159 1.8348253859 0.0180169087143 8.68430704112e-20 0.259564649501 pwn_71
5.76787003651 -6.38659671788 -0.020708045817 Norma 69.8766780696 -0.193147498847 301.979556271 32.2342756801 6142.90053754 0.233089272177 2.10763818483 0.0873860020805 6.17213439896e-19 1.84478496022 pwn_72
5.63661404335 -4.021004071 0.114834457155 Perseus 51.5284588316 0.913809353947 290.741809608 16.9211290406 7200.41730445 0.198855726662 1.4665970285 0.194567338551 3.17524508199e-19 0.949046795427 pwn_73
