sky_model/snrs_cristofari.ecsv
# %ECSV 0.9
# ---
# datatype:
# - {name: HEADER_LINE, unit: '#', datatype: float64, format: '%i', description: Number
#     of simulation}
# - {name: POS_R, unit: kpc, datatype: float64, format: '%0.4f', description: Radial
#     position}
# - {name: POS_THETA, unit: rad, datatype: float64, format: '%0.4f', description: Theta}
# - {name: POS_Z, unit: kpc, datatype: float64, format: '%0.4f', description: Altitude}
# - {name: n0, unit: "cm^{\u20143}", datatype: float64, format: '%0.4f', description: density}
# - {name: type, unit: '#', datatype: float64, format: '%i', description: type of progenitor}
# - {name: age, unit: kyear, datatype: float64, format: '%0.4f', description: age of
#     the SNR}
# - {name: size, unit: arcmin, datatype: float64, format: '%0.4f', description: apparent
#     size of the SNR}
# - {name: '0.1', unit: 'TeV^{-1}cm^{-2}s^{-1}', datatype: float64, description: 'Luminostiy
#     as a function of E. The values E in the Header are in [TeV]'}
# - {name: '0.11514', unit: 'TeV^{-1}cm^{-2}s^{-1}', datatype: float64, description: 'Luminostiy
#     as a function of E. The values E in the Header are in [TeV]'}
# - {name: '0.132571', unit: 'TeV^{-1}cm^{-2}s^{-1}', datatype: float64, description: 'Luminostiy
#     as a function of E. The values E in the Header are in [TeV]'}
# - {name: '0.152642', unit: 'TeV^{-1}cm^{-2}s^{-1}', datatype: float64, description: 'Luminostiy
#     as a function of E. The values E in the Header are in [TeV]'}
# - {name: '0.175751', unit: 'TeV^{-1}cm^{-2}s^{-1}', datatype: float64, description: 'Luminostiy
#     as a function of E. The values E in the Header are in [TeV]'}
# - {name: '0.202359', unit: 'TeV^{-1}cm^{-2}s^{-1}', datatype: float64, description: 'Luminostiy
#     as a function of E. The values E in the Header are in [TeV]'}
# - {name: '0.232995', unit: 'TeV^{-1}cm^{-2}s^{-1}', datatype: float64, description: 'Luminostiy
#     as a function of E. The values E in the Header are in [TeV]'}
# - {name: '0.26827', unit: 'TeV^{-1}cm^{-2}s^{-1}', datatype: float64, description: 'Luminostiy
#     as a function of E. The values E in the Header are in [TeV]'}
# - {name: '0.308884', unit: 'TeV^{-1}cm^{-2}s^{-1}', datatype: float64, description: 'Luminostiy
#     as a function of E. The values E in the Header are in [TeV]'}
# - {name: '0.355648', unit: 'TeV^{-1}cm^{-2}s^{-1}', datatype: float64, description: 'Luminostiy
#     as a function of E. The values E in the Header are in [TeV]'}
# - {name: '0.409492', unit: 'TeV^{-1}cm^{-2}s^{-1}', datatype: float64, description: 'Luminostiy
#     as a function of E. The values E in the Header are in [TeV]'}
# - {name: '0.471487', unit: 'TeV^{-1}cm^{-2}s^{-1}', datatype: float64, description: 'Luminostiy
#     as a function of E. The values E in the Header are in [TeV]'}
# - {name: '0.542868', unit: 'TeV^{-1}cm^{-2}s^{-1}', datatype: float64, description: 'Luminostiy
#     as a function of E. The values E in the Header are in [TeV]'}
# - {name: '0.625055', unit: 'TeV^{-1}cm^{-2}s^{-1}', datatype: float64, description: 'Luminostiy
#     as a function of E. The values E in the Header are in [TeV]'}
# - {name: '0.719686', unit: 'TeV^{-1}cm^{-2}s^{-1}', datatype: float64, description: 'Luminostiy
#     as a function of E. The values E in the Header are in [TeV]'}
[...]
# - {name: '42.9193', unit: 'TeV^{-1}cm^{-2}s^{-1}', datatype: float64, description: 'Luminostiy
#     as a function of E. The values E in the Header are in [TeV]'}
# - {name: '49.4171', unit: 'TeV^{-1}cm^{-2}s^{-1}', datatype: float64, description: 'Luminostiy
#     as a function of E. The values E in the Header are in [TeV]'}
# - {name: '56.8987', unit: 'TeV^{-1}cm^{-2}s^{-1}', datatype: float64, description: 'Luminostiy
#     as a function of E. The values E in the Header are in [TeV]'}
# - {name: '65.5129', unit: 'TeV^{-1}cm^{-2}s^{-1}', datatype: float64, description: 'Luminostiy
#     as a function of E. The values E in the Header are in [TeV]'}
# - {name: '75.4312', unit: 'TeV^{-1}cm^{-2}s^{-1}', datatype: float64, description: 'Luminostiy
#     as a function of E. The values E in the Header are in [TeV]'}
# - {name: '86.8511', unit: 'TeV^{-1}cm^{-2}s^{-1}', datatype: float64, description: 'Luminostiy
#     as a function of E. The values E in the Header are in [TeV]'}
# - {name: '100.0', unit: 'TeV^{-1}cm^{-2}s^{-1}', datatype: float64, description: 'Luminostiy
#     as a function of E. The values E in the Header are in [TeV]'}
HEADER_LINE POS_R POS_THETA POS_Z n0 type age size 0.1 0.11514 0.132571 0.152642 0.175751 0.202359 0.232995 0.26827 0.308884 0.355648 0.409492 0.471487 0.542868 0.625055 0.719686 0.828643 0.954095 1.09854 1.26486 1.45635 1.67683 1.9307 2.223 2.55955 2.94705 3.39322 3.90694 4.49843 5.17947 5.96362 6.86649 7.90604 9.10298 10.4811 12.0679 13.895 15.9986 18.4207 21.2095 24.4205 28.1177 32.3746 37.2759 42.9193 49.4171 56.8987 65.5129 75.4312 86.8511 100.0
[from data line 309]
0 4.0578 0.7098 -0.2372 0.3261 3 33.8879 75.0108 5.5584e-14 3.36697e-14 2.06842e-14 1.27314e-14 7.78553e-15 4.70474e-15 2.79984e-15 1.6369e-15 9.38215e-16 5.26116e-16 2.88003e-16 1.53524e-16 7.94713e-17 3.98227e-17 1.9248e-17 8.9373e-18 3.96808e-18 1.6757e-18 6.68944e-19 2.5063e-19 8.73708e-20 2.80321e-20 8.15527e-21 2.10265e-21 4.61198e-22 7.90261e-23 8.57311e-24 2.97371e-25 5.05206e-30 5.45674e-101 3.42137e-117 1.62471e-133 1.67519e-156 8.34447e-188 1.73275e-219 4.05783e-264 0.0 0.0 0.0 0.0 0.0 0.0 0.0 0.0 0.0 0.0 0.0 0.0 0.0 0.0
0 3.1768 3.0076 -0.2372 0.2200 2 26.6096 35.3925 2.03793e-12 1.17026e-12 6.51996e-13 3.51539e-13 1.82947e-13 9.16555e-14 4.40992e-14 2.03415e-14 8.99294e-15 3.82102e-15 1.57342e-15 6.39005e-16 2.63445e-16 1.14171e-16 5.32569e-17 2.66312e-17 1.3896e-17 7.33681e-18 3.83233e-18 1.95397e-18 9.64867e-19 4.58946e-19 2.09276e-19 9.10233e-20 3.75492e-20 1.45954e-20 5.30441e-21 1.78546e-21 5.49809e-22 1.52186e-22 3.67896e-23 7.35347e-24 1.0767e-24 8.36083e-26 9.47719e-28 9.76221e-75 4.72901e-85 1.32289e-99 1.09008e-117 4.42924e-138 1.65404e-166 2.32479e-205 8.34754e-258 1.35510003233e-317 0.0 0.0 0.0 0.0 0.0 0.0
0 6.6111 1.4307 -1.0811 0.1317 1 35.3144 18.2872 1.65272e-11 1.1422e-11 7.78692e-12 5.23096e-12 3.45785e-12 2.24631e-12 1.43218e-12 8.94864e-13 5.47089e-13 3.26857e-13 1.90631e-13 1.08433e-13 6.00962e-14 3.24802e-14 1.71515e-14 8.88214e-15 4.5368e-15 2.30234e-15 1.16843e-15 5.97743e-16 3.08992e-16 1.60828e-16 8.35767e-17 4.29047e-17 2.15391e-17 1.04859e-17 4.91715e-18 2.20806e-18 9.44153e-19 3.82092e-19 1.45339e-19 5.15377e-20 1.68643e-20 5.02343e-21 1.33482e-21 3.05606e-22 5.62731e-23 7.10694e-24 3.89317e-25 8.62017e-28 1.1349e-67 1.56662e-79 3.50076e-92 2.14917e-109 5.37073e-133 6.4225e-165 1.9657e-205 4.70331e-250 4.04367e-311 0.0
0 5.0829 2.5400 0.0450 2.8164 2 2.1719 4.9330 3.66015e-12 2.91897e-12 2.32631e-12 1.85221e-12 1.47321e-12 1.1707e-12 9.28818e-13 7.35958e-13 5.82393e-13 4.59787e-13 3.62314e-13 2.84951e-13 2.23478e-13 1.74696e-13 1.3615e-13 1.05758e-13 8.18099e-14 6.29219e-14 4.8142e-14 3.66169e-14 2.76646e-14 2.07411e-14 1.54136e-14 1.13388e-14 8.24375e-15 5.91259e-15 4.18066e-15 2.9101e-15 1.99039e-15 1.33669e-15 8.81081e-16 5.69725e-16 3.61074e-16 2.23929e-16 1.35551e-16 7.98149e-17 4.55212e-17 2.50199e-17 1.3172e-17 6.59354e-18 3.11063e-18 1.3685e-18 5.54582e-19 2.04294e-19 6.76854e-20 2.02502e-20 5.76288e-21 1.80585e-21 7.28275e-22 3.59721e-22
0 13.7111 5.8461 -0.6517 0.0243 1 38.6129 38.0105 1.58273e-12 8.76949e-13 4.79633e-13 2.60532e-13 1.4165e-13 7.77352e-14 4.33609e-14 2.46657e-14 1.42861e-14 8.37592e-15 4.93131e-15 2.89191e-15 1.67764e-15 9.57559e-16 5.35535e-16 2.92486e-16 1.55523e-16 8.02653e-17 4.0075e-17 1.92857e-17 8.90863e-18 3.93136e-18 1.64846e-18 6.52676e-19 2.42216e-19 8.35097e-20 2.64477e-20 7.57454e-21 1.91416e-21 4.08182e-22 6.68174e-23 6.62173e-24 1.77273e-25 1.32688e-34 1.20441e-86 1.77885e-99 1.40754e-117 2.16266e-138 1.00289e-163 6.74542e-199 7.67159e-247 1.86972e-311 0.0 0.0 0.0 0.0 0.0 0.0 0.0 0.0
0 15.3342 4.9776 0.0631 0.1626 1 37.5345 11.7057 6.8904e-12 4.74263e-12 3.21977e-12 2.15351e-12 1.4174e-12 9.16848e-13 5.82026e-13 3.62185e-13 2.20707e-13 1.31493e-13 7.65417e-14 4.35245e-14 2.41928e-14 1.31665e-14 7.023e-15 3.6921e-15 1.92497e-15 1.00227e-15 5.24194e-16 2.76117e-16 1.46207e-16 7.73486e-17 4.05296e-17 2.0843e-17 1.04352e-17 5.05219e-18 2.35193e-18 1.04715e-18 4.43436e-19 1.77507e-19 6.66925e-20 2.33196e-20 7.50774e-21 2.19348e-21 5.68819e-22 1.25921e-22 2.19761e-23 2.5005e-24 1.03632e-25 2.87896e-29 2.46712e-70 1.30412e-82 8.09619e-96 4.56714e-114 4.88526e-139 9.12313e-173 4.87852e-214 2.58397e-261 0.0 0.0
0 5.1683 5.3336 -0.0480 2.6942 2 15.2897 37.4712 1.13494e-10 8.66652e-11 6.58258e-11 4.97048e-11 3.72908e-11 2.77801e-11 2.05348e-11 1.50503e-11 1.09278e-11 7.85324e-12 5.58022e-12 3.91612e-12 2.71087e-12 1.84841e-12 1.23953e-12 8.16083e-13 5.26491e-13 3.32056e-13 2.04239e-13 1.22163e-13 7.08286e-14 3.96582e-14 2.13524e-14 1.09992e-14 5.38889e-15 2.49321e-15 1.07996e-15 4.33466e-16 1.59259e-16 5.28414e-17 1.56312e-17 4.09591e-18 9.64105e-19 2.17132e-19 5.34556e-20 1.6025e-20 5.51077e-21 1.91655e-21 6.2793e-22 1.88104e-22 5.03846e-23 1.16736e-23 2.1941e-24 2.8943e-25 1.79478e-26 8.38562e-29 1.22355e-57 5.79323e-67 9.46153e-80 4.68017e-97
0 10.6357 1.7239 -1.4865 0.0124 2 34.6415 37.1875 6.31188e-15 2.73416e-15 1.23103e-15 5.94054e-16 3.10791e-16 1.73683e-16 1.0078e-16 5.91789e-17 3.45801e-17 1.99189e-17 1.12519e-17 6.21247e-18 3.34331e-18 1.74885e-18 8.86479e-19 4.33939e-19 2.04334e-19 9.21455e-20 3.95934e-20 1.61156e-20 6.17138e-21 2.20552e-21 7.28246e-22 2.19237e-22 5.90098e-23 1.37372e-23 2.59013e-24 3.39699e-25 1.99871e-26 5.7262e-29 5.50405e-93 1.51499e-107 2.5328e-122 3.4419e-143 3.30977e-171 4.78117e-200 1.26508e-240 1.94802e-296 0.0 0.0 0.0 0.0 0.0 0.0 0.0 0.0 0.0 0.0 0.0 0.0
0 5.9372 2.3395 0.0571 2.1963 3 22.6451 23.4169 5.83395e-12 3.72482e-12 2.32805e-12 1.42166e-12 8.46474e-13 4.90302e-13 2.75609e-13 1.49962e-13 7.877e-14 3.98352e-14 1.9348e-14 9.00926e-15 4.02067e-15 1.72433e-15 7.16358e-16 2.93052e-16 1.21185e-16 5.22313e-17 2.39346e-17 1.16098e-17 5.81699e-18 2.9266e-18 1.44712e-18 6.93869e-19 3.19912e-19 1.40945e-19 5.89904e-20 2.33055e-20 8.62719e-21 2.96579e-21 9.36119e-22 2.67043e-22 6.71565e-23 1.42289e-23 2.30771e-24 2.25361e-25 5.86956e-27 8.91144e-37 2.06632e-76 5.47671e-90 4.94753e-105 3.08927e-124 9.53954e-151 9.40176e-187 4.19896e-235 1.12714e-285 0.0 0.0 0.0 0.0
0 0.6010 0.8899 -0.0120 0.0265 1 28.7856 28.6921 1.1278e-11 7.30098e-12 4.63443e-12 2.8798e-12 1.74876e-12 1.03591e-12 5.97519e-13 3.3502e-13 1.82318e-13 9.62045e-14 4.92188e-14 2.44505e-14 1.18414e-14 5.63307e-15 2.66311e-15 1.26985e-15 6.19292e-16 3.11148e-16 1.60519e-16 8.40046e-17 4.39156e-17 2.26184e-17 1.13571e-17 5.51747e-18 2.57823e-18 1.1527e-18 4.9041e-19 1.97343e-19 7.45855e-20 2.62556e-20 8.51872e-21 2.51177e-21 6.58845e-22 1.48141e-22 2.64919e-23 3.15663e-24 1.47512e-25 1.07933e-28 2.48684e-72 1.17227e-84 2.86849e-99 1.16531e-116 8.95803e-141 1.28435e-173 7.46598e-218 1.13318e-266 0.0 0.0 0.0 0.0
0 9.5251 2.7673 1.4685 0.0229 2 30.7076 27.9652 1.26276e-13 6.29627e-14 3.01402e-14 1.38224e-14 6.0668e-15 2.55225e-15 1.03578e-15 4.11769e-16 1.64995e-16 6.93669e-17 3.16984e-17 1.58401e-17 8.43201e-18 4.61167e-18 2.52083e-18 1.35518e-18 7.10355e-19 3.61187e-19 1.77417e-19 8.38515e-20 3.79624e-20 1.63808e-20 6.69806e-21 2.57793e-21 9.26484e-22 3.07878e-22 9.33844e-23 2.53706e-23 5.98164e-24 1.15073e-24 1.56988e-25 1.02621e-26 5.32783e-29 5.84677e-83 2.77419e-94 3.04101e-109 4.18595e-130 8.58716e-152 3.92667e-181 1.36088e-221 1.62085e-276 0.0 0.0 0.0 0.0 0.0 0.0 0.0 0.0 0.0
0 2.1784 5.6593 1.1111 0.0254 1 16.5673 27.1158 7.18606e-11 5.43047e-11 4.07818e-11 3.04167e-11 2.25156e-11 1.65296e-11 1.20253e-11 8.66169e-12 6.17099e-12 4.34399e-12 3.01777e-12 2.06618e-12 1.39221e-12 9.21708e-13 5.98463e-13 3.8031e-13 2.35999e-13 1.4264e-13 8.37279e-14 4.75759e-14 2.60675e-14 1.37124e-14 6.89157e-15 3.2905e-15 1.48305e-15 6.26452e-16 2.46117e-16 8.93011e-17 2.9819e-17 9.22772e-18 2.72795e-18 8.23844e-19 2.74245e-19 1.01267e-19 3.90028e-20 1.47063e-20 5.23472e-21 1.72567e-21 5.18936e-22 1.39601e-22 3.25266e-23 6.16461e-24 8.2512e-25 5.28869e-26 2.86441e-28 6.40376e-59 4.41849e-68 1.14519e-80 8.87176e-98 8.61075e-121
0 3.1768 5.2471 0.0541 1.3310 2 7.4150 24.1230 8.08465e-11 6.44259e-11 5.12936e-11 4.07992e-11 3.2411e-11 2.57172e-11 2.03765e-11 1.61178e-11 1.27286e-11 1.00314e-11 7.8872e-12 6.18717e-12 4.84097e-12 3.77411e-12 2.93261e-12 2.2705e-12 1.75093e-12 1.34235e-12 1.02356e-12 7.75758e-13 5.83957e-13 4.36196e-13 3.22964e-13 2.36719e-13 1.71375e-13 1.22398e-13 8.61157e-14 5.95671e-14 4.04216e-14 2.68412e-14 1.73884e-14 1.09815e-14 6.75056e-15 4.03236e-15 2.335e-15 1.30609e-15 7.02132e-16 3.60418e-16 1.75253e-16 7.9936e-17 3.37908e-17 1.30415e-17 4.51058e-18 1.36593e-18 3.52081e-19 7.48475e-20 1.28339e-20 1.86887e-21 3.15149e-22 8.72519e-23
0 3.0327 1.0920 -0.0541 1.1977 3 11.8710 34.1157 1.04263e-10 7.98812e-11 6.08934e-11 4.61627e-11 3.47834e-11 2.60347e-11 1.9344e-11 1.42576e-11 1.0416e-11 7.53595e-12 5.39428e-12 3.81615e-12 2.66501e-12 1.83477e-12 1.24347e-12 8.28228e-13 5.41155e-13 3.46142e-13 2.16236e-13 1.31582e-13 7.77579e-14 4.44705e-14 2.45164e-14 1.29691e-14 6.54819e-15 3.13618e-15 1.41447e-15 5.95635e-16 2.31833e-16 8.24154e-17 2.63917e-17 7.49696e-18 1.86216e-18 4.00739e-19 7.79247e-20 1.5921e-20 4.15904e-21 1.33583e-21 4.4135e-22 1.3647e-22 3.81181e-23 9.33936e-24 1.90921e-24 2.92662e-25 2.56532e-26 4.9072e-28 1.90663e-54 7.88309e-63 2.54453e-74 6.46685e-90
0 4.2071 3.8667 -0.3243 0.3256 3 10.0314 21.6263 4.38656e-11 3.44981e-11 2.70658e-11 2.11781e-11 1.65221e-11 1.28481e-11 9.95489e-12 7.68264e-12 5.90335e-12 4.51402e-12 3.43333e-12 2.59618e-12 1.95041e-12 1.45473e-12 1.07651e-12 7.89761e-13 5.73786e-13 4.12384e-13 2.92887e-13 2.053e-13 1.4182e-13 9.63895e-14 6.43196e-14 4.20276e-14 2.68293e-14 1.6681e-14 1.00643e-14 5.86669e-15 3.28686e-15 1.75884e-15 8.92251e-16 4.24443e-16 1.87479e-16 7.62273e-17 2.82188e-17 9.38929e-18 2.76056e-18 7.00999e-19 1.49406e-19 2.58735e-20 3.55215e-21 4.03976e-22 5.15537e-23 1.09029e-23 2.92264e-24 7.33777e-25 1.56554e-25 2.5857e-26 2.66664e-27 8.69205e-29
0 8.3292 2.1412 -1.4745 0.0404 4 11.0287 27.8027 8.26572e-11 6.5615e-11 5.20177e-11 4.11714e-11 3.253e-11 2.56564e-11 2.01873e-11 1.58477e-11 1.24105e-11 9.68682e-12 7.53706e-12 5.84462e-12 4.51278e-12 3.46812e-12 2.65244e-12 2.01795e-12 1.52543e-12 1.14435e-12 8.51841e-13 6.28624e-13 4.59399e-13 3.32046e-13 2.36997e-13 1.66733e-13 1.15272e-13 7.82058e-14 5.19437e-14 3.36822e-14 2.1258e-14 1.30025e-14 7.69572e-15 4.39639e-15 2.41721e-15 1.27415e-15 6.40363e-16 3.04592e-16 1.35842e-16 5.61531e-17 2.12112e-17 7.19345e-18 2.14228e-18 5.44841e-19 1.14222e-19 1.88736e-20 2.32808e-21 2.0331e-22 1.31953e-23 1.18247e-24 2.34453e-25 5.07612e-26
0 2.1784 4.4634 -0.0631 0.4253 2 11.6603 27.9231 5.87458e-11 4.62047e-11 3.62547e-11 2.83696e-11 2.21357e-11 1.72148e-11 1.33391e-11 1.02961e-11 7.91177e-12 6.04961e-12 4.60162e-12 3.4799e-12 2.61342e-12 1.94864e-12 1.44162e-12 1.05741e-12 7.67274e-13 5.5063e-13 3.90341e-13 2.72956e-13 1.87971e-13 1.27228e-13 8.44372e-14 5.47497e-14 3.45829e-14 2.12138e-14 1.25852e-14 7.18743e-15 3.92965e-15 2.04461e-15 1.00861e-15 4.69196e-16 2.04433e-16 8.26583e-17 3.06365e-17 1.02496e-17 3.03707e-18 7.78826e-19 1.68178e-19 2.97093e-20 4.23732e-21 5.28073e-22 7.99975e-23 1.89153e-23 5.1905e-24 1.31234e-24 2.8228e-25 4.72482e-26 5.00608e-27 1.76455e-28
0 10.5606 2.7981 0.0961 0.3811 2 17.8725 18.2374 6.97381e-12 4.93271e-12 3.44599e-12 2.37493e-12 1.61266e-12 1.07742e-12 7.07147e-13 4.5517e-13 2.86788e-13 1.76507e-13 1.05869e-13 6.1725e-14 3.48803e-14 1.90425e-14 1.00073e-14 5.04202e-15 2.42447e-15 1.10707e-15 4.77437e-16 1.9336e-16 7.31505e-17 2.57597e-17 8.45865e-18 2.62744e-18 8.02657e-19 2.58235e-19 9.3235e-20 3.76667e-20 1.60058e-20 6.73993e-21 2.71997e-21 1.03484e-21 3.67269e-22 1.20308e-22 3.58846e-23 9.55191e-24 2.19246e-24 4.0545e-25 5.16683e-26 2.90377e-27 7.57376e-30 4.0213e-66 2.68048e-77 9.00407e-90 4.79921e-107 1.297e-130 2.17323e-162 5.74976e-200 9.128e-245 7.99965e-306
0 8.5000 2.1928 0.0721 0.8637 2 21.5396 22.6519 5.83381e-12 3.8525e-12 2.49757e-12 1.58688e-12 9.86304e-13 5.9846e-13 3.53708e-13 2.0313e-13 1.13046e-13 6.07879e-14 3.14842e-14 1.56544e-14 7.44703e-15 3.37886e-15 1.45881e-15 5.99192e-16 2.351e-16 8.92139e-17 3.35814e-17 1.30309e-17 5.41096e-18 2.42929e-18 1.1507e-18 5.53672e-19 2.6251e-19 1.20405e-19 5.28604e-20 2.20489e-20 8.67855e-21 3.19914e-21 1.09451e-21 3.43552e-22 9.73492e-23 2.42725e-23 5.08038e-24 8.07424e-25 7.56136e-26 1.72749e-27 2.50879e-65 2.29312e-75 5.97688e-89 2.58263e-103 4.41677e-123 3.46634e-150 7.56151e-187 1.34884e-232 9.8418e-284 0.0 0.0 0.0
0 7.1263 0.6310 0.7447 0.1775 2 23.2110 81.2784 1.5187e-11 9.02004e-12 5.21155e-12 2.92203e-12 1.58569e-12 8.30515e-13 4.18608e-13 2.02457e-13 9.37099e-14 4.14375e-14 1.75076e-14 7.09731e-15 2.79289e-15 1.0922e-15 4.40121e-16 1.8976e-16 8.88813e-17 4.44017e-17 2.28377e-17 1.17279e-17 5.89801e-18 2.87344e-18 1.34711e-18 6.04485e-19 2.58237e-19 1.04401e-19 3.96678e-20 1.40483e-20 4.58983e-21 1.3645e-21 3.61586e-22 8.24357e-23 1.50607e-23 1.86748e-24 9.64715e-26 1.3799e-28 2.00053e-75 3.47543e-87 1.55277e-103 8.23729e-121 5.77199e-144 7.40988e-176 4.10064e-219 2.07629e-275 0.0 0.0 0.0 0.0 0.0 0.0
0 4.0578 1.6895 -0.4895 0.2711 2 14.9765 31.6718 4.25233e-11 3.22265e-11 2.42747e-11 1.81631e-11 1.3491e-11 9.9405e-12 7.26002e-12 5.25132e-12 3.75825e-12 2.65845e-12 1.85655e-12 1.27843e-12 8.66721e-13 5.77626e-13 3.77761e-13 2.41961e-13 1.51441e-13 9.23725e-14 5.47561e-14 3.14402e-14 1.74206e-14 9.27406e-15 4.71933e-15 2.28167e-15 1.04041e-15 4.43486e-16 1.74829e-16 6.29359e-17 2.03973e-17 5.86753e-18 1.48225e-18 3.2937e-19 6.68513e-20 1.39911e-20 3.61788e-21 1.17367e-21 4.08034e-22 1.3607e-22 4.17436e-23 1.15171e-23 2.77563e-24 5.53597e-25 8.12395e-26 6.45507e-27 8.63204e-29 3.04027e-57 6.97489e-66 1.1033e-77 9.3133e-94 2.11394e-115
0 10.0377 4.6406 0.0330 0.7640 1 37.2612 9.7359 1.26202e-11 8.74708e-12 6.00861e-12 4.09018e-12 2.75922e-12 1.845e-12 1.22338e-12 8.04979e-13 5.26096e-13 3.41842e-13 2.21091e-13 1.4248e-13 9.15607e-14 5.8688e-14 3.75071e-14 2.38799e-14 1.51238e-14 9.50961e-15 5.92363e-15 3.64713e-15 2.21453e-15 1.32327e-15 7.76504e-16 4.46554e-16 2.51134e-16 1.37797e-16 7.3583e-17 3.81315e-17 1.91151e-17 9.23605e-18 4.28394e-18 1.89859e-18 7.99732e-19 3.18222e-19 1.18762e-19 4.12136e-20 1.31551e-20 3.80501e-21 9.74606e-22 2.12201e-22 3.61066e-23 3.92201e-24 1.44645e-25 1.33783e-29 6.96792e-166 3.22249e-208 4.04684e-253 4.37818000002e-313 0.0 0.0
0 4.7222 2.2801 0.8288 0.2130 3 7.0323 17.7133 3.46427e-11 2.76466e-11 2.2046e-11 1.7565e-11 1.39827e-11 1.11177e-11 8.83019e-12 7.00428e-12 5.54704e-12 4.3864e-12 3.46237e-12 2.72677e-12 2.14285e-12 1.68012e-12 1.31296e-12 1.0227e-12 7.93886e-13 6.1394e-13 4.72613e-13 3.61691e-13 2.75215e-13 2.08059e-13 1.56136e-13 1.1619e-13 8.56341e-14 6.24193e-14 4.49234e-14 3.18651e-14 2.22329e-14 1.5228e-14 1.02187e-14 6.706e-15 4.29686e-15 2.68432e-15 1.63251e-15 9.645e-16 5.5194e-16 3.04483e-16 1.60938e-16 8.08978e-17 3.83189e-17 1.69106e-17 6.8554e-18 2.50784e-18 8.09429e-19 2.23988e-19 5.12242e-20 9.23121e-21 1.23424e-21 1.14323e-22
0 8.8434 3.5444 -0.6847 0.1021 4 19.2301 29.2239 4.82216e-11 3.58827e-11 2.64933e-11 1.93943e-11 1.4065e-11 1.0096e-11 7.16593e-12 5.02388e-12 3.47477e-12 2.36789e-12 1.5875e-12 1.04534e-12 6.7486e-13 4.26291e-13 2.6288e-13 1.57839e-13 9.20097e-14 5.19031e-14 2.82277e-14 1.47378e-14 7.35096e-15 3.48299e-15 1.55663e-15 6.50949e-16 2.52346e-16 8.96673e-17 2.88211e-17 8.25094e-18 2.07254e-18 4.58354e-19 9.33024e-20 2.00204e-20 5.42582e-21 1.84323e-21 6.67263e-22 2.3214e-22 7.47676e-23 2.18747e-23 5.68508e-24 1.26329e-24 2.22169e-25 2.57705e-26 1.14137e-27 6.33147e-31 2.75107e-63 3.64768e-73 9.52056e-87 2.96833e-105 3.52798e-130 5.61353e-160
