sky_model/snrs_cristofari.ecsv
# %ECSV 0.9
# ---
# datatype:
# - {name: HEADER_LINE, unit: '#', datatype: float64, format: '%i', description: Number
#     of simulation}
# - {name: POS_R, unit: kpc, datatype: float64, format: '%0.4f', description: Radial
#     position}
# - {name: POS_THETA, unit: rad, datatype: float64, format: '%0.4f', description: Theta}
# - {name: POS_Z, unit: kpc, datatype: float64, format: '%0.4f', description: Altitude}
# - {name: n0, unit: "cm^{\u20143}", datatype: float64, format: '%0.4f', description: density}
# - {name: type, unit: '#', datatype: float64, format: '%i', description: type of progenitor}
# - {name: age, unit: kyear, datatype: float64, format: '%0.4f', description: age of
#     the SNR}
# - {name: size, unit: arcmin, datatype: float64, format: '%0.4f', description: apparent
#     size of the SNR}
# - {name: '0.1', unit: 'TeV^{-1}cm^{-2}s^{-1}', datatype: float64, description: 'Luminostiy
#     as a function of E. The values E in the Header are in [TeV]'}
# - {name: '0.11514', unit: 'TeV^{-1}cm^{-2}s^{-1}', datatype: float64, description: 'Luminostiy
#     as a function of E. The values E in the Header are in [TeV]'}
# - {name: '0.132571', unit: 'TeV^{-1}cm^{-2}s^{-1}', datatype: float64, description: 'Luminostiy
#     as a function of E. The values E in the Header are in [TeV]'}
# - {name: '0.152642', unit: 'TeV^{-1}cm^{-2}s^{-1}', datatype: float64, description: 'Luminostiy
#     as a function of E. The values E in the Header are in [TeV]'}
# - {name: '0.175751', unit: 'TeV^{-1}cm^{-2}s^{-1}', datatype: float64, description: 'Luminostiy
#     as a function of E. The values E in the Header are in [TeV]'}
# - {name: '0.202359', unit: 'TeV^{-1}cm^{-2}s^{-1}', datatype: float64, description: 'Luminostiy
#     as a function of E. The values E in the Header are in [TeV]'}
# - {name: '0.232995', unit: 'TeV^{-1}cm^{-2}s^{-1}', datatype: float64, description: 'Luminostiy
#     as a function of E. The values E in the Header are in [TeV]'}
# - {name: '0.26827', unit: 'TeV^{-1}cm^{-2}s^{-1}', datatype: float64, description: 'Luminostiy
#     as a function of E. The values E in the Header are in [TeV]'}
# - {name: '0.308884', unit: 'TeV^{-1}cm^{-2}s^{-1}', datatype: float64, description: 'Luminostiy
#     as a function of E. The values E in the Header are in [TeV]'}
# - {name: '0.355648', unit: 'TeV^{-1}cm^{-2}s^{-1}', datatype: float64, description: 'Luminostiy
#     as a function of E. The values E in the Header are in [TeV]'}
# - {name: '0.409492', unit: 'TeV^{-1}cm^{-2}s^{-1}', datatype: float64, description: 'Luminostiy
#     as a function of E. The values E in the Header are in [TeV]'}
# - {name: '0.471487', unit: 'TeV^{-1}cm^{-2}s^{-1}', datatype: float64, description: 'Luminostiy
#     as a function of E. The values E in the Header are in [TeV]'}
# - {name: '0.542868', unit: 'TeV^{-1}cm^{-2}s^{-1}', datatype: float64, description: 'Luminostiy
#     as a function of E. The values E in the Header are in [TeV]'}
# - {name: '0.625055', unit: 'TeV^{-1}cm^{-2}s^{-1}', datatype: float64, description: 'Luminostiy
#     as a function of E. The values E in the Header are in [TeV]'}
# - {name: '0.719686', unit: 'TeV^{-1}cm^{-2}s^{-1}', datatype: float64, description: 'Luminostiy
#     as a function of E. The values E in the Header are in [TeV]'}
[...]
# - {name: '42.9193', unit: 'TeV^{-1}cm^{-2}s^{-1}', datatype: float64, description: 'Luminostiy
#     as a function of E. The values E in the Header are in [TeV]'}
# - {name: '49.4171', unit: 'TeV^{-1}cm^{-2}s^{-1}', datatype: float64, description: 'Luminostiy
#     as a function of E. The values E in the Header are in [TeV]'}
# - {name: '56.8987', unit: 'TeV^{-1}cm^{-2}s^{-1}', datatype: float64, description: 'Luminostiy
#     as a function of E. The values E in the Header are in [TeV]'}
# - {name: '65.5129', unit: 'TeV^{-1}cm^{-2}s^{-1}', datatype: float64, description: 'Luminostiy
#     as a function of E. The values E in the Header are in [TeV]'}
# - {name: '75.4312', unit: 'TeV^{-1}cm^{-2}s^{-1}', datatype: float64, description: 'Luminostiy
#     as a function of E. The values E in the Header are in [TeV]'}
# - {name: '86.8511', unit: 'TeV^{-1}cm^{-2}s^{-1}', datatype: float64, description: 'Luminostiy
#     as a function of E. The values E in the Header are in [TeV]'}
# - {name: '100.0', unit: 'TeV^{-1}cm^{-2}s^{-1}', datatype: float64, description: 'Luminostiy
#     as a function of E. The values E in the Header are in [TeV]'}
HEADER_LINE POS_R POS_THETA POS_Z n0 type age size 0.1 0.11514 0.132571 0.152642 0.175751 0.202359 0.232995 0.26827 0.308884 0.355648 0.409492 0.471487 0.542868 0.625055 0.719686 0.828643 0.954095 1.09854 1.26486 1.45635 1.67683 1.9307 2.223 2.55955 2.94705 3.39322 3.90694 4.49843 5.17947 5.96362 6.86649 7.90604 9.10298 10.4811 12.0679 13.895 15.9986 18.4207 21.2095 24.4205 28.1177 32.3746 37.2759 42.9193 49.4171 56.8987 65.5129 75.4312 86.8511 100.0
[from data line 257]
0 8.8434 4.7600 0.0060 1.4026 2 16.3657 23.7576 3.16431e-11 2.37272e-11 1.76661e-11 1.30517e-11 9.56096e-12 6.93888e-12 4.98472e-12 3.54101e-12 2.48469e-12 1.72011e-12 1.17328e-12 7.87332e-13 5.18939e-13 3.35336e-13 2.12012e-13 1.30841e-13 7.86153e-14 4.58538e-14 2.58765e-14 1.40754e-14 7.34804e-15 3.66293e-15 1.7335e-15 7.73726e-16 3.23209e-16 1.25254e-16 4.45931e-17 1.44407e-17 4.22303e-18 1.11894e-18 2.78123e-19 7.19732e-20 2.18235e-20 7.74176e-21 2.89108e-21 1.04638e-21 3.53755e-22 1.09676e-22 3.06321e-23 7.50055e-24 1.53107e-24 2.33829e-25 2.02668e-26 3.68607e-28 1.32089e-57 2.81981e-66 1.31225e-77 3.8609e-93 3.87605e-114 6.62759e-142
0 5.7525 0.2178 0.1231 0.6246 1 6.8692 22.2221 4.23655e-10 3.151e-10 2.33053e-10 1.71319e-10 1.251e-10 9.06942e-11 6.52427e-11 4.65467e-11 3.29187e-11 2.30682e-11 1.60131e-11 1.10093e-11 7.49735e-12 5.0591e-12 3.38517e-12 2.24875e-12 1.48553e-12 9.77974e-13 6.43215e-13 4.23724e-13 2.80219e-13 1.86328e-13 1.24634e-13 8.38035e-14 5.65443e-14 3.81896e-14 2.57487e-14 1.72864e-14 1.15304e-14 7.62788e-15 4.99785e-15 3.2395e-15 2.07506e-15 1.31215e-15 8.18172e-16 5.02439e-16 3.03463e-16 1.79994e-16 1.04667e-16 5.95583e-17 3.30943e-17 1.79153e-17 9.42364e-18 4.80237e-18 2.36319e-18 1.11873e-18 5.07345e-19 2.19351e-19 8.99188e-20 3.47269e-20
0 10.8065 0.1457 0.6366 0.0544 2 16.9726 123.6780 3.11602e-10 2.30993e-10 1.69865e-10 1.23781e-10 8.93203e-11 6.37773e-11 4.49947e-11 3.13336e-11 2.15167e-11 1.45492e-11 9.66374e-12 6.29818e-12 4.02062e-12 2.50942e-12 1.52466e-12 8.99231e-13 5.13435e-13 2.82718e-13 1.49454e-13 7.54372e-14 3.61218e-14 1.62874e-14 6.86144e-15 2.67975e-15 9.63106e-16 3.16131e-16 9.39842e-17 2.51184e-17 6.04135e-18 1.34789e-18 3.07559e-19 8.36815e-20 2.82816e-20 1.05036e-20 3.8355e-21 1.31353e-21 4.13542e-22 1.17666e-22 2.95113e-23 6.23609e-24 1.00972e-24 9.90459e-26 2.69304e-27 2.22394e-34 2.36517e-65 5.12411e-76 1.00906e-90 1.03797e-110 1.36766e-137 2.77304e-168
0 3.1181 0.8926 0.0090 2.0311 2 8.3554 28.0861 1.14141e-10 9.07801e-11 7.21184e-11 5.72221e-11 4.53369e-11 3.5866e-11 2.83233e-11 2.23234e-11 1.75582e-11 1.37759e-11 1.07798e-11 8.41154e-12 6.54163e-12 5.06855e-12 3.91179e-12 3.00612e-12 2.29801e-12 1.74685e-12 1.31981e-12 9.90465e-13 7.37748e-13 5.44765e-13 3.9815e-13 2.87826e-13 2.05513e-13 1.44692e-13 1.00251e-13 6.81977e-14 4.54265e-14 2.95362e-14 1.86795e-14 1.1445e-14 6.76449e-15 3.83325e-15 2.07571e-15 1.07072e-15 5.23251e-16 2.40389e-16 1.0273e-16 4.02871e-17 1.42549e-17 4.45607e-18 1.19889e-18 2.68976e-19 4.86492e-20 6.99126e-21 8.87208e-22 1.50463e-22 4.13982e-23 1.27358e-23
0 8.4146 0.7769 0.4985 0.1630 2 1.1651 4.7456 3.09706e-11 2.38144e-11 1.82512e-11 1.39355e-11 1.05958e-11 8.01874e-12 6.03684e-12 4.51841e-12 3.36012e-12 2.48091e-12 1.81727e-12 1.3195e-12 9.48807e-13 6.74952e-13 4.74459e-13 3.29159e-13 2.25051e-13 1.51405e-13 1.00051e-13 6.48144e-14 4.107e-14 2.53923e-14 1.52751e-14 8.91234e-15 5.02553e-15 2.72784e-15 1.419e-15 7.04033e-16 3.31502e-16 1.47443e-16 6.17327e-17 2.43243e-17 9.07567e-18 3.26048e-18 1.16023e-18 4.21358e-19 1.57781e-19 5.97205e-20 2.20611e-20 7.71243e-21 2.49726e-21 7.35852e-22 1.93081e-22 4.35113e-23 7.83782e-24 9.56133e-25 4.89735e-26 8.21655e-29 4.39844e-57 4.9086e-67
0 6.2677 3.9712 0.0300 3.0102 2 20.4313 20.9964 1.88515e-11 1.36358e-11 9.76153e-12 6.90923e-12 4.83007e-12 3.33104e-12 2.26332e-12 1.51298e-12 9.93483e-13 6.39687e-13 4.03105e-13 2.48072e-13 1.48734e-13 8.66467e-14 4.88998e-14 2.66456e-14 1.39666e-14 7.013e-15 3.3577e-15 1.52524e-15 6.5393e-16 2.63307e-16 9.92154e-17 3.49988e-17 1.16699e-17 3.78107e-18 1.25363e-18 4.50808e-19 1.78795e-19 7.50621e-20 3.1532e-20 1.27628e-20 4.88112e-21 1.74341e-21 5.75379e-22 1.73156e-22 4.66094e-23 1.08634e-23 2.05792e-24 2.74563e-25 1.7341e-26 8.46271e-29 1.89199e-63 1.0152e-73 5.81466e-86 7.15519e-103 7.37279e-126 8.89875e-157 1.75799e-191 2.23579e-235
0 10.5503 0.0974 1.1411 0.0230 2 15.2880 112.8100 1.73358e-10 1.25298e-10 8.95151e-11 6.32925e-11 4.4117e-11 3.02004e-11 2.03629e-11 1.35058e-11 8.75025e-12 5.52757e-12 3.41142e-12 2.05141e-12 1.19804e-12 6.77325e-13 3.69669e-13 1.94849e-13 9.8829e-14 4.80468e-14 2.22889e-14 9.81469e-15 4.07772e-15 1.58797e-15 5.75685e-16 1.93107e-16 5.97713e-17 1.71931e-17 4.73887e-18 1.34346e-18 4.29804e-19 1.59672e-19 6.44241e-20 2.60553e-20 1.00951e-20 3.67085e-21 1.23733e-21 3.81759e-22 1.05963e-22 2.57282e-23 5.18428e-24 7.73155e-25 6.33655e-26 9.31308e-28 3.71938e-60 3.92276e-70 1.9052e-81 4.45265e-97 2.23536e-118 4.5523e-147 8.79073e-181 2.20793e-221
0 4.0354 1.9110 0.1171 0.5576 3 28.0094 39.0875 7.00197e-14 3.48203e-14 1.79212e-14 9.6566e-15 5.44531e-15 3.177e-15 1.8874e-15 1.12526e-15 6.66201e-16 3.8901e-16 2.2306e-16 1.25212e-16 6.86254e-17 3.66276e-17 1.89841e-17 9.52474e-18 4.60943e-18 2.14293e-18 9.52631e-19 4.02804e-19 1.61011e-19 6.04083e-20 2.109e-20 6.77771e-21 1.97562e-21 5.10609e-22 1.12391e-22 1.93782e-23 2.13287e-24 7.78074e-26 3.35592e-30 6.12291e-94 1.01148e-107 3.04207e-124 1.40534e-147 7.55461e-174 2.56482e-206 1.99143e-251 6.02099999998e-313 0.0 0.0 0.0 0.0 0.0 0.0 0.0 0.0 0.0 0.0 0.0
0 11.5754 5.1570 -0.0541 0.4118 2 18.3487 31.0653 1.9441e-11 1.36802e-11 9.50338e-12 6.50959e-12 4.39084e-12 2.91227e-12 1.89632e-12 1.2101e-12 7.55285e-13 4.60089e-13 2.72879e-13 1.57155e-13 8.7623e-14 4.71399e-14 2.4379e-14 1.20695e-14 5.69382e-15 2.54659e-15 1.07406e-15 4.24921e-16 1.57017e-16 5.4141e-17 1.7548e-17 5.48167e-18 1.73993e-18 6.01598e-19 2.34277e-19 9.90509e-20 4.26603e-20 1.78895e-20 7.13754e-21 2.67611e-21 9.33754e-22 2.99905e-22 8.73758e-23 2.25802e-23 4.97535e-24 8.62092e-25 9.67969e-26 3.87888e-27 8.00283e-31 2.1599e-68 7.57207e-80 3.16328e-93 9.45287e-112 5.69685e-137 6.30466e-171 1.9145e-209 1.84817e-257 8.89318162514e-323
0 4.8939 2.2441 0.2763 0.3777 1 16.9240 9.1252 2.24443e-11 1.64282e-11 1.1932e-11 8.59346e-12 6.13243e-12 4.33281e-12 3.02856e-12 2.09258e-12 1.42813e-12 9.61987e-13 6.39151e-13 4.18651e-13 2.70271e-13 1.71983e-13 1.07935e-13 6.68903e-14 4.10176e-14 2.49597e-14 1.51271e-14 9.16808e-15 5.57742e-15 3.41459e-15 2.1051e-15 1.30484e-15 8.10417e-16 5.02106e-16 3.08895e-16 1.87911e-16 1.12647e-16 6.63576e-17 3.83204e-17 2.16455e-17 1.19318e-17 6.40285e-18 3.33552e-18 1.68164e-18 8.17633e-19 3.81877e-19 1.7056e-19 7.24769e-20 2.91294e-20 1.09975e-20 3.86834e-21 1.2548e-21 3.70225e-22 9.7327e-23 2.20035e-23 3.9885e-24 4.93783e-25 2.6476e-26
0 4.4849 0.0665 0.4565 0.3120 3 0.8900 9.0434 9.19772e-11 7.30957e-11 5.80715e-11 4.61172e-11 3.66047e-11 2.90369e-11 2.30171e-11 1.82297e-11 1.44243e-11 1.14001e-11 8.99851e-12 7.09286e-12 5.58116e-12 4.38359e-12 3.43602e-12 2.68685e-12 2.0954e-12 1.62942e-12 1.26301e-12 9.75328e-13 7.49975e-13 5.74047e-13 4.3714e-13 3.30978e-13 2.48989e-13 1.85954e-13 1.37699e-13 1.01002e-13 7.33013e-14 5.25571e-14 3.71654e-14 2.58674e-14 1.76731e-14 1.1804e-14 7.68718e-15 4.86226e-15 2.97401e-15 1.75065e-15 9.85588e-16 5.2824e-16 2.68886e-16 1.29114e-16 5.79222e-17 2.39783e-17 9.03165e-18 3.05242e-18 9.18922e-19 2.50945e-19 6.75441e-20 2.08386e-20
0 6.2677 0.6231 0.2913 0.3627 1 31.2870 28.6154 1.00799e-10 7.15316e-11 5.02392e-11 3.48921e-11 2.39427e-11 1.62163e-11 1.08317e-11 7.12951e-12 4.61994e-12 2.94553e-12 1.8471e-12 1.1393e-12 6.91295e-13 4.13042e-13 2.43492e-13 1.42011e-13 8.22266e-14 4.74448e-14 2.73668e-14 1.58088e-14 9.15258e-15 5.29986e-15 3.05693e-15 1.74708e-15 9.83885e-16 5.43211e-16 2.92735e-16 1.53389e-16 7.78698e-17 3.81598e-17 1.79797e-17 8.10904e-18 3.48319e-18 1.41674e-18 5.41982e-19 1.93458e-19 6.3796e-20 1.9183e-20 5.15925e-21 1.2015e-21 2.27467e-22 3.03608e-23 1.92843e-24 9.89442e-27 3.66161e-105 2.17724e-128 1.03303e-159 4.28133e-197 3.15579e-241 2.11103e-301
0 9.3543 5.8120 -0.0691 0.6859 2 23.0816 80.6043 9.15164e-11 6.18172e-11 4.10734e-11 2.68035e-11 1.71504e-11 1.07402e-11 6.5694e-12 3.916e-12 2.26931e-12 1.27497e-12 6.92402e-13 3.6228e-13 1.81975e-13 8.74193e-14 4.00075e-14 1.7379e-14 7.14646e-15 2.78137e-15 1.03005e-15 3.68894e-16 1.32024e-16 4.95068e-17 2.02056e-17 8.95561e-18 4.14773e-18 1.9237e-18 8.68361e-19 3.75536e-19 1.54131e-19 5.9581e-20 2.15187e-20 7.19164e-21 2.19626e-21 6.01864e-22 1.4363e-22 2.81817e-23 4.00086e-24 2.91297e-25 2.62328e-27 1.70451e-65 1.3064e-76 1.12334e-89 2.084e-105 3.49888e-127 8.28874e-157 1.11193e-196 1.60017e-240 7.77745e-297 0.0 0.0
0 11.7462 2.1044 0.0781 0.3380 2 5.1901 7.6518 4.90312e-12 3.90802e-12 3.11096e-12 2.47491e-12 1.96489e-12 1.55761e-12 1.23344e-12 9.73924e-13 7.67063e-13 6.02955e-13 4.72757e-13 3.68676e-13 2.86516e-13 2.21822e-13 1.71e-13 1.30885e-13 9.94438e-14 7.50509e-14 5.62232e-14 4.17765e-14 3.07688e-14 2.24508e-14 1.6226e-14 1.16176e-14 8.24376e-15 5.80003e-15 4.04683e-15 2.79945e-15 1.91863e-15 1.30139e-15 8.72454e-16 5.77205e-16 3.76177e-16 2.41006e-16 1.5142e-16 9.30285e-17 5.57005e-17 3.23713e-17 1.81727e-17 9.79689e-18 5.03578e-18 2.44646e-18 1.11117e-18 4.65463e-19 1.76782e-19 5.95776e-20 1.73363e-20 4.20779e-21 8.16849e-22 1.21682e-22
0 0.0859 0.6541 0.0390 0.0037 1 35.3524 44.4974 2.54312e-14 1.58067e-14 9.83632e-15 6.08441e-15 3.72306e-15 2.24637e-15 1.33337e-15 7.77069e-16 4.43795e-16 2.4788e-16 1.35102e-16 7.16734e-17 3.69055e-17 1.83851e-17 8.82868e-18 4.06982e-18 1.79243e-18 7.5013e-19 2.96427e-19 1.09792e-19 3.77748e-20 1.19359e-20 3.40915e-21 8.58478e-22 1.82063e-22 2.94821e-23 2.83884e-24 6.75075e-26 1.62093e-92 1.42109e-104 2.91965e-121 2.88985e-138 1.41255e-162 2.80105e-194 9.48048e-228 7.63469e-275 0.0 0.0 0.0 0.0 0.0 0.0 0.0 0.0 0.0 0.0 0.0 0.0 0.0 0.0
0 5.7663 5.3619 0.4144 0.3415 2 15.5903 45.8299 8.867e-11 6.68065e-11 5.00008e-11 3.7151e-11 2.7384e-11 2.00089e-11 1.44803e-11 1.03696e-11 7.34055e-12 5.13072e-12 3.53649e-12 2.40056e-12 1.60222e-12 1.04963e-12 6.73639e-13 4.22633e-13 2.58586e-13 1.5385e-13 8.87283e-14 4.94261e-14 2.6484e-14 1.35851e-14 6.63391e-15 3.06361e-15 1.32749e-15 5.34629e-16 1.97867e-16 6.64194e-17 1.99417e-17 5.29519e-18 1.24484e-18 2.68941e-19 5.98008e-20 1.60941e-20 5.34835e-21 1.91277e-21 6.61924e-22 2.12389e-22 6.18861e-23 1.60035e-23 3.53216e-24 6.14707e-25 6.99195e-26 2.945e-27 1.09778e-30 8.19832e-62 7.28118e-72 1.0972e-85 1.98797e-104 1.37727e-129
0 3.2035 0.8601 1.1171 0.0757 3 13.2513 44.9434 9.12355e-11 7.03485e-11 5.39992e-11 4.12476e-11 3.13416e-11 2.36703e-11 1.77618e-11 1.32356e-11 9.78273e-12 7.16855e-12 5.20406e-12 3.73864e-12 2.65377e-12 1.85984e-12 1.28534e-12 8.74826e-13 5.847e-13 3.8303e-13 2.45478e-13 1.53507e-13 9.33752e-14 5.50442e-14 3.13078e-14 1.70924e-14 8.90418e-15 4.39766e-15 2.04528e-15 8.8961e-16 3.59274e-16 1.33587e-16 4.52352e-17 1.3753e-17 3.68947e-18 8.56419e-19 1.6905e-19 2.84453e-20 4.43755e-21 8.27506e-22 2.20432e-22 6.8733e-23 2.0661e-23 5.60363e-24 1.32129e-24 2.5519e-25 3.5408e-26 2.48312e-27 2.04978e-29 1.13324e-55 8.89566e-65 3.25167e-77
0 3.8636 0.9981 0.3754 0.2811 1 28.5906 20.2256 5.29993e-11 3.81179e-11 2.7152e-11 1.91373e-11 1.33341e-11 9.17567e-12 6.22867e-12 4.16659e-12 2.74361e-12 1.77633e-12 1.12936e-12 7.04472e-13 4.3082e-13 2.58219e-13 1.5158e-13 8.72383e-14 4.93147e-14 2.74661e-14 1.51392e-14 8.30349e-15 4.55685e-15 2.51268e-15 1.3941e-15 7.76576e-16 4.31933e-16 2.38106e-16 1.29107e-16 6.84068e-17 3.52285e-17 1.75539e-17 8.42765e-18 3.88152e-18 1.70679e-18 7.12664e-19 2.808e-19 1.03639e-19 3.55141e-20 1.11711e-20 3.17489e-21 7.95199e-22 1.67746e-22 2.70963e-23 2.64827e-24 7.15268e-26 5.11585e-33 2.25898e-108 3.34468e-133 1.57793e-166 2.45056e-202 7.86596e-250
0 6.7828 1.1679 -0.7387 0.1974 2 9.5143 25.0788 4.28796e-11 3.40393e-11 2.69976e-11 2.13524e-11 1.68619e-11 1.32969e-11 1.04428e-11 8.18191e-12 6.39538e-12 4.97611e-12 3.85287e-12 2.97107e-12 2.28091e-12 1.7393e-12 1.31503e-12 9.8714e-13 7.35082e-13 5.42465e-13 3.96277e-13 2.86239e-13 2.04102e-13 1.43689e-13 9.99237e-14 6.86246e-14 4.6533e-14 3.11407e-14 2.05507e-14 1.3356e-14 8.53265e-15 5.34663e-15 3.27736e-15 1.95923e-15 1.13817e-15 6.39799e-16 3.46266e-16 1.79344e-16 8.82496e-17 4.08929e-17 1.76518e-17 7.0036e-18 2.51198e-18 7.97663e-19 2.18433e-19 4.98999e-20 9.12598e-21 1.27416e-21 1.31094e-22 1.10652e-23 1.35708e-24 2.94324e-25
0 5.4091 2.1639 -0.1471 0.4825 1 12.6805 7.6155 2.37003e-11 1.74257e-11 1.27233e-11 9.21965e-12 6.62598e-12 4.7198e-12 3.33007e-12 2.32576e-12 1.60696e-12 1.09789e-12 7.41419e-13 4.94824e-13 3.26413e-13 2.12927e-13 1.37488e-13 8.8013e-14 5.59798e-14 3.54743e-14 2.24667e-14 1.42633e-14 9.0989e-15 5.83918e-15 3.76831e-15 2.44096e-15 1.58236e-15 1.02301e-15 6.5738e-16 4.18617e-16 2.63524e-16 1.63667e-16 1.00115e-16 6.0221e-17 3.55631e-17 2.05824e-17 1.16518e-17 6.43805e-18 3.4636e-18 1.8094e-18 9.15054e-19 4.46448e-19 2.09323e-19 9.39016e-20 4.01012e-20 1.62094e-20 6.16011e-21 2.1835e-21 7.14754e-22 2.13241e-22 5.6864e-23 1.31162e-23
0 5.5955 2.2145 0.0511 2.5253 1 15.3845 5.7748 3.78422e-11 2.73775e-11 1.97545e-11 1.42192e-11 1.02122e-11 7.31979e-12 5.23732e-12 3.74136e-12 2.6687e-12 1.90073e-12 1.35155e-12 9.59226e-13 6.79225e-13 4.79614e-13 3.37521e-13 2.36572e-13 1.65043e-13 1.14529e-13 7.90033e-14 5.41392e-14 3.6834e-14 2.48649e-14 1.66434e-14 1.10387e-14 7.24918e-15 4.70984e-15 3.02469e-15 1.91817e-15 1.19993e-15 7.39551e-16 4.48481e-16 2.67203e-16 1.56152e-16 8.93437e-17 4.9946e-17 2.72183e-17 1.4422e-17 7.40868e-18 3.67782e-18 1.75784e-18 8.05565e-19 3.52294e-19 1.46233e-19 5.72544e-20 2.09899e-20 7.14131e-21 2.22919e-21 6.283e-22 1.55898e-22 3.25225e-23
0 5.9372 2.2895 -0.0901 1.1353 3 19.3489 23.6654 1.11976e-11 7.60439e-12 5.08219e-12 3.33766e-12 2.15047e-12 1.3569e-12 8.36816e-13 5.03314e-13 2.94533e-13 1.6725e-13 9.18908e-14 4.86924e-14 2.47981e-14 1.20926e-14 5.62433e-15 2.48561e-15 1.04056e-15 4.12177e-16 1.54996e-16 5.60173e-17 1.99976e-17 7.3683e-18 2.92747e-18 1.26793e-18 5.80625e-19 2.69041e-19 1.2207e-19 5.32248e-20 2.20632e-20 8.62635e-21 3.15611e-21 1.07057e-21 3.32692e-22 9.31384e-23 2.28619e-23 4.67798e-24 7.15385e-25 6.1693e-26 1.0688e-27 2.48466e-64 7.97541e-75 1.1547e-87 1.67248e-102 4.34194e-123 3.82014e-151 6.04535e-189 6.40508e-232 3.47647e-285 0.0 0.0
0 9.1834 5.6790 -0.3514 0.1774 3 20.4030 70.7632 4.13238e-11 2.69425e-11 1.72248e-11 1.07786e-11 6.58875e-12 3.92575e-12 2.27443e-12 1.27791e-12 6.94268e-13 3.63543e-13 1.82832e-13 8.7975e-14 4.03397e-14 1.7556e-14 7.22626e-15 2.8078e-15 1.032e-15 3.62661e-16 1.25144e-16 4.44726e-17 1.71869e-17 7.37986e-18 3.41518e-18 1.61919e-18 7.57055e-19 3.41824e-19 1.47402e-19 6.02512e-20 2.31796e-20 8.3261e-21 2.76513e-21 8.38165e-22 2.27571e-22 5.36328e-23 1.03227e-23 1.41403e-24 9.4366e-26 5.72293e-28 2.01952e-68 1.01756e-79 5.72566e-94 6.7515e-110 4.6862e-132 2.56272e-162 3.80562e-203 1.38907e-250 7.83702e-308 0.0 0.0 0.0
0 4.5505 1.2057 -0.2643 0.3625 3 25.7866 51.0196 3.69687e-13 1.7599e-13 8.19912e-14 3.78622e-14 1.7667e-14 8.52327e-15 4.33e-15 2.32577e-15 1.30517e-15 7.50164e-16 4.3345e-16 2.48441e-16 1.40081e-16 7.72958e-17 4.15879e-17 2.17494e-17 1.10209e-17 5.3921e-18 2.53728e-18 1.14317e-18 4.90647e-19 1.99432e-19 7.6246e-20 2.71957e-20 8.95912e-21 2.68966e-21 7.21453e-22 1.67177e-22 3.13047e-23 4.05732e-24 2.32684e-25 5.93145e-28 4.79078e-86 1.96464e-98 1.10076e-113 3.7558e-135 8.49997e-159 8.84713e-189 2.48213e-230 6.53062e-287 0.0 0.0 0.0 0.0 0.0 0.0 0.0 0.0 0.0 0.0
0 6.1080 3.8582 -0.4595 0.3136 1 27.7291 10.2514 1.45967e-11 1.04813e-11 7.45406e-12 5.24575e-12 3.64982e-12 2.50821e-12 1.70076e-12 1.13681e-12 7.48283e-13 4.84524e-13 3.08377e-13 1.92787e-13 1.18349e-13 7.13181e-14 4.22219e-14 2.45943e-14 1.41322e-14 8.04006e-15 4.54933e-15 2.57161e-15 1.45759e-15 8.30322e-16 4.74942e-16 2.71755e-16 1.54653e-16 8.69707e-17 4.80373e-17 2.59252e-17 1.36122e-17 6.92694e-18 3.40362e-18 1.60845e-18 7.27824e-19 3.13786e-19 1.28158e-19 4.92578e-20 1.76767e-20 5.86555e-21 1.77684e-21 4.82334e-22 1.13755e-22 2.19625e-23 3.04087e-24 2.11317e-25 1.64802e-27 9.40472e-112 1.72788e-137 6.73841e-172 2.3703e-208 1.29311e-257
