sky_model/snrs_cristofari.ecsv
# %ECSV 0.9
# ---
# datatype:
# - {name: HEADER_LINE, unit: '#', datatype: float64, format: '%i', description: Number
#     of simulation}
# - {name: POS_R, unit: kpc, datatype: float64, format: '%0.4f', description: Radial
#     position}
# - {name: POS_THETA, unit: rad, datatype: float64, format: '%0.4f', description: Theta}
# - {name: POS_Z, unit: kpc, datatype: float64, format: '%0.4f', description: Altitude}
# - {name: n0, unit: "cm^{\u20143}", datatype: float64, format: '%0.4f', description: density}
# - {name: type, unit: '#', datatype: float64, format: '%i', description: type of progenitor}
# - {name: age, unit: kyear, datatype: float64, format: '%0.4f', description: age of
#     the SNR}
# - {name: size, unit: arcmin, datatype: float64, format: '%0.4f', description: apparent
#     size of the SNR}
# - {name: '0.1', unit: 'TeV^{-1}cm^{-2}s^{-1}', datatype: float64, description: 'Luminostiy
#     as a function of E. The values E in the Header are in [TeV]'}
# - {name: '0.11514', unit: 'TeV^{-1}cm^{-2}s^{-1}', datatype: float64, description: 'Luminostiy
#     as a function of E. The values E in the Header are in [TeV]'}
# - {name: '0.132571', unit: 'TeV^{-1}cm^{-2}s^{-1}', datatype: float64, description: 'Luminostiy
#     as a function of E. The values E in the Header are in [TeV]'}
# - {name: '0.152642', unit: 'TeV^{-1}cm^{-2}s^{-1}', datatype: float64, description: 'Luminostiy
#     as a function of E. The values E in the Header are in [TeV]'}
# - {name: '0.175751', unit: 'TeV^{-1}cm^{-2}s^{-1}', datatype: float64, description: 'Luminostiy
#     as a function of E. The values E in the Header are in [TeV]'}
# - {name: '0.202359', unit: 'TeV^{-1}cm^{-2}s^{-1}', datatype: float64, description: 'Luminostiy
#     as a function of E. The values E in the Header are in [TeV]'}
# - {name: '0.232995', unit: 'TeV^{-1}cm^{-2}s^{-1}', datatype: float64, description: 'Luminostiy
#     as a function of E. The values E in the Header are in [TeV]'}
# - {name: '0.26827', unit: 'TeV^{-1}cm^{-2}s^{-1}', datatype: float64, description: 'Luminostiy
#     as a function of E. The values E in the Header are in [TeV]'}
# - {name: '0.308884', unit: 'TeV^{-1}cm^{-2}s^{-1}', datatype: float64, description: 'Luminostiy
#     as a function of E. The values E in the Header are in [TeV]'}
# - {name: '0.355648', unit: 'TeV^{-1}cm^{-2}s^{-1}', datatype: float64, description: 'Luminostiy
#     as a function of E. The values E in the Header are in [TeV]'}
# - {name: '0.409492', unit: 'TeV^{-1}cm^{-2}s^{-1}', datatype: float64, description: 'Luminostiy
#     as a function of E. The values E in the Header are in [TeV]'}
# - {name: '0.471487', unit: 'TeV^{-1}cm^{-2}s^{-1}', datatype: float64, description: 'Luminostiy
#     as a function of E. The values E in the Header are in [TeV]'}
# - {name: '0.542868', unit: 'TeV^{-1}cm^{-2}s^{-1}', datatype: float64, description: 'Luminostiy
#     as a function of E. The values E in the Header are in [TeV]'}
# - {name: '0.625055', unit: 'TeV^{-1}cm^{-2}s^{-1}', datatype: float64, description: 'Luminostiy
#     as a function of E. The values E in the Header are in [TeV]'}
# - {name: '0.719686', unit: 'TeV^{-1}cm^{-2}s^{-1}', datatype: float64, description: 'Luminostiy
#     as a function of E. The values E in the Header are in [TeV]'}
[...]
# - {name: '42.9193', unit: 'TeV^{-1}cm^{-2}s^{-1}', datatype: float64, description: 'Luminostiy
#     as a function of E. The values E in the Header are in [TeV]'}
# - {name: '49.4171', unit: 'TeV^{-1}cm^{-2}s^{-1}', datatype: float64, description: 'Luminostiy
#     as a function of E. The values E in the Header are in [TeV]'}
# - {name: '56.8987', unit: 'TeV^{-1}cm^{-2}s^{-1}', datatype: float64, description: 'Luminostiy
#     as a function of E. The values E in the Header are in [TeV]'}
# - {name: '65.5129', unit: 'TeV^{-1}cm^{-2}s^{-1}', datatype: float64, description: 'Luminostiy
#     as a function of E. The values E in the Header are in [TeV]'}
# - {name: '75.4312', unit: 'TeV^{-1}cm^{-2}s^{-1}', datatype: float64, description: 'Luminostiy
#     as a function of E. The values E in the Header are in [TeV]'}
# - {name: '86.8511', unit: 'TeV^{-1}cm^{-2}s^{-1}', datatype: float64, description: 'Luminostiy
#     as a function of E. The values E in the Header are in [TeV]'}
# - {name: '100.0', unit: 'TeV^{-1}cm^{-2}s^{-1}', datatype: float64, description: 'Luminostiy
#     as a function of E. The values E in the Header are in [TeV]'}
HEADER_LINE POS_R POS_THETA POS_Z n0 type age size 0.1 0.11514 0.132571 0.152642 0.175751 0.202359 0.232995 0.26827 0.308884 0.355648 0.409492 0.471487 0.542868 0.625055 0.719686 0.828643 0.954095 1.09854 1.26486 1.45635 1.67683 1.9307 2.223 2.55955 2.94705 3.39322 3.90694 4.49843 5.17947 5.96362 6.86649 7.90604 9.10298 10.4811 12.0679 13.895 15.9986 18.4207 21.2095 24.4205 28.1177 32.3746 37.2759 42.9193 49.4171 56.8987 65.5129 75.4312 86.8511 100.0
[from data line 514]
0 11.2337 5.0238 0.0721 0.3968 2 6.4246 13.7578 1.74357e-11 1.39044e-11 1.10814e-11 8.82223e-12 7.01385e-12 5.57116e-12 4.41736e-12 3.4958e-12 2.76255e-12 2.17833e-12 1.71197e-12 1.34223e-12 1.04966e-12 8.17443e-13 6.33329e-13 4.88538e-13 3.74999e-13 2.86237e-13 2.17073e-13 1.62987e-13 1.21347e-13 8.95129e-14 6.53679e-14 4.72225e-14 3.37297e-14 2.38146e-14 1.66203e-14 1.14669e-14 7.82093e-15 5.27117e-15 3.50741e-15 2.30069e-15 1.48492e-15 9.40903e-16 5.83761e-16 3.53528e-16 2.08214e-16 1.18735e-16 6.52116e-17 3.42733e-17 1.71023e-17 8.02436e-18 3.4978e-18 1.39528e-18 4.99765e-19 1.56924e-19 4.18993e-20 9.15419e-21 1.56331e-21 2.00798e-22
0 4.6558 2.0477 1.1291 0.1375 2 13.0220 24.7980 2.94625e-11 2.29624e-11 1.78395e-11 1.38037e-11 1.06383e-11 8.16343e-12 6.23015e-12 4.72921e-12 3.56943e-12 2.67419e-12 1.98848e-12 1.46688e-12 1.07288e-12 7.7562e-13 5.54378e-13 3.91335e-13 2.72456e-13 1.86788e-13 1.25706e-13 8.27598e-14 5.32489e-14 3.33854e-14 2.03291e-14 1.19791e-14 6.80472e-15 3.7119e-15 1.93683e-15 9.62764e-16 4.53719e-16 2.01446e-16 8.35639e-17 3.20463e-17 1.12157e-17 3.52683e-18 9.77963e-19 2.33958e-19 4.71853e-20 7.91439e-21 1.14933e-21 1.78408e-22 3.99939e-23 1.15757e-23 3.33197e-24 8.61522e-25 1.90486e-25 3.33046e-26 3.8391e-27 1.69869e-28 1.05041e-31 1.35673e-57
0 11.7462 3.7433 0.0601 0.3801 2 14.0863 14.6895 1.30137e-11 1.00816e-11 7.77969e-12 5.97676e-12 4.56975e-12 3.47582e-12 2.62808e-12 1.97451e-12 1.47331e-12 1.09056e-12 8.00403e-13 5.8203e-13 4.18913e-13 2.97952e-13 2.09256e-13 1.44936e-13 9.88642e-14 6.62805e-14 4.3545e-14 2.79917e-14 1.7559e-14 1.07149e-14 6.33693e-15 3.61624e-15 1.98094e-15 1.03543e-15 5.12988e-16 2.39172e-16 1.04154e-16 4.20334e-17 1.55825e-17 5.24829e-18 1.58319e-18 4.20394e-19 9.64934e-20 1.89351e-20 3.25639e-21 5.62162e-22 1.25092e-22 3.67445e-23 1.14607e-23 3.33699e-24 8.65781e-25 1.92137e-25 3.37771e-26 3.93116e-27 1.77936e-28 1.2815e-31 1.22356e-58 7.5273e-69
0 1.2879 2.8190 -0.0240 0.1362 2 21.5186 38.6397 1.90428e-11 1.3203e-11 9.02502e-12 6.07414e-12 4.01932e-12 2.6107e-12 1.66163e-12 1.03428e-12 6.28247e-13 3.71508e-13 2.13301e-13 1.18554e-13 6.35781e-14 3.27733e-14 1.61718e-14 7.60336e-15 3.38879e-15 1.42397e-15 5.61009e-16 2.06143e-16 7.04096e-17 2.24459e-17 6.81234e-18 2.06958e-18 6.81855e-19 2.57689e-19 1.08575e-19 4.73664e-20 2.02572e-20 8.27149e-21 3.18382e-21 1.14462e-21 3.80539e-22 1.15503e-22 3.14165e-23 7.42361e-24 1.43533e-24 1.98536e-25 1.36202e-26 9.56691e-29 2.56971e-65 1.22201e-76 6.72777e-89 4.03027e-105 2.03802e-127 1.29097e-157 2.45116e-197 1.70824e-239 3.34051e-297 0.0
0 8.2437 5.4103 -0.0721 0.9364 2 3.0212 11.9813 1.56561e-11 1.24856e-11 9.94274e-12 7.91088e-12 6.28888e-12 4.98864e-12 3.9525e-12 3.12775e-12 2.46688e-12 1.94185e-12 1.52551e-12 1.1943e-12 9.30852e-13 7.22977e-13 5.59344e-13 4.30841e-13 3.29236e-13 2.49921e-13 1.88389e-13 1.40899e-13 1.04465e-13 7.67129e-14 5.5755e-14 4.00876e-14 2.85093e-14 2.0058e-14 1.39652e-14 9.62356e-15 6.56228e-15 4.42456e-15 2.94605e-15 1.93404e-15 1.24944e-15 7.92531e-16 4.92308e-16 2.98565e-16 1.76132e-16 1.00634e-16 5.53963e-17 2.91945e-17 1.46168e-17 6.887e-18 3.01844e-18 1.21312e-18 4.39388e-19 1.40565e-19 3.89326e-20 9.2759e-21 2.01144e-21 4.91299e-22
0 10.4648 4.8154 0.0360 0.6434 2 24.8866 29.4050 2.28428e-12 1.34006e-12 7.64216e-13 4.2268e-13 2.26185e-13 1.16826e-13 5.81164e-14 2.7801e-14 1.27851e-14 5.66521e-15 2.43529e-15 1.02995e-15 4.38606e-16 1.93637e-16 9.0698e-17 4.51971e-17 2.352e-17 1.24445e-17 6.54584e-18 3.37281e-18 1.68722e-18 8.14582e-19 3.77708e-19 1.67384e-19 7.05113e-20 2.80614e-20 1.04741e-20 3.63496e-21 1.16002e-21 3.35307e-22 8.57525e-23 1.86046e-23 3.13691e-24 3.31454e-25 1.09203e-26 1.18485e-31 1.28329e-79 1.84325e-92 7.70246e-110 5.75041e-128 3.63412e-153 9.32715e-188 1.41255e-234 3.12945e-292 0.0 0.0 0.0 0.0 0.0 0.0
0 5.9372 5.5256 -0.0210 3.4500 3 10.2905 36.8034 2.16028e-10 1.69552e-10 1.32729e-10 1.03605e-10 8.06145e-11 6.25065e-11 4.82785e-11 3.71302e-11 2.84224e-11 2.16438e-11 1.63878e-11 1.23303e-11 9.2129e-12 6.83102e-12 5.02227e-12 3.65813e-12 2.63701e-12 1.87929e-12 1.32244e-12 9.17627e-13 6.26894e-13 4.20843e-13 2.77082e-13 1.78508e-13 1.12231e-13 6.86494e-14 4.07061e-14 2.32988e-14 1.28072e-14 6.72011e-15 3.34106e-15 1.55975e-15 6.7618e-16 2.6853e-16 9.5562e-17 3.00493e-17 8.20381e-18 1.90682e-18 3.69758e-19 5.94574e-20 8.53748e-21 1.43352e-21 3.50156e-22 1.00121e-22 2.70175e-23 6.37231e-24 1.23296e-24 1.72019e-25 1.22929e-26 1.1255e-28
0 5.3392 5.2162 -0.8709 0.2089 1 19.5205 17.4269 5.80771e-11 4.29743e-11 3.15622e-11 2.29912e-11 1.65975e-11 1.18641e-11 8.38941e-12 5.86269e-12 4.04442e-12 2.7511e-12 1.84293e-12 1.21417e-12 7.85651e-13 4.98593e-13 3.09909e-13 1.88411e-13 1.11915e-13 6.49074e-14 3.67575e-14 2.03495e-14 1.10443e-14 5.9053e-15 3.1332e-15 1.66407e-15 8.92195e-16 4.8555e-16 2.68135e-16 1.49374e-16 8.31652e-17 4.58142e-17 2.47592e-17 1.30424e-17 6.66452e-18 3.2901e-18 1.56294e-18 7.11354e-19 3.08689e-19 1.27006e-19 4.92247e-20 1.78353e-20 5.98485e-21 1.83746e-21 5.07244e-22 1.22391e-22 2.44752e-23 3.61553e-24 2.93103e-25 4.30806e-27 5.4089e-137 1.49547e-167
0 11.7462 0.5236 0.0060 0.4760 1 14.8349 16.4735 9.28669e-11 6.7912e-11 4.92959e-11 3.54954e-11 2.53364e-11 1.79159e-11 1.25421e-11 8.68697e-12 5.94968e-12 4.02764e-12 2.69411e-12 1.7806e-12 1.16312e-12 7.51449e-13 4.80765e-13 3.05161e-13 1.92643e-13 1.21303e-13 7.64204e-14 4.82989e-14 3.0677e-14 1.95874e-14 1.25575e-14 8.06275e-15 5.16743e-15 3.29416e-15 2.08197e-15 1.30092e-15 8.0182e-16 4.86528e-16 2.90119e-16 1.69715e-16 9.72141e-17 5.44144e-17 2.96949e-17 1.57586e-17 8.10913e-18 4.03313e-18 1.93167e-18 8.87257e-19 3.89e-19 1.61919e-19 6.35916e-20 2.3393e-20 7.98953e-21 2.50493e-21 7.09686e-22 1.77246e-22 3.73138e-23 6.03259e-24
0 11.6608 3.6601 -0.5886 0.0484 3 8.0228 11.0257 7.46556e-12 5.90941e-12 4.66554e-12 3.67703e-12 2.89232e-12 2.26703e-12 1.77245e-12 1.38231e-12 1.07226e-12 8.28585e-13 6.37724e-13 4.88336e-13 3.71e-13 2.80066e-13 2.09934e-13 1.5612e-13 1.14973e-13 8.35463e-14 5.99945e-14 4.25201e-14 2.97024e-14 2.04235e-14 1.3807e-14 9.16819e-15 5.97523e-15 3.81928e-15 2.39164e-15 1.46473e-15 8.75185e-16 5.08547e-16 2.86265e-16 1.55389e-16 8.08958e-17 4.01301e-17 1.88223e-17 8.26882e-18 3.3635e-18 1.24907e-18 4.16148e-19 1.21715e-19 3.04183e-20 6.28329e-21 1.0321e-21 1.30573e-22 1.33467e-23 1.57997e-24 3.24834e-25 8.12529e-26 1.82047e-26 3.26843e-27
0 10.6357 4.8578 0.0180 0.6625 2 22.2090 27.1525 1.07023e-11 7.25225e-12 4.83538e-12 3.16738e-12 2.03501e-12 1.2801e-12 7.86806e-13 4.71499e-13 2.74808e-13 1.55364e-13 8.49486e-14 4.47752e-14 2.26701e-14 1.09836e-14 5.0721e-15 2.22383e-15 9.22805e-16 3.61991e-16 1.34693e-16 4.81506e-17 1.70166e-17 6.2243e-18 2.46492e-18 1.0671e-18 4.88537e-19 2.26054e-19 1.02302e-19 4.44532e-20 1.8353e-20 7.14279e-21 2.59971e-21 8.76563e-22 2.70496e-22 7.508e-23 1.82229e-23 3.66726e-24 5.44712e-25 4.40113e-26 6.00435e-28 3.13151e-65 5.65991e-76 6.63448e-89 4.233e-104 3.66979e-125 7.59088e-154 1.77724e-192 8.46667e-236 2.76424e-290 0.0 0.0
0 1.2879 0.5787 0.3994 0.0200 4 33.5622 46.0464 1.03678e-13 7.66686e-14 5.66273e-14 4.17685e-14 3.07624e-14 2.26188e-14 1.66006e-14 1.21592e-14 8.8865e-15 6.47909e-15 4.71154e-15 3.4165e-15 2.46983e-15 1.77955e-15 1.27761e-15 9.13706e-16 6.50737e-16 4.61377e-16 3.25545e-16 2.28512e-16 1.59508e-16 1.10675e-16 7.62965e-17 5.22325e-17 3.54914e-17 2.39221e-17 1.59844e-17 1.05806e-17 6.93292e-18 4.49316e-18 2.87754e-18 1.81922e-18 1.13413e-18 6.96341e-19 4.205e-19 2.49367e-19 1.4498e-19 8.24814e-20 4.58217e-20 2.47989e-20 1.30406e-20 6.6432e-21 3.2676e-21 1.54603e-21 7.00648e-22 3.02671e-22 1.23944e-22 4.78048e-23 1.72352e-23 5.75456e-24
0 8.5854 2.3660 0.0871 0.6764 3 3.9003 9.3752 1.80662e-11 1.44351e-11 1.15272e-11 9.1992e-12 7.33612e-12 5.84582e-12 4.65409e-12 3.70178e-12 2.9411e-12 2.33392e-12 1.84971e-12 1.46369e-12 1.15635e-12 9.11928e-13 7.17661e-13 5.63501e-13 4.41373e-13 3.44777e-13 2.68438e-13 2.08287e-13 1.61002e-13 1.23929e-13 9.49474e-14 7.23295e-14 5.47695e-14 4.1194e-14 3.0749e-14 2.27562e-14 1.66777e-14 1.20879e-14 8.65069e-15 6.10126e-15 4.23155e-15 2.8785e-15 1.91471e-15 1.24101e-15 7.77919e-16 4.70566e-16 2.73566e-16 1.52141e-16 8.04984e-17 4.03798e-17 1.90422e-17 8.34069e-18 3.3417e-18 1.20132e-18 3.78266e-19 1.01262e-19 2.22861e-20 3.94816e-21
0 7.6414 1.5481 0.6246 0.1747 1 6.4164 7.7196 3.22245e-11 2.47454e-11 1.89243e-11 1.44068e-11 1.09124e-11 8.21959e-12 6.15323e-12 4.57515e-12 3.37644e-12 2.47138e-12 1.79264e-12 1.28745e-12 9.14605e-13 6.42014e-13 4.44801e-13 3.03781e-13 2.04246e-13 1.34998e-13 8.75886e-14 5.57007e-14 3.46691e-14 2.10934e-14 1.25344e-14 7.274e-15 4.12734e-15 2.2972e-15 1.26186e-15 6.90664e-16 3.81379e-16 2.15153e-16 1.25023e-16 7.48351e-17 4.57807e-17 2.82906e-17 1.74653e-17 1.06842e-17 6.44327e-18 3.8185e-18 2.21883e-18 1.26161e-18 7.0044e-19 3.78826e-19 1.99063e-19 1.0133e-19 4.98015e-20 2.35434e-20 1.06605e-20 4.60123e-21 1.88258e-21 7.25496e-22
0 8.7563 5.4105 -1.2312 0.0480 2 4.2285 12.5848 1.95959e-11 1.4852e-11 1.11924e-11 8.3767e-12 6.22379e-12 4.58929e-12 3.3532e-12 2.42576e-12 1.73686e-12 1.22979e-12 8.58114e-13 5.90234e-13 3.99691e-13 2.66088e-13 1.73514e-13 1.1042e-13 6.85279e-14 4.13543e-14 2.41833e-14 1.36498e-14 7.40369e-15 3.8418e-15 1.89912e-15 8.9094e-16 3.95222e-16 1.65123e-16 6.47022e-17 2.37084e-17 8.1391e-18 2.65202e-18 8.4711e-19 2.79437e-19 9.95537e-20 3.81723e-20 1.50241e-20 5.77594e-21 2.1018e-21 7.10965e-22 2.20414e-22 6.15586e-23 1.50746e-23 3.07842e-24 4.70757e-25 4.09836e-26 7.61436e-28 7.35592e-57 2.85379e-65 1.06937e-76 2.82047e-92 2.88002e-113
0 3.6919 0.2045 -0.4895 0.2352 3 18.9491 75.7014 3.25357e-11 2.04254e-11 1.25325e-11 7.49982e-12 4.36736e-12 2.46861e-12 1.3507e-12 7.13254e-13 3.62342e-13 1.76489e-13 8.21415e-14 3.64165e-14 1.53456e-14 6.1474e-15 2.35329e-15 8.73724e-16 3.24186e-16 1.25666e-16 5.29507e-17 2.43751e-17 1.18703e-17 5.86791e-18 2.858e-18 1.34863e-18 6.10805e-19 2.63775e-19 1.07949e-19 4.15835e-20 1.49587e-20 4.97616e-21 1.51131e-21 4.11303e-22 9.72299e-23 1.87965e-23 2.59399e-24 1.75863e-25 1.13497e-27 3.17152e-70 2.48652e-81 1.66822e-96 2.11477e-112 2.98982e-134 2.97663e-164 7.22091e-205 6.51049e-256 2.44453e-312 0.0 0.0 0.0 0.0
0 11.5754 5.2152 1.3514 0.0098 2 15.1921 24.3524 3.70689e-13 1.98483e-13 1.02749e-13 5.13552e-14 2.47751e-14 1.15558e-14 5.23801e-15 2.33211e-15 1.03841e-15 4.73821e-16 2.26822e-16 1.15125e-16 6.14283e-17 3.37394e-17 1.86607e-17 1.02238e-17 5.49105e-18 2.87245e-18 1.45687e-18 7.13581e-19 3.36167e-19 1.51638e-19 6.51621e-20 2.652e-20 1.01529e-20 3.62679e-21 1.1968e-21 3.60019e-22 9.68125e-23 2.25134e-23 4.24081e-24 5.56578e-25 3.31129e-26 1.07004e-28 3.12134e-81 2.86629e-92 7.7726e-108 6.83445e-128 1.26342e-149 5.01479e-180 1.13146e-221 5.6624e-278 0.0 0.0 0.0 0.0 0.0 0.0 0.0 0.0
0 11.4045 1.9083 -0.4144 0.0883 2 6.3007 9.0805 4.64133e-12 3.65982e-12 2.8721e-12 2.2485e-12 1.75687e-12 1.3642e-12 1.05467e-12 8.1241e-13 6.22612e-13 4.72586e-13 3.5658e-13 2.67284e-13 1.98847e-13 1.46333e-13 1.06557e-13 7.69021e-14 5.49803e-14 3.89269e-14 2.72905e-14 1.89445e-14 1.302e-14 8.85489e-15 5.95402e-15 3.95315e-15 2.58772e-15 1.66712e-15 1.05492e-15 6.54133e-16 3.96412e-16 2.34051e-16 1.34149e-16 7.43237e-17 3.96047e-17 2.01766e-17 9.75702e-18 4.44015e-18 1.88157e-18 7.32993e-19 2.58379e-19 8.08176e-20 2.18995e-20 4.9962e-21 9.30955e-22 1.39536e-22 1.81266e-23 2.78082e-24 6.38445e-25 1.67451e-25 3.99084e-26 7.88448e-27
0 12.4495 2.8723 -0.6547 0.0327 1 25.5589 10.2728 3.55265e-12 2.46055e-12 1.68035e-12 1.13006e-12 7.47344e-13 4.85285e-13 3.08892e-13 1.9238e-13 1.17005e-13 6.93467e-14 3.99618e-14 2.23379e-14 1.20833e-14 6.31112e-15 3.1769e-15 1.53976e-15 7.19071e-16 3.2476e-16 1.43032e-16 6.23123e-17 2.73747e-17 1.23547e-17 5.77763e-18 2.78026e-18 1.35178e-18 6.50624e-19 3.04889e-19 1.37485e-19 5.916e-20 2.41222e-20 9.25445e-21 3.31378e-21 1.0966e-21 3.31028e-22 8.94301e-23 2.09406e-23 3.99283e-24 5.38357e-25 3.47271e-26 1.83405e-28 1.20913e-66 3.91059e-78 1.70389e-90 5.27701e-107 1.11681e-129 2.2406e-160 2.36477e-200 3.3784e-243 7.04265e-302 0.0
0 8.1566 0.9592 0.2462 0.2783 1 10.1771 12.4904 6.47696e-11 4.86667e-11 3.63555e-11 2.69852e-11 1.98893e-11 1.45462e-11 1.05485e-11 7.57886e-12 5.39034e-12 3.79176e-12 2.63551e-12 1.80828e-12 1.22351e-12 8.15565e-13 5.3507e-13 3.45231e-13 2.18928e-13 1.36424e-13 8.35703e-14 5.03882e-14 2.99771e-14 1.7666e-14 1.03692e-14 6.10174e-15 3.6233e-15 2.18161e-15 1.33383e-15 8.26068e-16 5.15422e-16 3.2184e-16 1.99851e-16 1.22791e-16 7.43724e-17 4.4287e-17 2.58716e-17 1.47972e-17 8.26869e-18 4.50396e-18 2.38526e-18 1.22463e-18 6.07567e-19 2.90206e-19 1.32906e-19 5.80843e-20 2.40941e-20 9.42755e-21 3.45416e-21 1.17458e-21 3.66494e-22 1.03268e-22
0 8.1583 2.2153 -0.3784 0.2186 2 16.0514 20.9359 1.83864e-11 1.3993e-11 1.05892e-11 7.96371e-12 5.94775e-12 4.40901e-12 3.24164e-12 2.36145e-12 1.70328e-12 1.21539e-12 8.56604e-13 5.95732e-13 4.08328e-13 2.75474e-13 1.82486e-13 1.18459e-13 7.52143e-14 4.6598e-14 2.80896e-14 1.64204e-14 9.27086e-15 5.02739e-15 2.60138e-15 1.27777e-15 5.91443e-16 2.55906e-16 1.02617e-16 3.7777e-17 1.26617e-17 3.82453e-18 1.02824e-18 2.43714e-19 5.12835e-20 1.01779e-20 2.2363e-21 6.31677e-22 2.1195e-22 7.20022e-23 2.28975e-23 6.61289e-24 1.69134e-24 3.67659e-25 6.24497e-26 6.77535e-27 2.50887e-28 2.63311e-32 5.59995e-62 2.21285e-72 1.31717e-86 8.22819e-106
0 6.1935 2.9804 0.0300 3.0559 1 10.8483 4.1808 3.46596e-11 2.52533e-11 1.83594e-11 1.33202e-11 9.64625e-12 6.97401e-12 5.03463e-12 3.62978e-12 2.61375e-12 1.87985e-12 1.35026e-12 9.68413e-13 6.93293e-13 4.95231e-13 3.52795e-13 2.50513e-13 1.7721e-13 1.24812e-13 8.74768e-14 6.09778e-14 4.22537e-14 2.90902e-14 1.98878e-14 1.34941e-14 9.08148e-15 6.05826e-15 4.00324e-15 2.61828e-15 1.69353e-15 1.08228e-15 6.82673e-16 4.24543e-16 2.5997e-16 1.56535e-16 9.25383e-17 5.3617e-17 3.03895e-17 1.68133e-17 9.05836e-18 4.73963e-18 2.40118e-18 1.17385e-18 5.51615e-19 2.48087e-19 1.06258e-19 4.30962e-20 1.64423e-20 5.85494e-21 1.92706e-21 5.78763e-22
0 11.5754 5.1923 -0.8348 0.0270 1 15.7056 16.8864 3.22406e-11 2.45832e-11 1.86437e-11 1.40556e-11 1.05277e-11 7.82909e-12 5.77655e-12 4.22544e-12 3.06165e-12 2.19536e-12 1.55621e-12 1.08932e-12 7.51996e-13 5.11222e-13 3.41715e-13 2.24191e-13 1.44086e-13 9.05088e-14 5.54223e-14 3.29901e-14 1.90269e-14 1.05927e-14 5.66792e-15 2.90029e-15 1.41094e-15 6.48083e-16 2.78805e-16 1.11309e-16 4.08428e-17 1.36631e-17 4.1635e-18 1.17719e-18 3.2637e-19 9.6969e-20 3.26356e-20 1.19644e-20 4.41238e-21 1.54993e-21 5.04656e-22 1.49625e-22 3.95533e-23 9.00119e-24 1.6453e-24 2.05992e-25 1.12157e-26 2.62937e-29 3.62709e-59 8.50326e-69 5.40819e-82 7.70369e-100
0 4.5704 2.3585 0.9159 0.1850 1 31.1872 13.4114 1.89514e-11 1.37456e-11 9.87582e-12 7.02309e-12 4.93873e-12 3.42971e-12 2.34987e-12 1.58676e-12 1.05385e-12 6.87597e-13 4.40108e-13 2.7596e-13 1.68983e-13 1.00885e-13 5.86242e-14 3.31e-14 1.81299e-14 9.62113e-15 4.93809e-15 2.45291e-15 1.18649e-15 5.63577e-16 2.65999e-16 1.26308e-16 6.08171e-17 2.96665e-17 1.45232e-17 7.03828e-18 3.33122e-18 1.52262e-18 6.66177e-19 2.76931e-19 1.08607e-19 3.98751e-20 1.35813e-20 4.24136e-21 1.19475e-21 2.95742e-22 6.13049e-23 9.60296e-24 8.76722e-25 1.88139e-26 8.75803e-61 9.56033e-71 5.1031e-82 1.36521e-97 8.19213e-119 2.11123e-147 4.52643e-181 1.61059e-221
0 11.0628 3.4432 0.1171 0.2950 3 4.9975 9.2331 1.18645e-11 9.48032e-12 7.5707e-12 6.04185e-12 4.81833e-12 3.83937e-12 3.05674e-12 2.4311e-12 1.9314e-12 1.53266e-12 1.21441e-12 9.60827e-13 7.58999e-13 5.98331e-13 4.70685e-13 3.69444e-13 2.89253e-13 2.25729e-13 1.7559e-13 1.36102e-13 1.05077e-13 8.07666e-14 6.17196e-14 4.68891e-14 3.53874e-14 2.65073e-14 1.96865e-14 1.44785e-14 1.05296e-14 7.55966e-15 5.34776e-15 3.71947e-15 2.53738e-15 1.69335e-15 1.10246e-15 6.96525e-16 4.27129e-16 2.53777e-16 1.45719e-16 8.05595e-17 4.26379e-17 2.14361e-17 1.01372e-17 4.45471e-18 1.79143e-18 6.4665e-19 2.04433e-19 5.48481e-20 1.19968e-20 2.03689e-21
