sky_model/snrs_cristofari.ecsv
# %ECSV 0.9
# ---
# datatype:
# - {name: HEADER_LINE, unit: '#', datatype: float64, format: '%i', description: Number
#     of simulation}
# - {name: POS_R, unit: kpc, datatype: float64, format: '%0.4f', description: Radial
#     position}
# - {name: POS_THETA, unit: rad, datatype: float64, format: '%0.4f', description: Theta}
# - {name: POS_Z, unit: kpc, datatype: float64, format: '%0.4f', description: Altitude}
# - {name: n0, unit: "cm^{\u20143}", datatype: float64, format: '%0.4f', description: density}
# - {name: type, unit: '#', datatype: float64, format: '%i', description: type of progenitor}
# - {name: age, unit: kyear, datatype: float64, format: '%0.4f', description: age of
#     the SNR}
# - {name: size, unit: arcmin, datatype: float64, format: '%0.4f', description: apparent
#     size of the SNR}
# - {name: '0.1', unit: 'TeV^{-1}cm^{-2}s^{-1}', datatype: float64, description: 'Luminostiy
#     as a function of E. The values E in the Header are in [TeV]'}
# - {name: '0.11514', unit: 'TeV^{-1}cm^{-2}s^{-1}', datatype: float64, description: 'Luminostiy
#     as a function of E. The values E in the Header are in [TeV]'}
# - {name: '0.132571', unit: 'TeV^{-1}cm^{-2}s^{-1}', datatype: float64, description: 'Luminostiy
#     as a function of E. The values E in the Header are in [TeV]'}
# - {name: '0.152642', unit: 'TeV^{-1}cm^{-2}s^{-1}', datatype: float64, description: 'Luminostiy
#     as a function of E. The values E in the Header are in [TeV]'}
# - {name: '0.175751', unit: 'TeV^{-1}cm^{-2}s^{-1}', datatype: float64, description: 'Luminostiy
#     as a function of E. The values E in the Header are in [TeV]'}
# - {name: '0.202359', unit: 'TeV^{-1}cm^{-2}s^{-1}', datatype: float64, description: 'Luminostiy
#     as a function of E. The values E in the Header are in [TeV]'}
# - {name: '0.232995', unit: 'TeV^{-1}cm^{-2}s^{-1}', datatype: float64, description: 'Luminostiy
#     as a function of E. The values E in the Header are in [TeV]'}
# - {name: '0.26827', unit: 'TeV^{-1}cm^{-2}s^{-1}', datatype: float64, description: 'Luminostiy
#     as a function of E. The values E in the Header are in [TeV]'}
# - {name: '0.308884', unit: 'TeV^{-1}cm^{-2}s^{-1}', datatype: float64, description: 'Luminostiy
#     as a function of E. The values E in the Header are in [TeV]'}
# - {name: '0.355648', unit: 'TeV^{-1}cm^{-2}s^{-1}', datatype: float64, description: 'Luminostiy
#     as a function of E. The values E in the Header are in [TeV]'}
# - {name: '0.409492', unit: 'TeV^{-1}cm^{-2}s^{-1}', datatype: float64, description: 'Luminostiy
#     as a function of E. The values E in the Header are in [TeV]'}
# - {name: '0.471487', unit: 'TeV^{-1}cm^{-2}s^{-1}', datatype: float64, description: 'Luminostiy
#     as a function of E. The values E in the Header are in [TeV]'}
# - {name: '0.542868', unit: 'TeV^{-1}cm^{-2}s^{-1}', datatype: float64, description: 'Luminostiy
#     as a function of E. The values E in the Header are in [TeV]'}
# - {name: '0.625055', unit: 'TeV^{-1}cm^{-2}s^{-1}', datatype: float64, description: 'Luminostiy
#     as a function of E. The values E in the Header are in [TeV]'}
# - {name: '0.719686', unit: 'TeV^{-1}cm^{-2}s^{-1}', datatype: float64, description: 'Luminostiy
#     as a function of E. The values E in the Header are in [TeV]'}
[...]
# - {name: '42.9193', unit: 'TeV^{-1}cm^{-2}s^{-1}', datatype: float64, description: 'Luminostiy
#     as a function of E. The values E in the Header are in [TeV]'}
# - {name: '49.4171', unit: 'TeV^{-1}cm^{-2}s^{-1}', datatype: float64, description: 'Luminostiy
#     as a function of E. The values E in the Header are in [TeV]'}
# - {name: '56.8987', unit: 'TeV^{-1}cm^{-2}s^{-1}', datatype: float64, description: 'Luminostiy
#     as a function of E. The values E in the Header are in [TeV]'}
# - {name: '65.5129', unit: 'TeV^{-1}cm^{-2}s^{-1}', datatype: float64, description: 'Luminostiy
#     as a function of E. The values E in the Header are in [TeV]'}
# - {name: '75.4312', unit: 'TeV^{-1}cm^{-2}s^{-1}', datatype: float64, description: 'Luminostiy
#     as a function of E. The values E in the Header are in [TeV]'}
# - {name: '86.8511', unit: 'TeV^{-1}cm^{-2}s^{-1}', datatype: float64, description: 'Luminostiy
#     as a function of E. The values E in the Header are in [TeV]'}
# - {name: '100.0', unit: 'TeV^{-1}cm^{-2}s^{-1}', datatype: float64, description: 'Luminostiy
#     as a function of E. The values E in the Header are in [TeV]'}
HEADER_LINE POS_R POS_THETA POS_Z n0 type age size 0.1 0.11514 0.132571 0.152642 0.175751 0.202359 0.232995 0.26827 0.308884 0.355648 0.409492 0.471487 0.542868 0.625055 0.719686 0.828643 0.954095 1.09854 1.26486 1.45635 1.67683 1.9307 2.223 2.55955 2.94705 3.39322 3.90694 4.49843 5.17947 5.96362 6.86649 7.90604 9.10298 10.4811 12.0679 13.895 15.9986 18.4207 21.2095 24.4205 28.1177 32.3746 37.2759 42.9193 49.4171 56.8987 65.5129 75.4312 86.8511 100.0
[from data line 772]
0 10.0455 3.2144 -0.3664 0.1389 4 26.0986 29.4257 1.58391e-11 1.06797e-11 7.08181e-12 4.61125e-12 2.94335e-12 1.83823e-12 1.12098e-12 6.65946e-13 3.84435e-13 2.15043e-13 1.16195e-13 6.04354e-14 3.01409e-14 1.43522e-14 6.49431e-15 2.77849e-15 1.1182e-15 4.21382e-16 1.48334e-16 4.89447e-17 1.53978e-17 4.81847e-18 1.60939e-18 6.09149e-19 2.58889e-19 1.1599e-19 5.17346e-20 2.22624e-20 9.10472e-21 3.50674e-21 1.26136e-21 4.19577e-22 1.27428e-22 3.46832e-23 8.20184e-24 1.58723e-24 2.19758e-25 1.50789e-26 1.04936e-28 6.846e-67 3.31861e-78 2.41898e-91 2.3105e-107 1.61002e-129 1.19477e-159 3.46929e-200 2.62582e-244 1.34023e-301 0.0 0.0
0 5.2538 3.3565 -0.7508 0.2432 2 3.8733 7.4608 4.37861e-12 3.48467e-12 2.76959e-12 2.19985e-12 1.74239e-12 1.3778e-12 1.08817e-12 8.56307e-13 6.71737e-13 5.25694e-13 4.10347e-13 3.18028e-13 2.45455e-13 1.88577e-13 1.44129e-13 1.09469e-13 8.23166e-14 6.14556e-14 4.55316e-14 3.34646e-14 2.43951e-14 1.76401e-14 1.26568e-14 9.01478e-15 6.37572e-15 4.4775e-15 3.12096e-15 2.15752e-15 1.47775e-15 1.00166e-15 6.70998e-16 4.43538e-16 2.8878e-16 1.84807e-16 1.15964e-16 7.11429e-17 4.25264e-17 2.46683e-17 1.38181e-17 7.43058e-18 3.80823e-18 1.84374e-18 8.34014e-19 3.4768e-19 1.31286e-19 4.3935e-20 1.26745e-20 3.0428e-21 5.81977e-22 8.45957e-23
0 10.6357 4.7589 -0.0991 0.3660 1 16.3843 8.2932 1.90475e-11 1.39729e-11 1.01728e-11 7.34487e-12 5.25531e-12 3.72344e-12 2.6102e-12 1.80897e-12 1.2384e-12 8.36806e-13 5.57708e-13 3.66397e-13 2.37188e-13 1.51284e-13 9.51084e-14 5.89927e-14 3.61661e-14 2.19729e-14 1.32771e-14 8.01222e-15 4.84899e-15 2.95272e-15 1.81179e-15 1.1193e-15 6.94136e-16 4.30223e-16 2.65214e-16 1.61883e-16 9.74701e-17 5.77145e-17 3.35235e-17 1.90582e-17 1.05804e-17 5.72212e-18 3.00668e-18 1.53035e-18 7.51959e-19 3.55338e-19 1.60788e-19 6.93251e-20 2.83202e-20 1.089e-20 3.91115e-21 1.29951e-21 3.94464e-22 1.07423e-22 2.54705e-23 4.96713e-24 7.03336e-25 5.21035e-26
0 1.2879 1.1004 -0.0330 0.1284 2 34.2488 62.1322 3.10232e-14 1.6766e-14 9.54119e-15 5.63525e-15 3.39188e-15 2.04889e-15 1.22918e-15 7.27718e-16 4.23497e-16 2.41593e-16 1.34787e-16 7.33693e-17 3.88661e-17 1.99788e-17 9.93339e-18 4.75945e-18 2.18839e-18 9.61e-19 4.00835e-19 1.57793e-19 5.81888e-20 1.99193e-20 6.25675e-21 1.7742e-21 4.42605e-22 9.26047e-23 1.46556e-23 1.34393e-24 2.71999e-26 3.93179e-89 9.48782e-102 4.37963e-117 8.98914e-135 7.29235e-160 5.31745e-189 9.04299e-224 3.14496e-272 0.0 0.0 0.0 0.0 0.0 0.0 0.0 0.0 0.0 0.0 0.0 0.0 0.0
0 5.7663 5.6868 0.0210 3.5345 1 3.4133 7.5514 3.81917e-10 2.81899e-10 2.07635e-10 1.52618e-10 1.11955e-10 8.19735e-11 5.99199e-11 4.37354e-11 3.18835e-11 2.3221e-11 1.68995e-11 1.22921e-11 8.93676e-12 6.49441e-12 4.7169e-12 3.42321e-12 2.48157e-12 1.7962e-12 1.29752e-12 9.34957e-13 6.7169e-13 4.80883e-13 3.42932e-13 2.43495e-13 1.72072e-13 1.20974e-13 8.4579e-14 5.87807e-14 4.05894e-14 2.78344e-14 1.89459e-14 1.27927e-14 8.56349e-15 5.67917e-15 3.72856e-15 2.42138e-15 1.55404e-15 9.84703e-16 6.1535e-16 3.7878e-16 2.29363e-16 1.36422e-16 7.95719e-17 4.5431e-17 2.53383e-17 1.37735e-17 7.27851e-18 3.72848e-18 1.8455e-18 8.79457e-19
0 6.9546 5.9939 -0.5976 0.2234 2 28.9008 163.6250 1.68659e-12 7.88364e-13 3.66165e-13 1.72375e-13 8.41433e-14 4.33224e-14 2.3578e-14 1.33878e-14 7.77478e-15 4.5356e-15 2.62468e-15 1.49491e-15 8.33966e-16 4.54143e-16 2.40693e-16 1.23782e-16 6.15667e-17 2.95068e-17 1.35694e-17 5.95915e-18 2.48543e-18 9.78251e-19 3.60643e-19 1.23407e-19 3.87422e-20 1.09786e-20 2.73646e-21 5.71913e-22 9.03991e-23 8.28766e-24 1.69496e-25 2.33984e-81 3.883e-94 3.06356e-107 1.54431e-125 2.37188e-150 8.7415e-176 1.81341e-211 1.5208e-260 0.0 0.0 0.0 0.0 0.0 0.0 0.0 0.0 0.0 0.0 0.0
0 12.2588 5.3707 -1.4174 0.0064 3 39.2145 55.3696 2.94987e-15 1.65217e-15 9.71682e-16 5.85011e-16 3.53677e-16 2.12215e-16 1.25571e-16 7.30034e-17 4.15951e-17 2.31746e-17 1.25964e-17 6.66245e-18 3.4192e-18 1.69708e-18 8.11629e-19 3.72446e-19 1.63203e-19 6.79135e-20 2.66663e-20 9.80557e-21 3.34585e-21 1.04703e-21 2.95569e-22 7.33054e-23 1.52063e-23 2.3703e-24 2.09925e-25 3.7337e-27 1.3783e-94 3.85766e-107 5.50142e-124 1.43532e-141 9.87314e-167 1.20796e-198 2.59527e-233 5.44126e-282 0.0 0.0 0.0 0.0 0.0 0.0 0.0 0.0 0.0 0.0 0.0 0.0 0.0 0.0
0 8.8417 2.3630 0.9580 0.0685 1 27.6150 11.8223 8.18167e-12 5.82157e-12 4.09477e-12 2.84407e-12 1.94836e-12 1.31479e-12 8.7276e-13 5.69023e-13 3.63791e-13 2.27642e-13 1.39157e-13 8.29324e-14 4.80827e-14 2.70519e-14 1.47376e-14 7.75863e-15 3.9412e-15 1.93097e-15 9.13786e-16 4.19182e-16 1.87951e-16 8.35483e-17 3.74543e-17 1.7179e-17 8.0927e-18 3.87744e-18 1.85543e-18 8.70433e-19 3.94601e-19 1.71113e-19 7.04203e-20 2.7305e-20 9.89628e-21 3.3209e-21 1.01914e-21 2.81005e-22 6.76249e-23 1.3444e-23 1.95651e-24 1.51442e-25 1.77815e-27 4.74063e-63 9.3234e-74 2.66361e-85 4.2928e-101 1.04439e-122 6.64857e-152 2.28333e-188 2.31029e-229 2.20632e-285
0 3.1768 6.2693 0.1682 0.2413 3 26.6077 77.4675 2.69686e-12 1.37556e-12 6.76433e-13 3.20541e-13 1.46597e-13 6.50455e-14 2.83183e-14 1.23378e-14 5.52881e-15 2.61748e-15 1.32465e-15 7.09126e-16 3.91972e-16 2.18401e-16 1.20585e-16 6.52925e-17 3.44561e-17 1.76451e-17 8.73566e-18 4.1648e-18 1.90392e-18 8.30494e-19 3.43734e-19 1.34118e-19 4.89546e-20 1.65608e-20 5.12975e-21 1.43009e-21 3.48945e-22 7.06979e-23 1.05933e-23 8.64401e-25 1.17172e-26 2.21235e-78 1.72879e-89 2.12759e-103 6.36132e-123 3.69526e-144 1.58468e-171 2.20231e-209 7.15934e-261 0.0 0.0 0.0 0.0 0.0 0.0 0.0 0.0 0.0
0 5.0829 3.3525 0.0961 1.0214 1 19.8611 7.1895 1.91228e-11 1.36539e-11 9.68581e-12 6.82568e-12 4.77855e-12 3.324e-12 2.29819e-12 1.58014e-12 1.08118e-12 7.36805e-13 5.00577e-13 3.3936e-13 2.29761e-13 1.5544e-13 1.05103e-13 7.10105e-14 4.79066e-14 3.22379e-14 2.16098e-14 1.44079e-14 9.54028e-15 6.26469e-15 4.0741e-15 2.62069e-15 1.66545e-15 1.0444e-15 6.4549e-16 3.92663e-16 2.34762e-16 1.37725e-16 7.91397e-17 4.44529e-17 2.43529e-17 1.29793e-17 6.71077e-18 3.35523e-18 1.61636e-18 7.47222e-19 3.29946e-19 1.38427e-19 5.48449e-20 2.03743e-20 7.03597e-21 2.23417e-21 6.42603e-22 1.63576e-22 3.53618e-23 5.96666e-24 6.42478e-25 2.37118e-26
0 5.5955 3.9500 -0.7357 0.2444 3 10.3717 21.8256 3.38117e-11 2.62276e-11 2.02668e-11 1.55947e-11 1.1944e-11 9.10132e-12 6.89629e-12 5.19328e-12 3.88431e-12 2.88362e-12 2.12319e-12 1.54919e-12 1.11916e-12 7.99659e-13 5.64487e-13 3.9318e-13 2.6984e-13 1.82186e-13 1.20793e-13 7.84899e-14 4.98702e-14 3.0903e-14 1.86211e-14 1.08736e-14 6.12915e-15 3.31963e-15 1.71833e-15 8.44655e-16 3.91289e-16 1.6926e-16 6.76008e-17 2.45831e-17 8.00014e-18 2.2807e-18 5.55309e-19 1.12116e-19 1.85929e-20 2.64894e-21 3.9863e-22 8.74775e-23 2.54884e-23 7.47982e-24 1.9851e-24 4.5492e-25 8.41335e-26 1.07876e-26 6.26806e-28 2.15788e-30 2.64397e-56 5.7019e-66
0 9.3543 5.8456 0.9159 0.0578 2 38.8183 134.0610 4.74493e-14 2.86413e-14 1.75423e-14 1.07521e-14 6.53741e-15 3.92258e-15 2.31533e-15 1.34132e-15 7.61094e-16 4.22097e-16 2.28269e-16 1.20063e-16 6.12378e-17 3.01877e-17 1.43282e-17 6.51977e-18 2.83012e-18 1.16531e-18 4.52151e-19 1.64035e-19 5.51124e-20 1.69364e-20 4.67621e-21 1.12645e-21 2.2376e-22 3.22944e-23 2.39596e-24 2.11566e-26 4.04509e-96 1.47195e-109 1.31749e-126 2.14756e-145 3.51165e-172 1.73178e-204 1.91459e-241 3.82168e-293 0.0 0.0 0.0 0.0 0.0 0.0 0.0 0.0 0.0 0.0 0.0 0.0 0.0 0.0
0 2.8618 6.1415 -0.2823 0.1717 2 6.2628 28.6110 5.42612e-11 4.3243e-11 3.44183e-11 2.73731e-11 2.17344e-11 1.72304e-11 1.36439e-11 1.07774e-11 8.49338e-12 6.68064e-12 5.24094e-12 4.09358e-12 3.18719e-12 2.47287e-12 1.91107e-12 1.4657e-12 1.11771e-12 8.46888e-13 6.37042e-13 4.75254e-13 3.51252e-13 2.56896e-13 1.85661e-13 1.32522e-13 9.34508e-14 6.50873e-14 4.47701e-14 3.04078e-14 2.03896e-14 1.34876e-14 8.78853e-15 5.62994e-15 3.53739e-15 2.174e-15 1.30267e-15 7.58129e-16 4.26587e-16 2.30807e-16 1.19286e-16 5.84134e-17 2.6835e-17 1.14235e-17 4.43729e-18 1.5425e-18 4.68212e-19 1.20283e-19 2.51284e-20 4.05701e-21 4.76893e-22 3.93063e-23
0 5.3392 3.4007 0.6156 0.2839 2 19.1430 24.9264 1.47331e-11 1.06012e-11 7.54564e-12 5.30732e-12 3.68474e-12 2.52206e-12 1.69955e-12 1.12588e-12 7.31999e-13 4.66226e-13 2.90312e-13 1.7633e-13 1.04204e-13 5.9745e-14 3.31287e-14 1.7702e-14 9.07781e-15 4.44726e-15 2.07063e-15 9.10917e-16 3.76198e-16 1.44844e-16 5.16347e-17 1.69526e-17 5.12856e-18 1.45361e-18 4.06535e-19 1.23242e-19 4.35174e-20 1.72979e-20 7.0864e-21 2.8172e-21 1.0578e-21 3.70069e-22 1.19244e-22 3.48784e-23 9.05948e-24 2.01077e-24 3.52678e-25 4.06101e-26 1.75142e-27 7.39291e-31 8.49165e-67 2.1615e-77 9.29333e-91 3.62942e-109 3.93504e-134 1.25218e-167 1.59177e-203 2.78041e-251
0 8.7563 0.8787 -0.7477 0.0962 1 20.5012 21.3428 6.76228e-11 5.09605e-11 3.81659e-11 2.83879e-11 2.09568e-11 1.53432e-11 1.11312e-11 7.99528e-12 5.68009e-12 3.98657e-12 2.76108e-12 1.88474e-12 1.26592e-12 8.35253e-13 5.4044e-13 3.42255e-13 2.11692e-13 1.27496e-13 7.45492e-14 4.21945e-14 2.30353e-14 1.20827e-14 6.06386e-15 2.89957e-15 1.31644e-15 5.66784e-16 2.32311e-16 9.18517e-17 3.59374e-17 1.43817e-17 6.02684e-18 2.63715e-18 1.17429e-18 5.16138e-19 2.18795e-19 8.81364e-20 3.33963e-20 1.17954e-20 3.84318e-21 1.1394e-21 3.01156e-22 6.85204e-23 1.25206e-23 1.56663e-24 8.51667e-26 1.97888e-28 1.25245e-69 1.13869e-82 2.21264e-100 3.46528e-124
0 7.4749 4.8478 1.2823 0.0759 1 12.3262 12.6656 3.66085e-11 2.81537e-11 2.15574e-11 1.64273e-11 1.24518e-11 9.38325e-12 7.02546e-12 5.22291e-12 3.85261e-12 2.81749e-12 2.04107e-12 1.46327e-12 1.03707e-12 7.2578e-13 5.0089e-13 3.40408e-13 2.27447e-13 1.49146e-13 9.57889e-14 6.01189e-14 3.67801e-14 2.18724e-14 1.26038e-14 7.01332e-15 3.7542e-15 1.92554e-15 9.42564e-16 4.38892e-16 1.94124e-16 8.18049e-17 3.32313e-17 1.33506e-17 5.5152e-18 2.42617e-18 1.1407e-18 5.56479e-19 2.71361e-19 1.28967e-19 5.89537e-20 2.57277e-20 1.06544e-20 4.16028e-21 1.52036e-21 5.15321e-22 1.60124e-22 4.48704e-23 1.10465e-23 2.27717e-24 3.55158e-25 3.25553e-26
0 3.8015 1.6511 1.1321 0.1053 2 32.9565 51.4898 3.22534e-14 1.5672e-14 8.02001e-15 4.35495e-15 2.48629e-15 1.46408e-15 8.72256e-16 5.18319e-16 3.04469e-16 1.7586e-16 9.95355e-17 5.50573e-17 2.96875e-17 1.55623e-17 7.907e-18 3.88065e-18 1.83263e-18 8.29104e-19 3.57539e-19 1.46118e-19 5.62108e-20 2.0193e-20 6.70753e-21 2.03361e-21 5.52187e-22 1.30079e-22 2.49801e-23 3.39106e-24 2.17611e-25 9.93818e-28 3.918e-91 1.80918e-105 4.78054e-120 1.9859e-140 3.06851e-168 1.78055e-196 3.78953e-236 9.14573e-291 0.0 0.0 0.0 0.0 0.0 0.0 0.0 0.0 0.0 0.0 0.0 0.0
0 4.5505 5.5745 -0.1381 0.4755 1 27.2988 21.9712 7.86317e-11 5.58652e-11 3.93123e-11 2.73813e-11 1.88636e-11 1.28457e-11 8.64194e-12 5.74115e-12 3.76536e-12 2.43799e-12 1.55893e-12 9.85238e-13 6.16204e-13 3.82084e-13 2.35426e-13 1.4452e-13 8.86058e-14 5.43595e-14 3.33951e-14 2.05317e-14 1.26089e-14 7.71135e-15 4.67986e-15 2.80795e-15 1.65998e-15 9.63908e-16 5.48263e-16 3.04678e-16 1.64995e-16 8.68337e-17 4.42773e-17 2.18011e-17 1.03257e-17 4.68401e-18 2.02503e-18 8.29664e-19 3.20017e-19 1.15309e-19 3.84435e-20 1.17115e-20 3.20167e-21 7.62356e-22 1.49379e-22 2.12559e-23 1.57739e-24 1.63019e-26 1.05688e-164 1.34351e-202 1.73772e-248 5.50964e-311
0 9.6105 4.4558 0.0390 0.8579 2 7.6459 13.6555 2.19478e-11 1.7494e-11 1.3931e-11 1.10828e-11 8.80752e-12 6.99004e-12 5.54044e-12 4.38459e-12 3.46368e-12 2.73132e-12 2.14913e-12 1.68679e-12 1.3206e-12 1.03109e-12 8.01996e-13 6.21563e-13 4.79829e-13 3.68813e-13 2.81919e-13 2.14172e-13 1.61654e-13 1.21128e-13 9.00171e-14 6.62721e-14 4.82699e-14 3.47273e-14 2.46328e-14 1.71908e-14 1.17764e-14 7.89927e-15 5.1752e-15 3.30334e-15 2.0495e-15 1.23326e-15 7.18108e-16 4.03467e-16 2.17872e-16 1.12412e-16 5.49846e-17 2.5252e-17 1.07599e-17 4.19123e-18 1.465e-18 4.48874e-19 1.17049e-19 2.50344e-20 4.20086e-21 5.30355e-22 5.23729e-23 6.12431e-24
0 8.2437 3.9306 -0.0330 1.5514 3 20.1224 20.1925 6.16274e-12 4.06993e-12 2.63872e-12 1.6767e-12 1.04225e-12 6.32504e-13 3.73902e-13 2.14783e-13 1.19572e-13 6.43277e-14 3.33396e-14 1.65926e-14 7.90433e-15 3.59388e-15 1.5567e-15 6.4269e-16 2.54243e-16 9.77236e-17 3.74804e-17 1.48922e-17 6.33218e-18 2.8937e-18 1.3843e-18 6.68922e-19 3.17626e-19 1.45748e-19 6.3993e-20 2.66932e-20 1.05067e-20 3.87307e-21 1.3251e-21 4.15934e-22 1.17861e-22 2.93875e-23 6.15117e-24 9.77653e-25 9.15652e-26 2.09268e-27 2.96647e-65 2.71434e-75 7.08065e-89 3.06278e-103 5.24848e-123 4.13004e-150 9.04102e-187 1.61505e-232 1.18451e-283 0.0 0.0 0.0
0 6.5352 0.0107 -0.3694 0.3227 1 8.8323 44.0486 9.77798e-10 7.34799e-10 5.49085e-10 4.07763e-10 3.00746e-10 2.20154e-10 1.59837e-10 1.15007e-10 8.19442e-11 5.77693e-11 4.0261e-11 2.77138e-11 1.88258e-11 1.26095e-11 8.32168e-12 5.40826e-12 3.46044e-12 2.18036e-12 1.35406e-12 8.30323e-13 5.04249e-13 3.04556e-13 1.83916e-13 1.11681e-13 6.85315e-14 4.26145e-14 2.68445e-14 1.70753e-14 1.09107e-14 6.96369e-15 4.41707e-15 2.77343e-15 1.71884e-15 1.04919e-15 6.29665e-16 3.70905e-16 2.14062e-16 1.20807e-16 6.65221e-17 3.56535e-17 1.85485e-17 9.33777e-18 4.53313e-18 2.11382e-18 9.42583e-19 3.99898e-19 1.60482e-19 6.0506e-20 2.12588e-20 6.89035e-21
0 12.5151 0.8480 0.8078 0.0216 2 23.2129 43.7868 5.52062e-12 3.5237e-12 2.20124e-12 1.34315e-12 7.98797e-13 4.61907e-13 2.58988e-13 1.40397e-13 7.33567e-14 3.68003e-14 1.76518e-14 8.0616e-15 3.49023e-15 1.42676e-15 5.47885e-16 1.96934e-16 6.65998e-17 2.15849e-17 7.01045e-18 2.45136e-18 9.7723e-19 4.38315e-19 2.07624e-19 9.83271e-20 4.52197e-20 1.99232e-20 8.34369e-21 3.29893e-21 1.22228e-21 4.20613e-22 1.3292e-22 3.79719e-23 9.56696e-24 2.03241e-24 3.31108e-25 3.26429e-26 8.76253e-28 5.85907e-36 1.44727e-76 4.34514e-90 4.10689e-105 3.08045e-124 1.21177e-150 1.64392e-186 1.08213e-234 3.56511e-285 0.0 0.0 0.0 0.0
0 3.5202 0.9882 -0.1111 0.5069 1 30.4755 18.4473 4.89424e-11 3.44953e-11 2.40725e-11 1.66222e-11 1.13499e-11 7.65935e-12 5.10642e-12 3.36245e-12 2.18672e-12 1.40497e-12 8.92472e-13 5.61122e-13 3.49733e-13 2.16536e-13 1.33485e-13 8.21098e-14 5.04835e-14 3.10391e-14 1.90783e-14 1.1703e-14 7.14517e-15 4.32753e-15 2.59096e-15 1.52832e-15 8.85445e-16 5.02447e-16 2.7852e-16 1.50423e-16 7.8933e-17 4.01195e-17 1.9684e-17 9.28648e-18 4.19428e-18 1.8045e-18 7.35274e-19 2.81859e-19 1.00846e-19 3.33476e-20 1.00609e-20 2.71737e-21 6.36557e-22 1.21642e-22 1.65298e-23 1.09875e-24 7.04099e-27 3.89078e-147 2.38174e-184 2.73279e-224 3.96109e-277 0.0
0 10.8065 1.7667 0.0060 0.6429 3 9.7146 17.2843 2.86586e-11 2.22933e-11 1.72804e-11 1.33425e-11 1.02578e-11 7.84895e-12 5.97458e-12 4.52181e-12 3.40077e-12 2.53996e-12 1.88261e-12 1.38369e-12 1.00761e-12 7.263e-13 5.17663e-13 3.64401e-13 2.53015e-13 1.73026e-13 1.16348e-13 7.67863e-14 4.96332e-14 3.13465e-14 1.92908e-14 1.15319e-14 6.67222e-15 3.72086e-15 1.99025e-15 1.01527e-15 4.90606e-16 2.22783e-16 9.41576e-17 3.65988e-17 1.28907e-17 4.04148e-18 1.10306e-18 2.55223e-19 4.87366e-20 7.60834e-21 1.08159e-21 1.905e-22 4.94895e-23 1.46911e-23 4.10052e-24 1.00918e-24 2.0783e-25 3.23026e-26 2.92635e-27 6.32024e-29 1.93667e-52 7.17338e-61
0 4.2071 1.9122 0.3784 0.3133 2 32.7086 42.4068 4.49308e-14 2.26758e-14 1.19597e-14 6.62562e-15 3.82579e-15 2.26703e-15 1.35655e-15 8.09521e-16 4.77796e-16 2.77476e-16 1.5801e-16 8.79949e-17 4.78028e-17 2.52655e-17 1.29542e-17 6.42211e-18 3.06693e-18 1.4049e-18 6.14329e-19 2.55007e-19 9.98382e-20 3.65875e-20 1.24348e-20 3.87295e-21 1.08698e-21 2.67551e-22 5.48921e-23 8.39868e-24 7.15329e-25 1.11649e-26 5.35255e-87 3.3945e-100 2.51689e-114 6.86441e-133 6.71707e-159 6.63671e-186 3.47277e-222 2.50559e-272 0.0 0.0 0.0 0.0 0.0 0.0 0.0 0.0 0.0 0.0 0.0 0.0
