sky_model/pwn/ctadc_skymodel_gps_sources_composite.ecsv
# %ECSV 0.9
# ---
# datatype:
# - {name: galactocentric_x, unit: kpc, datatype: float64, format: '%.5f', description: Galactocentric
#     x coordinate}
# - {name: galactocentric_y, unit: kpc, datatype: float64, format: '%.5f', description: Galactocentric
#     y coordinate}
# - {name: galactocentric_z, unit: kpc, datatype: float64, format: '%.5f', description: Galactocentric
#     z coordinate}
# - {name: size_physical, unit: pc, datatype: float64, format: '%.5f', description: physical
#     size}
# - {name: type, datatype: string, description: type of PWN}
# - {name: distance, unit: kpc, datatype: float64, format: '%.5f', description: Distance
#     observer to source center}
# - {name: GLON, unit: deg, datatype: float64, format: '%.5f', description: Galactic
#     longitude}
# - {name: GLAT, unit: deg, datatype: float64, format: '%.5f', description: Galactic
#     latitude}
# - {name: RA, unit: deg, datatype: float64, format: '%.5f'}
# - {name: DEC, unit: deg, datatype: float64, format: '%.5f'}
# - {name: sigma, unit: deg, datatype: float64, format: '%.5f'}
# - {name: galactocentric_r, unit: kpc, datatype: float64, format: '%0.4f', description: Galactocentric
#     radius in the xy plan}
# - {name: spec_alpha, datatype: float64, format: '%5g', description: Spectral model
#     parameter (log parabola)}
# - {name: spec_beta, datatype: float64, format: '%5g', description: Spectral model
#     parameter (log parabola)}
# - {name: spec_norm, unit: 1 / (cm2 MeV s), datatype: float64, format: '%5g', description: Spectral
#     model norm parameter (log parabola)}
# - {name: spec_norm_cu, unit: '%', datatype: float64, format: '%5g', description: Spectral
#     model norm parameter (log parabola) in crab units}
# - {name: int_flux_above_1TeV, unit: 1 / (cm2 s), datatype: float64, format: '%5g',
#   description: 'Integral flux above 1 TeV '}
# - {name: int_flux_above_1TeV_cu, unit: '%', datatype: float64, format: '%5g', description: Integral
#     flux above 1 TeV in crab units}
# - {name: luminosity, unit: erg / s, datatype: float64, description: Intrinsic source
#     luminosity}
# - {name: skip, datatype: int64, description: 'skip boolean: 0 take, 1 skip'}
# - {name: source_name, datatype: string, description: source name}
galactocentric_x galactocentric_y galactocentric_z size_physical type distance GLON GLAT RA DEC sigma galactocentric_r spec_alpha spec_beta spec_norm spec_norm_cu int_flux_above_1TeV int_flux_above_1TeV_cu luminosity skip source_name
[from data line 244]
10.72760 -7.08625 -0.06006 14.13111 composite 10.82052 82.49247 -0.31803 311.34587 42.44027 0.07480 12.8568 2.12287 0.151773 4.61359e-20 0.142835 3.39991e-14 0.182054 2.74415922415e+33 0 composite_244
-1.27515 -0.78035 -0.15916 14.80737 composite 7.82588 -9.37956 -1.16534 261.52392 -37.46342 0.10837 1.4950 2.08705 0.304963 1.18284e-19 0.366204 8.12769e-14 0.435212 5.47251720609e+33 0 composite_245
-7.84014 -9.67069 0.18919 8.63511 composite 7.92932 -98.49266 1.36718 131.62047 -41.01585 0.06237 12.4495 1.55267 0.255215 4.89457e-20 0.151535 4.90572e-14 0.262685 4.58663346154e+33 0 composite_246
-8.91757 3.34737 0.08709 11.41682 composite 14.82872 -36.96895 0.33650 231.26793 -56.41798 0.04410 9.5251 2.42051 0.237501 6.09476e-20 0.188692 3.61845e-14 0.193756 5.59314027803e+33 0 composite_247
-1.41322 -5.67855 0.01802 4.91864 composite 3.15565 -26.60557 0.32718 244.71724 -49.86420 0.08927 5.8518 2.14152 0.362202 5.50745e-19 1.70509 3.5662e-13 1.90959 4.43223116163e+33 0 composite_248
-6.22354 9.86113 0.11411 3.80938 composite 19.38754 -18.72419 0.33723 252.53564 -44.05296 0.01125 11.6608 2.02911 0.155591 7.34897e-20 0.227522 5.73173e-14 0.306916 1.59489188883e+34 0 composite_249
-2.00082 -2.00612 0.17117 4.22599 composite 6.79728 -17.12451 1.44298 252.77030 -42.11606 0.03561 2.8333 1.87086 0.309762 1.32232e-19 0.409388 1.02915e-13 0.551076 6.45098680427e+33 0 composite_250
-6.67699 -4.53750 -0.00300 2.44771 composite 7.76425 -59.31273 -0.02214 187.94267 -62.80814 0.01806 8.0729 2.2044 0.155548 1.8912e-19 0.585512 1.32302e-13 0.708438 5.27460379236e+33 0 composite_251
3.40327 -7.13159 -0.06607 4.42224 composite 3.66867 68.09559 -1.03191 301.68051 30.28234 0.06904 7.9020 2.08265 0.288562 3.52362e-19 1.0909 2.44926e-13 1.3115 3.46080612256e+33 0 composite_252
0.12508 -6.70486 0.03604 20.95058 composite 1.79985 3.98576 1.14736 267.61299 -24.93099 0.66668 6.7060 2.30039 0.111722 3.25547e-18 10.0788 2.20919e-12 11.8295 4.01878529613e+33 1 composite_253
-0.90164 -6.12749 0.10210 8.00391 composite 2.54011 -20.80861 2.30363 248.55761 -44.32527 0.18047 6.1935 1.751 0.110318 6.2624e-19 1.93882 6.14878e-13 3.29248 3.06068357932e+33 0 composite_254
2.42735 -1.81797 -0.17117 13.27301 composite 7.11132 19.96433 -1.37925 278.11415 -12.15933 0.10690 3.0327 2.03191 0.224212 8.58599e-20 0.26582 6.38847e-14 0.342082 2.91379986093e+33 0 composite_255
-3.97788 4.40757 0.06306 12.58059 composite 13.50677 -17.12835 0.26750 254.00228 -42.86205 0.05335 5.9372 2.25504 0.397959 2.79769e-20 0.0866159 1.68045e-14 0.0899826 3.83009751222e+33 0 composite_256
-0.03709 0.07743 0.09309 20.05260 composite 8.57802 -0.24775 0.62180 265.65188 -28.82157 0.13389 0.0859 1.99111 0.144247 6.24566e-20 0.193364 5.03388e-14 0.269548 2.7210726505e+33 0 composite_257
1.18002 3.79305 0.11712 2.32525 composite 12.35011 5.48307 0.54336 269.01946 -23.94774 0.01078 3.9724 1.95028 0.325969 2.16896e-19 0.671505 1.59372e-13 0.853387 3.23404190744e+34 0 composite_258
-0.03015 -0.08039 -0.54955 8.91304 composite 8.43758 -0.20517 -3.73439 269.99918 -31.00899 0.06050 0.0859 2.19495 0.272159 8.6142e-20 0.266693 5.67127e-14 0.303678 3.68083914214e+33 0 composite_259
-3.99969 -0.68419 0.10210 3.99492 composite 8.78037 -27.10080 0.66626 243.79843 -49.96502 0.02606 4.0578 2.04423 0.184233 1.4996e-19 0.464271 1.13618e-13 0.608391 6.96582283965e+33 0 composite_260
-1.47480 6.54185 -0.08709 0.51878 composite 15.11423 -5.59975 -0.33015 263.23518 -33.85091 0.01000 6.7060 2.15129 0.330445 2.43005e-20 0.0752336 1.59011e-14 0.0851451 4.07582836078e+33 0 composite_261
6.36574 -5.88736 0.07508 19.51640 composite 6.88144 67.68567 0.62514 299.79771 30.81602 0.16243 8.6709 2.39448 0.188613 1.71463e-19 0.530845 1.05709e-13 0.566038 3.18630178207e+33 0 composite_262
5.90836 -5.62574 -0.07207 16.70491 composite 6.57079 64.05831 -0.62845 298.86012 27.06689 0.14561 8.1583 1.85528 0.150621 1.86577e-19 0.577638 1.64114e-13 0.878778 5.80549156421e+33 0 composite_263
1.91890 9.85256 0.06907 24.84918 composite 18.45273 5.96902 0.21446 269.59686 -23.69219 0.07713 10.0377 2.13358 0.158234 2.94908e-20 0.0913028 2.14995e-14 0.115123 5.09986644745e+33 0 composite_264
-14.26190 1.16106 -0.03003 10.59719 composite 17.22611 -55.88615 -0.09988 195.45894 -62.94777 0.03523 14.3091 1.88273 0.156508 1.59025e-20 0.0492338 1.36617e-14 0.0731541 3.32012385911e+33 0 composite_265
-1.81692 2.39356 -0.19520 5.40645 composite 11.04577 -9.46911 -1.01258 261.30131 -37.45206 0.02803 3.0051 1.97428 0.327568 2.7839e-20 0.0861888 2.01519e-14 0.107907 3.21559592534e+33 0 composite_266
5.68808 12.38160 0.12312 0.73634 composite 21.64280 15.23749 0.32594 274.28453 -15.53965 0.01000 13.6256 2.41899 0.258536 2.07735e-20 0.0643143 1.22227e-14 0.0654489 4.24127792441e+33 0 composite_267
9.49364 -1.97049 0.08108 6.11860 composite 11.52260 55.48069 0.40317 293.20482 20.15027 0.03041 9.6960 1.72036 0.296069 1.51177e-20 0.046804 1.30676e-14 0.069973 2.57859138008e+33 0 composite_268
-1.44329 -7.15384 -0.00901 24.46354 composite 1.97365 -46.99426 -0.26156 214.32262 -61.44274 0.70991 7.2980 2.17972 0.368296 1.28142e-18 3.96724 8.10783e-13 4.34148 3.87392708086e+33 0 composite_269
-0.73028 10.01890 -0.31532 8.85505 composite 18.53598 -2.25825 -0.97472 266.00183 -31.37088 0.02736 10.0455 2.01699 0.15047 2.62529e-20 0.0812785 2.0711e-14 0.110901 5.23294940388e+33 0 composite_270
-1.12054 5.13288 -0.13213 14.95004 composite 13.67949 -4.69880 -0.55343 264.04604 -33.21478 0.06259 5.2538 1.80546 0.226706 1.6611e-20 0.0514271 1.42644e-14 0.0763814 2.90011428291e+33 0 composite_271
-10.62420 -0.49465 -0.05706 20.04654 composite 13.30273 -53.00192 -0.24576 201.79426 -62.83501 0.08631 10.6357 2.07483 0.304027 2.51644e-20 0.0779082 1.74203e-14 0.0932803 3.41588572113e+33 0 composite_272
1.14799 -0.58374 -0.13514 8.74730 composite 8.00021 8.25133 -0.96789 271.93600 -22.28862 0.06262 1.2879 2.02813 0.204935 1.68366e-19 0.521257 1.2712e-13 0.680689 6.95146606858e+33 0 composite_273
-3.23889 -4.77076 0.02102 10.11664 composite 4.93944 -40.97471 0.24383 224.95938 -58.55731 0.11730 5.7663 2.11889 0.298482 1.69481e-19 0.524709 1.14789e-13 0.61466 2.93679051444e+33 0 composite_274
-1.98421 -6.66548 -0.43243 14.91176 composite 2.73670 -47.24478 -9.09148 221.93128 -69.71397 0.31207 6.9545 1.95522 0.20792 6.11305e-19 1.89259 4.8228e-13 2.58245 3.28792246569e+33 0 composite_275
-9.69729 -7.49937 -0.24024 5.88938 composite 9.75174 -84.10870 -1.41166 143.06096 -53.48406 0.03459 12.2588 2.08591 0.153614 5.2852e-20 0.163628 3.98103e-14 0.213171 2.68574255769e+33 0 composite_276
6.20918 6.29459 0.15015 3.68055 composite 16.04545 22.76743 0.53617 277.70454 -8.78845 0.01314 8.8417 2.16654 0.260212 1.67717e-20 0.0519247 1.12904e-14 0.0604567 2.62054017324e+33 0 composite_277
-0.04425 -3.17646 0.23123 20.41613 composite 5.32874 -0.47624 2.48702 263.71932 -28.01996 0.21943 3.1768 2.47139 0.104615 6.5066e-19 2.01443 4.01982e-13 2.15248 5.77690980464e+33 0 composite_278
-1.06427 4.97025 0.06907 10.82220 composite 13.51240 -4.51749 0.29287 263.31563 -32.60396 0.04587 5.0829 1.95256 0.215524 3.31773e-20 0.102716 2.60845e-14 0.139674 4.44656792273e+33 0 composite_279
-4.04646 3.86465 -0.12913 26.38049 composite 13.01058 -18.12122 -0.56867 254.04387 -44.15976 0.11613 5.5955 2.14054 0.30561 2.77393e-20 0.0858801 1.84928e-14 0.099023 3.29118185905e+33 0 composite_280
-3.96422 -8.47274 0.14414 5.64873 composite 3.96693 -89.60601 2.08232 140.63051 -47.15767 0.08156 9.3543 2.01426 0.179318 7.41984e-19 2.29716 5.74797e-13 3.07785 7.24211248244e+33 0 composite_281
-0.40397 -2.83315 -0.10210 5.75772 composite 5.68215 -4.07752 -1.02958 264.92288 -32.94490 0.05804 2.8618 1.81382 0.31785 7.18716e-20 0.222513 5.76517e-14 0.308706 2.73835952214e+33 0 composite_282
-1.36804 5.16096 0.12012 15.73459 composite 13.72981 -5.71867 0.50128 262.32166 -33.49394 0.06564 5.3392 2.11827 0.247919 3.13221e-20 0.0969723 2.18251e-14 0.116866 3.71969856121e+33 0 composite_283
6.74161 -5.58777 -0.12012 2.19028 composite 7.34471 66.63670 -0.93709 300.69023 29.10051 0.01708 8.7563 2.35212 0.186333 1.24084e-19 0.384159 7.83764e-14 0.419681 2.74957873926e+33 0 composite_284
-7.40646 -1.00902 0.21321 20.38175 composite 10.53641 -44.67494 1.15949 217.71148 -59.29913 0.11079 7.4749 1.73096 0.229407 2.68282e-20 0.0830595 2.41879e-14 0.129519 3.12806214993e+33 0 composite_285
3.78924 0.30512 0.20420 6.38798 composite 9.58802 23.28439 1.22034 277.33366 -8.01342 0.03816 3.8015 1.93458 0.119686 6.03066e-20 0.186708 5.14432e-14 0.275462 3.35197548133e+33 0 composite_286
-2.96169 -3.45478 -0.17417 4.87751 composite 5.85288 -30.41417 -1.70526 242.51560 -53.96212 0.04773 4.5505 1.94115 0.244449 1.01697e-19 0.314851 7.90051e-14 0.423047 2.79006364115e+33 0 composite_287
-9.29596 2.43881 0.03303 21.35207 composite 14.35526 -40.35837 0.13183 226.09559 -58.35944 0.08519 9.6105 1.90569 0.222883 2.88265e-20 0.0892462 2.32377e-14 0.124431 4.74435223573e+33 0 composite_288
-5.85038 5.80792 -0.03003 9.32581 composite 15.45783 -22.23921 -0.11131 249.74135 -47.00738 0.03455 8.2437 2.22373 0.238337 4.30194e-20 0.133187 2.83795e-14 0.151963 5.50547149139e+33 0 composite_289
0.07020 -6.53480 -0.08408 4.84260 composite 1.96825 2.04582 -2.44831 269.99332 -28.41940 0.14091 6.5352 2.21857 0.130632 3.40488e-18 10.5414 2.39845e-12 12.8429 5.71931009009e+33 1 composite_290
9.38612 -8.27816 0.12012 30.99973 composite 9.38951 88.64607 0.73300 315.82646 47.82645 0.18909 12.5151 2.04656 0.108276 1.27059e-19 0.393373 1.01341e-13 0.542648 5.73386073821e+33 0 composite_291
2.93947 -1.93683 -0.16216 11.58815 composite 7.19319 24.12634 -1.29176 279.97835 -8.42335 0.09227 3.5202 2.08615 0.13944 1.24716e-19 0.386116 9.48291e-14 0.50778 3.34785887975e+33 0 composite_292
10.59990 2.10296 0.00601 24.15939 composite 14.99269 44.99173 0.02297 288.40296 10.72704 0.09229 10.8065 2.28887 0.193086 2.82136e-20 0.0873487 1.83914e-14 0.0984799 2.84836031544e+33 0 composite_293
3.96432 1.40841 0.35135 2.82044 composite 10.67782 21.80617 1.88564 276.04296 -9.01179 0.01513 4.2071 2.08632 0.132409 2.74635e-19 0.850263 2.09808e-13 1.12345 1.60110497922e+34 0 composite_294
-10.21510 7.52232 0.14414 0.84311 composite 19.00220 -32.51973 0.43462 237.44478 -53.71283 0.01000 12.6860 2.03186 0.330198 2.63127e-20 0.0814636 1.83998e-14 0.0985248 8.30699852879e+33 0 composite_295
5.05080 -10.32030 -0.15916 20.19646 composite 5.37116 109.81908 -1.69805 347.11560 58.52733 0.21536 11.4900 2.13695 0.359024 2.23076e-19 0.690639 1.45026e-13 0.776567 5.19287300516e+33 0 composite_296
-9.31707 -8.35580 0.17417 26.74862 composite 9.31981 -89.11331 1.07081 140.08700 -48.22157 0.16438 12.5151 2.2728 0.274798 7.76967e-20 0.240547 4.89651e-14 0.262193 3.67099504088e+33 0 composite_297
-9.38771 -8.01565 -0.10210 9.51794 composite 9.40075 -87.04650 -0.62229 140.49632 -50.88004 0.05799 12.3442 2.44088 0.288379 3.63825e-19 1.12639 2.08908e-13 1.11864 1.44915699446e+34 0 composite_298
-8.59888 -1.12160 -0.24024 15.88728 composite 11.33310 -49.36825 -1.21465 210.05302 -63.05367 0.08029 8.6717 2.08094 0.388011 6.16462e-20 0.190855 4.0715e-14 0.218016 7.51547568871e+33 0 composite_299
-3.89183 -2.05165 -0.02703 6.60338 composite 7.53182 -31.11261 -0.20562 239.95340 -53.30716 0.05021 4.3995 2.33741 0.265425 1.58703e-19 0.491341 9.70925e-14 0.519899 4.41110371603e+33 0 composite_300
-1.85468 7.32928 -0.18619 11.62187 composite 15.93865 -6.68274 -0.66933 262.86189 -34.94314 0.04176 7.5603 2.21646 0.360606 8.03905e-20 0.248887 5.00801e-14 0.268163 1.47291582416e+34 0 composite_301
-7.47037 0.25947 -0.13213 2.60267 composite 11.51313 -40.45866 -0.65757 226.67486 -59.09619 0.01295 7.4749 2.01649 0.318188 4.77289e-20 0.147767 3.38947e-14 0.181495 5.48293775163e+33 0 composite_302
1.11727 -4.05600 -0.90090 15.77728 composite 4.67002 14.11230 -11.12275 284.54661 -21.69544 0.19349 4.2071 2.24246 0.266267 2.65857e-19 0.823088 1.71049e-13 0.915911 3.22168716004e+33 0 composite_303
2.32950 -6.92258 0.00601 3.46026 composite 2.81334 55.89612 0.12240 293.68117 20.37771 0.07044 7.3040 2.33857 0.253434 9.05346e-19 2.80293 5.56765e-13 2.9813 3.41844541654e+33 0 composite_304
-3.20882 0.72153 0.18318 0.96150 composite 9.76559 -19.18639 1.07480 251.33803 -43.92955 0.01000 3.2889 2.08503 0.108954 7.30332e-20 0.226109 5.67662e-14 0.303965 3.40416768892e+33 0 composite_305
1.60250 -5.18252 0.05105 1.06827 composite 3.68460 25.78274 0.79386 278.87687 -5.99454 0.01661 5.4246 2.02259 0.189255 3.10483e-19 0.961248 2.37667e-13 1.27263 2.64369657778e+33 0 composite_306
4.83369 3.42522 0.24024 33.97761 composite 12.86985 22.06436 1.06960 276.89595 -9.16377 0.15121 5.9242 2.07606 0.171157 6.23017e-20 0.192884 4.66734e-14 0.249921 5.79551077034e+33 0 composite_307
4.82629 13.19800 -0.21622 1.03400 composite 22.22933 12.54016 -0.55731 273.75421 -18.33218 0.01000 14.0528 1.87465 0.187746 1.68318e-19 0.521107 1.42005e-13 0.760389 6.37084187277e+34 0 composite_308
-3.90976 -2.64824 0.23724 24.49937 composite 7.04170 -33.74823 1.93070 234.27743 -53.26956 0.19927 4.7222 1.74983 0.299815 1.05883e-19 0.327812 8.95409e-14 0.479463 6.50800459525e+33 0 composite_309
-3.58868 -1.84538 0.20120 3.78870 composite 7.56327 -28.33694 1.52438 241.47723 -50.17560 0.02869 4.0354 1.91916 0.254816 6.34607e-20 0.196473 4.9647e-14 0.265844 3.08111756626e+33 0 composite_310
1.64276 2.09417 -0.31832 1.23058 composite 10.72550 8.81424 -1.70072 272.92280 -22.15001 0.01000 2.6616 2.37646 0.221345 1.58189e-19 0.48975 9.68638e-14 0.518675 7.7632498156e+33 0 composite_311
-0.54163 -5.91243 0.00901 3.47244 composite 2.64366 -11.82246 0.19527 258.32931 -38.68625 0.07523 5.9372 2.04217 0.295913 1.37734e-18 4.2642 9.75905e-13 5.22566 7.58423914139e+33 0 composite_312
2.36975 2.36572 -0.13514 9.58823 composite 11.12195 12.30322 -0.69620 273.76372 -18.60667 0.04938 3.3485 2.23666 0.15381 6.44305e-20 0.199475 4.42648e-14 0.237024 3.53369023947e+33 0 composite_313
-6.93228 9.58810 0.00601 7.46818 composite 19.37101 -20.96937 0.01778 250.82080 -45.96965 0.02208 11.8317 1.81699 0.170945 1.53556e-20 0.0475406 1.36511e-14 0.0730975 4.59686739524e+33 0 composite_314
-7.72699 -2.61213 -0.18619 19.38830 composite 9.71638 -52.69305 -1.09800 202.74822 -63.63324 0.11429 8.1566 2.36784 0.244385 8.49551e-20 0.263019 5.1672e-14 0.276687 3.62010342114e+33 0 composite_315
-10.73460 -2.67464 0.12012 14.66114 composite 12.21396 -61.51258 0.56349 183.36517 -61.98009 0.06875 11.0628 1.71957 0.311731 2.36938e-20 0.0733555 2.02677e-14 0.108527 4.75750813692e+33 0 composite_316
-12.57820 4.77707 0.13814 16.55277 composite 18.28964 -43.45167 0.43275 220.48184 -59.48599 0.05183 13.4548 2.42272 0.132745 3.53728e-20 0.109513 2.21121e-14 0.118403 4.07782433797e+33 0 composite_317
-4.84108 -0.83201 -0.04505 25.74101 composite 9.06842 -32.26570 -0.28463 238.54970 -54.11068 0.16257 4.9121 2.02834 0.353809 8.95292e-20 0.27718 6.19364e-14 0.33165 6.89494413048e+33 0 composite_318
9.82802 7.18337 0.16817 4.34457 composite 18.50909 32.07341 0.52059 282.00466 -0.52664 0.01344 12.1734 2.17829 0.327196 1.45052e-20 0.0449078 9.36944e-15 0.0501704 3.48163998168e+33 0 composite_319
-0.07650 1.97327 -0.38739 3.96411 composite 10.48071 -0.41850 -2.11826 268.24812 -30.38434 0.02166 1.9748 2.07516 0.29268 3.50719e-20 0.108582 2.44271e-14 0.130799 2.8707990907e+33 0 composite_320
7.19979 2.00918 0.06607 4.60384 composite 12.73908 34.41486 0.29716 283.27126 1.45529 0.02070 7.4749 1.8356 0.232879 3.37988e-20 0.10464 2.83212e-14 0.151651 4.97387000249e+33 0 composite_321
-6.06865 2.64648 -0.12012 8.31592 composite 12.69200 -28.56588 -0.54227 243.43623 -51.85044 0.03753 6.6206 2.10578 0.344275 3.35939e-20 0.104006 2.23761e-14 0.119817 4.39944293551e+33 0 composite_322
1.79001 5.66092 -0.17117 11.20144 composite 14.27463 7.20426 -0.68706 271.11640 -23.06521 0.04494 5.9372 1.8857 0.214126 3.88907e-20 0.120405 3.19554e-14 0.171111 6.37304509073e+33 0 composite_323
