sky_model/pwn/ctadc_skymodel_gps_sources_pwn.ecsv
# %ECSV 0.9
# ---
# datatype:
# - {name: galactocentric_x, unit: kpc, datatype: float64, format: '%.5f', description: Galactocentric
#     x coordinate}
# - {name: galactocentric_y, unit: kpc, datatype: float64, format: '%.5f', description: Galactocentric
#     y coordinate}
# - {name: galactocentric_z, unit: kpc, datatype: float64, format: '%.5f', description: Galactocentric
#     z coordinate}
# - {name: size_physical, unit: pc, datatype: float64, format: '%.5f', description: Physical
#     size}
# - {name: spiralarm, datatype: string, description: 'Which spiralarm?'}
# - {name: distance, unit: kpc, datatype: float64, format: '%.5f', description: Distance
#     observer to source center}
# - {name: GLON, unit: deg, datatype: float64, format: '%.5f', description: Galactic
#     longitude}
# - {name: GLAT, unit: deg, datatype: float64, format: '%.5f', description: Galactic
#     latitude}
# - {name: RA, unit: deg, datatype: float64, format: '%.5f'}
# - {name: DEC, unit: deg, datatype: float64, format: '%.5f'}
# - {name: sigma, unit: deg, datatype: float64, format: '%.5f'}
# - {name: galactocentric_r, unit: kpc, datatype: float64, format: '%0.4f', description: Galactocentric
#     radius in the xy plan}
# - {name: spec_alpha, datatype: float64, format: '%5g', description: Spectral model
#     parameter (log parabola)}
# - {name: spec_beta, datatype: float64, format: '%5g', description: Spectral model
#     parameter (log parabola)}
# - {name: spec_norm, unit: 1 / (cm2 MeV s), datatype: float64, format: '%5g', description: Spectral
#     model norm parameter (log parabola)}
# - {name: spec_norm_cu, unit: '%', datatype: float64, format: '%5g', description: Spectral
#     model norm parameter (log parabola) in crab units}
# - {name: int_flux_above_1TeV, unit: 1 / (cm2 s), datatype: float64, format: '%5g',
#   description: 'Integral flux above 1 TeV '}
# - {name: int_flux_above_1TeV_cu, unit: '%', datatype: float64, format: '%5g', description: Integral
#     flux above 1 TeV in crab units}
galactocentric_x galactocentric_y galactocentric_z size_physical spiralarm distance GLON GLAT RA DEC sigma galactocentric_r spec_alpha spec_beta spec_norm spec_norm_cu int_flux_above_1TeV int_flux_above_1TeV_cu
10.06780 -1.05684 -0.18919 4.50101 "" 12.52186 53.52435 -0.86570 293.37894 17.82434 0.02059 10.1231 1.84816 0.0535175 8.5918e-21 0.0266 8.25551e-15 0.0442056
0.60416 1.27350 -0.05405 30.40688 "" 9.79230 3.53730 -0.31625 268.75644 -26.06152 0.17785 1.4095 2.2209 0.291957 8.18668e-21 0.0253457 5.25998e-15 0.0281655
9.92393 7.05028 0.06006 28.11953 "" 18.44720 32.54534 0.18654 282.51718 -0.25899 0.08730 12.1734 2.67334 0.366999 2.3479e-20 0.0726905 1.17325e-14 0.0628237
-0.42765 0.03749 -0.27327 17.64734 "" 8.55256 -2.86760 -1.83102 266.48767 -32.33734 0.11818 0.4293 1.92721 0.356769 1.16536e-19 0.360792 8.52717e-14 0.456603
7.00476 0.77712 0.06607 26.65942 "" 11.62480 37.05491 0.32564 284.45176 3.81749 0.13135 7.0477 1.86721 0.355866 8.52169e-22 0.00263829 6.46307e-16 0.00346077
-3.47076 -3.92223 -0.17718 18.06384 "" 5.74748 -37.16857 -1.76656 233.16256 -58.26684 0.18001 5.2374 2.10752 0.0187802 2.19299e-20 0.0678944 1.7977e-14 0.0962613
3.87097 4.15792 0.14114 13.14773 "" 13.23734 17.00437 0.61091 274.89008 -13.84856 0.05689 5.6809 2.06721 0.45115 7.16348e-23 0.00022178 4.62434e-17 0.000247619
5.21225 -6.49670 0.23724 12.42729 "" 5.58901 68.97601 2.43280 298.77040 32.85802 0.12735 8.3291 2.38921 0.241122 1.63202e-20 0.0505269 9.83129e-15 0.0526434
4.49005 -8.98613 0.00300 4.35722 "" 4.51629 96.17925 0.03806 324.94899 52.65758 0.05526 10.0455 2.25638 0.0694307 1.03519e-17 32.0492 7.41213e-12 39.6896
-5.71128 -6.41021 -0.12012 1.45950 "" 6.08279 -69.90214 -1.13152 165.37648 -61.23362 0.01374 8.5854 2.46592 0.249177 3.46483e-19 1.0727 1.99913e-13 1.07047
9.34105 -2.25997 0.34835 10.76483 "" 11.23897 56.25619 1.77616 292.31542 21.49012 0.05486 9.6106 2.1323 0.248393 2.97921e-20 0.0922356 2.05857e-14 0.11023
-0.25033 2.99461 0.09610 29.03483 "" 11.49774 -1.24759 0.47889 265.18552 -29.74599 0.14463 3.0051 1.98182 0.354869 1.18034e-20 0.0365429 8.37828e-15 0.044863
2.34733 5.54634 -0.09610 15.51265 "" 14.24145 9.48722 -0.38663 272.03526 -20.92607 0.06239 6.0226 2.44822 0.120135 3.48028e-22 0.00107749 2.15971e-16 0.00115646
1.02743 -2.20727 0.20721 9.39370 "" 6.37942 9.27301 1.86135 269.83327 -20.00762 0.08434 2.4347 2.15387 0.133456 4.80353e-19 1.48716 3.51421e-13 1.88175
-4.37329 -8.46182 -0.11712 1.30998 "" 4.37502 -89.49981 -1.53400 136.80774 -49.73959 0.01715 9.5251 2.01617 0.0390559 4.67399e-18 14.4705 4.01893e-12 21.5201
0.59163 -3.47013 0.19219 2.65884 "" 5.06819 6.70850 2.17322 268.16448 -22.06680 0.03005 3.5202 1.87088 0.0567707 9.22375e-18 28.5565 8.68604e-12 46.511
-1.73505 -2.01837 0.16517 12.93139 "" 6.71187 -14.98600 1.41011 254.59461 -40.47492 0.11035 2.6616 2.17561 0.209133 2.68421e-18 8.31024 1.84996e-12 9.90596
7.88438 -4.00154 0.02102 17.73868 "" 9.07745 60.29293 0.13268 296.01046 24.21044 0.11192 8.8417 2.02999 0.268759 6.66508e-20 0.206349 4.83176e-14 0.258725
-14.37290 0.78756 -0.04805 13.16603 "" 17.11261 -57.13004 -0.16088 192.72283 -63.03256 0.04407 14.3945 2.11333 0.449893 2.36092e-19 0.730935 1.48907e-13 0.797347
-4.20548 -8.54646 -0.08408 4.85308 "" 4.20658 -90.63295 -1.14529 136.08601 -48.63871 0.06608 9.5251 2.45077 0.352529 5.83787e-19 1.80739 3.24748e-13 1.73892
2.22037 3.89673 -0.12312 11.61621 "" 12.59461 10.15454 -0.56011 272.54290 -20.42625 0.05282 4.4849 2.19668 0.495456 4.98396e-21 0.0154302 2.95749e-15 0.0158364
0.44998 0.39842 -0.33033 6.74851 "" 8.91591 2.89490 -2.12327 270.14963 -27.52142 0.04335 0.6010 2.30491 0.296789 1.63563e-19 0.506388 1.0027e-13 0.536912
1.44126 -6.72416 -0.08108 31.07668 "" 2.28854 39.06256 -2.03034 287.47380 4.52145 0.77774 6.8769 2.52762 0.469458 4.35235e-19 1.34748 2.23853e-13 1.19866
1.43396 7.85504 0.00601 8.51816 "" 16.41778 5.01071 0.02097 269.25458 -24.61862 0.02972 7.9849 2.18922 0.427478 1.27735e-21 0.00395465 7.82904e-16 0.0041922
1.04201 -15.38440 0.00601 7.19434 "" 6.96281 171.39315 0.04946 80.91277 36.19735 0.05918 15.4196 2.43657 0.0138384 1.81912e-18 5.63196 1.20921e-12 6.47492
8.67133 9.14225 0.12312 12.25159 "" 19.65849 26.17455 0.35884 279.44630 -5.84645 0.03569 12.6005 1.66217 0.398097 9.16825e-21 0.0283847 7.68023e-15 0.0411252
10.52160 2.46502 -0.15616 40.01695 "" 15.19737 43.81775 -0.58875 288.40011 9.40327 0.15081 10.8065 2.13284 0.111618 1.62915e-20 0.0504381 1.22556e-14 0.0656247
-10.12280 0.07797 0.12012 27.20922 "" 13.26903 -49.72236 0.51869 208.38305 -61.46430 0.11744 10.1231 2.63824 0.47415 1.16224e-20 0.0359828 5.69122e-15 0.0304746
-0.24657 -3.68368 -0.25526 6.09544 "" 4.82938 -2.93068 -3.02982 267.66994 -33.00869 0.07229 3.6919 1.59693 0.0598395 6.01822e-21 0.0186323 7.03065e-15 0.0376469
-10.12900 7.63778 -0.08108 6.30888 "" 19.05338 -32.11475 -0.24382 238.70341 -53.98298 0.01896 12.6859 2.53448 0.102737 2.63731e-21 0.00816505 1.57567e-15 0.00843723
-8.41123 4.28475 0.08408 10.48583 "" 15.30378 -33.34136 0.31479 236.47325 -54.31580 0.03924 9.4397 2.37356 0.151683 2.77843e-20 0.0860194 1.76675e-14 0.094604
1.77421 9.96643 0.10511 3.27136 "" 18.55176 5.48800 0.32463 269.22918 -24.05340 0.01010 10.1231 2.30238 0.00154581 8.89506e-21 0.0275389 6.48224e-15 0.0347103
-3.94263 -8.76461 -0.14414 21.97544 "" 3.95413 -93.83965 -2.08907 131.93028 -46.80714 0.31830 9.6106 2.51571 0.00684129 1.5718e-18 4.86624 1.00122e-12 5.36122
-2.18130 6.88113 0.08709 1.49080 "" 15.53528 -8.07167 0.32120 260.90796 -35.54636 0.01000 7.2186 2.14423 0.319159 2.30982e-20 0.0715113 1.526e-14 0.0817122
0.08019 -0.03069 0.70270 12.22490 "" 8.49879 0.54248 4.74276 262.21802 -25.93854 0.08238 0.0859 1.74008 0.027942 9.93037e-19 3.07442 1.0655e-12 5.70539
-1.98534 2.69644 -0.30330 10.88953 "" 11.37514 -10.05511 -1.52788 261.42613 -38.22603 0.05483 3.3485 2.14685 0.0506367 8.09223e-19 2.50533 6.30095e-13 3.37396
2.30560 -5.47123 -0.08108 23.42532 "" 3.80734 37.27959 -1.22025 285.93211 3.31025 0.35239 5.9372 1.88062 0.216777 6.73704e-19 2.08577 5.54368e-13 2.96847
-10.29330 -0.11795 0.03003 7.38857 "" 13.27448 -50.84335 0.12962 206.25453 -62.09284 0.03188 10.2940 1.65128 0.379529 1.61729e-20 0.0500709 1.38082e-14 0.0739386
-2.55671 -3.26028 0.02102 23.11172 "" 5.83026 -26.00996 0.20657 245.50268 -49.53075 0.22704 4.1432 1.88661 0.176144 1.06059e-19 0.328357 8.95309e-14 0.479409
-1.54426 -4.30155 0.02102 4.08879 "" 4.47350 -20.19436 0.26922 251.27364 -45.21901 0.05235 4.5703 1.92817 0.443209 1.25981e-20 0.0390033 8.79489e-15 0.0470938
4.06377 1.63082 0.07508 16.44399 "" 10.91574 21.85717 0.39409 277.40487 -9.66092 0.08628 4.3788 2.12219 0.0886704 1.1284e-19 0.34935 8.68565e-14 0.465089
1.97818 2.48569 -0.04805 23.54238 "" 11.16248 10.20779 -0.24664 272.27778 -20.22803 0.12079 3.1768 2.45688 0.112226 7.32787e-20 0.226869 4.54497e-14 0.243368
0.43878 0.41071 -0.33033 7.44414 "" 8.92762 2.81907 -2.12048 270.10456 -27.58586 0.04776 0.6010 2.23399 0.0219194 1.58353e-21 0.00490256 1.18892e-15 0.00636626
-6.86794 -5.00813 -0.10811 27.34423 "" 7.70542 -63.04983 -0.80391 179.56431 -63.05636 0.20325 8.5000 2.24722 0.40313 6.71663e-21 0.0207945 4.04112e-15 0.0216389
7.29077 4.53367 -0.06006 27.47124 "" 14.93437 29.22176 -0.23042 281.37117 -3.40674 0.10535 8.5854 1.98557 0.383659 5.54281e-20 0.171604 3.86579e-14 0.207001
-3.50998 -4.89407 -0.00901 3.03383 "" 5.03217 -44.22748 -0.10259 219.50165 -60.29016 0.03453 6.0226 1.60144 0.463947 5.46916e-21 0.0169324 4.56482e-15 0.0244431
-5.71746 1.55153 -0.04505 8.05158 "" 11.56394 -29.63186 -0.22321 241.81020 -52.34058 0.03988 5.9242 2.74333 0.428537 3.84473e-20 0.119032 1.82753e-14 0.0978584
10.29050 0.26654 -0.09910 0.21905 "" 13.51874 49.57212 -0.42001 291.00280 14.56677 0.01000 10.2940 2.51094 0.00305022 2.39786e-19 0.74237 1.5352e-13 0.822053
-0.83325 -1.19838 0.33934 23.00338 "" 7.35684 -6.51035 2.64375 259.67273 -32.94102 0.17908 1.4596 2.4751 0.317243 2.60224e-20 0.0805649 1.45147e-14 0.0777218
-0.56693 4.86099 -0.43544 24.17586 "" 13.38010 -2.42970 -1.86495 266.79007 -31.98073 0.10349 4.8939 2.56372 0.1067 6.81982e-21 0.021114 4.00308e-15 0.0214352
-2.27243 2.21989 0.15616 21.79448 "" 10.95921 -11.96853 0.81645 257.57777 -38.43754 0.11390 3.1768 2.19785 0.0282641 2.82481e-20 0.0874555 2.1619e-14 0.115763
5.25967 5.05928 0.14114 9.53837 "" 14.54435 21.20137 0.55601 276.95015 -10.16652 0.03756 7.2980 2.43266 0.489946 1.01724e-20 0.0314934 5.41841e-15 0.0290139
-4.32102 -0.70891 -0.23724 1.14742 "" 8.91227 -29.01321 -1.52536 244.01801 -52.87039 0.01000 4.3788 1.9441 0.14787 9.82683e-20 0.304236 8.15061e-14 0.436439
5.83183 1.77495 -0.46547 11.22667 "" 11.82377 29.57827 -2.25616 283.34095 -4.01249 0.05438 6.0960 1.67425 0.219108 1.1584e-19 0.358638 1.09577e-13 0.586749
-3.14490 7.15601 0.02402 9.80467 "" 15.96877 -11.35813 0.08618 258.78956 -38.37341 0.03517 7.8166 2.47306 0.236538 2.60115e-19 0.805311 1.50397e-13 0.805328
-3.09622 11.34780 -0.82883 18.01770 "" 20.10494 -8.86657 -2.36270 263.14091 -37.69676 0.05133 11.7626 2.0772 0.48631 3.58754e-23 0.000111069 2.26776e-17 0.000121432
-5.81487 5.84347 0.05405 3.54483 "" 15.47743 -22.06773 0.20009 249.56967 -46.67184 0.01312 8.2437 1.70154 0.248003 1.8851e-20 0.0583623 1.70981e-14 0.0915548
10.25320 -4.18858 -0.10511 20.76745 "" 11.12329 67.19349 -0.54143 300.64464 29.78237 0.10693 11.0758 1.55531 0.363072 3.24087e-20 0.100337 2.9804e-14 0.159591
-1.29620 -4.36199 -0.11111 14.80260 "" 4.33770 -17.39277 -1.46779 255.65642 -44.14340 0.19545 4.5505 1.97818 0.135317 1.04106e-18 3.2231 8.51883e-13 4.56156
0.98245 1.90843 0.33934 5.80931 "" 10.46020 5.39216 1.85906 267.73114 -23.35889 0.03181 2.1465 2.44562 0.279834 1.80703e-19 0.559453 1.03903e-13 0.556369
0.88937 10.25550 -0.08408 2.97641 "" 18.77676 2.71488 -0.25656 268.23383 -26.74034 0.01000 10.2940 1.69754 0.255826 1.10825e-20 0.0343111 1.00196e-14 0.0536517
-0.85317 1.18428 -0.12613 5.55295 "" 9.72261 -5.03467 -0.74331 264.02089 -33.60001 0.03271 1.4596 2.11919 0.0454593 4.31576e-19 1.33615 3.43681e-13 1.8403
-7.83176 9.09526 -0.19820 2.25744 "" 19.26055 -23.99414 -0.58961 248.51113 -48.62795 0.01000 12.0025 1.98115 0.430421 5.75896e-22 0.00178296 3.93082e-16 0.00210483
-5.80400 -12.42200 0.07508 13.07986 "" 7.00529 -124.04850 0.61409 114.39521 -20.06700 0.10694 13.7110 2.50464 0.0768199 2.43103e-20 0.0752639 1.49692e-14 0.0801554
-1.61880 -2.04163 0.03003 17.56575 "" 6.65822 -14.07137 0.25842 256.52751 -40.45629 0.15110 2.6055 1.90607 0.216823 5.05958e-20 0.156643 4.09479e-14 0.219263
2.88102 -4.69685 -0.10511 4.59321 "" 4.77234 37.14521 -1.26203 285.90768 3.17169 0.05512 5.5101 2.27178 0.454675 5.97635e-20 0.185026 3.47672e-14 0.186167
0.99685 9.99587 0.09009 3.36312 "" 18.52293 3.08502 0.27867 267.92997 -26.14919 0.01040 10.0455 1.94637 0.30134 8.32224e-20 0.257654 6.21913e-14 0.333014
0.03142 10.55020 -0.01201 30.03232 "" 19.05023 0.09450 -0.03612 266.49642 -28.87431 0.09029 10.5502 2.24069 0.19254 5.90877e-20 0.182934 3.95963e-14 0.212026
-0.52754 -3.65403 -0.02402 5.41430 "" 4.87466 -6.21284 -0.28233 262.78185 -34.33798 0.06361 3.6919 1.7126 0.395424 2.22421e-19 0.68861 1.80871e-13 0.968505
4.37751 3.05686 -0.12312 10.94719 "" 12.35875 20.74570 -0.57080 277.75074 -11.09292 0.05073 5.3392 2.165 0.0330729 9.03612e-21 0.0279756 7.04322e-15 0.0377142
-3.48395 -1.90834 -0.02102 13.09078 "" 7.45576 -27.85820 -0.16153 243.83764 -51.08675 0.10056 3.9724 1.68408 0.380225 2.19358e-20 0.0679126 1.83343e-14 0.0981741
-8.78184 -8.91664 0.16517 41.17252 "" 8.79327 -92.71627 1.07629 136.46233 -45.60398 0.26817 12.5151 1.64144 0.432308 3.51508e-19 1.08826 2.91897e-13 1.56302
-3.35749 7.15325 -0.14414 21.01502 "" 16.00993 -12.10603 -0.51585 258.85852 -39.33201 0.07518 7.9020 2.0563 0.388758 9.34056e-21 0.0289181 6.24937e-15 0.0334634
0.92346 -0.19799 0.37538 27.08230 "" 8.36164 6.34711 2.57305 267.59453 -22.17379 0.18550 0.9444 1.6777 0.143223 3.10213e-19 0.96041 3.1248e-13 1.67323
-2.21712 5.32306 -0.00901 3.86484 "" 13.99974 -9.11222 -0.03687 260.54451 -36.60686 0.01581 5.7663 2.22656 0.170159 3.15932e-20 0.0978116 2.16233e-14 0.115786
-0.65331 0.73371 -0.06006 7.68902 "" 9.25699 -4.04709 -0.37174 264.28104 -32.56765 0.04757 0.9824 2.44818 0.418556 5.56824e-19 1.72391 3.02263e-13 1.61852
-2.31277 -6.55872 -0.26727 3.28806 "" 3.03132 -49.99076 -5.05831 211.10531 -66.92188 0.06212 6.9545 2.10864 0.113072 4.02178e-19 1.24513 3.06962e-13 1.64368
0.35248 -0.24504 0.35435 2.36218 "" 8.27008 2.44500 2.45572 265.49256 -25.56761 0.01636 0.4293 2.21066 0.268947 8.42445e-19 2.60819 5.50775e-13 2.94922
-4.92861 -2.46362 0.06006 8.53171 "" 7.79312 -39.23110 0.44157 227.64712 -57.52958 0.06270 5.5100 2.37347 0.279435 2.34692e-19 0.726602 1.39991e-13 0.749609
4.09954 4.27673 -0.24024 9.09911 "" 13.42046 17.78935 -1.02571 276.75830 -13.92252 0.03883 5.9242 2.70572 0.406164 8.99386e-20 0.278448 4.37421e-14 0.234225
9.22804 8.32703 -0.19520 22.95759 "" 19.19228 28.74062 -0.58275 281.46522 -3.99565 0.06851 12.4296 1.976 0.00806601 4.83933e-19 1.49825 4.4019e-13 2.35708
-8.35064 8.97468 0.16216 9.12148 "" 19.36812 -25.54178 0.47972 245.71253 -49.00630 0.02697 12.2588 2.26475 0.499949 7.3714e-21 0.0228217 4.2264e-15 0.022631
-8.24844 3.63174 0.10210 5.25112 "" 14.67059 -34.21201 0.39875 235.19221 -54.77726 0.02050 9.0126 2.27537 0.07007 3.18632e-21 0.00986478 2.25376e-15 0.0120682
-4.02341 0.52712 0.12613 21.92065 "" 9.88396 -24.02265 0.73118 247.03903 -47.74357 0.12702 4.0578 1.54083 0.178033 1.19341e-19 0.369476 1.29326e-13 0.692502
-1.03138 -10.24220 0.05105 3.51026 "" 2.02524 -149.37453 1.44440 103.09402 2.71107 0.09927 10.2940 2.24053 0.335367 2.01196e-19 0.622899 1.25249e-13 0.670668
9.04157 -1.62743 -0.08408 6.95529 "" 11.35734 52.76124 -0.42417 292.58725 17.36856 0.03507 9.1869 2.08974 0.00974393 3.43179e-20 0.106247 2.86963e-14 0.153659
-5.73523 -0.44571 0.16817 1.92982 "" 9.88902 -35.45358 0.97440 232.85539 -55.03808 0.01118 5.7525 2.12824 0.247704 1.05751e-18 3.27401 7.32715e-13 3.92346
-5.99146 -12.23770 0.00901 8.05057 "" 7.06173 -121.95748 0.07310 114.99091 -22.15413 0.06529 13.6257 2.48796 0.00661152 2.91755e-19 0.903265 1.88928e-13 1.01165
7.79569 -4.52256 0.05706 10.75251 "" 8.75192 62.96886 0.37355 297.26998 26.64455 0.07037 9.0126 1.43227 0.127096 6.7356e-20 0.208533 8.40711e-14 0.450174
-8.84435 3.29931 -0.01201 6.89146 "" 14.74606 -36.85394 -0.04666 231.82795 -56.67241 0.02677 9.4397 1.86443 0.459761 6.13241e-21 0.0189858 4.39746e-15 0.023547
-1.16819 2.13611 -0.07207 2.75541 "" 10.70031 -6.26781 -0.38591 262.85026 -34.44076 0.01475 2.4347 2.25148 0.154298 5.20937e-20 0.161281 3.54683e-14 0.189921
-1.01634 3.00980 0.09610 9.79236 "" 11.55498 -5.04625 0.47652 262.78897 -32.94631 0.04854 3.1768 1.65104 0.47125 5.43755e-20 0.168345 4.38424e-14 0.234762
-6.18503 5.70530 0.00000 24.05164 "" 15.49339 -23.52845 0.00000 248.33608 -47.88571 0.08891 8.4146 1.79226 0.194085 3.08029e-19 0.953649 2.73574e-13 1.4649
3.15677 5.22905 0.06006 12.42285 "" 14.08743 12.94915 0.24427 273.21997 -17.58952 0.05051 6.1080 2.07913 0.283881 3.91856e-19 1.21318 2.73643e-13 1.46527
-2.02370 2.88035 0.26426 15.17394 "" 11.56190 -10.08317 1.30967 258.47639 -36.62401 0.07517 3.5202 1.89911 0.370293 2.96744e-21 0.00918712 2.19027e-15 0.0117282
-7.11096 -4.81080 0.04505 0.65635 "" 8.01112 -62.57950 0.32220 181.03806 -62.04249 0.01000 8.5854 2.50022 0.41676 1.60942e-19 0.498272 8.53632e-14 0.457092
7.68442 1.41234 0.47748 2.20048 "" 12.55121 37.78419 2.18020 283.12906 5.31168 0.01004 7.8131 2.13737 0.0230183 3.67325e-19 1.13723 2.93981e-13 1.57417
-10.36640 0.52010 0.08108 9.74605 "" 13.74158 -48.97254 0.33807 209.99701 -61.45154 0.04062 10.3794 2.29789 0.178794 7.90597e-20 0.244767 5.16796e-14 0.276728
-4.93060 4.02414 0.02402 1.15287 "" 13.45977 -21.48895 0.10225 250.23488 -46.30470 0.01000 6.3643 2.14339 0.0320354 5.40075e-21 0.0167206 4.27472e-15 0.0228898
-8.32599 -7.30412 -0.00300 23.00266 "" 8.41144 -81.82638 -0.02043 147.51277 -53.93456 0.15663 11.0758 2.16129 0.486327 6.44597e-20 0.199566 3.90653e-14 0.209182
0.51784 -1.36465 -0.39940 13.05415 "" 7.16526 4.15090 -3.19539 271.89189 -26.95224 0.10435 1.4596 1.98951 0.134428 9.06832e-19 2.80753 7.36934e-13 3.94605
