sky_model/pwn/ctadc_skymodel_gps_sources_pwn.ecsv
# %ECSV 0.9
# ---
# datatype:
# - {name: x, unit: kpc, datatype: float64, description: Galactocentric x coordinate}
# - {name: y, unit: kpc, datatype: float64, description: Galactocentric y coordinate}
# - {name: z, unit: kpc, datatype: float64, description: Galactocentric z coordinate}
# - {name: spiralarm, datatype: string}
# - {name: GLON, unit: deg, datatype: float64, description: Galactic longitude}
# - {name: GLAT, unit: deg, datatype: float64, description: Galactic latitude}
# - {name: RA, unit: deg, datatype: float64}
# - {name: DEC, unit: deg, datatype: float64}
# - {name: distance, unit: pc, datatype: float64, description: Distance observer to
#     source center}
# - {name: spec_alpha, datatype: float64, description: Spectral model parameter (log
#     parabola)}
x y z spiralarm GLON GLAT RA DEC distance spec_alpha
[from data line 333]
-12.7041430252 -11.3965156417 -0.0742891822368 Perseus -102.843758657 -0.326658360124 126.451376862 -38.5596402833 13030.3711286 2.14157101628
-3.11352894935 -1.76714744653 -0.0230715567337 Norma -24.8176294805 -0.178203677086 247.200386366 -48.9466658277 7417.9443461 1.85710419344
-6.72904700868 -1.02052066517 -0.0741493766758 "Crux Scutum" -41.9766961548 -0.422263310204 223.836842651 -59.6133078105 10061.2217397 1.60967123482
10.1329169005 -8.05383541847 0.192148574201 "Crux Scutum" 87.4788260241 1.08530745103 314.297179142 47.1791582341 10144.5546389 1.98359320795
-5.08590506983 2.85929703606 -0.0431673235808 "Crux Scutum" -24.1195237498 -0.198723954756 247.949822236 -48.4535935703 12445.9601056 1.61199180346
-1.86883531029 -6.63079124723 -0.0150324260128 Norma -44.9942759696 -0.325849909251 218.243285593 -60.7950348995 2643.23906453 1.72159278278
16.3535148223 -8.47248926467 0.0447971286457 "Carina Sagittarius" 89.9036141431 0.156949523201 317.732953994 48.3668182123 16353.5993184 2.15850132791
-1.97385717015 11.1718099909 -0.0443425646224 Perseus -5.72984486848 -0.128505905648 262.946238742 -33.8497009182 19770.6395119 1.77265399872
-1.93468047079 10.2658503095 -0.0658567922274 Perseus -5.88615921173 -0.200012606887 262.915168197 -34.0196498852 18865.4303816 1.58315182542
-1.15633678776 2.0209957734 0.0257678833588 Perseus -6.27206433235 0.139487831946 262.316479117 -34.1550813846 10584.3814564 1.67462882331
-2.7993007042 -0.308566549203 0.048534635305 Norma -18.8671009015 0.321237002987 252.425218117 -44.1729358167 8656.67499807 2.07588345811
-9.25246577513 1.79139345409 0.098721047207 "Carina Sagittarius" -41.9570904798 0.408711568201 223.134374202 -58.8637517405 13839.4598158 1.65081401818
-5.2619076634 3.21448923249 0.0848240623578 "Crux Scutum" -24.1886357104 0.378444992534 247.248210126 -48.1073306449 12842.2788226 1.69554487135
-6.61265691638 2.13569577107 -0.0275699485223 "Crux Scutum" -31.8709450932 -0.126131102629 238.893587016 -53.7365830533 12523.8179534 1.6622209603
-9.67213533668 -3.09048994545 -0.0609957497402 "Carina Sagittarius" -60.7822349295 -0.315352043075 184.670133052 -62.9506309188 11082.2705924 1.84965988347
1.42895419837 4.76361146891 -0.081506022185 "Crux Scutum" 6.14903949547 -0.350057399602 270.229710793 -23.8169986069 13340.6125246 1.6959177647
-3.93118482261 -2.77060335179 0.0454147359505 Norma -34.45568957 0.374480071646 234.877954503 -54.9423324336 6948.54391655 1.36750426678
-4.69752163571 3.7341615235 -0.171290631434 "Crux Scutum" -21.0051715779 -0.748848546175 251.626846368 -46.4970354191 13106.1343722 1.5604611457
6.04047531386 6.53760827641 -0.0683549003218 Perseus 21.8848953494 -0.241673086879 277.989757407 -9.93068115416 16205.6063473 1.54814695879
-4.60526002007 5.97151978372 -0.00670701343457 "Carina Sagittarius" -17.6525888723 -0.0253040926724 253.864304379 -43.4540221903 15186.6174538 2.1356962338
1.33893065785 3.17055017027 -0.0173049661877 "Crux Scutum" 6.54477504694 -0.084403843111 270.192110831 -23.3416162532 11747.1177761 2.01942199137
-4.94921823046 -2.42770607431 -0.095307681921 Norma -39.1817274687 -0.69704344146 228.834409517 -58.4799612465 7834.32180644 1.95856003244
3.33010501455 4.36414994928 -0.0315998009856 "Carina Sagittarius" 14.5133984143 -0.136251214265 274.35007907 -16.396358089 13288.2260619 1.66355325434
-6.32015607428 1.93391715495 -0.0479007118861 "Crux Scutum" -31.2046250877 -0.224980485994 239.8575797 -53.3817793899 12198.9054623 1.57973628366
-3.35954192641 4.32708288258 0.140613495521 "Crux Scutum" -14.6766767041 0.60757305773 255.678278845 -40.7253935755 13260.4807374 1.66297024755
-3.17073756803 7.33191804285 0.0408600098714 "Carina Sagittarius" -11.325082632 0.144992983673 258.753202117 -38.3122824504 16146.3579541 1.51599237231
-1.89349299826 -1.59166588915 0.0143629240846 "Carina Sagittarius" -15.3276717483 0.114884710054 255.668124139 -41.5417626131 7163.14192343 2.47424410573
1.42127677319 3.35588098555 0.00205246162632 "Crux Scutum" 6.83596569887 0.00984839393547 270.260124365 -23.0420048304 11940.7682258 1.19376315494
-2.95915777164 -5.76576609342 0.117402769416 Norma -47.2623579558 1.6691039607 212.574592847 -59.6928415035 4030.68644075 1.95228230447
-0.735303813582 -4.48504849169 -0.135338596873 Perseus -10.3782177174 -1.89907061046 261.588743555 -38.7012975394 4083.97157779 1.45317087954
2.10934172959 -2.47613029516 -0.121025427023 "Crux Scutum" 19.298411916 -1.08631623249 277.533123356 -12.6142967575 6383.64910589 1.7718272573
6.81744886795 -5.24199003684 0.00976001610226 Norma 64.4571987458 0.0740089753231 298.414305637 27.7711245567 7555.94687946 1.53323947553
-0.284432825036 -9.76618640993 0.0920905324803 "Crux Scutum" -167.339392329 4.05903135347 97.0871378308 19.8679609654 1301.00373667 1.48204018013
-9.71362877551 2.03342157441 -0.0347360444828 "Carina Sagittarius" -42.6813894385 -0.138899179207 222.338970426 -59.6757290117 14328.5993958 1.49214699875
7.37493254643 0.801333984785 0.0889094329859 Perseus 38.4105389874 0.429140997637 284.980618897 5.07063339725 11870.650734 2.27384626151
0.279901494984 10.622939941 -0.00739452531848 Perseus 0.838575515537 -0.022152958468 266.922351336 -28.2309756036 19124.9897128 1.76409312598
-9.830130935 7.50179958483 0.0415959821774 Perseus -31.5629921784 0.126904583717 239.018191277 -53.3449464782 18780.063748 1.59326040749
2.50785196442 5.27320460822 0.0906892095674 "Carina Sagittarius" 10.3194750299 0.371154455727 271.760734944 -19.8303231655 13999.9539709 1.9500624803
-4.96063296501 -0.317518040474 0.00523326854561 Norma -31.2263552474 0.0313357870001 239.551526969 -53.2009403664 9568.74693043 1.80279431493
-8.83682328467 2.53627480734 0.0444516936459 "Carina Sagittarius" -38.6845023148 0.180142122544 228.769764966 -57.4722397062 14138.2737044 1.99440911502
-10.5572824886 -1.13247213281 -0.0576328127187 "Carina Sagittarius" -55.0902702597 -0.256495782585 197.228429963 -63.0611135596 12874.004892 1.3074507029
3.3759793101 -4.87379028231 0.0732505531768 Perseus 42.953347485 0.847043927623 286.704881027 9.29957245784 4954.99736251 1.8819730542
