sky_model/pwn/ctadc_skymodel_gps_sources_pwn.ecsv
# %ECSV 0.9
# ---
# datatype:
# - {name: x, unit: kpc, datatype: float64, description: Galactocentric x coordinate}
# - {name: y, unit: kpc, datatype: float64, description: Galactocentric y coordinate}
# - {name: z, unit: kpc, datatype: float64, description: Galactocentric z coordinate}
# - {name: spiralarm, datatype: string}
# - {name: GLON, unit: deg, datatype: float64, description: Galactic longitude}
# - {name: GLAT, unit: deg, datatype: float64, description: Galactic latitude}
# - {name: RA, unit: deg, datatype: float64}
# - {name: DEC, unit: deg, datatype: float64}
# - {name: distance, unit: pc, datatype: float64, description: Distance observer to
#     source center}
# - {name: sigma, unit: deg, datatype: float64, description: Angular size}
# - {name: size_physical, unit: pc, datatype: float64, description: Physical size}
# - {name: spec_alpha, datatype: float64, description: Spectral model parameter (log
#     parabola)}
# - {name: spec_beta, datatype: float64, description: Spectral model parameter (log
#     parabola)}
# - {name: spec_norm, unit: 1 / (cm2 MeV s), datatype: float64, description: Spectral
#     model norm parameter (log parabola)}
# - {name: spec_norm_cu, unit: '%', datatype: float64, description: Spectral model norm
#     parameter (log parabola) in crab units}
# - {name: int_flux_above_1TeV, unit: 1 / (cm2 s), datatype: float64, description: 'Integral
#     flux above 1 TeV '}
# - {name: int_flux_above_1TeV_cu, unit: '%', datatype: float64, description: Integral
#     flux above 1 TeV in crab units}
# - {name: source_name, datatype: string, description: source name}
x y z spiralarm GLON GLAT RA DEC distance sigma size_physical spec_alpha spec_beta spec_norm spec_norm_cu int_flux_above_1TeV int_flux_above_1TeV_cu source_name
[from data line 548]
5.63453398895 -6.04713517464 0.0989214281979 Norma 66.4752066911 0.922217850053 298.773176268 29.937379301 6146.08042357 0.0648563721245 6.95710317055 2.01824017545 0.250918168369 1.83808805046e-19 0.569067507883 1.35638453462e-13 0.726300531844 pwn_548
10.327771858 1.70921440063 -0.0156111748129 Norma 45.3307577068 -0.0615926799235 288.63951997 10.9880277765 14522.0926157 0.0803451182474 20.3641528767 2.32125645402 0.251507691963 3.70552241986e-22 0.00114722056343 2.30202883808e-16 0.00123266280818 pwn_549
8.30360246509 8.46262779347 0.000753540389767 Norma 26.082827643 0.0022860696103 279.72252781 -6.09153507983 18885.9883545 0.0781281826896 25.7528368669 2.22993561883 0.0455348591861 1.42301823877e-21 0.00440562922221 1.05324576616e-15 0.00563979417783 pwn_550
3.85983494221 -5.67662268812 -0.0330408251534 Perseus 53.8154189682 -0.395854479559 293.094201214 18.3061945217 4782.35056457 0.0983674355549 8.21051789781 2.03694335586 0.475352909419 1.41592989944e-20 0.0438368389921 9.18261750761e-15 0.0491699795249 pwn_551
-12.6819964399 -11.2110059672 0.00254641544448 Perseus -102.066397613 0.0112502292464 127.384683735 -38.994476803 12968.5231827 0.102054438735 23.0993760018 2.49623831584 0.366447932275 7.95572697735e-20 0.24630733676 4.3078799501e-14 0.230673191785 pwn_552
1.9540568989 -5.11543699134 -0.108059941142 Perseus 29.9997274675 -1.58382043164 282.933063442 -3.33146692395 3909.63963488 0.286600560264 19.5566630715 1.71239962469 0.25936391908 7.44376040097e-21 0.0230456978358 6.644043052e-15 0.0355767253247 pwn_553
-4.91048679249 1.37387065944 0.0184725175171 Norma -26.4421398936 0.0959777247317 245.149821179 -49.9141169974 11027.5356981 0.149168882476 28.7101232786 1.94439639381 0.0601285695369 3.25384988074e-19 1.00738386401 2.8939791776e-13 1.54963328038 pwn_554
-4.83309708311 3.62519875575 0.11985687524 "Crux Scutum" -21.7321969251 0.526095998466 249.543181985 -46.2043766232 13053.4914085 0.0391245338948 8.91360324925 2.01498066766 0.0878382847441 4.18297028093e-19 1.29503723868 3.4610860093e-13 1.85330084881 pwn_555
-3.8004977528 -3.05147061333 -0.0150089902021 Norma -34.8968239323 -0.129450921367 234.782172914 -55.6098407466 6643.07766899 0.0508406882075 5.89465283514 2.34496046393 0.216083302571 5.9978362859e-20 0.185691525879 3.7450787788e-14 0.200536989284 pwn_556
0.500305861266 2.21613676675 0.00416191787229 Perseus 2.67303552565 0.0222282396453 267.941445774 -26.6343564343 10727.8101437 0.0554993543877 10.3914586422 2.10071555937 0.181129410366 2.24824201723e-19 0.696050160133 1.64814249417e-13 0.882527586774 pwn_557
4.59766617538 -10.9328722064 0.0319409442436 "Crux Scutum" 117.885722066 0.351821100028 1.76962081945 62.7881435476 5201.7710116 0.0974624576827 8.84843317236 1.72155247596 0.279069003436 1.74041918879e-23 5.38829470214e-05 1.52162853874e-17 8.14783410423e-05 pwn_558
-2.69355361795 6.43492098779 0.00285491916277 "Carina Sagittarius" -10.223547631 0.0107786106233 259.700154903 -37.4918512562 15175.8724347 0.0870652144768 23.0608888932 2.25420125394 0.0381719873786 3.6433237944e-19 1.12796402303 2.66866715325e-13 1.42898589836 pwn_559
-4.4305740061 6.59517494255 0.0278205546072 "Carina Sagittarius" -16.3574536863 0.101322376856 254.831124019 -42.3622342933 15731.9759265 0.0815261057526 22.3850274761 2.42626389464 0.0201730096592 6.6150858968e-19 2.04801420954 4.40686102915e-13 2.35973311959 pwn_560
9.06972814477 -3.18856540595 -0.0511047528765 Norma 59.6458110386 -0.278583735991 296.04703971 23.4444286089 10510.6573421 0.112175565156 20.578137587 2.32179135994 0.255551543345 4.3878719979e-21 0.0135847430276 2.71972013354e-15 0.0145632313628 pwn_561
-5.92118619031 6.26121626682 0.0301785485343 "Carina Sagittarius" -21.8572669504 0.108717567126 249.873152695 -46.5759246578 15904.5547665 0.0276088710685 7.66386005512 2.28574647648 0.0142506904645 7.2440596556e-20 0.224274292743 5.28804087717e-14 0.283157674205 pwn_562
-11.4702778294 0.497794068082 0.123501404582 "Carina Sagittarius" -51.8877913977 0.485373990454 203.925484779 -61.9403520619 14578.8485201 0.102383941758 26.0515098879 1.53770595098 0.0297759770051 8.10177051554e-21 0.0250828808531 1.03150802694e-14 0.0552339553755 pwn_563
4.48417007338 1.81799284113 -0.0455248145408 "Carina Sagittarius" 23.489627441 -0.231848979579 278.730875681 -8.50236692143 11250.3702173 0.146424044078 28.751302536 1.83003405698 0.188170729095 2.41562352883e-20 0.0747871061557 2.09990427573e-14 0.112443157037 pwn_564
-5.77720183842 -7.30548212406 0.0848384551873 "Crux Scutum" -78.3179090188 0.823905722161 153.238317229 -55.369532533 5900.01115264 0.161635645073 16.6444133683 2.2446241826 0.0308895348674 9.64341882473e-20 0.298557858351 7.14398291218e-14 0.38253743361 pwn_565
-1.38623149744 4.07681810612 -0.0150335926496 "Crux Scutum" -6.28981830562 -0.0680757233618 262.513961689 -34.284435081 12652.9924306 0.0905622388918 19.9994534885 2.08353354457 0.192734813308 1.57687362599e-21 0.00488196169038 1.15963243747e-15 0.00620946077301 pwn_566
-12.5878281658 3.08257832285 -0.482542451391 Perseus -47.3815651933 -1.61584150918 214.486846979 -62.849204977 17112.638188 0.0527792126873 15.7636711414 2.2567672806 0.120875257955 6.10304432131e-20 0.188948740598 4.22691502946e-14 0.226337779266 pwn_567
4.52910402869 2.09828759649 0.0377929355051 "Carina Sagittarius" 23.1391019797 0.187876740711 278.190792367 -8.61988890167 11525.5330283 0.0476127734859 9.57771627094 1.72009719691 0.0938851485545 1.53139357482e-20 0.0474115657838 1.56337799082e-14 0.0837138906578 pwn_568
-0.717984015794 7.62532817517 -0.0337730878141 "Carina Sagittarius" -2.54942415772 -0.119882043819 264.972543496 -31.1670999829 16141.3397965 0.0342592425551 9.65149869423 2.08155157071 0.202339915743 2.58817425103e-20 0.0801292337781 1.8941606929e-14 0.101426246285 pwn_569
4.56671669841 1.96942558531 -0.00875391266641 "Carina Sagittarius" 23.5666148353 -0.0439116533195 278.598088794 -8.34746821144 11422.077312 0.0523116513567 10.4284800245 1.68306569433 0.0599519528156 3.20310034367e-21 0.00991671933025 3.48307709007e-15 0.0186507636914 pwn_570
7.31126289986 -9.28043852303 -0.02635997151 "Crux Scutum" 96.0929484767 -0.205405954429 325.106389762 52.4176687811 7352.84600187 0.0540519376724 6.93656138528 1.51389643121 0.17481968356 4.26071356494e-21 0.0131910636685 4.73091322775e-15 0.0253325270654 pwn_571
0.568113690756 6.19801306517 -0.0405034167852 "Carina Sagittarius" 2.21351830881 -0.157772166315 267.851905749 -27.1213646939 14709.0442163 0.105929572658 27.1944034373 2.18873372655 0.217436814683 7.05355175311e-20 0.218376215267 4.80163654952e-14 0.257112278313 pwn_572
-5.94227056178 6.50493476578 -0.0287023538096 "Carina Sagittarius" -21.6046100898 -0.101899088274 250.346016597 -46.5264707574 16138.7567855 0.0921431564878 25.9543946632 2.35277663894 0.41500147348 6.00085725308e-20 0.185785054275 3.41167757717e-14 0.182684421382 pwn_573
7.22753237468 -4.72026434422 0.00400967660395 Norma 62.3920747916 0.0281672201237 297.275917666 25.9722857999 8156.2026662 0.10292114201 14.6511069908 2.17368492837 0.466403091241 3.49994816457e-19 1.08357528315 2.12590811174e-13 1.13835579277 pwn_574
10.5224610024 2.20106606426 -0.0115805148631 Norma 44.5178428801 -0.0442112175374 288.239967068 10.2760403615 15007.8357722 0.0456678782649 11.9620706452 2.09010105592 0.154169217233 3.35056890894e-19 1.03732783558 2.51620349271e-13 1.34734648497 pwn_575
-10.4557205976 12.321007892 0.036571841622 Norma -26.6645073483 0.0899362137416 244.910408151 -50.0747270747 23298.879809 0.0694784696318 28.252889139 1.63139569745 0.14632102487 3.66293724395e-21 0.0113403629844 3.81199243123e-15 0.0204120001337 pwn_576
8.20978369567 -3.84963254578 0.0274063954171 Norma 60.4709562162 0.166423159986 296.07586609 24.3815503855 9435.42351458 0.0475751195455 7.83463474359 2.40183212013 0.283259137136 2.72604790357e-20 0.0843977679125 1.59991577243e-14 0.08567037199 pwn_577
-6.52349009997 -0.861642039735 0.0614157200986 "Crux Scutum" -40.4987686233 0.350308156128 225.660309569 -58.2364676659 10045.1086258 0.0985015256441 17.269326085 2.08678653079 0.0687072132002 3.87312189184e-19 1.19910894484 3.09724386793e-13 1.65847502026 pwn_578
-14.7744296863 -1.84314318574 -0.0345829648865 Perseus -65.7452884327 -0.122275343252 174.281514456 -61.7356720186 16204.8977529 0.0107910661316 3.05202454459 2.68786860156 0.174856092364 9.97318602566e-21 0.0308767369216 5.32642275469e-15 0.0285212900975 pwn_579
-1.59605123783 2.52790871834 -0.0624519497028 Perseus -8.23514378917 -0.321121566509 261.449589092 -36.0426416957 11142.9821188 0.0357184867395 6.94659386768 2.38269429248 0.026608189581 6.22097544076e-19 1.92599858847 4.23773226272e-13 2.26917007506 pwn_580
-3.0806155602 -8.59069425863 -0.0282454884436 "Crux Scutum" -91.686318085 -0.525090222181 135.729158088 -47.4399331466 3082.07973386 0.347773374405 18.707807833 1.498462372 0.189534071891 5.86082836165e-19 1.81449794478 6.4943229562e-13 3.47750221024 pwn_581
-10.8770934856 1.17091408593 -0.0952018244531 "Carina Sagittarius" -48.3594388585 -0.374765877031 211.653898241 -61.968721164 14554.9581016 0.0801647530823 20.3644211428 2.32651490408 0.0570756728616 6.30645290361e-19 1.95246219926 4.35931979154e-13 2.33427630754 pwn_582
-0.260551079597 10.7727894757 0.0356007239117 Perseus -0.774541114138 0.105827054022 265.837310908 -29.5409457342 19274.5834832 0.0536598638423 18.0514487543 1.68103942873 0.280906455901 3.0446459374e-20 0.09426148413 2.7317952628e-14 0.146278898176 pwn_583
2.549207274 3.59610954485 0.00999890660921 "Crux Scutum" 11.900712882 0.0463439468762 272.872530443 -18.6040830761 12361.8131285 0.121775270377 26.2735827241 1.87215135287 0.320796867198 1.68012303537e-21 0.00520161930455 1.29765286748e-15 0.00694851602735 pwn_584
-6.95669899441 2.36859725772 -0.0177319973467 "Crux Scutum" -32.6222226891 -0.0787307012802 237.856010037 -54.1769977834 12904.3551436 0.132315669051 29.8006490938 2.02477299697 0.493545768338 1.82719998963e-21 0.00565696591215 1.18263324507e-15 0.00633262274044 pwn_585
12.1133716471 12.0796648053 0.057002121336 "Crux Scutum" 30.4814409424 0.136765875791 281.619776768 -2.1183503805 23880.1094094 0.0558106394107 23.2611303692 2.07178126489 0.0975693311297 6.16498037797e-20 0.190866265572 4.87371676687e-14 0.260971943391 pwn_586
2.61921431213 -1.46014196388 0.0179410974024 "Carina Sagittarius" 20.4079686886 0.136853123172 276.952285987 -11.0638196483 7511.33854013 0.112507389521 14.7494664406 2.21926956469 0.103601074401 6.92988588804e-20 0.214547550713 4.96449578238e-14 0.265832869298 pwn_587
12.4639458891 -4.98585612391 0.0330340732828 "Crux Scutum" 74.2544815216 0.146156583324 304.55643111 36.0731780624 12949.9129556 0.111749339541 25.2574634152 1.79314348776 0.473709759295 4.55921108612e-22 0.0014115204601 3.37832570588e-16 0.00180898535356 pwn_588
7.77994178904 5.71111516677 0.0759037614638 Perseus 28.6987080024 0.268430539273 280.687165547 -3.64410159789 16201.5138152 0.0174316603517 4.92914656409 1.75479239872 0.432320419228 6.91873590019e-21 0.0214202349851 5.36438967862e-15 0.0287245908308 pwn_589
10.8474773528 12.930958877 0.0369958377657 "Crux Scutum" 26.846672762 0.0882479549868 279.997618374 -5.37325275412 24019.8903411 0.050009181444 20.9651630466 2.28018156052 0.308027024719 1.8054745083e-20 0.0558970436008 1.11523753072e-14 0.0597174024785 pwn_590
-2.21720789363 -14.2412204225 -0.0411232045719 "Carina Sagittarius" -158.883885864 -0.382835111582 97.0656876632 10.322503906 6154.6172831 0.151430158428 16.2664134816 2.09602491962 0.420703618375 2.44811774367e-21 0.0075793118999 1.57898073822e-15 0.00845493678728 pwn_591
1.47004733258 -2.26159386665 0.0846373063093 "Carina Sagittarius" 13.2595514977 0.756572604414 272.905492583 -17.071187661 6409.82946094 0.0587485251656 6.57235423904 2.15231191461 0.104846072361 5.1773614195e-19 1.60289827229 3.86467156693e-13 2.06940800549 pwn_592
-5.58769488315 3.08340686476 -0.0242588051146 "Crux Scutum" -25.7520973127 -0.108075401406 246.126939436 -49.5690376359 12860.7245982 0.130166268939 29.2174298184 1.44189499449 0.437014411432 4.78971035574e-21 0.0148288246308 4.50733929514e-15 0.0241353601705 pwn_593
3.17053245404 -7.76134868194 0.046482389952 Norma 76.8855097998 0.818035282072 305.737924775 38.6209940399 3255.77063449 0.19606506078 11.1412282794 2.04685878501 0.433653754837 2.09516257659e-21 0.00648657144455 1.37832592663e-15 0.00738049445433 pwn_594
-4.08671657129 -0.803590758118 -0.0658377651956 Norma -27.967856465 -0.432878169376 244.011235543 -51.3584650178 8714.37330873 0.125134386633 19.0322830398 1.83278124508 0.12405612424 2.49344430044e-19 0.771964179701 2.27731612394e-13 1.21942994024 pwn_595
2.93132738155 3.61345714045 0.0401726865364 "Carina Sagittarius" 13.6034570581 0.184682777104 273.602926005 -17.0436322016 12463.1512049 0.121962906114 26.5297801874 1.82381208809 0.25418665713 2.85900358344e-21 0.00885140428311 2.37820045696e-15 0.0127345027361 pwn_596
-1.06875852674 -2.70138558841 -0.0161141182851 "Crux Scutum" -10.4431396103 -0.15658481713 259.713714904 -37.7677420197 5896.30677183 0.154839309929 15.9345470474 2.37658044127 0.464887131946 6.34800977204e-21 0.019653281028 3.5005613541e-15 0.0187443863326 pwn_597
-0.675866017841 -6.1052335731 0.0693869240452 Norma -15.7604609622 1.59728622948 253.763855622 -40.9627370863 2489.2801487 0.110011901582 4.77959775724 1.77129863131 0.339574998084 9.98867006361e-19 3.09246751195 8.11398812278e-13 4.34478109898 pwn_598
-7.66634506395 1.07412347783 -0.0153290734118 "Crux Scutum" -38.6855112557 -0.071607981195 229.013997362 -57.68726125 12265.2730091 0.115964840629 24.8245574813 1.7721310181 0.33025955266 5.8086178585e-20 0.179833370232 4.74455844337e-14 0.254055928304 pwn_599
11.2080599142 -7.69658672392 -0.100509874493 "Crux Scutum" 85.8999514209 -0.512479423126 314.560070645 44.9403451475 11237.2675579 0.0589522614047 11.5621529884 2.00069681898 0.279882300282 1.69883722784e-19 0.525955798091 1.24489930719e-13 0.666603758618 pwn_600
1.08416062567 -2.66598038023 0.0591160226134 "Carina Sagittarius" 10.527428127 0.570785754219 271.683195396 -19.5514604518 5934.19614524 0.284886617564 29.5063094389 2.23508664919 0.134415782347 8.62242922675e-20 0.266948273274 5.9995721268e-14 0.32125789666 pwn_601
-0.920059940919 11.6472857629 -0.0152481275392 Perseus -2.6146922596 -0.0433181740192 264.856187142 -31.1816237037 20168.2886337 0.0757913119432 26.6787878578 1.83479558108 0.489207685756 3.93629661809e-21 0.0121866768362 2.82623893247e-15 0.0151336054591 pwn_602
0.35263564577 6.60745924256 0.0760678868942 "Carina Sagittarius" 1.33714515893 0.288410193995 266.913491524 -27.6436443982 15111.7657138 0.0978706314491 25.8134107569 2.47024321073 0.223754822811 6.716792443e-21 0.0207950230433 3.91204956497e-15 0.0209477740797 pwn_603
6.265539966 -1.79957462156 0.019761010732 Perseus 43.0789890531 0.123423287401 287.414153255 9.07782234921 9173.4988862 0.0727556170074 11.6487450906 2.53495425761 0.155725048276 5.80581079869e-21 0.0179746464356 3.37721267781e-15 0.0180838936264 pwn_604
-10.2899085617 0.575170139965 0.0301423043172 "Carina Sagittarius" -48.5893637872 0.125875541688 210.890107785 -61.5528943586 13720.1253579 0.0963384354033 23.0693546258 1.83556588006 0.364290354841 1.54572288993e-19 0.478551978306 1.18874330263e-13 0.636534014425 pwn_605
-1.02571566646 -5.96922489713 -0.00765534401851 Norma -22.0625670537 -0.160622582055 249.96752229 -46.9083551346 2730.74602518 0.621038331443 29.600162319 2.02647547333 0.30385240663 4.06862166817e-19 1.25963519138 2.89604403919e-13 1.55073894772 pwn_606
7.05681593154 0.13422726573 0.0057951792147 Perseus 39.2593757373 0.0297761904632 285.727419124 5.64260917628 11151.1687796 0.0847468731619 16.4938392212 1.8663973582 0.171120654102 2.24426774331e-20 0.0694819734771 1.92797941691e-14 0.103237130781 pwn_607
