sky_model/pwn/ctadc_skymodel_gps_sources_pwn.ecsv
# %ECSV 0.9
# ---
# datatype:
# - {name: galactocentric_x, unit: kpc, datatype: float64, format: '%.5f', description: Galactocentric
#     x coordinate}
# - {name: galactocentric_y, unit: kpc, datatype: float64, format: '%.5f', description: Galactocentric
#     y coordinate}
# - {name: galactocentric_z, unit: kpc, datatype: float64, format: '%.5f', description: Galactocentric
#     z coordinate}
# - {name: physical_size, unit: pc, datatype: float64, format: '%.5f', description: physical
#     size}
# - {name: spiralarm, datatype: string}
# - {name: distance, unit: kpc, datatype: float64, format: '%.5f', description: Distance
#     observer to source center}
# - {name: GLON, unit: deg, datatype: float64, format: '%.5f', description: Galactic
#     longitude}
# - {name: GLAT, unit: deg, datatype: float64, format: '%.5f', description: Galactic
#     latitude}
# - {name: RA, unit: deg, datatype: float64, format: '%.5f'}
# - {name: DEC, unit: deg, datatype: float64, format: '%.5f'}
# - {name: size, unit: deg, datatype: float64, format: '%.5f'}
# - {name: galactocentric_r, unit: kpc, datatype: float64, format: '%0.4f', description: Galactocentric
#     radius in the xy plan}
# - {name: spec_alpha, datatype: float64, format: '%5g', description: Spectral model
#     parameter (log parabola)}
# - {name: spec_beta, datatype: float64, format: '%5g', description: Spectral model
#     parameter (log parabola)}
# - {name: spec_norm, unit: 1 / (cm2 MeV s), datatype: float64, format: '%5g', description: Spectral
#     model norm parameter (log parabola)}
# - {name: spec_norm_cu, unit: '%', datatype: float64, format: '%5g', description: Spectral
#     model norm parameter (log parabola) in crab units}
# - {name: int_flux_above_1TeV, unit: 1 / (cm2 s), datatype: float64, format: '%5g',
#   description: 'Integral flux above 1 TeV '}
# - {name: int_flux_above_1TeV_cu, unit: '%', datatype: float64, format: '%5g', description: Integral
#     flux above 1 TeV in crab units}
galactocentric_x galactocentric_y galactocentric_z physical_size spiralarm distance GLON GLAT RA DEC size galactocentric_r spec_alpha spec_beta spec_norm spec_norm_cu int_flux_above_1TeV int_flux_above_1TeV_cu
[from data line 402]
-10.97891 -4.75886 0.12450 22.11552 "Carina Sagittarius" 11.59948 -71.18311 0.61497 164.49889 -59.11215 0.10920 11.9659 2.23285 0.459263 3.28011e-20 0.101551 1.94095e-14 0.103932
0.35084 6.61379 0.03373 23.71467 "Carina Sagittarius" 15.11790 1.32978 0.12784 267.06443 -27.73295 0.08984 6.6231 2.16552 0.140708 6.26977e-20 0.19411 4.53266e-14 0.242709
-1.57006 15.54091 0.08392 10.75312 Norma 24.09227 -3.73655 0.19957 263.90934 -31.99837 0.02556 15.6200 1.99674 0.345327 3.44861e-20 0.106768 2.43989e-14 0.130649
1.02495 0.18130 0.09631 17.80292 Perseus 8.74213 6.73340 0.63120 269.61946 -22.82186 0.11664 1.0409 2.02419 0.200329 2.41871e-20 0.0748827 1.83616e-14 0.0983208
-4.41808 -13.07601 -0.02112 17.67052 "Carina Sagittarius" 6.36080 -136.00597 -0.19025 107.78256 -9.92028 0.15911 13.8022 1.83934 0.145113 3.20875e-20 0.0993421 2.86679e-14 0.153507
-0.71297 4.43576 0.06041 22.97008 "Crux Scutum" 12.95554 -3.15473 0.26715 264.21089 -31.47178 0.10155 4.4927 2.29692 0.484812 3.97648e-20 0.123111 2.25874e-14 0.120948
-4.51369 -2.89372 0.00444 28.83551 Norma 7.19749 -38.83799 0.03538 228.66624 -57.67579 0.22946 5.3616 1.9404 0.174317 7.15713e-21 0.0221583 5.83666e-15 0.0312534
-1.96338 -0.88093 -0.11769 10.50573 Perseus 7.86885 -14.45036 -0.85698 257.40925 -41.42797 0.07647 2.1520 1.81312 0.0539248 3.2707e-20 0.10126 3.227e-14 0.172796
10.75656 4.48564 -0.04072 24.41861 Norma 16.86215 39.63642 -0.13838 286.05134 5.90062 0.08294 11.6544 2.14976 0.194295 3.81444e-21 0.0118094 2.69271e-15 0.0144186
2.33261 -15.59186 0.10294 20.81920 "Carina Sagittarius" 7.46633 161.79325 0.78994 74.21034 44.36485 0.15970 15.7654 2.49874 0.223839 3.55435e-20 0.110042 2.04028e-14 0.109251
-7.66512 4.21097 -0.09631 18.66642 "Carina Sagittarius" 14.84359 -31.09133 -0.37175 240.16220 -53.41908 0.07202 8.7456 2.0855 0.376105 6.35814e-21 0.0196846 4.21378e-15 0.0225634
3.14849 3.63832 0.09069 23.92175 "Carina Sagittarius" 12.54034 14.54118 0.41438 273.85933 -16.11000 0.10925 4.8115 1.91757 0.474957 1.26621e-20 0.0392017 8.75038e-15 0.0468555
-1.99616 -9.78221 -0.00963 28.48888 "Crux Scutum" 2.37251 -122.71423 -0.23253 114.30355 -21.64487 0.68774 9.9838 2.22117 0.408528 7.28701e-19 2.25604 4.43159e-13 2.37298
5.10725 0.96560 0.06662 3.99067 "Carina Sagittarius" 10.75574 28.34946 0.35488 280.45005 -3.91514 0.02125 5.1977 2.68101 0.465471 1.96748e-19 0.609128 9.48865e-14 0.508087
1.93365 -4.96391 0.02480 6.97980 Perseus 4.03033 28.67124 0.35254 280.59963 -3.63007 0.09919 5.3272 1.66443 0.23753 2.26082e-19 0.699943 2.12174e-13 1.13612
-0.51635 2.44740 0.00703 23.41976 Perseus 10.95957 -2.70043 0.03677 264.72354 -31.21147 0.12239 2.5013 2.21466 0.359658 1.65278e-20 0.0511695 1.03103e-14 0.0552084
-2.38158 2.18923 -0.00561 5.26237 Perseus 10.95133 -12.56044 -0.02938 258.00412 -39.41516 0.02752 3.2349 2.16153 0.154525 1.62619e-20 0.0503463 1.16818e-14 0.0625523
0.35889 3.06807 0.01190 16.93534 Norma 11.57364 1.77698 0.05893 267.39093 -27.38516 0.08381 3.0890 2.44846 0.0347936 4.03159e-20 0.124817 2.62662e-14 0.140647
1.26649 13.90614 -0.00527 8.93624 Norma 22.44190 3.23516 -0.01345 268.29525 -26.16870 0.02281 13.9637 2.39727 0.182737 5.76998e-21 0.0178637 3.56259e-15 0.0190765
-1.64744 -2.88222 0.01279 10.40598 "Carina Sagittarius" 5.85437 -16.34404 0.12517 254.81700 -42.33694 0.10180 3.3198 2.04399 0.348958 3.16587e-19 0.980147 2.17667e-13 1.16554
4.03971 13.56095 -0.02240 21.94969 Norma 22.42778 10.37681 -0.05723 272.18856 -19.98840 0.05605 14.1499 1.59464 0.137311 4.56291e-20 0.141267 4.9293e-14 0.263948
-3.83663 -1.11714 -0.00889 3.81520 Perseus 8.32024 -27.45945 -0.06125 244.18327 -50.73807 0.02626 3.9960 2.34197 0.430703 1.19382e-18 3.69605 6.77984e-13 3.63039
-1.80701 -4.93678 0.00468 26.57962 Perseus 3.99523 -26.89084 0.06714 244.68328 -50.24958 0.38103 5.2571 1.84944 0.395386 2.2564e-20 0.0698577 1.69016e-14 0.0905029
-0.43855 1.26934 0.03370 15.00093 "Crux Scutum" 9.77924 -2.57028 0.19746 264.64598 -31.01564 0.08786 1.3430 1.81598 0.0970213 1.44801e-19 0.448299 1.3704e-13 0.733806
4.35107 -4.25364 0.02589 16.56462 Perseus 6.07981 45.69775 0.24396 288.53747 11.45496 0.15604 6.0848 2.44451 0.165418 9.69694e-21 0.0300215 5.88862e-15 0.0315317
-10.70798 1.51290 0.00892 17.58130 "Carina Sagittarius" 14.66012 -46.92125 0.03487 214.26565 -61.13868 0.06869 10.8143 1.82674 0.412651 2.27006e-20 0.0702805 1.70629e-14 0.0913663
3.65145 5.05223 -0.01713 20.42970 "Carina Sagittarius" 14.03554 15.07944 -0.06995 274.56870 -15.86656 0.08337 6.2336 2.52085 0.121969 6.36682e-19 1.97115 3.79419e-13 2.03167
1.51348 -10.55979 0.15709 12.31113 "Crux Scutum" 2.56087 143.69257 3.51693 56.50150 59.16031 0.27534 10.6677 2.20075 0.165801 7.20511e-19 2.23069 5.02005e-13 2.68808
-5.87588 -6.60462 -0.03146 5.72990 "Crux Scutum" 6.17409 -72.12184 -0.29198 162.06567 -59.51460 0.05315 8.8401 2.19574 0.171533 2.03146e-18 6.28936 1.41471e-12 7.57533
9.63316 -2.16484 0.02868 11.59623 Norma 11.52965 56.66943 0.14253 294.06472 21.06306 0.05760 9.8734 2.19218 0.400521 2.08441e-21 0.00645328 1.29102e-15 0.00691302
6.20666 11.56031 -0.09326 7.53984 Norma 20.99874 17.19206 -0.25445 275.76791 -14.09024 0.02056 13.1211 1.60847 0.0185151 1.24192e-21 0.00384494 1.50507e-15 0.00805917
1.16971 -10.22650 0.07703 18.01560 "Crux Scutum" 2.08685 145.88223 2.11546 58.07464 56.70059 0.49444 10.2932 1.56708 0.0368935 6.45342e-19 1.99796 7.93849e-13 4.25081
9.98961 6.19830 0.01891 11.58677 Norma 17.77168 34.20173 0.06098 283.38428 1.15791 0.03734 11.7563 2.16467 0.289226 1.6182e-19 0.500991 1.07369e-13 0.574924
11.70412 -5.52011 0.01710 28.86781 "Crux Scutum" 12.07752 75.71586 0.08112 305.65607 37.24011 0.13690 12.9406 2.2704 0.198556 1.78498e-20 0.0552626 1.17219e-14 0.0627672
-7.33636 6.14504 -0.02505 29.07483 "Carina Sagittarius" 16.37987 -26.60836 -0.08761 245.16735 -50.16152 0.10166 9.5699 2.12478 0.316443 5.63255e-21 0.0174382 3.76647e-15 0.0201683
10.50381 3.10885 -0.03937 19.74340 Norma 15.65557 42.13911 -0.14408 287.21581 8.12050 0.07223 10.9542 1.85354 0.133231 1.89515e-21 0.00586733 1.69251e-15 0.00906287
4.16509 3.97351 -0.00478 19.67243 "Carina Sagittarius" 13.15053 18.46492 -0.02084 276.16863 -12.85619 0.08568 5.7564 2.10568 0.454791 2.64197e-20 0.0817947 1.6692e-14 0.0893801
-3.28172 -1.74485 0.02134 29.60522 Perseus 7.51014 -25.91095 0.16282 245.65807 -49.49152 0.22578 3.7167 2.07539 0.380471 1.05531e-18 3.26722 7.01698e-13 3.75737
6.84535 5.75004 0.19162 26.95665 Perseus 15.81010 25.65841 0.69444 278.90813 -6.15066 0.09765 8.9399 1.81285 0.0338731 1.07537e-19 0.332931 1.08192e-13 0.579333
6.13659 3.95717 -0.09471 23.65689 Perseus 13.88696 26.22556 -0.39077 280.13967 -6.14478 0.09757 7.3018 2.40419 0.391953 1.36638e-19 0.423027 7.64998e-14 0.409632
4.00130 -4.83513 0.02750 11.46695 Perseus 5.42608 47.51283 0.29038 289.36040 13.08285 0.12104 6.2761 1.58092 0.484791 2.25023e-20 0.0696666 1.87786e-14 0.100553
1.33587 -6.19469 -0.00976 12.86955 Norma 2.66442 30.09127 -0.20986 281.75027 -2.62370 0.27664 6.3371 2.27662 0.471218 1.37536e-19 0.425808 7.92991e-14 0.424621
1.66759 -8.20556 -0.03403 8.43420 Norma 1.69373 79.98671 -1.15110 310.16087 39.95490 0.28520 8.3733 2.2153 0.367742 7.12634e-18 22.063 4.42743e-12 23.7075
-1.77617 -3.71150 0.05882 16.15300 Perseus 5.10764 -20.35108 0.65985 250.70950 -45.08171 0.18113 4.1146 2.40291 0.0617969 3.5815e-19 1.10882 2.35789e-13 1.26258
-2.16242 3.94715 0.20651 29.73995 "Crux Scutum" 12.63528 -9.85550 0.93647 259.01966 -36.65663 0.13481 4.5007 1.79841 0.288038 1.19464e-20 0.0369857 9.86949e-15 0.052848
7.40017 1.46354 -0.06650 27.62808 Perseus 12.41125 36.60219 -0.30700 284.80839 3.12577 0.12749 7.5435 2.13042 0.142116 3.29085e-19 1.01884 2.42908e-13 1.3007
4.41298 -6.92825 0.06423 6.19543 Norma 4.68497 70.39593 0.78553 301.33190 33.19891 0.07574 8.2143 2.75135 0.485106 1.97685e-19 0.612029 9.20734e-14 0.493023
1.76658 9.76137 -0.05680 3.68014 Perseus 18.34670 5.52554 -0.17737 269.72615 -24.27207 0.01149 9.9199 2.29862 0.358743 2.13782e-21 0.00661864 1.27806e-15 0.0068436
1.68738 -2.69234 0.05536 27.26322 "Crux Scutum" 6.04807 16.20086 0.52443 274.57668 -14.59739 0.25818 3.1774 2.13017 0.305383 9.86587e-19 3.05445 6.6159e-13 3.5426
-2.98436 -5.24183 0.02371 17.50359 Norma 4.41844 -42.48849 0.30740 222.29591 -59.19002 0.22689 6.0318 2.26175 0.347544 2.98094e-19 0.922892 1.82504e-13 0.977251
0.10777 10.47140 -0.00719 8.40513 Perseus 18.97171 0.32547 -0.02171 266.61939 -28.66952 0.02537 10.4720 2.12585 0.21899 1.3816e-21 0.00427738 9.74719e-16 0.00521931
1.10706 2.93152 0.02688 21.18864 Norma 11.48504 5.53145 0.13411 269.43361 -24.11130 0.10566 3.1336 2.75727 0.186368 7.00508e-21 0.0216875 3.6026e-15 0.0192908
-8.84539 2.81390 -0.00286 20.39403 "Carina Sagittarius" 14.36124 -38.01887 -0.01141 230.00523 -57.28210 0.08133 9.2822 2.39509 0.4679 2.60509e-20 0.080653 1.42276e-14 0.0761841
6.10618 12.28193 -0.08025 6.29631 Norma 21.66057 16.37393 -0.21227 275.33254 -14.79264 0.01665 13.7161 2.07432 0.165964 1.23368e-18 3.81946 9.28396e-13 4.97127
4.03117 0.81953 0.03044 10.00921 "Crux Scutum" 10.15406 23.39094 0.17178 278.32276 -8.40391 0.05646 4.1136 2.1757 0.0207181 3.30684e-20 0.102379 2.58316e-14 0.13832
-5.35359 -3.84392 0.09976 4.62211 Norma 7.09577 -48.98613 0.80552 209.71707 -61.00372 0.03731 6.5906 1.98276 0.20042 4.26317e-20 0.131987 3.32168e-14 0.177865
0.55112 -5.95915 -0.00120 8.66623 Perseus 2.59993 12.23818 -0.02637 273.11083 -18.34315 0.19091 5.9846 2.46296 0.39517 7.31314e-18 22.6413 3.97778e-12 21.2997
-14.72956 -4.57781 -0.03100 6.57225 Perseus 15.24285 -75.08927 -0.11652 157.23955 -57.91411 0.02469 15.4245 1.67817 0.324234 7.99028e-21 0.0247377 6.9618e-15 0.0372782
-4.22797 -9.05738 0.00378 8.21738 "Crux Scutum" 4.26456 -97.51011 0.05077 131.05965 -42.60439 0.11036 9.9956 1.61858 0.481085 2.26295e-21 0.00700605 1.84983e-15 0.00990523
-1.56765 -3.79817 -0.00048 21.50761 Perseus 4.95629 -18.43909 -0.00560 253.15605 -44.05172 0.24854 4.1090 2.53761 0.0531009 1.26845e-20 0.039271 7.76915e-15 0.0416013
-4.23172 3.37342 0.07802 4.33649 "Crux Scutum" 12.60523 -19.61622 0.35465 251.71306 -44.72413 0.01970 5.4118 2.74594 0.455773 7.69626e-19 2.38274 3.62401e-13 1.94054
1.40527 6.54571 0.12048 5.75007 "Carina Sagittarius" 15.11167 5.33596 0.45679 269.02033 -24.11842 0.02179 6.6949 2.24049 0.184425 1.37071e-19 0.424367 9.22904e-14 0.494186
5.26526 -3.09398 0.02055 6.62269 Perseus 7.54642 44.24430 0.15600 287.93095 10.12633 0.05026 6.1070 2.13382 0.237001 6.18492e-19 1.91484 4.29775e-13 2.30131
-7.31725 -1.33878 -0.04104 11.54661 "Crux Scutum" 10.23850 -45.61744 -0.22968 216.98186 -60.93802 0.06459 7.4387 2.29718 0.214241 5.69542e-20 0.176329 3.65373e-14 0.195645
-0.09619 -3.18708 -0.04250 11.06626 "Carina Sagittarius" 5.31396 -1.03720 -0.45830 266.23261 -30.06014 0.11927 3.1885 1.90588 0.0582261 3.80769e-20 0.117885 3.48897e-14 0.186823
-1.44722 4.75059 -0.19519 9.88672 "Crux Scutum" 13.33082 -6.23312 -0.83896 263.33400 -34.65920 0.04248 4.9661 2.15137 0.123898 2.32569e-20 0.0720027 1.71488e-14 0.0918265
-4.28907 0.53303 0.01759 23.26449 Norma 9.99960 -25.39934 0.10077 246.27726 -49.17095 0.13325 4.3221 2.11167 0.371136 4.99964e-20 0.154788 3.27512e-14 0.175372
6.46695 -5.28866 -0.18616 29.94662 Norma 7.22280 63.59209 -1.47692 299.40038 26.22782 0.23746 8.3541 2.28797 0.0115038 2.67932e-20 0.0829511 1.95687e-14 0.104784
10.05215 2.57371 0.01127 17.41740 Norma 14.95570 42.23159 0.04319 287.09095 8.28887 0.06670 10.3764 1.6326 0.0669439 6.38809e-20 0.197774 7.18786e-14 0.384887
-10.35788 -7.04114 0.01792 28.49347 "Carina Sagittarius" 10.46013 -81.98287 0.09816 147.43491 -53.74367 0.15601 12.5245 1.94789 0.0126051 3.31224e-21 0.0102546 3.06439e-15 0.0164088
0.27973 6.40181 -0.03748 13.70847 "Carina Sagittarius" 14.90448 1.07540 -0.14408 267.17951 -28.09114 0.05268 6.4079 2.3535 0.428694 9.40535e-21 0.0291187 5.31639e-15 0.0284675
4.36274 -4.08625 0.05436 5.88043 Perseus 6.20626 44.66698 0.50184 287.81798 10.66103 0.05427 5.9775 1.89732 0.308662 5.07721e-20 0.157189 3.89079e-14 0.208339
5.86428 6.22936 -0.02624 14.03689 Perseus 15.85384 21.70925 -0.09485 277.77510 -10.01851 0.05071 8.5554 1.80199 0.0849643 3.83883e-21 0.0118849 3.7113e-15 0.0198728
7.95357 2.83744 0.00032 10.99545 Perseus 13.84907 35.05089 0.00132 283.82487 1.88636 0.04547 8.4445 2.71262 0.384386 2.62826e-22 0.000813703 1.28362e-16 0.000687337
-5.06715 15.04814 0.02861 16.32199 Norma 24.08717 -12.14389 0.06806 258.21906 -39.02111 0.03881 15.8784 2.11144 0.4834 1.28358e-20 0.0397393 7.98464e-15 0.0427552
-9.20983 -0.58269 0.00496 20.74018 "Carina Sagittarius" 12.14516 -49.31571 0.02339 209.47010 -61.84419 0.09781 9.2282 1.92632 0.46728 2.4475e-21 0.00757741 1.68978e-15 0.00904825
-2.12038 0.79905 0.07351 15.44836 Perseus 9.53802 -12.84501 0.44157 257.29510 -39.36504 0.09276 2.2659 1.59229 0.460774 2.7515e-19 0.851859 2.31407e-13 1.23911
10.85454 -1.19715 0.01021 28.24933 Norma 13.08254 56.06763 0.04471 293.84258 20.48983 0.12367 10.9204 2.3188 0.00390511 2.67312e-20 0.0827591 1.92434e-14 0.103042
-2.12294 -5.15549 0.00703 26.88865 Perseus 3.96140 -32.40544 0.10167 237.94928 -53.90034 0.38876 5.5755 2.30974 0.294507 1.07051e-19 0.331428 6.55315e-14 0.3509
2.20709 2.88676 0.01100 21.95340 "Crux Scutum" 11.59869 10.96957 0.05433 272.38984 -19.41576 0.10840 3.6338 2.01037 0.128316 5.19843e-20 0.160942 4.18503e-14 0.224095
-10.88131 6.55434 -0.07108 16.22149 Perseus 18.57528 -35.85948 -0.21926 233.48524 -56.24774 0.05002 12.7028 1.76933 0.282324 9.05645e-20 0.280385 7.65427e-14 0.409861
4.12010 0.80804 0.12066 6.55556 "Carina Sagittarius" 10.17985 23.87607 0.67916 278.09434 -7.73936 0.03688 4.1986 2.09264 0.159015 1.55634e-20 0.048184 1.16318e-14 0.0622848
-1.02939 0.84956 -0.01127 13.71937 "Carina Sagittarius" 9.40607 -6.28296 -0.06864 262.51911 -34.27903 0.08354 1.3347 1.84924 0.0768333 5.99789e-19 1.85693 5.63786e-13 3.0189
7.18371 5.28542 0.00512 22.01884 Perseus 15.54489 27.52445 0.01887 280.37111 -4.80246 0.08113 8.9186 1.81737 0.222247 3.97985e-19 1.23215 3.40156e-13 1.82143
-0.62448 2.23553 0.05217 10.69191 Perseus 10.75381 -3.32909 0.27795 264.09015 -31.61294 0.05694 2.3211 2.06904 0.247548 3.9704e-19 1.22923 2.84811e-13 1.52507
-6.31955 -6.02129 0.12885 5.80768 "Crux Scutum" 6.78950 -68.58345 1.08738 169.56668 -59.68498 0.04899 8.7288 1.78458 0.494883 4.49314e-21 0.0139106 3.3081e-15 0.0177138
2.75432 -6.63128 0.02105 27.51326 Norma 3.32849 55.84432 0.36227 293.43053 20.44873 0.47342 7.1805 2.17399 0.0211939 1.4877e-17 46.0588 1.16304e-11 62.2769
-11.21413 -14.52480 -0.00190 22.14437 Perseus 12.73008 -118.24692 -0.00856 116.93599 -25.41116 0.09963 18.3501 2.2824 0.150578 1.91695e-20 0.0593483 1.28465e-14 0.0687888
10.58078 0.90954 0.03866 19.61246 Norma 14.15958 48.35314 0.15645 289.88629 13.76285 0.07933 10.6198 1.84811 0.425947 4.60233e-21 0.0142487 3.39164e-15 0.0181612
5.68858 -6.37194 -0.11717 24.39747 Norma 6.07472 69.48954 -1.10522 302.63276 31.41348 0.23002 8.5418 1.68953 0.329848 9.28349e-20 0.287414 7.99733e-14 0.428231
-3.60388 -8.40196 -0.01009 25.56244 "Crux Scutum" 3.60523 -88.44172 -0.16042 139.47213 -49.56453 0.40609 9.1423 2.56838 0.413342 1.80671e-19 0.559354 9.30517e-14 0.498262
-7.65907 -10.43738 0.10796 16.05339 "Carina Sagittarius" 7.90105 -104.19534 0.78292 126.60501 -36.81520 0.11637 12.9461 1.81792 0.330145 2.2805e-22 0.000706036 1.81038e-16 0.0009694
-6.42515 -4.16272 0.00696 26.79208 "Crux Scutum" 7.75207 -55.97879 0.05146 195.24308 -62.80012 0.19794 7.6558 1.90202 0.379768 2.03994e-21 0.0063156 1.49513e-15 0.00800594
7.45282 -0.15740 0.11731 27.74331 Perseus 11.18737 41.77582 0.60083 286.37887 8.14064 0.14203 7.4545 2.16391 0.246461 1.5248e-20 0.0472073 1.03582e-14 0.0554647
1.42222 -0.55336 0.01203 10.33188 Perseus 8.07291 10.14689 0.08537 271.93702 -20.12016 0.07330 1.5261 2.27981 0.102439 5.2492e-20 0.162514 3.62687e-14 0.194207
