sky_model/pwn/ctadc_skymodel_gps_sources_composite.ecsv
# %ECSV 0.9
# ---
# datatype:
# - {name: galactocentric_x, unit: kpc, datatype: float64, format: '%.5f', description: Galactocentric
#     x coordinate}
# - {name: galactocentric_y, unit: kpc, datatype: float64, format: '%.5f', description: Galactocentric
#     y coordinate}
# - {name: galactocentric_z, unit: kpc, datatype: float64, format: '%.5f', description: Galactocentric
#     z coordinate}
# - {name: size_physical, unit: pc, datatype: float64, format: '%.5f', description: physical
#     size}
# - {name: type, datatype: string, description: type of PWN}
# - {name: distance, unit: kpc, datatype: float64, format: '%.5f', description: Distance
#     observer to source center}
# - {name: GLON, unit: deg, datatype: float64, format: '%.5f', description: Galactic
#     longitude}
# - {name: GLAT, unit: deg, datatype: float64, format: '%.5f', description: Galactic
#     latitude}
# - {name: RA, unit: deg, datatype: float64, format: '%.5f'}
# - {name: DEC, unit: deg, datatype: float64, format: '%.5f'}
# - {name: sigma, unit: deg, datatype: float64, format: '%.5f'}
# - {name: galactocentric_r, unit: kpc, datatype: float64, format: '%0.4f', description: Galactocentric
#     radius in the xy plan}
# - {name: spec_alpha, datatype: float64, format: '%5g', description: Spectral model
#     parameter (log parabola)}
# - {name: spec_beta, datatype: float64, format: '%5g', description: Spectral model
#     parameter (log parabola)}
# - {name: spec_norm, unit: 1 / (cm2 MeV s), datatype: float64, format: '%5g', description: Spectral
#     model norm parameter (log parabola)}
# - {name: spec_norm_cu, unit: '%', datatype: float64, format: '%5g', description: Spectral
#     model norm parameter (log parabola) in crab units}
# - {name: int_flux_above_1TeV, unit: 1 / (cm2 s), datatype: float64, format: '%5g',
#   description: 'Integral flux above 1 TeV '}
# - {name: int_flux_above_1TeV_cu, unit: '%', datatype: float64, format: '%5g', description: Integral
#     flux above 1 TeV in crab units}
# - {name: luminosity, unit: erg / s, datatype: float64, description: Intrinsic source
#     luminosity}
# - {name: skip, datatype: int64, description: 'skip boolean: 0 take, 1 skip'}
# - {name: source_name, datatype: string, description: source name}
galactocentric_x galactocentric_y galactocentric_z size_physical type distance GLON GLAT RA DEC sigma galactocentric_r spec_alpha spec_beta spec_norm spec_norm_cu int_flux_above_1TeV int_flux_above_1TeV_cu luminosity skip source_name
-1.48813 2.99964 -0.12312 3.28423 composite 11.59618 -7.37348 -0.60834 262.33434 -35.48629 0.01622 3.3485 2.05878 0.364903 2.79507e-19 0.865346 1.89025e-13 1.01217 3.46378269807e+34 1 composite_0
0.04501 0.07311 -0.24324 22.46673 composite 8.57668 0.30081 -1.62516 268.17908 -29.51462 0.15003 0.0859 2.42009 0.320755 6.92646e-19 2.14442 3.96261e-13 2.12185 2.52661243013e+34 1 composite_1
-5.72280 10.06180 0.00901 20.94183 composite 19.42398 -17.13509 0.02658 254.25337 -43.01795 0.06175 11.5754 2.27224 0.275813 5.10095e-20 0.157924 3.214e-14 0.1721 1.05001487612e+34 0 composite_2
1.50117 -0.63848 -0.55556 13.42570 composite 8.02282 10.81058 -3.97077 276.09200 -21.46381 0.09584 1.6313 2.31919 0.173354 4.5687e-19 1.41446 2.95969e-13 1.58482 1.22583649271e+34 1 composite_3
-1.45152 -0.15333 0.33033 19.59568 composite 8.47838 -9.86531 2.23289 257.70954 -35.90466 0.13237 1.4596 2.05005 0.121906 4.75349e-19 1.47167 3.74534e-13 2.00551 1.78995951555e+34 1 composite_4
-2.58382 1.84817 -0.13213 13.70337 composite 10.66669 -14.01945 -0.70975 257.59216 -40.99394 0.07358 3.1768 1.96545 0.194384 1.94542e-19 0.602298 1.53895e-13 0.824057 1.51805826261e+34 0 composite_5
-0.15949 0.93088 -0.21021 9.45525 composite 9.43457 -0.96886 -1.27670 267.08340 -30.42653 0.05740 0.9444 2.40195 0.357539 3.00621e-19 0.930716 1.70858e-13 0.914889 1.47675183122e+34 0 composite_6
4.32740 -4.54952 0.07207 8.89566 composite 5.85985 47.60707 0.70470 289.02907 13.35944 0.08695 6.2789 1.97493 0.292883 3.6329e-19 1.12474 2.68246e-13 1.43637 1.076128453e+34 1 composite_7
-1.48883 4.84193 -0.03003 3.34485 composite 13.42478 -6.36731 -0.12817 262.52298 -34.38221 0.01427 5.0657 1.90333 0.232031 1.34215e-19 0.415527 1.07682e-13 0.576601 1.98310633525e+34 0 composite_8
7.67867 0.89934 0.10210 1.05760 composite 12.13754 39.24666 0.48197 285.31752 5.83834 0.01000 7.7312 2.16788 0.323676 1.02176e-19 0.316334 6.64875e-14 0.356019 1.06110796364e+34 0 composite_9
-0.17227 -7.04563 -0.04505 8.03636 composite 1.46523 -6.75520 -1.76190 263.93689 -35.59788 0.31413 7.0477 1.93918 0.301096 7.00108e-18 21.6752 5.25524e-12 28.1401 1.39738535088e+34 1 composite_10
-3.12670 -4.00747 0.03303 21.55204 composite 5.47359 -34.83705 0.34575 234.37136 -55.19154 0.22551 5.0829 2.06291 0.338952 5.9244e-19 1.83418 4.05188e-13 2.16965 1.51639114255e+34 1 composite_11
5.31456 -6.41328 0.13514 11.13078 composite 5.71115 68.56294 1.35589 299.60646 31.94593 0.11162 8.3291 1.97818 0.378104 5.51226e-19 1.70658 3.87185e-13 2.07325 1.94638624545e+34 1 composite_12
0.00174 -3.00505 0.05405 8.45795 composite 5.49522 0.01814 0.56356 265.86775 -28.62599 0.08815 3.0051 1.99503 0.229107 4.97406e-19 1.53996 3.7741e-13 2.02091 1.07330310712e+34 1 composite_13
-10.69330 -3.44212 0.05405 1.16008 composite 11.82927 -64.68607 0.26180 176.65021 -61.64723 0.01000 11.2336 1.9511 0.360482 1.37466e-19 0.425592 9.90006e-14 0.530116 2.06662493088e+34 0 composite_14
4.13624 2.13723 0.19520 2.56296 composite 11.41478 21.24835 0.97984 276.59141 -9.92765 0.01286 4.6558 2.17018 0.101077 2.31597e-19 0.717019 1.7137e-13 0.917629 1.31141154468e+34 0 composite_15
-6.64852 9.68355 0.04805 9.33985 composite 19.36096 -20.08412 0.14220 251.51241 -45.21801 0.02763 11.7462 2.33622 0.312745 5.01288e-20 0.155198 3.00151e-14 0.160721 1.0227196817e+34 0 composite_16
0.40836 1.22142 -0.10811 12.86882 composite 9.73059 2.40536 -0.63659 268.42489 -27.19992 0.07575 1.2879 1.96173 0.215224 1.50037e-19 0.46451 1.17301e-13 0.62811 1.02874836855e+34 0 composite_17
-6.31644 -5.29731 -0.05105 9.48292 composite 7.08218 -63.11315 -0.41300 179.60358 -62.66077 0.07669 8.2437 1.91155 0.274563 2.34002e-19 0.724463 1.81606e-13 0.97244 1.06016205982e+34 0 composite_18
-10.40940 -1.07578 0.03003 3.47080 composite 12.78576 -54.50267 0.13457 198.44583 -62.62582 0.01555 10.4648 2.64958 0.247297 2.08672e-19 0.646042 1.10178e-13 0.589966 1.11062115703e+34 0 composite_19
-4.07975 -4.31345 -0.02102 8.41232 composite 5.84568 -44.25978 -0.20603 219.52525 -60.39789 0.08242 5.9372 1.87205 0.277721 4.64954e-19 1.43949 3.6909e-13 1.97636 1.53512592578e+34 1 composite_20
-4.67569 -2.57777 -0.14715 5.09587 composite 7.54696 -38.29162 -1.11722 230.69963 -58.35934 0.03867 5.3392 2.3953 0.282766 5.32529e-19 1.6487 3.13648e-13 1.67948 1.43149961434e+34 1 composite_21
5.87296 -10.17260 0.00601 22.54052 composite 6.10650 105.89678 0.05639 338.90671 58.36300 0.21141 11.7462 2.21498 0.183886 6.37843e-19 1.97475 4.35997e-13 2.33463 1.14919132455e+34 1 composite_22
-5.77902 10.12800 -0.09309 7.33958 composite 19.50405 -17.23561 -0.27347 254.48923 -43.28351 0.02155 11.6608 2.12019 0.1833 6.29265e-20 0.194819 4.55234e-14 0.243763 1.30303489602e+34 0 composite_23
-10.52350 -1.54094 0.01802 5.29176 composite 12.61637 -56.52383 0.08184 194.04958 -62.78488 0.02402 10.6357 1.81944 0.13826 1.42445e-19 0.441007 1.29805e-13 0.695062 1.66796516215e+34 0 composite_24
0.70435 -1.07820 0.44745 10.36321 composite 7.46856 5.42130 3.43471 266.28101 -22.52213 0.07947 1.2879 1.81959 0.271945 1.89143e-19 0.585582 1.55842e-13 0.834485 1.08646030993e+34 0 composite_25
6.01089 6.13015 0.06006 28.67841 composite 15.81694 22.33562 0.21756 277.78818 -9.31867 0.10385 8.5854 2.13012 0.117781 5.09801e-19 1.57833 3.82555e-13 2.04846 6.00194784603e+34 0 composite_26
7.63944 -0.17370 0.44444 20.33496 composite 11.30866 42.53660 2.25235 285.24505 9.57274 0.10299 7.6414 2.44632 0.387689 1.55271e-19 0.480714 8.536e-14 0.457076 1.10670303819e+34 0 composite_27
-6.70805 -5.62801 -0.19219 4.64615 composite 7.29953 -66.82226 -1.50872 171.16937 -62.72580 0.03645 8.7563 2.13441 0.193481 4.91651e-19 1.52214 3.50434e-13 1.87646 1.43075244811e+34 1 composite_28
0.74984 -3.61497 -0.41742 5.01871 composite 4.95984 8.72665 -4.82772 275.87192 -23.70217 0.05795 3.6919 2.15601 0.153857 9.8531e-19 3.0505 7.10491e-13 3.80445 1.18638005847e+34 0 composite_29
-10.14260 -5.57826 0.21622 7.60969 composite 10.55726 -73.93010 1.17354 160.31924 -57.37385 0.04128 11.5754 2.00706 0.22733 5.74959e-19 1.78006 4.33519e-13 2.32135 4.48381235742e+34 0 composite_30
10.76110 3.77641 -0.07808 2.47271 composite 16.32537 41.23675 -0.27403 286.91278 7.25971 0.01000 11.4045 1.72479 0.308745 3.11664e-20 0.0964903 2.66243e-14 0.142565 1.09915046079e+34 0 composite_31
3.31268 12.00070 -0.45345 16.31109 composite 20.77157 9.17900 -1.25088 272.68694 -21.61390 0.04497 12.4495 2.08902 0.118849 6.32177e-20 0.19572 4.86682e-14 0.260603 1.35275515525e+34 0 composite_32
6.67808 -4.68324 0.24324 1.44046 composite 7.69569 60.25050 1.81127 294.38195 25.00247 0.01072 8.1566 2.00354 0.159889 5.87935e-19 1.82023 4.64802e-13 2.48887 2.09846328042e+34 0 composite_33
6.52166 4.90161 -0.08108 9.01588 composite 14.90442 25.94906 -0.31169 279.94155 -6.35434 0.03465 8.1583 1.82331 0.304049 7.27939e-20 0.225368 5.8567e-14 0.313607 1.80854831951e+34 0 composite_34
0.99375 6.11322 0.03003 8.03653 composite 14.64700 3.89032 0.11747 268.53908 -25.53765 0.03143 6.1935 1.78861 0.357946 6.64869e-20 0.205842 5.28141e-14 0.282802 1.96884271874e+34 0 composite_35
-10.26790 -5.34414 -0.12312 17.27768 composite 10.74264 -72.91508 -0.65667 160.34855 -59.46660 0.09211 11.5754 1.95903 0.208648 3.82041e-19 1.18279 3.00523e-13 1.60921 3.15488155678e+34 1 composite_36
3.22416 3.23927 0.16517 5.29537 composite 12.17510 15.35747 0.77731 273.93190 -15.21945 0.02491 4.5703 1.87391 0.153252 1.28697e-19 0.398443 1.11517e-13 0.597137 1.34834961496e+34 0 composite_37
-3.28581 10.56360 0.06306 16.92107 composite 19.34480 -9.77944 0.18677 259.83954 -37.02720 0.05010 11.0628 2.40435 0.222981 1.39858e-19 0.432998 8.43188e-14 0.4515 2.16561759054e+34 0 composite_38
4.22499 2.33364 -0.07808 3.15757 composite 11.62860 21.30519 -0.38471 277.84629 -10.51083 0.01555 4.8266 2.14846 0.154062 1.73035e-19 0.535713 1.25334e-13 0.671122 1.1565486888e+34 0 composite_39
-10.01430 0.68515 0.09009 12.47592 composite 13.58901 -47.47285 0.37985 212.95898 -60.98524 0.05258 10.0377 1.89551 0.391429 4.62317e-20 0.143132 3.37918e-14 0.180944 1.09537835535e+34 0 composite_40
1.62711 -0.11705 0.21622 17.20819 composite 8.54214 10.98439 1.45044 271.10733 -18.72288 0.11538 1.6313 2.06759 0.214694 5.50731e-19 1.70505 4.03367e-13 2.1599 2.51281303244e+34 0 composite_41
-2.86463 -0.99546 0.16216 6.78549 composite 8.03433 -20.89284 1.15650 249.67372 -45.15869 0.04837 3.0327 2.24492 0.265337 8.58778e-19 2.65876 5.52048e-13 2.95604 3.06380210593e+34 0 composite_42
2.71348 -2.75040 0.27327 20.05222 composite 6.36361 25.26461 2.46119 277.14972 -5.68460 0.18047 3.8636 1.95135 0.162881 3.97073e-19 1.22933 3.24148e-13 1.73571 1.04579909116e+34 1 composite_43
-0.69715 -6.24007 -0.11411 20.13689 composite 2.36777 -17.14411 -2.76233 257.31277 -44.72551 0.48709 6.2789 2.14045 0.372397 2.2312e-18 6.90775 1.43845e-12 7.70242 1.04013166686e+34 1 composite_44
6.57045 -5.78806 -0.01502 2.46957 composite 7.10814 67.57171 -0.12107 300.46452 30.32591 0.01990 8.7563 2.33215 0.253793 2.08145e-18 6.44412 1.28417e-12 6.87634 5.0619646627e+34 1 composite_45
0.54086 0.55189 0.21922 6.88098 composite 9.07068 3.41942 1.38486 267.06656 -25.29455 0.04345 0.7727 1.89604 0.276789 1.95028e-19 0.603803 1.52605e-13 0.817151 1.49197272748e+34 0 composite_46
1.58698 0.85581 0.22523 0.17128 composite 9.49212 9.62717 1.35965 270.48361 -19.94878 0.01000 1.8030 2.35341 0.366308 1.98729e-19 0.61526 1.15234e-13 0.617042 1.07840437849e+34 0 composite_47
4.01399 0.59457 -0.06306 17.74513 composite 9.94119 23.81480 -0.36345 279.00022 -8.27423 0.10223 4.0578 1.96141 0.149891 3.61537e-19 1.11931 2.95969e-13 1.58482 2.22724019924e+34 1 composite_48
-0.81681 -4.49677 -0.14715 17.93997 composite 4.08836 -11.53221 -2.06266 260.92874 -39.74794 0.25132 4.5704 1.78833 0.147785 7.77506e-19 2.40714 7.18796e-13 3.84892 1.02093197012e+34 0 composite_49
-3.31686 -0.62037 0.17718 16.53010 composite 8.55111 -22.82823 1.18726 247.76230 -46.56358 0.11072 3.3744 2.1887 0.121565 3.81272e-19 1.18041 2.75109e-13 1.47312 1.23144189773e+34 0 composite_50
10.64070 1.88588 0.02402 6.81769 composite 14.86915 45.69433 0.09256 288.67263 11.38159 0.02626 10.8065 1.86591 0.380307 3.78894e-20 0.117305 2.8352e-14 0.151816 1.0907630349e+34 0 composite_51
-0.16270 3.00064 -0.10511 1.00217 composite 11.50227 -0.81051 -0.52359 266.43340 -29.90077 0.01000 3.0050 2.05545 0.217177 5.66204e-19 1.75295 4.1712e-13 2.23355 4.78888324925e+34 0 composite_52
1.32725 -5.94972 -0.36036 9.14525 composite 2.89748 27.49396 -7.14439 286.78670 -8.07090 0.18077 6.0960 2.21644 0.188751 2.47873e-18 7.67409 1.68811e-12 9.03929 1.01357958969e+34 1 composite_53
-4.74824 6.20912 -0.00300 8.19725 composite 15.45652 -17.89056 -0.01112 253.64267 -43.63015 0.03037 7.8166 1.97364 0.17696 6.80376e-20 0.210643 5.41891e-14 0.290166 1.05908072519e+34 0 composite_54
5.15877 -10.36230 0.02102 13.23285 composite 5.48466 109.84943 0.21959 345.67539 60.29980 0.13818 11.5754 2.15491 0.359953 4.47938e-19 1.38681 2.88304e-13 1.54378 1.06138072891e+34 0 composite_55
-10.55890 -1.27582 0.03303 2.83216 composite 12.79376 -55.62088 0.14792 196.01483 -62.68835 0.01268 10.6357 2.29969 0.394175 9.19993e-20 0.284828 5.41347e-14 0.289874 1.04851121872e+34 0 composite_56
-3.09393 0.72072 -0.49249 15.66769 composite 9.73841 -18.54872 -2.89879 256.27197 -45.93025 0.09215 3.1768 1.70399 0.299691 1.02294e-19 0.316699 8.91545e-14 0.477394 1.29251927096e+34 0 composite_57
-9.50321 2.65395 -0.00601 11.86884 composite 14.65338 -40.43113 -0.02350 226.11905 -58.53053 0.04639 9.8668 1.96033 0.340251 6.11382e-20 0.189282 4.42962e-14 0.237192 1.31419196432e+34 0 composite_58
2.08004 4.80661 -0.53453 4.86397 composite 13.47880 8.88437 -2.27278 273.50172 -22.36238 0.02067 5.2374 2.12442 0.289965 8.76818e-20 0.271461 5.94747e-14 0.318468 1.09942054457e+34 0 composite_59
6.25699 -6.12557 0.17117 2.58114 composite 6.69456 69.21903 1.46513 299.90269 32.56186 0.02208 8.7563 2.1263 0.229088 6.68663e-19 2.07016 4.68825e-13 2.51041 1.78888882017e+34 0 composite_60
7.22619 1.54469 0.08709 4.07682 composite 12.37422 35.73139 0.40325 283.77760 2.67528 0.01887 7.3894 2.19043 0.319527 1.67364e-19 0.518155 1.07814e-13 0.577309 1.73183107342e+34 0 composite_61
2.23451 -2.49385 -0.17117 1.91635 composite 6.41063 20.40706 -1.53003 278.45951 -11.83606 0.01712 3.3485 2.03552 0.360588 2.65452e-19 0.821831 1.82251e-13 0.975896 1.02936434819e+34 0 composite_62
-7.38008 9.57354 0.05405 10.72035 composite 19.52233 -22.21197 0.15863 249.47391 -46.80681 0.03145 12.0879 2.15963 0.274883 1.92255e-19 0.595218 1.289e-13 0.690218 4.64466106014e+34 0 composite_63
-0.24132 -3.51192 -0.01502 13.53323 composite 4.99394 -2.76977 -0.17233 264.88736 -31.38158 0.15521 3.5202 2.3981 0.318847 1.33557e-18 4.13488 7.73058e-13 4.13948 1.69294037163e+34 1 composite_64
-7.73440 -1.13049 0.01502 3.32051 composite 10.68320 -46.38392 0.08055 215.28066 -60.91711 0.01780 7.8166 1.7971 0.318993 9.57405e-20 0.29641 7.755e-14 0.415255 1.32811159856e+34 0 composite_65
12.19590 -5.26514 0.10811 2.95043 composite 12.61808 75.14484 0.49091 304.82628 37.00299 0.01339 13.2839 1.98497 0.119216 1.59451e-19 0.493655 1.31457e-13 0.703911 1.43651287957e+34 0 composite_66
-4.95981 15.58930 -0.14414 21.68235 composite 24.59502 -11.63420 -0.33579 259.02323 -38.84345 0.05049 16.3593 2.1721 0.299601 2.60446e-20 0.0806336 1.71174e-14 0.091658 1.04093712859e+34 0 composite_67
-2.44910 10.52540 -0.29129 4.75426 composite 19.18460 -7.33523 -0.86999 262.62854 -35.59860 0.01419 10.8066 1.57963 0.303952 7.0418e-20 0.218012 6.65671e-14 0.356445 4.27491617222e+34 0 composite_68
10.15160 -1.07657 -0.11411 7.83016 composite 12.57678 53.82360 -0.51986 293.21272 18.25348 0.03566 10.2085 2.07743 0.262417 1.33777e-19 0.41417 9.4663e-14 0.50689 1.45953199476e+34 0 composite_69
-2.05127 -5.38914 0.06607 9.87191 composite 3.72687 -33.40046 1.01579 235.66568 -53.79600 0.15171 5.7663 2.07705 0.1907 3.78399e-18 11.7151 2.79744e-12 14.9794 3.07562295203e+34 1 composite_70
5.12607 7.82469 -0.15315 29.44879 composite 17.11127 17.43266 -0.51282 276.11938 -13.99868 0.09857 9.3543 2.07323 0.187118 6.34344e-20 0.196391 4.71145e-14 0.252283 1.08383026946e+34 0 composite_71
2.32031 -5.09171 0.14114 15.52328 composite 4.12555 34.24642 1.96054 281.71313 2.06334 0.21550 5.5955 2.25734 0.280511 1.59681e-18 4.94369 1.01181e-12 5.41793 1.52850926161e+34 0 composite_72
-4.06738 1.07512 -0.75075 19.71567 composite 10.43025 -23.01512 -4.12761 253.61154 -50.19982 0.10826 4.2071 2.19336 0.352692 1.41424e-19 0.437847 8.95045e-14 0.479268 1.12454756596e+34 0 composite_73
-0.25233 -0.05170 0.42342 3.61959 composite 8.46267 -1.71078 2.86793 262.59245 -28.84696 0.02450 0.2576 2.50291 0.179665 5.23219e-19 1.61987 3.0593e-13 1.63816 1.27910908621e+34 0 composite_74
-0.67673 5.19347 -0.37538 6.07639 composite 13.71532 -2.82925 -1.56835 266.24610 -32.16784 0.02537 5.2374 1.9971 0.32915 9.46412e-20 0.293007 6.75484e-14 0.3617 1.63527989032e+34 0 composite_75
-4.98708 -4.84714 -0.42943 2.82882 composite 6.19667 -53.77854 -3.97379 201.15801 -66.63329 0.02615 6.9545 2.00441 0.249865 4.20669e-19 1.30238 3.13235e-13 1.67727 1.19783324213e+34 0 composite_76
-0.35519 0.24110 -0.54955 1.85834 composite 8.76556 -2.32690 -3.59447 268.61335 -32.77499 0.01214 0.4293 2.00814 0.207288 2.40162e-19 0.743534 1.83319e-13 0.981613 1.22992283687e+34 0 composite_77
0.81366 -5.01737 0.04505 7.34861 composite 3.57670 13.15035 0.72168 272.88252 -17.18370 0.11767 5.0829 2.24473 0.328112 2.97042e-18 9.19634 1.85143e-12 9.91382 2.42943921494e+34 1 composite_78
-5.20876 -7.14455 0.05706 7.10910 composite 5.38253 -75.41370 0.60740 157.41971 -57.12673 0.07565 8.8417 2.20901 0.251099 1.00515e-18 3.11191 6.63991e-13 3.55546 1.63540829388e+34 0 composite_79
-2.99655 -1.84730 0.74174 17.50054 composite 7.33402 -24.24805 5.80464 241.70823 -44.26468 0.13667 3.5202 2.39226 0.385368 4.0189e-19 1.24424 2.26891e-13 1.21493 1.29117775575e+34 0 composite_80
