sky_model/pwn/ctadc_skymodel_gps_sources_pwn.ecsv
# %ECSV 0.9
# ---
# datatype:
# - {name: x, unit: kpc, datatype: float64, description: Galactocentric x coordinate}
# - {name: y, unit: kpc, datatype: float64, description: Galactocentric y coordinate}
# - {name: z, unit: kpc, datatype: float64, description: Galactocentric z coordinate}
# - {name: spiralarm, datatype: string}
# - {name: GLON, unit: deg, datatype: float64, description: Galactic longitude}
# - {name: GLAT, unit: deg, datatype: float64, description: Galactic latitude}
# - {name: RA, unit: deg, datatype: float64}
# - {name: DEC, unit: deg, datatype: float64}
# - {name: distance, unit: pc, datatype: float64, description: Distance observer to
#     source center}
# - {name: sigma, unit: deg, datatype: float64, description: Angular extension (deg)}
# - {name: spec_alpha, datatype: float64, description: Spectral model parameter (log
#     parabola)}
# - {name: spec_beta, datatype: float64, description: Spectral model parameter (log
#     parabola)}
# - {name: spec_norm, unit: 1 / (cm2 s TeV), datatype: float64, description: Spectral
#     model norm parameter (log parabola)}
x y z spiralarm GLON GLAT RA DEC distance sigma spec_alpha spec_beta spec_norm
[from data line 337]
-0.135900705697 6.68927874789 -0.041821765303 "Carina Sagittarius" -0.51262006801 -0.157749997521 266.252886638 -29.4558256751 15189.9442706 0.175093446181 1.61199180346 0.350264311409 1.85495530998e-07
3.67143278735 -9.53674758948 0.0275190642636 "Crux Scutum" 105.768739809 0.413288798087 338.352842367 58.6078578649 3815.10439899 0.0615989102263 1.72159278278 0.44153879866 5.12396959496e-06
-3.52571467499 2.15716926801 -0.133819036628 Norma -18.3057809446 -0.683005943785 254.006985462 -44.3752425694 11226.0335075 0.295955079619 2.15850132791 0.483287553462 6.81747679028e-09
1.32570973267 -0.20883251708 -9.8784554424e-05 Perseus 9.08436719031 -0.00067408420094 271.463976924 -21.089857297 8396.48524889 0.236850939932 1.77265399872 0.387373807096 4.77493224165e-07
5.42054815337 -15.8454271718 -0.0681448905493 "Carina Sagittarius" 143.574578741 -0.427688190682 51.9883563632 56.0393663387 9129.19965526 0.0846614196149 1.58315182542 0.49711654161 3.19115247218e-09
-6.57786005944 5.66343105536 -0.0944035135132 "Carina Sagittarius" -24.9113623147 -0.346358141838 247.287273309 -49.1305606128 15616.6556677 0.0612162388971 1.67462882331 0.307384943072 1.20691815259e-07
-3.76346309801 -2.62049063673 -7.07916920909e-06 Perseus -32.6232325993 -5.81027300015e-05 237.770208114 -54.116460051 6980.85129786 0.05 2.07588345811 0.0185648019457 1.87042315809e-07
0.609933589994 -6.94577696097 0.0018180435626 Norma 21.4268463351 0.0623891858505 277.500697945 -10.195984623 1669.62017972 0.0859077367707 1.65081401818 0.00712575757515 1.29608256414e-05
3.23236324142 -0.71202683028 0.043936637973 "Crux Scutum" 22.5406740906 0.29854416742 277.811560619 -9.09942225192 8432.23746374 0.101964450482 1.69554487135 0.171051937602 1.51248235977e-06
-4.56336849042 0.0590122354965 0.0577918137757 Norma -28.0649917317 0.341375857413 243.049999579 -50.8637535265 9699.70939361 0.0935306455608 1.6622209603 0.411735859534 8.99929440405e-07
4.37372477909 0.597447876934 -0.172022549455 "Carina Sagittarius" 25.676568912 -0.976323503147 280.410861854 -6.90084095571 10095.6732353 0.145670385527 1.84965988347 0.433067353162 4.62261803867e-07
-4.80387544956 6.93938886022 -0.0123714664721 "Carina Sagittarius" -17.2832240411 -0.0438377029411 254.202035841 -43.1776308048 16169.4805348 0.187852149773 1.6959177647 0.480406264411 6.5625016406e-08
-4.95668968016 7.17532840602 0.00188177004354 "Carina Sagittarius" -17.5474555739 0.00655810635363 253.920952771 -43.3521678951 16440.3374893 0.164965445699 1.36750426678 0.0325607342744 1.1475884769e-05
-4.8004344767 -12.0431010531 9.01399808328e-05 "Carina Sagittarius" -126.430264926 0.000865623231277 112.604997422 -18.2810042234 5966.38385004 0.0535856076094 1.5604611457 0.0222855554938 4.1000171713e-07
2.22070399593 -6.08768448443 -0.0495965343022 Norma 42.63172197 -0.866603832884 288.093080681 8.22360762871 3279.21518056 0.05 1.54814695879 0.456641798184 1.96558492388e-06
-7.38992891343 -10.9538850693 -0.0566863595814 "Carina Sagittarius" -108.369159964 -0.417100228139 122.505839433 -34.0385126071 7786.90019344 0.26645318481 2.1356962338 0.152523349181 6.23977743859e-08
3.86543224977 1.48770340895 -0.0964721463744 "Carina Sagittarius" 21.1573905983 -0.516106223914 277.895273497 -10.7026343952 10710.0463462 0.061055081545 2.01942199137 0.278993700305 1.11887714955e-07
7.55163263887 -0.673930504942 0.00163698642133 Perseus 43.9775842684 0.00862426535074 287.9382931 9.82168912415 10875.4090467 0.0647706400065 1.95856003244 0.4912224415 1.73527696035e-06
1.14887052265 -6.10999979901 -0.0382710551993 Norma 25.6735435515 -0.826843565512 280.275583826 -6.83515267371 2652.06883625 0.0778810687699 1.66355325434 0.200224267368 2.02636070645e-05
12.227216245 -13.0665854517 -0.0720890972738 "Carina Sagittarius" 110.47950953 -0.316450564387 347.265462916 60.0567008542 13052.345254 0.05 1.57973628366 0.332935699155 1.71114564028e-08
0.222827541515 -7.27274530762 0.00453625074982 Norma 10.2908509465 0.208372317879 271.897133043 -19.9345572102 1247.32785217 0.082202599596 1.66297024755 0.200439781816 1.88167441134e-05
2.07260718293 3.01445299037 -0.100006991815 "Crux Scutum" 10.204000928 -0.489750708569 272.502666331 -20.3489573488 11699.9286152 0.0820344185992 1.51599237231 0.384097332231 1.89642490915e-09
9.78845393942 -1.84787170109 -0.126651392672 Norma 55.8003929196 -0.613128871736 294.315668129 19.9356888682 11835.5685121 0.192035829834 2.47424410573 0.263857362786 2.36092540155e-07
3.09067767688 -4.05613675279 0.0360455961784 Perseus 34.8183593399 0.381533842553 283.380208201 1.85285819862 5413.08676702 0.199845714911 1.19376315494 0.118761568993 4.28986673961e-09
3.10484375215 -5.23304972087 -0.0456184901414 Perseus 43.5426370275 -0.579911169165 288.262905932 9.16363100472 4507.22751791 0.130377088909 1.95228230447 0.135653050629 1.74020029256e-06
3.4642158308 -10.5803997079 -0.029606055639 "Crux Scutum" 120.986495229 -0.419775952948 8.65914061536 62.3884905532 4041.00616004 0.223184837411 1.45317087954 0.129029606269 1.01429792085e-06
-0.492017739935 1.81085657706 0.00942949132767 Perseus -2.7319914554 0.052338604477 264.688451096 -31.2298588202 10322.5933623 0.16399649838 1.7718272573 0.266160164129 2.81509007299e-07
9.95314489612 -1.55459339777 -0.0331040260662 Norma 55.0922698136 -0.156277136625 293.52543229 19.5396087607 12136.9214412 0.12843178884 1.53323947553 0.351594508008 1.24414614639e-06
-10.321299658 -6.73381265085 0.0141273672875 "Carina Sagittarius" -80.2895620984 0.077300441033 149.684770547 -54.8126364178 10471.3343928 0.14609281683 1.48204018013 0.474639950022 5.57170046901e-09
3.41192317834 4.22218414664 -0.0579791587941 "Carina Sagittarius" 15.0127067558 -0.252201705438 274.702802352 -16.0116169398 13171.884862 0.110934650642 1.49214699875 0.347043687541 9.29318714676e-07
-11.3249493261 3.60360642758 -0.0347068404668 Perseus -43.0964533069 -0.119968390154 221.579810372 -59.8383184221 16575.6740544 0.0905150485967 2.27384626151 0.390596421981 1.23832864607e-07
-14.6109245549 0.311688952184 0.0491879920171 Perseus -58.9062804613 0.165173658564 188.85590219 -62.6494028115 17062.4558021 0.103226646311 1.76409312598 0.0844630579323 2.65696297362e-07
-4.81930017341 10.2515030153 -0.0707482957063 Perseus -14.413565172 -0.209368383036 256.748475925 -41.0111646068 19361.0310886 0.05 1.59326040749 0.187031312504 6.20028334335e-09
0.262583199587 2.56910234165 -0.00363015996805 Norma 1.35892572525 -0.0187851130857 267.223368162 -27.7835990423 11072.2170212 0.158044170532 1.9500624803 0.206890109929 1.046366674e-06
-4.19419766671 2.68344489242 0.0993002114097 "Crux Scutum" -20.557868046 0.476332893637 250.712847858 -45.3581643454 11944.4796564 0.05 1.80279431493 0.343190115 2.25321517635e-08
-0.411028954392 3.35929445462 0.105289351893 Norma -1.98500859042 0.508365591705 264.703634026 -30.3547830482 11866.8823037 0.214163126407 1.99440911502 0.147945988188 1.79766145579e-07
0.668795047173 1.15295456766 -0.000894490372854 Norma 3.96334565091 -0.00529661210127 268.697381044 -25.536753962 9676.09526103 0.105054141984 1.3074507029 0.15164596071 4.65275885937e-06
3.66892277262 -1.73955099714 0.104127074498 "Carina Sagittarius" 28.4888613252 0.775583510196 280.139104936 -3.59867295121 7692.56182811 0.134949498165 1.8819730542 0.17794457732 2.2352401434e-08
