sky_model/pwn/ctadc_skymodel_gps_sources_pwn.ecsv
# %ECSV 0.9
# ---
# datatype:
# - {name: galactocentric_x, unit: kpc, datatype: float64, description: Galactocentric
#     x coordinate}
# - {name: galactocentric_y, unit: kpc, datatype: float64, description: Galactocentric
#     y coordinate}
# - {name: galactocentric_z, unit: kpc, datatype: float64, description: Galactocentric
#     z coordinate}
# - {name: spiralarm, datatype: string}
# - {name: GLON, unit: deg, datatype: float64, description: Galactic longitude}
# - {name: GLAT, unit: deg, datatype: float64, description: Galactic latitude}
# - {name: RA, unit: deg, datatype: float64}
# - {name: DEC, unit: deg, datatype: float64}
# - {name: distance, unit: pc, datatype: float64, description: Distance observer to
#     source center}
# - {name: sigma, unit: deg, datatype: float64, description: Angular size}
# - {name: size_physical, unit: pc, datatype: float64, description: Physical size}
# - {name: spec_alpha, datatype: float64, description: Spectral model parameter (log
#     parabola)}
# - {name: spec_beta, datatype: float64, description: Spectral model parameter (log
#     parabola)}
# - {name: spec_norm, unit: 1 / (cm2 MeV s), datatype: float64, description: Spectral
#     model norm parameter (log parabola)}
# - {name: spec_norm_cu, unit: '%', datatype: float64, description: Spectral model norm
#     parameter (log parabola) in crab units}
# - {name: int_flux_above_1TeV, unit: 1 / (cm2 s), datatype: float64, description: 'Integral
#     flux above 1 TeV '}
# - {name: int_flux_above_1TeV_cu, unit: '%', datatype: float64, description: Integral
#     flux above 1 TeV in crab units}
# - {name: source_name, datatype: string, description: source name}
# - {name: galactocentric_r, unit: kpc, datatype: float64, description: Galactocentric
#     radius in the xy plan}
galactocentric_x galactocentric_y galactocentric_z spiralarm GLON GLAT RA DEC distance sigma size_physical spec_alpha spec_beta spec_norm spec_norm_cu int_flux_above_1TeV int_flux_above_1TeV_cu source_name galactocentric_r
[from data line 116]
-7.92687084235 -3.21793531508 0.00208415224968 "Crux Scutum" -56.3225238435 0.012536129669 194.493467107 -62.8497496234 9525.51799278 0.0761962389485 12.6677580641 2.03972774004 0.323776216297 1.47578970157e-20 0.04569008364 1.03099169331e-14 0.0552063073609 pwn_116 8.55513816624
4.22031466584 -0.745492556591 -0.0237652700024 "Carina Sagittarius" 28.5568092646 -0.154232020194 280.998929652 -3.96349154938 8828.59028139 0.0363505254669 5.6011793826 2.1367593953 0.281511918358 1.59893551175e-19 0.495026474225 1.08199521064e-13 0.579373825701 pwn_117 4.28565222932
6.02692321494 13.2061289015 -0.0674768226572 Norma 15.517844717 -0.171619472524 274.877174952 -15.528404174 22527.4141536 0.0621298612052 24.4280761193 2.08581668529 0.0858204083141 2.75144620174e-22 0.000851840929331 2.17370073825e-16 0.00116394721554 pwn_118 14.5163922515
-1.9858864826 -0.72768786459 -0.107284897129 "Crux Scutum" -14.3328676874 -0.766217992345 257.405192215 -41.2795493501 8022.72342171 0.155850677627 21.8227236996 2.29924321481 0.397265505983 9.16942439261e-20 0.28388310813 5.38964242843e-14 0.288598112284 pwn_119 2.11501176121
-3.41923894279 0.0146423240154 0.0365319522604 Norma -21.8789956219 0.228119345095 249.722623305 -46.5126016925 9175.60153 0.0820650013405 13.1422641106 1.86459377657 0.0707070559406 5.80876905671e-20 0.179838051291 5.42759444227e-14 0.290630321229 pwn_120 3.41927029431
-0.836830026021 -5.34201603374 0.100180605635 Perseus -14.8416214221 1.75640217279 254.356554627 -40.1465997348 3268.51394021 0.285190449415 16.2692028229 1.99932580693 0.0673989473615 5.31446776206e-21 0.0164534605637 4.51787390583e-15 0.024191769641 pwn_121 5.40716374795
-4.93079267818 3.24036252653 0.0163363450321 "Crux Scutum" -22.7817437049 0.073505592667 249.005105297 -47.2862359204 12733.7777413 0.0920143443487 20.4498695577 2.66885466859 0.397517522152 7.12319951112e-22 0.00220532492604 3.5296727329e-16 0.00189002684543 pwn_122 5.90022590571
2.37465701821 -0.0475596957935 0.0582773572299 "Crux Scutum" 15.6923554714 0.380309805405 274.458693516 -15.1134580482 8779.87125764 0.0404246489788 6.19457969815 1.86006415848 0.184611663942 7.30552056999e-22 0.0022617710743 6.23895990802e-16 0.00334076346619 pwn_123 2.37513323391
7.06745466795 -5.30782107569 -0.00828327093406 Norma 65.6925876345 -0.0611993085422 299.271765359 28.7581050598 7754.93329313 0.0168029399135 2.27426318309 2.01552737076 0.156308557962 2.31905037078e-19 0.717972251016 1.82373644011e-13 0.976552528131 pwn_124 8.83865827233
-6.38688637961 -5.34609168937 -0.0705926600582 "Crux Scutum" -63.7193798211 -0.567799573715 178.241526084 -62.6820203352 7123.51307864 0.08481386897 10.5448106525 1.92318398941 0.139336025655 1.29389731161e-19 0.400587402976 1.09557824323e-13 0.586647105175 pwn_125 8.32904640263
-0.926703528618 4.48274271711 0.0559102531667 "Crux Scutum" -4.08282755691 0.246116880375 263.64192322 -32.264433503 13015.8946617 0.0812918005755 18.4670883637 2.23343440872 0.162486053184 7.74916154794e-20 0.239912122227 5.3064224659e-14 0.284141949485 pwn_126 4.57752790245
11.3395971051 -7.46965430703 -0.0319405514934 "Crux Scutum" 84.8082109124 -0.160724050127 313.19079199 44.3350976811 11386.3556484 0.077302955698 15.3623790061 2.40671769673 0.170293799854 3.07356895346e-21 0.00951569335435 1.90019526827e-15 0.0101749378493 pwn_127 13.5787406622
-2.97443465858 5.18615116292 -0.0121781253958 "Crux Scutum" -12.2615133591 -0.0498195680134 258.252878803 -39.1855554526 14005.6468433 0.0868484868923 21.2296643525 1.95053651442 0.348183846803 2.13703250195e-19 0.661619969643 1.5501847563e-13 0.830074351502 pwn_128 5.97858055251
-2.22387855585 1.93379439606 -0.0376097071351 Norma -12.0320827806 -0.201990592447 258.585204232 -39.0888493844 10668.229273 0.133470349942 24.8516536827 1.97057569767 0.120131100576 4.62458823181e-19 1.43176106248 3.84741571423e-13 2.06016804834 pwn_129 2.94706576062
1.9047591296 -4.19641394096 -0.0199430929238 Perseus 23.8740915499 -0.242792838942 278.919531713 -8.16608333572 4706.31044836 0.187662177411 15.4147414009 2.01630551841 0.162663226737 4.09518610765e-20 0.126785947605 3.20467428887e-14 0.171600057431 pwn_130 4.60847016978
-6.48854202981 1.1699163338 0.0480600237074 "Crux Scutum" -33.861726355 0.236461671968 235.845699722 -54.6954611907 11645.2037054 0.0261974840828 5.32456426227 2.25895013504 0.388105754235 4.80853321668e-19 1.4887099742 2.89503316591e-13 1.55019765741 pwn_131 6.59316933657
1.67326677011 2.93181096951 -0.00306546610686 "Crux Scutum" 8.32721475058 -0.0152020123154 271.079219348 -21.7570941267 11553.6199143 0.127613059294 25.7330510856 1.87818140925 0.456575286657 8.25137416164e-21 0.025546050036 5.8814910319e-15 0.0314935031732 pwn_132 3.37569803817
0.890654527291 1.8272805619 -0.0347324841679 Perseus 4.92915703292 -0.191982546976 269.412425107 -24.7959291435 10365.6739114 0.0988328164699 17.8803704579 1.98721201021 0.306417985114 5.61428363002e-22 0.00173816830651 4.08280327899e-16 0.00218621055996 pwn_133 2.03278620098
11.0541529213 3.85877982134 0.0151303907898 Norma 41.8106347847 0.0522827762268 286.887004463 7.91938686404 16581.1327842 0.0780231603929 22.5795546094 1.38834183855 0.0525591147314 2.43074120026e-22 0.000752551455189 3.44906879981e-16 0.00184686601752 pwn_134 11.708308098
-1.27946985119 -3.71900871528 0.0140864506167 Perseus -14.982187798 0.163074110126 255.898103749 -41.2385924707 4949.25440776 0.249762158142 21.5747879248 1.68547649715 0.270792330354 5.53775484566e-19 1.71447518442 4.99133280164e-13 2.67269905836 pwn_135 3.93294659568
2.80142521617 4.84355793421 0.000901439052962 "Carina Sagittarius" 11.8568100488 0.0037880964907 272.889593266 -18.6630495171 13634.46084 0.122214224372 29.0829027486 2.06626687319 0.313889437112 1.68086807545e-20 0.052039259302 1.16297532072e-14 0.0622736084351 pwn_136 5.59535849645
13.672895587 9.03753814138 0.012003777443 "Crux Scutum" 37.9412608567 0.0309279780829 285.120685933 4.4712101258 22237.6586421 0.0255396269306 9.91244988676 2.36935925196 0.157026348503 1.27499354576e-19 0.394734843888 8.10291243383e-14 0.433885042183 pwn_137 16.3897885706
-5.24590378237 4.25040951932 -0.00398790345092 "Crux Scutum" -22.3637467541 -0.0165723776807 249.515927148 -47.0368325673 13787.4024133 0.0897329720024 21.5929622875 2.18852273499 0.414000186463 1.56903831326e-20 0.0485770375623 9.67767088557e-15 0.051820832012 pwn_138 6.75170256867
-0.847495708611 5.34914260068 0.00892307176262 "Crux Scutum" -3.50183770631 0.036847023884 264.219887821 -31.8882627119 13875.0524097 0.0492109860889 11.9171985235 1.770369463 0.391039405379 1.93534675107e-20 0.0599178560701 1.52333909104e-14 0.0815699356461 pwn_139 5.41586332348
-5.25617655446 -8.43645379951 -0.0658436213444 "Crux Scutum" -89.3073383895 -0.717648774525 137.931906548 -49.325879457 5256.97303338 0.139118180594 12.7643251783 1.67992313756 0.28765335336 3.83352526334e-22 0.00118684992673 3.42507229473e-16 0.00183401665662 pwn_140 9.93987649233
7.45851795741 -14.0629634389 -0.00897056164012 "Carina Sagittarius" 126.717553995 -0.0552386737699 21.1007332429 62.5739603129 9304.62964414 0.0496861079608 8.0688482267 2.15240402787 0.0725077947136 2.16252467056e-18 6.69512281907 1.65108842314e-12 8.84105037505 pwn_141 15.9184305384
2.64344324877 2.37813990551 0.0264181532086 "Crux Scutum" 13.6584229129 0.135210714349 273.675844857 -17.0189808169 11194.7495699 0.0578341914762 11.2999511577 1.60415890732 0.348690732842 5.12501996819e-21 0.015866934886 4.60899100122e-15 0.0246796725414 pwn_142 3.55574768785
8.53254854727 -3.24223540332 0.0343022832391 Norma 58.3585846066 0.196097607557 294.905945163 22.5617908796 10022.4572791 0.163015683307 28.5155755665 2.41977804562 0.447674331921 1.11304130065e-19 0.344594829922 6.05540011213e-14 0.324247306698 pwn_143 9.12778588279
7.99500678359 7.98101690588 0.113530117762 Norma 25.8782078156 0.355102220391 279.312834238 -6.11142050226 18318.2133629 0.0307603552273 9.83449058722 2.1191688575 0.125050554887 6.08211460387e-20 0.18830076173 4.57317262683e-14 0.244878766037 pwn_144 11.2967590185
6.55141561933 12.561682445 -0.155058642526 Norma 17.2787506231 -0.402775559101 275.944881968 -14.0831853521 22057.6416965 0.022098541515 8.50746318606 1.61780395223 0.479342947842 1.37771275023e-20 0.042653645518 1.12789561502e-14 0.0603952024036 pwn_145 14.1674596335
-4.99665290543 -0.347539470175 -1.98451381489e-06 Norma -31.5041826701 -1.18914389569e-05 239.230487639 -53.404323949 9561.85928299 0.108532048758 18.1124932406 1.81021384235 0.385651198515 2.81246811183e-20 0.0870733161558 2.16831218293e-14 0.116106181652 pwn_146 5.00872478188
6.25392598303 6.00990037374 -0.0337984346383 Perseus 23.3165714348 -0.122561428999 278.552168157 -8.60562410351 15800.3145979 0.0320945106931 8.85062430712 1.88270660423 0.15016078739 5.86352658223e-21 0.0181533330719 5.06220065975e-15 0.0271064652954 pwn_147 8.67355133169
4.54786064698 -2.96241769227 -0.1011275135 Perseus 39.3952996691 -0.808540877745 286.538415936 5.37878992201 7166.45526416 0.11981087998 14.9857558502 1.86804224693 0.308410562056 5.77949775657e-20 0.178931819089 4.50972802684e-14 0.241481510647 pwn_148 5.42761043626
-8.21870852055 5.88736404422 0.0131781027809 "Carina Sagittarius" -29.7369480537 0.0455690438816 241.388657144 -52.2111202938 16569.356884 0.0873623866781 25.2643335548 1.65302009753 0.15392396604 3.93678668882e-21 0.012188194083 4.00141285101e-15 0.021426285892 pwn_149 10.1098083629
-0.658466335855 16.2465731166 0.0162247418914 Norma -1.52418849546 0.0375518738191 265.448969661 -30.214183447 24755.3372462 0.0186623852302 8.06331042978 1.8376012434 0.0497339380469 2.18968072482e-20 0.0677919729047 2.12849714637e-14 0.1139742138 pwn_150 16.2599113143
-0.572075588851 5.2923491308 0.00254499681312 "Crux Scutum" -2.37513849303 0.0105632697015 264.951757646 -30.9501336733 13804.2084707 0.0566783726206 13.6554617686 1.89467953316 0.41207433481 2.11381198246e-19 0.654430954321 1.52838068808e-13 0.818398970414 pwn_151 5.32317854309
-2.19327940446 -4.45515163321 -0.0729366957267 Norma -28.4683293646 -0.908152662802 243.960435644 -52.047908381 4601.803192 0.235215299474 18.8918033044 1.88661427332 0.332903517255 8.50173878749e-20 0.263211727167 6.46136688329e-14 0.345985528735 pwn_152 4.96576787827
-0.0822353945057 -0.56118632117 0.0272110353855 Norma -0.593485715547 0.196375403588 265.857989362 -29.3393135689 7939.28622281 0.12300124112 17.0439003971 2.43838698748 0.30700032564 2.8608953564e-19 0.885726116533 1.63158136677e-13 0.873659632789 pwn_153 0.567179642774
4.14300369861 2.22893956324 0.0216172342933 "Carina Sagittarius" 21.1141778818 0.107692134032 277.312511665 -10.4519867799 11501.0908658 0.145808233116 29.2684273151 2.13144834085 0.0710864403566 3.79412459065e-20 0.117465157605 2.93990612633e-14 0.157422569237 pwn_154 4.70453517611
-13.7833392263 13.0926209345 -0.0721253931141 Norma -32.5515404524 -0.161318575354 238.038749222 -54.196566506 25616.9264573 0.0467066436636 20.8825315058 1.80202283477 0.188688556585 8.83280244733e-20 0.273461376078 7.82473606516e-14 0.418989587438 pwn_155 19.0104487891
-4.67138519881 -6.94165771545 0.0581248132463 "Crux Scutum" -71.5516524628 0.676247610434 163.90251161 -58.8994278694 4924.79937108 0.262696322484 22.5799484738 1.99961351821 0.438318040002 1.17014716577e-18 3.62274664325 7.87673736036e-13 4.21774090461 pwn_156 8.36710532467
-6.72284793655 -8.62535296247 -0.0520929384719 "Carina Sagittarius" -91.0682025838 -0.443878418407 136.431322527 -47.845930118 6724.21827556 0.247504632449 29.0472621028 1.83613287081 0.0816522303885 4.08789366303e-19 1.26560175326 3.86360753025e-13 2.06883824789 pwn_157 10.93587665
6.04354591964 -3.11092773869 0.00861380101295 Perseus 48.2763882851 0.0609503419987 289.936069962 13.6502763119 8097.32186083 0.0941544440908 13.3063819218 2.0099980023 0.0239514434986 7.87303830504e-19 2.43747315945 6.88732346112e-13 3.68794140978 pwn_158 6.79722874987
4.06317420531 4.01727692718 -0.131997511666 "Carina Sagittarius" 17.9837041219 -0.574659239302 276.440710085 -13.5403823311 13160.8901537 0.0506043263133 11.6238605835 2.36265274594 0.0955757384451 2.41435647954e-19 0.747478786235 1.59486697687e-13 0.854000251374 pwn_159 5.71383396087
2.16588786977 4.083979029 -0.0191904705754 "Crux Scutum" 9.7657645542 -0.0861094323999 271.899176946 -20.5365793212 12769.0237192 0.0123351170774 2.74902281305 2.17568123418 0.125090003587 6.41112610619e-19 1.98486876353 4.65269131144e-13 2.49136737242 pwn_160 4.62276486247
0.435825145434 2.01983455664 0.0114015044778 Norma 2.37234432516 0.062044506285 267.731037915 -26.8724743195 10528.864737 0.0367169486179 6.74723062954 2.78568035446 0.391821261883 2.67155571921e-19 0.82710703381 1.26205312632e-13 0.675789080065 pwn_161 2.06631923806
-6.77929192625 -10.8242721891 0.0493016299955 "Carina Sagittarius" -108.924217345 0.394148750458 122.956333325 -33.1300140432 7166.8312999 0.0660090687337 8.25673501957 2.21277822773 0.324070735595 1.31919793849e-19 0.408420414394 8.37844870288e-14 0.448639128037 pwn_162 12.7719876075
-6.93018559399 -1.2026856218 -0.0439203368477 "Crux Scutum" -43.5218581592 -0.250050312352 220.91927986 -60.1361989656 10063.8063623 0.038300164179 6.72729294598 1.82592164701 0.00867137340325 1.4965721902e-20 0.0463335043407 1.52794091226e-14 0.081816348453 pwn_163 7.0337703312
-12.9073469936 -10.7297372759 -0.0234508098624 Perseus -99.8010833004 -0.102578808192 129.020947856 -40.8842275804 13098.5451357 0.100617755923 23.0025245042 2.34292221924 0.0086448263706 1.59880044231e-21 0.0049498465706 1.12973388109e-15 0.00604936356718 pwn_164 16.7847212792
-0.720990402985 5.58728689457 -0.0176827697926 "Crux Scutum" -2.9298540569 -0.0718252727065 264.68771544 -31.4634521983 14105.7361343 0.0681023466748 16.7662294305 2.42397936514 0.2834482144 3.27068293287e-20 0.101259533525 1.89807921674e-14 0.101636070703 pwn_165 5.63361358307
13.8838824693 -1.14470585071 -0.113078641026 "Crux Scutum" 62.0866035523 -0.412352008406 297.52500356 25.4854413593 15712.2669027 0.0748263073884 20.519689084 2.42825009743 0.316646221189 4.78162459689e-21 0.0148037913216 2.72936397484e-15 0.0146148710482 pwn_166 13.9309922082
-7.01092168329 -2.19815002021 0.256846737448 "Crux Scutum" -48.0488364302 1.56070426282 211.138680301 -60.0244580555 9430.39268872 0.151123400554 24.8736700801 1.77172771409 0.0627109404578 6.16838165943e-20 0.190971568403 6.23228475205e-14 0.333718913368 pwn_167 7.34744080348
-4.66516094291 -13.8765813997 0.165747768896 Perseus -139.052424007 1.33386107762 107.72583236 -6.5145221491 7120.3108425 0.0649695670092 8.07395788332 2.05570877565 0.305231076042 1.08963200778e-18 3.3734737083 7.62069266389e-13 4.08063715971 pwn_168 14.6397827158
-2.64618393825 7.24152955812 -0.0681245241942 "Carina Sagittarius" -9.54232414583 -0.244526219946 260.452847152 -37.0787992997 15962.5399989 0.0387104485843 10.7846892594 2.43954358705 0.12017595521 5.57400915545e-20 0.172569942893 3.47558165571e-14 0.186106280379 pwn_169 7.70986639159
-9.3848154124 -8.55098295109 0.00288327309042 "Carina Sagittarius" -90.3112559023 0.0176025770546 137.703964333 -48.0906578793 9384.95433656 0.132357470928 21.6799743526 1.59458131234 0.16836067123 1.25964571709e-20 0.0389983194145 1.32121831628e-14 0.0707470146779 pwn_170 12.6962226569
-9.38645430651 -8.30302615571 0.0047014541949 "Carina Sagittarius" -88.7978300008 0.028691789224 139.297605421 -49.1776689352 9388.52199482 0.0774362594563 12.6887612654 1.95017497169 0.204415790192 7.01515132756e-21 0.0217187347602 5.56567854242e-15 0.0298024283105 pwn_171 12.5317902867
-0.486355495704 -3.22629908146 -0.0355285210135 Perseus -5.26907337329 -0.384360466994 263.506199906 -33.6029736885 5296.19913921 0.0252425702556 2.33332522299 1.67191869437 0.0580973981171 5.59322152158e-21 0.017316475299 6.14962033599e-15 0.0329292498306 pwn_172 3.26275151234
