sky_model/pwn/ctadc_skymodel_gps_sources_pwn.ecsv
# %ECSV 0.9
# ---
# datatype:
# - {name: x, unit: kpc, datatype: float64, description: Galactocentric x coordinate}
# - {name: y, unit: kpc, datatype: float64, description: Galactocentric y coordinate}
# - {name: z, unit: kpc, datatype: float64, description: Galactocentric z coordinate}
# - {name: spiralarm, datatype: string}
# - {name: GLON, unit: deg, datatype: float64, description: Galactic longitude}
# - {name: GLAT, unit: deg, datatype: float64, description: Galactic latitude}
# - {name: RA, unit: deg, datatype: float64}
# - {name: DEC, unit: deg, datatype: float64}
# - {name: distance, unit: pc, datatype: float64, description: Distance observer to
#     source center}
# - {name: sigma, unit: deg, datatype: float64, description: Angular extension (deg)}
# - {name: spec_alpha, datatype: float64, description: Spectral model parameter (log
#     parabola)}
# - {name: spec_beta, datatype: float64, description: Spectral model parameter (log
#     parabola)}
# - {name: spec_norm, unit: 1 / (cm2 MeV s), datatype: float64, description: Spectral
#     model norm parameter (log parabola)}
# - {name: spec_norm_cu, unit: '%', datatype: float64, description: Spectral model norm
#     parameter (log parabola) in crab units}
# - {name: int_flux_above_1TeV, unit: 1 / (cm2 s), datatype: float64, description: 'Integral
#     flux above 1 TeV '}
# - {name: int_flux_above_1TeV_cu, unit: '%', datatype: float64, description: Integral
#     flux above 1 TeV in crab units}
# - {name: source_name, datatype: string, description: source name}
x y z spiralarm GLON GLAT RA DEC distance sigma spec_alpha spec_beta spec_norm spec_norm_cu int_flux_above_1TeV int_flux_above_1TeV_cu source_name
[from data line 258]
1.09870856879 -0.519038448411 -0.0261646489223 Norma 7.8384215975 -0.186081817761 270.980840307 -22.2667989083 8056.27658388 0.20131212266 2.18617719374 0.188008667486 1.96762052237e-19 0.609170440362 1.36452131475e-13 0.730657517338 pwn_258
-7.83062169618 13.4240635589 -0.0481314559721 Norma -19.6552123665 -0.118456282974 252.18746284 -45.0593920592 23280.582375 0.0440504244361 2.0991371692 0.0425529540568 6.2562619374e-22 0.00193692320043 5.06198544836e-16 0.00271053129072 pwn_259
0.752637907948 -0.615172088301 -0.00958495687913 "Carina Sagittarius" 5.45258773746 -0.0693347248719 269.583505504 -24.2813412998 7920.67338608 0.137456017585 2.08902081213 0.0439439409825 5.77273108967e-22 0.00178722324758 4.69816633151e-16 0.00251571779107 pwn_260
2.93418726025 8.79681708807 -0.0518065454076 Perseus 9.62785278681 -0.169191764194 271.905076172 -20.6974884439 17544.002399 0.0112102052265 2.07473301104 0.283436339675 7.59915763893e-20 0.235268038357 5.32147042465e-14 0.284947719543 pwn_261
0.287924913097 -6.8709515535 -0.0131065092339 Norma 10.0231840877 -0.453928049232 272.375921652 -20.4899076046 1654.34923073 0.991456209755 2.22585723253 0.108061009785 1.22681521619e-17 37.9818952381 8.72794251149e-12 46.7353403568 pwn_262
-2.52105627837 -0.0495728222994 -0.0269133439563 Perseus -16.6116716448 -0.174862070782 254.912375003 -42.7328033377 8818.51283224 0.107489785657 2.37733020659 0.313267605279 5.37583401396e-19 1.66434489596 3.15179932675e-13 1.6876877234 pwn_263
1.27361141348 -1.39213073317 -0.238614114873 "Carina Sagittarius" 10.1586418903 -1.89260091842 273.795321526 -21.0616999837 7225.01406523 0.192917435321 2.24898455955 0.464699911073 7.12550251633e-20 0.220603793075 4.174193052e-14 0.223514686014 pwn_264
3.00469752406 -6.24435245377 0.129050830499 Norma 53.1041849561 1.96722734098 290.545208598 18.8068523431 3759.36260299 0.0446886597579 2.40363995695 0.411941104852 4.37079294154e-20 0.135318666921 2.42856305222e-14 0.130041783243 pwn_265
12.4098525676 -5.63022237203 -0.0407517693888 "Crux Scutum" 76.9792361053 -0.183311016456 306.849891346 38.1195285142 12737.4143801 0.060684473074 2.08675808435 0.124215193777 3.17108319973e-20 0.098175950456 2.43566595292e-14 0.130422120856 pwn_266
0.185283051161 0.737490184885 -0.0361207172617 "Carina Sagittarius" 1.14906899352 -0.223993518708 267.300149978 -28.0691647377 9239.4187821 0.0546974138707 2.58553779727 0.0448314630557 4.03422212072e-20 0.124898517669 2.41703458452e-14 0.129424470673 pwn_267
1.63988857421 4.25884772078 -0.0668449632288 "Crux Scutum" 7.32404451495 -0.297726868103 270.812180355 -22.7695611687 12863.9767548 0.040554803892 2.27133294664 0.475096234108 2.08645547764e-23 6.45961448185e-05 1.20418257181e-17 6.44801249221e-05 pwn_268
3.90714557119 0.404943964772 -0.0477283512056 "Crux Scutum" 23.6900108712 -0.281211507095 278.868417719 -8.34719717589 9724.50983473 0.141683488792 1.9368917911 0.497247965687 1.80658280973e-20 0.0559313563385 1.22228316508e-14 0.0654493537934 pwn_269
-3.79938426627 -0.941094401593 0.0145588684008 Norma -26.6857865423 0.0986000444686 244.877308763 -50.0834844264 8460.05831003 0.130525082549 1.77183148298 0.187247449733 3.38590548744e-19 1.04826795277 3.06678375397e-13 1.64216460356 pwn_270
1.39512536352 9.6343074558 0.00513669450012 Perseus 4.39926643976 0.0161816926446 268.920246685 -25.1495593714 18187.8945474 0.044189171053 2.16173904112 0.230338630571 1.70084146694e-20 0.0526576305555 1.16738024353e-14 0.0625094779616 pwn_271
-8.65541421392 8.72315462659 0.0185223129809 Perseus -26.6815971398 0.0550563206507 244.92959557 -50.1115664978 19275.7255008 0.01 1.70804354312 0.072666830665 1.53767799222e-19 0.476061297901 1.61781063679e-13 0.866285847365 pwn_272
2.39432195504 -16.5321480064 0.0339776218833 "Carina Sagittarius" 163.401083313 0.232271377889 74.9845836977 42.7582299892 8381.48755889 0.198170652125 1.80798720973 0.355090396389 4.49284719616e-19 1.39097436414 3.53305964502e-13 1.89184042853 pwn_273
0.0339712708992 -11.0946224729 -0.216281963342 "Crux Scutum" 179.249871896 -4.76462609739 81.4025007602 27.0001058789 2603.84287387 0.636068919573 2.17172612411 0.210916803426 5.79283462395e-19 1.793447252 3.99734621193e-13 2.14045103405 pwn_274
0.513755297926 1.47080534844 0.141170431257 Norma 2.94961144433 0.810086603298 267.344663471 -25.9932239595 9985.03044028 0.0441682828831 1.91763376612 0.401507572627 4.23458537799e-19 1.31101714489 3.03945159975e-13 1.62752910924 pwn_275
-0.822285249049 -2.4333938607 -0.0096915450799 "Carina Sagittarius" -7.71899338872 -0.09070188065 261.570015197 -35.4859081712 6122.08763464 0.0250568833814 1.82000512793 0.288648355712 2.03269534614e-21 0.00629317444627 1.65558864885e-15 0.00886514764427 pwn_276
-12.6305918286 -0.872356885279 -0.0236477912554 "Carina Sagittarius" -58.8721266259 -0.0918271007485 188.895685905 -62.9080235857 14755.1126273 0.0644763867678 2.08965748617 0.0213919045833 3.77426788025e-19 1.16850398769 3.12617520835e-13 1.67396682763 pwn_277
-4.11469425835 -2.36599977441 0.117951068707 Norma -33.8537534743 0.914879050048 235.153607166 -54.1493968965 7387.19026842 0.221857127634 2.12180336973 0.167477270252 1.27651208227e-19 0.395204979032 9.31833034004e-14 0.498966783323 pwn_278
11.3511762277 3.10898898782 -0.0409597975396 Norma 44.3566700348 -0.144541355914 288.254376625 10.0867215875 16236.3636562 0.0968167512877 2.03824979243 0.404298085335 6.78665046514e-21 0.0210113017497 4.54986848656e-15 0.0243630903868 pwn_279
3.96171583124 1.45649227998 -0.0336674624665 "Carina Sagittarius" 21.6977462009 -0.180015420612 277.846376436 -10.0681137942 10715.785755 0.0970770856975 1.98673592428 0.344056940692 1.94575925158e-20 0.0602402245071 1.38549184197e-14 0.0741886563881 pwn_280
1.60265938259 6.8974819051 -0.051615279749 "Carina Sagittarius" 5.94228002303 -0.1910335809 269.966504601 -23.9175047485 15480.7503129 0.0375559427209 2.35639281861 0.316265973689 1.72402579691e-20 0.053375411669 1.02013741709e-14 0.054625095589 pwn_281
1.10455964731 0.197716786737 -0.282890121318 Perseus 7.2374904108 -1.84803589421 272.23823394 -23.6017928861 8772.13520971 0.0711920851979 2.20272820539 0.336252321158 2.91660159599e-20 0.0902972630336 1.85130627883e-14 0.0991315294895 pwn_282
3.13575106153 -10.9185130094 0.0986410358758 "Crux Scutum" 127.641950561 1.42688114451 23.6149608138 63.9044986119 3961.29649869 0.391684162863 2.03297216634 0.302518437812 3.92097569564e-19 1.21392436397 2.78257838325e-13 1.48998171837 pwn_283
3.38455114628 2.43920550651 -0.00867387632295 "Crux Scutum" 17.1918808285 -0.0434009244374 275.575722699 -13.9913410806 11450.8287391 0.0776058167949 2.83929658005 0.320562163294 5.39660816019e-20 0.167077652018 2.54994542106e-14 0.13654142083 pwn_284
-1.33197627842 -10.7592922817 0.142696888021 "Crux Scutum" -149.478326569 3.11429894618 104.536192894 3.56296235275 2626.58044278 0.114191053881 2.15814952108 0.31021055232 4.63124169035e-20 0.143382095677 3.05042617812e-14 0.163340564492 pwn_285
-10.4257598711 8.75262950147 -0.0309970399288 Perseus -31.1445586299 -0.088103374832 239.784913557 -53.2387469013 20158.141145 0.024378049117 2.4396015401 0.266713969752 4.70684243785e-20 0.145722676094 2.73044659243e-14 0.146206681191 pwn_286
9.1767512108 -8.16491523553 0.0609795814191 "Crux Scutum" 87.908800572 0.38047173423 315.493164386 47.0409812406 9183.06937215 0.0585559810804 1.93170569906 0.378873562714 7.92448175579e-21 0.0245339992439 5.71252935293e-15 0.0305887674278 pwn_287
-9.11697754328 -8.39285490223 -0.0272345935113 "Carina Sagittarius" -89.3266760543 -0.171143876186 138.517764927 -48.9358916909 9117.64779533 0.0315406133667 1.69111771584 0.184746281761 4.28736110884e-19 1.32735638045 4.12261346696e-13 2.20752764222 pwn_288
0.341340726793 -9.85358974126 -0.0105587192549 "Crux Scutum" 165.846559351 -0.43336219185 76.2792097475 40.4159739586 1396.00507376 0.602962787568 1.86247304531 0.23761916932 1.70108111656e-18 5.26650500483 1.39587448404e-12 7.47446136603 pwn_289
11.2365486267 1.72888445579 -0.170708496927 Norma 47.6876955988 -0.643660476732 290.291132667 12.7996568666 15196.0272322 0.104052376973 2.01959706498 0.20072477846 2.83858745311e-20 0.0878819644925 2.16053801916e-14 0.11568990005 pwn_290
1.46079622806 -5.12684581036 -0.00375029681675 Perseus 23.4157650253 -0.0584556886393 278.540865841 -8.48804873223 3675.88205357 0.320349235759 1.95101753708 0.104605245561 3.64520456388e-21 0.0112854630461 3.1110060956e-15 0.0166584425297 pwn_291
-4.31967399396 -2.56013340103 -0.238168333136 Norma -36.025928682 -1.85734499514 235.006643286 -57.6701300933 7348.35510727 0.0277898945855 2.5009158547 0.16094448125 9.78164809187e-21 0.0302837402225 5.77752648415e-15 0.030936806275 pwn_292
13.383548229 -1.51513621671 0.00243244109021 "Crux Scutum" 62.4399776944 0.00923178060145 297.321098585 26.0039696789 15096.6119109 0.01 2.06398766337 0.027507538805 2.80461060973e-19 0.868300498368 2.35352341241e-13 1.26023650559 pwn_293
-1.31541200992 -12.2180990698 -0.00550046955617 "Crux Scutum" -160.516925144 -0.0799085258657 96.5641878505 11.9088188817 3943.93201053 0.136115527248 2.23844066323 0.162763816961 8.3364063114e-20 0.258093074656 5.69087854562e-14 0.304728342801 pwn_294
-9.94155689191 -5.83041824302 0.0276385254412 "Carina Sagittarius" -74.9690876645 0.153837772337 157.694698288 -57.7443795541 10293.7837592 0.0658586986772 2.08605565319 0.195291546467 1.49932821432e-20 0.0464188301646 1.09913193356e-14 0.0588549992674 pwn_295
-3.16033451247 6.74656774895 0.0860245653975 "Carina Sagittarius" -11.7105291932 0.316543645201 258.287763273 -38.5244465965 15570.9005064 0.0869442975132 1.96993370018 0.0466920488244 1.37976259005e-20 0.042717108051 1.21858284936e-14 0.0652512137231 pwn_296
-4.70247630004 3.6332011344 0.063471533321 "Crux Scutum" -21.1848838764 0.27946921635 250.333312574 -45.9594314191 13012.7584222 0.127901866903 2.11139880404 0.110227564856 9.09541928328e-19 2.81591928275 6.94351250949e-13 3.71802884787 pwn_297
-2.61793613423 -9.41270948877 0.0926301112607 "Crux Scutum" -109.220446782 1.91357444286 124.26271997 -32.0415169562 2774.02389163 0.259023537815 2.61421544093 0.124770873721 3.49322167651e-18 10.8149277911 1.97941382488e-12 10.5991278805 pwn_298
-7.56727883592 -0.861260834189 0.0140346618088 "Crux Scutum" -44.7307417916 0.0747857820663 218.426581231 -60.3240335336 10752.4063351 0.112235010733 1.86961542248 0.113735104104 8.59464435689e-19 2.66088060585 7.71097514396e-13 4.12898053994 pwn_299
-5.74150770877 2.54638399323 -0.000788871641873 "Crux Scutum" -27.4637663565 -0.00363061857806 244.115153617 -50.6996143739 12449.3980062 0.137347318213 2.33009713517 0.175110850762 2.66782756178e-20 0.0825952805504 1.71609023359e-14 0.0918911427799 pwn_300
10.2049213057 6.049211453 0.00854311432244 Norma 35.0460953039 0.027543493351 283.799328594 1.89406329155 17771.3265049 0.0733239587445 1.79219782451 0.072438052535 2.4859734209e-20 0.0769651213902 2.4495220951e-14 0.131164072948 pwn_301
-1.87413924121 2.49708178335 -0.00762410503938 Perseus -9.67151585992 -0.0391576947262 260.149056175 -37.0679953346 11155.6382055 0.100788889307 1.96211206732 0.365750678422 1.48462166294e-21 0.00459635189763 1.05939058481e-15 0.0056726977162 pwn_302
2.71317900038 -0.361136741767 0.0399714823419 "Carina Sagittarius" 18.436371711 0.266946143977 275.894136465 -12.746712296 8579.27929046 0.0248683389341 2.10107496179 0.171327427659 1.19009447092e-18 3.68450300595 8.77730991258e-13 4.69996869986 pwn_303
7.27981755407 -2.97458613709 0.00465789504281 Perseus 52.8013403436 0.0292012607295 292.190165141 17.6210062859 9139.25399981 0.0671275361575 2.19791252692 0.0611826170108 1.24033138863e-19 0.38400352589 9.26888834925e-14 0.496319322866 pwn_304
-3.87204822325 0.992454778816 -0.00313124773474 Norma -22.1909403098 -0.017500071198 249.686098089 -46.9088474278 10251.803011 0.15381127287 2.54493858839 0.296799890663 8.26515545831e-20 0.255887165892 4.49557710786e-14 0.2407237742 pwn_305
-12.4602890302 5.03400932858 0.0107072638055 Perseus -42.6346855594 0.0333478475222 222.273056167 -59.5004094169 18396.4215506 0.022505049857 2.08497520756 0.0898240875587 4.3232312915e-20 0.133846170016 3.40729155417e-14 0.18244956388 pwn_306
-0.567720423528 -0.762986364311 0.0430157146616 Perseus -4.19668290696 0.317691745719 263.497725009 -32.3212431059 7757.93379901 0.188568923571 1.84691531804 0.0290281603388 2.62381301764e-18 8.12326011653 2.58249307775e-12 13.8284243737 pwn_307
0.247704811058 -4.33894717518 -0.0150685426973 Perseus 3.40676064369 -0.207119319425 268.578122409 -26.1189867318 4168.44639468 0.293279884958 2.29501259192 0.0816460710124 3.04929252675e-19 0.944053413855 2.11512451141e-13 1.13258151973 pwn_308
-1.83615035692 6.08832007906 0.0230614461522 "Crux Scutum" -7.17377646129 0.0898649796181 261.759042179 -34.932723806 14703.4371047 0.0465104043191 1.99074905733 0.209997406025 5.26087420472e-19 1.62875362375 4.05246254081e-13 2.16996406517 pwn_309
-8.33174713345 2.77235363694 0.0413107713388 "Carina Sagittarius" -36.4692590062 0.168857797529 232.184881768 -56.2779811335 14017.3347464 0.0677506176091 2.17160447128 0.346754485964 3.04888077706e-21 0.0094392593717 1.95751007179e-15 0.010481840289 pwn_310
-0.14682548809 2.43715740918 0.00764384937966 Perseus -0.769118992911 0.040039725366 265.904954288 -29.5708635681 10938.1455625 0.0888573800775 2.06513326814 0.320750442386 8.60521775929e-20 0.266415410504 5.93553056781e-14 0.317828676025 pwn_311
1.38165975924 -7.9274366044 -0.0554780793835 Norma 67.4907557651 -2.1243701042 302.361885619 29.1828210137 1496.62632263 0.836188930417 1.51696294461 0.00260298967991 7.27233206139e-20 0.225149599424 9.75697534458e-14 0.52245482023 pwn_312
8.83235165139 -3.11313889895 -0.0204123423609 Norma 58.620938429 -0.113048491297 295.337437843 22.6373577005 10345.4881412 0.0898059275185 2.25248975568 0.396645326257 1.27417934572e-20 0.0394482769572 7.66760104848e-15 0.041057550992 pwn_313
-6.78110492821 5.50442632976 0.0586278764684 "Carina Sagittarius" -25.8368015653 0.215884152167 245.68062618 -49.4015343141 15559.9093217 0.0194815345992 2.27501040205 0.167843889231 5.28258488109e-20 0.163547519538 3.52004790685e-14 0.188487305894 pwn_314
1.08363879332 -7.11521339495 -0.130342503441 Norma 38.0442905758 -4.23937589526 288.968574961 2.60104642437 1763.20621145 0.764756025149 2.37798143049 0.339857845478 1.40170197178e-17 43.3963458757 8.12084627031e-12 43.4845341762 pwn_315
8.20176139852 16.3087938464 0.0503303696836 "Crux Scutum" 18.2938320061 0.110362849786 275.967542858 -12.9459948707 26129.4407766 0.0286676715859 2.64013882874 0.0163365858535 1.43233194829e-20 0.0443446423618 8.45708356887e-15 0.0452849773583 pwn_316
-1.7543945654 -6.12421155573 0.00230556062161 Norma -36.4439138884 0.0447284966455 232.349066375 -56.3660798971 2953.35001967 0.561386600164 1.74146886796 0.196894121686 1.20676968209e-20 0.0373612904673 1.1080654002e-14 0.0593333578309 pwn_317
-0.13358517549 1.59884269825 -0.102087914603 "Crux Scutum" -0.757851233811 -0.579125349409 266.51970903 -29.8847126005 10100.2421152 0.0543245276195 2.25495223328 0.00980525065955 8.04082360279e-21 0.0248941907207 6.00752739128e-15 0.0321683875627 pwn_318
-3.27848639593 6.62999978052 -0.00658235793647 "Carina Sagittarius" -12.2262793342 -0.0243613561642 258.253011387 -39.1420865447 15481.1307641 0.033287928814 2.22278849899 0.408172767573 6.21648023173e-20 0.192460688289 3.77805801397e-14 0.202302921838 pwn_319
0.651100337134 5.50465476582 -0.0675049986516 "Carina Sagittarius" 2.66186197205 -0.275876018239 268.222265532 -26.7958148829 14019.9444965 0.0449570665057 1.97427540216 0.0934835902581 2.30424055301e-19 0.713387168114 1.95218203548e-13 1.04533103588 pwn_320
