sky_model/pwn/ctadc_skymodel_gps_sources_pwn.ecsv
# %ECSV 0.9
# ---
# datatype:
# - {name: galactocentric_x, unit: kpc, datatype: float64, format: '%.5f', description: Galactocentric
#     x coordinate}
# - {name: galactocentric_y, unit: kpc, datatype: float64, format: '%.5f', description: Galactocentric
#     y coordinate}
# - {name: galactocentric_z, unit: kpc, datatype: float64, format: '%.5f', description: Galactocentric
#     z coordinate}
# - {name: physical_size, unit: pc, datatype: float64, format: '%.5f', description: physical
#     size}
# - {name: spiralarm, datatype: string}
# - {name: distance, unit: kpc, datatype: float64, format: '%.5f', description: Distance
#     observer to source center}
# - {name: GLON, unit: deg, datatype: float64, format: '%.5f', description: Galactic
#     longitude}
# - {name: GLAT, unit: deg, datatype: float64, format: '%.5f', description: Galactic
#     latitude}
# - {name: RA, unit: deg, datatype: float64, format: '%.5f'}
# - {name: DEC, unit: deg, datatype: float64, format: '%.5f'}
# - {name: sigma, unit: deg, datatype: float64, format: '%.5f'}
# - {name: galactocentric_r, unit: kpc, datatype: float64, format: '%0.4f', description: Galactocentric
#     radius in the xy plan}
# - {name: spec_alpha, datatype: float64, format: '%5g', description: Spectral model
#     parameter (log parabola)}
# - {name: spec_beta, datatype: float64, format: '%5g', description: Spectral model
#     parameter (log parabola)}
# - {name: spec_norm, unit: 1 / (cm2 MeV s), datatype: float64, format: '%5g', description: Spectral
#     model norm parameter (log parabola)}
# - {name: spec_norm_cu, unit: '%', datatype: float64, format: '%5g', description: Spectral
#     model norm parameter (log parabola) in crab units}
# - {name: int_flux_above_1TeV, unit: 1 / (cm2 s), datatype: float64, format: '%5g',
#   description: 'Integral flux above 1 TeV '}
# - {name: int_flux_above_1TeV_cu, unit: '%', datatype: float64, format: '%5g', description: Integral
#     flux above 1 TeV in crab units}
galactocentric_x galactocentric_y galactocentric_z physical_size spiralarm distance GLON GLAT RA DEC sigma galactocentric_r spec_alpha spec_beta spec_norm spec_norm_cu int_flux_above_1TeV int_flux_above_1TeV_cu
[from data line 593]
6.60895 -5.36626 0.09098 29.95558 Norma 7.31483 64.63124 0.71267 297.89437 28.24806 0.23455 8.5132 2.0105 0.0299232 1.06679e-19 0.330275 9.28132e-14 0.496985
3.07412 -16.65903 0.05302 25.87731 "Carina Sagittarius" 8.71910 159.35486 0.34838 71.52437 45.96322 0.16998 16.9403 1.82315 0.151104 4.5405e-22 0.00140573 4.08343e-16 0.00218654
8.66398 -14.56944 -0.02207 14.19033 "Carina Sagittarius" 10.57843 125.01267 -0.11952 17.39664 62.67888 0.07683 16.9509 1.6646 0.338606 6.5677e-20 0.203334 5.71588e-14 0.306067
10.92588 5.06034 -0.14389 6.44247 Norma 17.41489 38.85919 -0.47339 285.99236 5.05631 0.02119 12.0408 2.10656 0.288932 1.13464e-20 0.0351282 7.77863e-15 0.0416521
-0.15851 7.36510 -0.07201 25.69730 "Carina Sagittarius" 15.86606 -0.57242 -0.26006 266.31731 -29.56023 0.09276 7.3668 2.11276 0.165362 4.23734e-20 0.131187 3.11466e-14 0.16678
-1.89502 3.42716 -0.07638 4.61346 Norma 12.07700 -9.02787 -0.36238 260.93860 -36.72151 0.02188 3.9162 2.55928 0.416739 2.60905e-21 0.00807756 1.34759e-15 0.00721592
6.04186 -2.71100 0.08677 12.45732 Perseus 8.36804 46.22438 0.59410 288.47044 12.08393 0.08526 6.6222 2.12773 0.138135 3.713e-20 0.114954 2.75252e-14 0.147389
-16.56269 0.67105 -0.00517 27.83293 Perseus 18.93228 -61.02593 -0.01565 184.22709 -62.62175 0.08420 16.5763 2.0703 0.130274 2.0668e-20 0.0639877 1.59765e-14 0.085549
-5.33653 -7.16219 0.13648 28.94069 "Crux Scutum" 5.50336 -75.92660 1.42101 157.38509 -56.16519 0.30119 8.9317 1.7848 0.279974 1.18241e-19 0.366072 9.90934e-14 0.530614
-0.51941 -2.95092 -0.04205 20.29524 "Carina Sagittarius" 5.57349 -5.34747 -0.43233 263.50345 -33.69485 0.20856 2.9963 2.00821 0.239108 4.17511e-21 0.012926 3.12249e-15 0.0167199
0.65042 3.34360 0.03185 21.59350 Norma 11.86149 3.14336 0.15383 268.08275 -26.16265 0.10427 3.4063 1.96846 0.222986 6.53903e-20 0.202447 5.06449e-14 0.271187
-11.95878 5.03512 -0.03948 4.14627 Perseus 18.06138 -41.46180 -0.12525 224.46339 -59.11192 0.01315 12.9755 1.98895 0.0778928 3.56262e-20 0.110298 3.02499e-14 0.161979
-5.27702 3.21709 -0.06020 16.89097 "Crux Scutum" 12.85071 -24.24534 -0.26842 247.89670 -48.59305 0.07528 6.1803 1.81222 0.252323 8.1353e-21 0.0251867 6.82759e-15 0.0365595
-4.67530 0.34887 0.01687 17.76544 Norma 10.00806 -27.84972 0.09655 243.56443 -50.89412 0.10167 4.6883 2.2615 0.129509 7.74944e-20 0.239921 5.32378e-14 0.285071
1.70405 -1.12460 -0.00492 12.18272 "Crux Scutum" 7.56970 13.00962 -0.03721 273.50962 -17.67128 0.09218 2.0417 2.05727 0.19609 2.98169e-21 0.00923123 2.22365e-15 0.011907
4.21181 0.49969 0.11696 4.85211 "Carina Sagittarius" 9.93718 25.07936 0.67439 278.65789 -6.67392 0.02797 4.2414 2.03989 0.366785 1.11281e-21 0.00344523 7.59709e-16 0.004068
7.30423 -6.77829 -0.06998 9.18051 Norma 7.50473 76.73666 -0.53428 307.03216 37.71785 0.07006 9.9648 1.58579 0.468431 2.75701e-20 0.0853563 2.31701e-14 0.124069
-6.04231 5.70485 -0.09845 12.66557 "Carina Sagittarius" 15.43687 -23.04341 -0.36540 249.22553 -47.77507 0.04699 8.3099 2.24809 0.386931 3.87109e-21 0.0119848 2.34463e-15 0.0125548
5.36282 7.12132 -0.02281 14.74883 Perseus 16.51624 18.94742 -0.07912 276.45246 -12.45681 0.05114 8.9148 2.2461 0.202817 2.33739e-20 0.0723649 1.55254e-14 0.0831334
4.77036 -0.51428 0.03161 18.95502 "Carina Sagittarius" 9.30210 30.85246 0.19472 281.73759 -1.76177 0.11671 4.7980 1.84826 0.296517 2.39598e-19 0.741789 1.90709e-13 1.02119
-3.29281 -0.77273 -0.06545 22.50457 Perseus 8.39986 -23.08025 -0.44648 249.27820 -47.85680 0.15345 3.3823 2.39704 0.373249 5.20935e-20 0.16128 2.94869e-14 0.157893
-14.46942 -7.78634 -0.00305 11.57606 Perseus 14.48701 -87.17634 -0.01207 141.02605 -50.35444 0.04577 16.4314 1.69057 0.207111 2.21555e-23 6.85928e-05 2.09187e-17 0.000112013
-2.97582 4.18420 -0.01782 11.88175 "Crux Scutum" 13.02861 -13.20330 -0.07838 257.56108 -39.96237 0.05223 5.1345 2.09344 0.180124 2.35268e-20 0.0728384 1.73354e-14 0.0928253
1.55446 9.82742 0.02828 3.53167 Perseus 18.39324 4.84799 0.08809 269.10078 -24.72562 0.01100 9.9496 2.01864 0.0676216 6.31273e-21 0.019544 5.29365e-15 0.0283458
2.32694 -7.22259 -0.01857 4.10362 Norma 2.65458 61.23477 -0.40075 297.03700 24.75709 0.08854 7.5882 1.70485 0.36813 1.60114e-19 0.495708 1.33126e-13 0.712847
-9.48683 8.07498 0.00763 9.96119 Perseus 19.09791 -29.78503 0.02290 241.35482 -52.26008 0.02987 12.4581 2.15691 0.419254 7.47312e-20 0.231366 4.67333e-14 0.250242
7.18171 -0.42490 -0.02819 22.98661 Perseus 10.80671 41.64880 -0.14949 286.99260 7.68283 0.12183 7.1943 2.61077 0.158292 2.43297e-21 0.00753242 1.35969e-15 0.00728069
-7.37906 -2.76844 0.01768 19.96447 "Crux Scutum" 9.34354 -52.16232 0.10843 203.48125 -62.35795 0.12238 7.8813 2.12029 0.391754 7.03446e-20 0.217785 4.54133e-14 0.243174
-5.79325 13.99130 -0.01174 23.78430 Norma 23.22543 -14.44413 -0.02897 256.53334 -40.92695 0.05865 15.1433 1.96109 0.305107 6.34485e-21 0.0196435 4.68943e-15 0.0251104
-3.71826 -8.94197 0.11445 23.76082 "Crux Scutum" 3.74618 -96.77862 1.75069 133.46828 -42.09807 0.36327 9.6842 2.23411 0.392042 6.99656e-20 0.216612 4.25809e-14 0.228007
-4.74493 -0.08903 0.05876 26.12732 Norma 9.65724 -29.42891 0.34865 241.43299 -51.77985 0.15495 4.7458 2.13172 0.205669 1.7879e-19 0.553528 1.26703e-13 0.678452
-7.05986 -3.28432 -0.01123 22.44862 "Crux Scutum" 8.77753 -53.54376 -0.07330 200.57078 -62.73378 0.14648 7.7864 2.10833 0.373788 4.33662e-19 1.34261 2.84219e-13 1.5219
-4.82451 6.26197 -0.00657 29.43329 "Carina Sagittarius" 15.53035 -18.09845 -0.02424 253.47539 -43.79977 0.10855 7.9049 1.97234 0.204255 3.06015e-20 0.0947415 2.39399e-14 0.128191
-11.36560 6.34807 -0.08022 27.26828 Perseus 18.69889 -37.43262 -0.24579 231.14922 -57.15949 0.08352 13.0183 2.52659 0.044379 6.8895e-21 0.0213297 4.26674e-15 0.022847
-5.63100 -6.80894 -0.05424 18.84136 "Crux Scutum" 5.87969 -73.28433 -0.52856 159.83535 -59.17646 0.18353 8.8357 2.23691 0.275289 3.12575e-20 0.0967726 2.00786e-14 0.107514
5.91809 -1.84102 -0.00425 18.88026 Perseus 8.90875 41.62872 -0.02735 286.87385 7.72123 0.12138 6.1978 1.9414 0.227164 2.8796e-19 0.891517 2.26236e-13 1.21142
-0.83818 3.94584 0.18989 3.92521 "Crux Scutum" 12.47548 -3.85284 0.87215 263.16988 -31.73100 0.01802 4.0339 2.0676 0.12644 1.53603e-19 0.47555 1.19264e-13 0.638618
1.26825 -6.19606 0.05607 29.96022 Perseus 2.63053 28.83146 1.22130 279.89928 -3.09007 0.65231 6.3245 1.87774 0.446057 4.79007e-20 0.148299 3.43394e-14 0.183877
2.46447 1.29869 0.12308 6.55255 "Crux Scutum" 10.10461 14.11768 0.69793 273.38918 -16.34656 0.03714 2.7857 1.91751 0.191427 2.83465e-21 0.00877599 2.31814e-15 0.0124129
2.43412 -4.74293 -0.08394 22.98937 Perseus 4.47745 32.93824 -1.07421 283.81841 -0.48418 0.29407 5.3311 1.90778 0.0195631 1.61934e-20 0.0501343 1.53452e-14 0.0821689
-2.82508 -1.06982 0.10950 25.16741 Perseus 7.94989 -20.81762 0.78920 250.13444 -45.34675 0.18131 3.0209 1.75971 0.191068 4.46538e-18 13.8247 4.06672e-12 21.776
8.10561 -3.66555 0.07350 13.07247 Norma 9.43813 59.18675 0.44622 295.11299 23.40563 0.07933 8.8959 2.33318 0.212255 6.87174e-20 0.212747 4.32673e-14 0.231683
-12.62600 4.58149 -0.01405 8.31501 Perseus 18.18080 -43.98493 -0.04427 219.90158 -60.13929 0.02619 13.4315 2.01269 0.430819 3.12809e-21 0.00968448 2.09859e-15 0.0112373
-6.64312 5.14460 0.08507 5.66652 "Carina Sagittarius" 15.17608 -25.95997 0.32118 245.43237 -49.41436 0.02139 8.4023 2.26624 0.399592 6.65611e-20 0.206072 3.97293e-14 0.212738
-1.40230 5.26202 0.02856 23.21236 "Crux Scutum" 13.83331 -5.81817 0.11827 262.63958 -33.78811 0.09611 5.4457 1.89896 0.0999833 7.48824e-20 0.231834 6.6544e-14 0.356322
6.47693 -5.53491 0.01236 15.22165 Norma 7.12338 65.40209 0.09943 298.94331 28.59334 0.12239 8.5197 2.08189 0.419515 1.21837e-19 0.377204 7.92125e-14 0.424158
1.63600 9.49520 0.03476 22.27038 Perseus 18.06945 5.19467 0.11021 269.27117 -24.41471 0.07059 9.6351 1.88669 0.123964 1.48688e-19 0.460335 1.30697e-13 0.69984
-12.51737 -10.54672 -0.10481 27.71601 Perseus 12.68403 -99.28627 -0.47343 129.03890 -41.51855 0.12515 16.3682 2.3159 0.170967 5.10136e-21 0.0157937 3.31525e-15 0.0177521
5.10157 2.77162 -0.06601 6.95776 "Carina Sagittarius" 12.37254 24.35166 -0.30570 279.19765 -7.77091 0.03221 5.8058 2.02547 0.0384092 5.72295e-19 1.77181 4.891e-13 2.61897
-5.09728 6.26489 0.04015 27.81762 "Carina Sagittarius" 15.62005 -19.04620 0.14727 252.45134 -44.42192 0.10200 8.0766 1.88074 0.0276782 1.92024e-20 0.0594501 1.84363e-14 0.0987204
10.89529 3.28381 -0.03320 14.11391 Norma 16.04888 42.75642 -0.11852 287.48072 8.68000 0.05037 11.3794 1.60749 0.34043 1.37984e-21 0.00427194 1.2455e-15 0.00666927
-3.91937 -3.70228 0.04910 11.24221 Norma 6.19532 -39.24622 0.45407 227.61104 -57.52648 0.10393 5.3915 2.1827 0.461671 1.65816e-19 0.513363 1.0047e-13 0.537987
-1.05521 -8.69458 0.00470 28.46268 "Crux Scutum" 1.07301 -100.44804 0.25086 128.88114 -40.15473 1.51925 8.7584 1.88748 0.246508 3.90366e-17 120.856 3.13294e-11 167.759
2.52699 -1.91503 0.02328 29.74760 "Crux Scutum" 7.05322 20.99434 0.18909 277.18262 -10.52034 0.24156 3.1706 2.09527 0.422047 6.11657e-21 0.0189368 3.94413e-15 0.0211196
0.75532 3.27694 0.04708 8.37009 Norma 11.80123 3.66966 0.22859 268.30880 -25.67149 0.04062 3.3629 1.95248 0.396876 7.038e-20 0.217895 4.96558e-14 0.265891
-0.81623 -15.59465 -0.00329 20.73464 "Carina Sagittarius" 7.14145 -173.43705 -0.02639 90.09720 23.27086 0.16629 15.6160 2.38626 0.332339 2.23869e-20 0.0693092 1.29587e-14 0.0693898
0.61553 -11.37755 0.06380 5.87537 "Crux Scutum" 2.94334 167.92591 1.24202 79.65037 39.72612 0.11433 11.3942 2.26324 0.489114 1.19663e-19 0.370475 6.89482e-14 0.369196
