sky_model/pwn/ctadc_skymodel_gps_sources_composite.ecsv
# %ECSV 0.9
# ---
# datatype:
# - {name: galactocentric_x, unit: kpc, datatype: float64, format: '%.5f', description: Galactocentric
#     x coordinate}
# - {name: galactocentric_y, unit: kpc, datatype: float64, format: '%.5f', description: Galactocentric
#     y coordinate}
# - {name: galactocentric_z, unit: kpc, datatype: float64, format: '%.5f', description: Galactocentric
#     z coordinate}
# - {name: size_physical, unit: pc, datatype: float64, format: '%.5f', description: physical
#     size}
# - {name: type, datatype: string, description: type of PWN}
# - {name: distance, unit: kpc, datatype: float64, format: '%.5f', description: Distance
#     observer to source center}
# - {name: GLON, unit: deg, datatype: float64, format: '%.5f', description: Galactic
#     longitude}
# - {name: GLAT, unit: deg, datatype: float64, format: '%.5f', description: Galactic
#     latitude}
# - {name: RA, unit: deg, datatype: float64, format: '%.5f'}
# - {name: DEC, unit: deg, datatype: float64, format: '%.5f'}
# - {name: sigma, unit: deg, datatype: float64, format: '%.5f'}
# - {name: galactocentric_r, unit: kpc, datatype: float64, format: '%0.4f', description: Galactocentric
#     radius in the xy plan}
# - {name: spec_alpha, datatype: float64, format: '%5g', description: Spectral model
#     parameter (log parabola)}
# - {name: spec_beta, datatype: float64, format: '%5g', description: Spectral model
#     parameter (log parabola)}
# - {name: spec_norm, unit: 1 / (cm2 MeV s), datatype: float64, format: '%5g', description: Spectral
#     model norm parameter (log parabola)}
# - {name: spec_norm_cu, unit: '%', datatype: float64, format: '%5g', description: Spectral
#     model norm parameter (log parabola) in crab units}
# - {name: int_flux_above_1TeV, unit: 1 / (cm2 s), datatype: float64, format: '%5g',
#   description: 'Integral flux above 1 TeV '}
# - {name: int_flux_above_1TeV_cu, unit: '%', datatype: float64, format: '%5g', description: Integral
#     flux above 1 TeV in crab units}
# - {name: luminosity, unit: erg / s, datatype: float64, description: Intrinsic source
#     luminosity}
# - {name: skip, datatype: int64, description: 'skip boolean: 0 take, 1 skip'}
# - {name: source_name, datatype: string, description: source name}
galactocentric_x galactocentric_y galactocentric_z size_physical type distance GLON GLAT RA DEC sigma galactocentric_r spec_alpha spec_beta spec_norm spec_norm_cu int_flux_above_1TeV int_flux_above_1TeV_cu luminosity skip source_name
[from data line 245]
-1.27515 -0.78035 -0.15916 14.80737 composite 7.82588 -9.37956 -1.16534 261.52392 -37.46342 0.10837 1.4950 2.65149 0.137228 8.21913e-19 2.54462 4.54348e-13 2.43289 1.37477473056e+34 0 composite_245
-7.84014 -9.67069 0.18919 8.63511 composite 7.92932 -98.49266 1.36718 131.62047 -41.01585 0.06237 12.4495 2.00212 0.279917 1.52273e-17 47.1435 1.11489e-11 59.6986 7.67673479512e+35 1 composite_246
-8.91757 3.34737 0.08709 11.41682 composite 14.82872 -36.96895 0.33650 231.26793 -56.41798 0.04410 9.5251 2.04884 0.316913 6.74195e-20 0.208729 4.70326e-14 0.251845 1.22071202124e+34 0 composite_247
-1.41322 -5.67855 0.01802 4.91864 composite 3.15565 -26.60557 0.32718 244.71724 -49.86420 0.08927 5.8518 1.84638 0.226664 4.315e-18 13.3591 3.60605e-12 19.3092 3.77475419899e+34 0 composite_248
-6.22354 9.86113 0.11411 3.80938 composite 19.38754 -18.72419 0.33723 252.53564 -44.05296 0.01125 11.6608 1.97957 0.291527 3.42572e-20 0.106059 2.52453e-14 0.135181 1.09933427338e+34 0 composite_249
-2.00082 -2.00612 0.17117 4.22599 composite 6.79728 -17.12451 1.44298 252.77030 -42.11606 0.03561 2.8333 2.31403 0.362241 6.5691e-19 2.03378 3.891e-13 2.08351 1.91250781396e+34 0 composite_250
-6.67699 -4.53750 -0.00300 2.44771 composite 7.76425 -59.31273 -0.02214 187.94267 -62.80814 0.01806 8.0729 1.84211 0.387724 1.62763e-19 0.503911 1.22983e-13 0.658535 1.3574448518e+34 0 composite_251
3.40327 -7.13159 -0.06607 4.42224 composite 3.66867 68.09559 -1.03191 301.68051 30.28234 0.06904 7.9020 2.06645 0.225023 1.54438e-18 4.78135 1.12472e-12 6.02252 1.33293753008e+34 0 composite_252
0.12508 -6.70486 0.03604 20.95058 composite 1.79985 3.98576 1.14736 267.61299 -24.93099 0.66668 6.7060 2.12912 0.316489 5.66355e-18 17.5342 3.77806e-12 20.2303 1.34284881758e+34 0 composite_253
-0.90164 -6.12749 0.10210 8.00391 composite 2.54011 -20.80861 2.30363 248.55761 -44.32527 0.18047 6.1935 2.32323 0.330936 4.51105e-18 13.9661 2.69669e-12 14.4399 1.68088316027e+34 0 composite_254
2.42735 -1.81797 -0.17117 13.27301 composite 7.11132 19.96433 -1.37925 278.11415 -12.15933 0.10690 3.0327 1.89411 0.312208 1.04983e-18 3.25026 8.04331e-13 4.30694 5.44596249446e+34 0 composite_255
-3.97788 4.40757 0.06306 12.58059 composite 13.50677 -17.12835 0.26750 254.00228 -42.86205 0.05335 5.9372 1.97984 0.260383 7.86711e-20 0.243564 5.90742e-14 0.316324 1.13138671794e+34 0 composite_256
-0.03709 0.07743 0.09309 20.05260 composite 8.57802 -0.24775 0.62180 265.65188 -28.82157 0.13389 0.0859 2.00604 0.15154 2.34813e-19 0.726974 1.86429e-13 0.998267 1.0191711232e+34 0 composite_257
1.18002 3.79305 0.11712 2.32525 composite 12.35011 5.48307 0.54336 269.01946 -23.94774 0.01078 3.9724 2.10028 0.18073 4.38237e-19 1.35677 3.2143e-13 1.72116 3.71315014578e+34 0 composite_258
-0.03015 -0.08039 -0.54955 8.91304 composite 8.43758 -0.20517 -3.73439 269.99918 -31.00899 0.06050 0.0859 2.50791 0.27844 4.79695e-19 1.48512 2.67634e-13 1.43309 1.3885746636e+34 0 composite_259
-3.99969 -0.68419 0.10210 3.99492 composite 8.78037 -27.10080 0.66626 243.79843 -49.96502 0.02606 4.0578 2.18182 0.211134 3.26041e-19 1.00941 2.23642e-13 1.19753 1.34074032273e+34 0 composite_260
-1.47480 6.54185 -0.08709 0.51878 composite 15.11423 -5.59975 -0.33015 263.23518 -33.85091 0.01000 6.7060 2.0428 0.376593 9.90525e-20 0.306664 6.7174e-14 0.359695 2.20652512837e+34 0 composite_261
6.36574 -5.88736 0.07508 19.51640 composite 6.88144 67.68567 0.62514 299.79771 30.81602 0.16243 8.6709 1.98385 0.149919 3.63615e-19 1.12574 2.93266e-13 1.57035 1.04201547392e+34 0 composite_262
5.90836 -5.62574 -0.07207 16.70491 composite 6.57079 64.05831 -0.62845 298.86012 27.06689 0.14561 8.1583 2.02379 0.187841 5.40084e-19 1.67209 4.13499e-13 2.21415 1.45549649682e+34 0 composite_263
1.91890 9.85256 0.06907 24.84918 composite 18.45273 5.96902 0.21446 269.59686 -23.69219 0.07713 10.0377 2.4068 0.125766 1.30246e-19 0.40324 8.24573e-14 0.441532 1.53735817605e+34 0 composite_264
-14.26190 1.16106 -0.03003 10.59719 composite 17.22611 -55.88615 -0.09988 195.45894 -62.94777 0.03523 14.3091 2.2656 0.269948 1.48977e-19 0.461228 9.44787e-14 0.505903 2.40173294837e+34 0 composite_265
-1.81692 2.39356 -0.19520 5.40645 composite 11.04577 -9.46911 -1.01258 261.30131 -37.45206 0.02803 3.0051 2.14681 0.176906 1.81981e-19 0.563408 1.30065e-13 0.696458 1.15243672075e+34 0 composite_266
5.68808 12.38160 0.12312 0.73634 composite 21.64280 15.23749 0.32594 274.28453 -15.53965 0.01000 13.6256 2.06964 0.374969 1.05814e-19 0.327598 7.07727e-14 0.378965 4.61792174459e+34 0 composite_267
9.49364 -1.97049 0.08108 6.11860 composite 11.52260 55.48069 0.40317 293.20482 20.15027 0.03041 9.6960 1.79623 0.206148 1.23806e-18 3.83301 1.08644e-12 5.81752 1.47458243611e+35 0 composite_268
-1.44329 -7.15384 -0.00901 24.46354 composite 1.97365 -46.99426 -0.26156 214.32262 -61.44274 0.70991 7.2980 2.06417 0.178884 8.65171e-18 26.7855 6.49669e-12 34.7877 1.95470248504e+34 0 composite_269
-0.73028 10.01890 -0.31532 8.85505 composite 18.53598 -2.25825 -0.97472 266.00183 -31.37088 0.02736 10.0455 2.07944 0.36473 5.06499e-20 0.156811 3.38713e-14 0.18137 1.55363519269e+34 0 composite_270
-1.12054 5.13288 -0.13213 14.95004 composite 13.67949 -4.69880 -0.55343 264.04604 -33.21478 0.06259 5.2538 2.10137 0.207685 9.76489e-20 0.302319 7.03804e-14 0.376865 1.07499179866e+34 0 composite_271
-10.62420 -0.49465 -0.05706 20.04654 composite 13.30273 -53.00192 -0.24576 201.79426 -62.83501 0.08631 10.6357 2.12807 0.152132 3.36569e-19 1.04201 2.47173e-13 1.32353 3.00823188845e+34 0 composite_272
1.14799 -0.58374 -0.13514 8.74730 composite 8.00021 8.25133 -0.96789 271.93600 -22.28862 0.06262 1.2879 2.10628 0.380506 4.83335e-19 1.49639 3.16078e-13 1.6925 2.76751899609e+34 0 composite_273
-3.23889 -4.77076 0.02102 10.11664 composite 4.93944 -40.97471 0.24383 224.95938 -58.55731 0.11730 5.7663 2.28905 0.101874 2.02706e-18 6.27572 1.39331e-12 7.4607 1.87663020831e+34 0 composite_274
-1.98421 -6.66548 -0.43243 14.91176 composite 2.73670 -47.24478 -9.09148 221.93128 -69.71397 0.31207 6.9545 1.9711 0.334575 1.87446e-18 5.80329 1.35398e-12 7.25011 1.36112895225e+34 0 composite_275
-9.69729 -7.49937 -0.24024 5.88938 composite 9.75174 -84.10870 -1.41166 143.06096 -53.48406 0.03459 12.2588 2.24375 0.397004 1.88717e-19 0.584264 1.14046e-13 0.610678 1.36591750714e+34 0 composite_276
6.20918 6.29459 0.15015 3.68055 composite 16.04545 22.76743 0.53617 277.70454 -8.78845 0.01314 8.8417 1.63062 0.149378 5.13379e-20 0.158941 5.33063e-14 0.285438 1.30712813867e+34 0 composite_277
-0.04425 -3.17646 0.23123 20.41613 composite 5.32874 -0.47624 2.48702 263.71932 -28.01996 0.21943 3.1768 1.86754 0.191549 5.35977e-19 1.65937 4.53076e-13 2.42608 1.18839677924e+34 0 composite_278
-1.06427 4.97025 0.06907 10.82220 composite 13.51240 -4.51749 0.29287 263.31563 -32.60396 0.04587 5.0829 1.96426 0.270953 1.17222e-19 0.362916 8.82797e-14 0.472709 1.77243242839e+34 0 composite_279
-4.04646 3.86465 -0.12913 26.38049 composite 13.01058 -18.12122 -0.56867 254.04387 -44.15976 0.11613 5.5955 2.14691 0.194818 1.28933e-19 0.399173 9.11428e-14 0.48804 1.17621987731e+34 0 composite_280
-3.96422 -8.47274 0.14414 5.64873 composite 3.96693 -89.60601 2.08232 140.63051 -47.15767 0.08156 9.3543 2.23315 0.262953 1.8134e-18 5.61424 1.17467e-12 6.28999 1.59354623446e+34 0 composite_281
-0.40397 -2.83315 -0.10210 5.75772 composite 5.68215 -4.07752 -1.02958 264.92288 -32.94490 0.05804 2.8618 2.07054 0.37111 4.69122e-19 1.45239 3.14226e-13 1.68258 1.39450470254e+34 0 composite_282
-1.36804 5.16096 0.12012 15.73459 composite 13.72981 -5.71867 0.50128 262.32166 -33.49394 0.06564 5.3392 2.23944 0.183935 1.5279e-19 0.473034 1.02966e-13 0.55135 1.35005838125e+34 0 composite_283
6.74161 -5.58777 -0.12012 2.19028 composite 7.34471 66.63670 -0.93709 300.69023 29.10051 0.01708 8.7563 2.62786 0.333166 6.2832e-19 1.94526 3.24276e-13 1.73639 1.32652945121e+34 0 composite_284
-7.40646 -1.00902 0.21321 20.38175 composite 10.53641 -44.67494 1.15949 217.71148 -59.29913 0.11079 7.4749 2.02479 0.270749 1.47893e-19 0.457873 1.07418e-13 0.575187 1.24517027293e+34 0 composite_285
3.78924 0.30512 0.20420 6.38798 composite 9.58802 23.28439 1.22034 277.33366 -8.01342 0.03816 3.8015 1.94239 0.3832 9.79088e-20 0.303123 6.99851e-14 0.374748 1.0460392046e+34 0 composite_286
-2.96169 -3.45478 -0.17417 4.87751 composite 5.85288 -30.41417 -1.70526 242.51560 -53.96212 0.04773 4.5505 1.92126 0.217727 5.11767e-19 1.58442 4.09881e-13 2.19478 1.35216166798e+34 0 composite_287
-9.29596 2.43881 0.03303 21.35207 composite 14.35526 -40.35837 0.13183 226.09559 -58.35944 0.08519 9.6105 2.21078 0.388496 8.7642e-20 0.271337 5.40617e-14 0.289483 1.41144067033e+34 0 composite_288
-5.85038 5.80792 -0.03003 9.32581 composite 15.45783 -22.23921 -0.11131 249.74135 -47.00738 0.03455 8.2437 1.31631 0.388929 3.27067e-20 0.101259 3.48425e-14 0.18657 2.66915583826e+34 0 composite_289
0.07020 -6.53480 -0.08408 4.84260 composite 1.96825 2.04582 -2.44831 269.99332 -28.41940 0.14091 6.5352 2.13308 0.339848 3.87651e-18 12.0016 2.54967e-12 13.6526 1.15955674487e+34 0 composite_290
9.38612 -8.27816 0.12012 30.99973 composite 9.38951 88.64607 0.73300 315.82646 47.82645 0.18909 12.5151 2.06533 0.129065 1.18803e-18 3.67812 9.22088e-13 4.93749 5.46138259904e+34 0 composite_291
2.93947 -1.93683 -0.16216 11.58815 composite 7.19319 24.12634 -1.29176 279.97835 -8.42335 0.09227 3.5202 1.8266 0.171163 1.00539e-18 3.11266 8.87674e-13 4.75321 4.09639475256e+34 0 composite_292
10.59990 2.10296 0.00601 24.15939 composite 14.99269 44.99173 0.02297 288.40296 10.72704 0.09229 10.8065 2.31805 0.118085 5.18532e-19 1.60536 3.46913e-13 1.85761 4.40226010377e+34 0 composite_293
3.96432 1.40841 0.35135 2.82044 composite 10.67782 21.80617 1.88564 276.04296 -9.01179 0.01513 4.2071 2.086 0.15799 1.40797e-18 4.35904 1.05739e-12 5.66199 8.65596553762e+34 0 composite_294
-10.21510 7.52232 0.14414 0.84311 composite 19.00220 -32.51973 0.43462 237.44478 -53.71283 0.01000 12.6860 2.18086 0.214163 7.19177e-20 0.222655 4.9272e-14 0.263836 1.39587909271e+34 0 composite_295
5.05080 -10.32030 -0.15916 20.19646 composite 5.37116 109.81908 -1.69805 347.11560 58.52733 0.21536 11.4900 2.06016 0.281929 5.02971e-19 1.55719 3.55498e-13 1.90358 1.07560801877e+34 0 composite_296
-9.31707 -8.35580 0.17417 26.74862 composite 9.31981 -89.11331 1.07081 140.08700 -48.22157 0.16438 12.5151 2.07966 0.21565 3.12886e-19 0.968686 2.27363e-13 1.21746 1.67555537994e+34 0 composite_297
-9.38771 -8.01565 -0.10210 9.51794 composite 9.40075 -87.04650 -0.62229 140.49632 -50.88004 0.05799 12.3442 1.94007 0.223723 1.8538e-19 0.573933 1.46103e-13 0.782337 1.24849239167e+34 0 composite_298
-8.59888 -1.12160 -0.24024 15.88728 composite 11.33310 -49.36825 -1.21465 210.05302 -63.05367 0.08029 8.6717 1.78408 0.220007 2.09354e-19 0.648154 1.83307e-13 0.981551 2.54465595535e+34 0 composite_299
-3.89183 -2.05165 -0.02703 6.60338 composite 7.53182 -31.11261 -0.20562 239.95340 -53.30716 0.05021 4.3995 2.31442 0.120406 4.95538e-19 1.53417 3.31776e-13 1.77656 1.07042592861e+34 0 composite_300
-1.85468 7.32928 -0.18619 11.62187 composite 15.93865 -6.68274 -0.66933 262.86189 -34.94314 0.04176 7.5603 1.63421 0.362543 3.55135e-20 0.109949 3.10101e-14 0.166049 1.62824697982e+34 0 composite_301
-7.47037 0.25947 -0.13213 2.60267 composite 11.51313 -40.45866 -0.65757 226.67486 -59.09619 0.01295 7.4749 2.10788 0.297838 1.07157e-19 0.331756 7.3053e-14 0.391176 1.02310409108e+34 0 composite_302
1.11727 -4.05600 -0.90090 15.77728 composite 4.67002 14.11230 -11.12275 284.54661 -21.69544 0.19349 4.2071 2.17843 0.200768 1.00259e-18 3.10399 6.93223e-13 3.71199 1.14586414196e+34 0 composite_303
2.32950 -6.92258 0.00601 3.46026 composite 2.81334 55.89612 0.12240 293.68117 20.37771 0.07044 7.3040 2.21484 0.279972 2.96872e-18 9.19109 1.92542e-12 10.31 1.39764208539e+34 0 composite_304
-3.20882 0.72153 0.18318 0.96150 composite 9.76559 -19.18639 1.07480 251.33803 -43.92955 0.01000 3.2889 1.93671 0.257942 1.54055e-19 0.476951 1.18969e-13 0.637043 1.22520221328e+34 0 composite_305
1.60250 -5.18252 0.05105 1.06827 composite 3.68460 25.78274 0.79386 278.87687 -5.99454 0.01661 5.4246 2.26287 0.213816 1.59514e-18 4.9385 1.04324e-12 5.58622 1.04738377009e+34 0 composite_306
4.83369 3.42522 0.24024 33.97761 composite 12.86985 22.06436 1.06960 276.89595 -9.16377 0.15121 5.9242 2.37104 0.141541 1.63463e-19 0.506078 1.04671e-13 0.560478 1.00327477437e+34 0 composite_307
4.82629 13.19800 -0.21622 1.03400 composite 22.22933 12.54016 -0.55731 273.75421 -18.33218 0.01000 14.0528 2.13405 0.331813 2.93998e-20 0.091021 1.94055e-14 0.10391 1.09739053626e+34 0 composite_308
-3.90976 -2.64824 0.23724 24.49937 composite 7.04170 -33.74823 1.93070 234.27743 -53.26956 0.19927 4.7222 2.03474 0.122451 3.85687e-19 1.19408 3.06842e-13 1.64304 1.02249648422e+34 0 composite_309
-3.58868 -1.84538 0.20120 3.78870 composite 7.56327 -28.33694 1.52438 241.47723 -50.17560 0.02869 4.0354 2.24595 0.158258 5.73337e-19 1.77504 3.90711e-13 2.09213 1.45026351055e+34 0 composite_310
1.64276 2.09417 -0.31832 1.23058 composite 10.72550 8.81424 -1.70072 272.92280 -22.15001 0.01000 2.6616 1.98389 0.119404 1.59193e-19 0.492856 1.31322e-13 0.703189 1.03808273054e+34 0 composite_311
-0.54163 -5.91243 0.00901 3.47244 composite 2.64366 -11.82246 0.19527 258.32931 -38.68625 0.07523 5.9372 2.08849 0.185088 3.74036e-18 11.5801 2.75566e-12 14.7557 1.48857053061e+34 0 composite_312
2.36975 2.36572 -0.13514 9.58823 composite 11.12195 12.30322 -0.69620 273.76372 -18.60667 0.04938 3.3485 2.13017 0.326782 1.24518e-19 0.385506 8.25758e-14 0.442167 1.15520680964e+34 0 composite_313
-6.93228 9.58810 0.00601 7.46818 composite 19.37101 -20.96937 0.01778 250.82080 -45.96965 0.02208 11.8317 1.92439 0.384291 3.21508e-20 0.099538 2.32046e-14 0.124253 1.44728604121e+34 0 composite_314
-7.72699 -2.61213 -0.18619 19.38830 composite 9.71638 -52.69305 -1.09800 202.74822 -63.63324 0.11429 8.1566 2.1122 0.368531 1.92933e-19 0.597314 1.26511e-13 0.677426 1.56375736619e+34 0 composite_315
-10.73460 -2.67464 0.12012 14.66114 composite 12.21396 -61.51258 0.56349 183.36517 -61.98009 0.06875 11.0628 2.37526 0.260837 2.13405e-19 0.660697 1.28284e-13 0.686921 1.47234401677e+34 0 composite_316
-12.57820 4.77707 0.13814 16.55277 composite 18.28964 -43.45167 0.43275 220.48184 -59.48599 0.05183 13.4548 2.35723 0.25024 1.01459e-18 3.14115 6.18798e-13 3.31347 1.57098295238e+35 0 composite_317
-4.84108 -0.83201 -0.04505 25.74101 composite 9.06842 -32.26570 -0.28463 238.54970 -54.11068 0.16257 4.9121 2.25551 0.396087 3.96462e-19 1.22744 2.38275e-13 1.27589 2.43308554267e+34 0 composite_318
9.82802 7.18337 0.16817 4.34457 composite 18.50909 32.07341 0.52059 282.00466 -0.52664 0.01344 12.1734 2.09852 0.251305 7.47886e-20 0.231544 5.26115e-14 0.281718 1.67154979339e+34 0 composite_319
-0.07650 1.97327 -0.38739 3.96411 composite 10.48071 -0.41850 -2.11826 268.24812 -30.38434 0.02166 1.9748 2.35756 0.325713 1.75263e-19 0.54261 1.03211e-13 0.552664 1.04865140437e+34 0 composite_320
7.19979 2.00918 0.06607 4.60384 composite 12.73908 34.41486 0.29716 283.27126 1.45529 0.02070 7.4749 1.96259 0.384818 6.41844e-20 0.198713 4.53179e-14 0.242663 1.17795695739e+34 0 composite_321
-6.06865 2.64648 -0.12012 8.31592 composite 12.69200 -28.56588 -0.54227 243.43623 -51.85044 0.03753 6.6206 2.01886 0.101934 1.05098e-18 3.25381 8.57998e-13 4.5943 8.8569449495e+34 0 composite_322
1.79001 5.66092 -0.17117 11.20144 composite 14.27463 7.20426 -0.68706 271.11640 -23.06521 0.04494 5.9372 2.30018 0.121541 2.39628e-19 0.741883 1.61674e-13 0.865714 1.89343696943e+34 0 composite_323
7.44952 0.61510 -0.21321 10.64580 composite 11.77395 39.25818 -1.03760 286.67947 5.15177 0.05179 7.4749 2.25302 0.257356 2.49477e-19 0.772375 1.60322e-13 0.858471 1.85806816592e+34 0 composite_324
