sky_model/pwn/ctadc_skymodel_gps_sources_pwn.ecsv
# %ECSV 0.9
# ---
# datatype:
# - {name: galactocentric_x, unit: kpc, datatype: float64, format: '%.5f', description: Galactocentric
#     x coordinate}
# - {name: galactocentric_y, unit: kpc, datatype: float64, format: '%.5f', description: Galactocentric
#     y coordinate}
# - {name: galactocentric_z, unit: kpc, datatype: float64, format: '%.5f', description: Galactocentric
#     z coordinate}
# - {name: size_physical, unit: pc, datatype: float64, format: '%.5f', description: Physical
#     size}
# - {name: spiralarm, datatype: string}
# - {name: distance, unit: kpc, datatype: float64, format: '%.5f', description: Distance
#     observer to source center}
# - {name: GLON, unit: deg, datatype: float64, format: '%.5f', description: Galactic
#     longitude}
# - {name: GLAT, unit: deg, datatype: float64, format: '%.5f', description: Galactic
#     latitude}
# - {name: RA, unit: deg, datatype: float64, format: '%.5f'}
# - {name: DEC, unit: deg, datatype: float64, format: '%.5f'}
# - {name: sigma, unit: deg, datatype: float64, format: '%.5f'}
# - {name: galactocentric_r, unit: kpc, datatype: float64, format: '%0.4f', description: Galactocentric
#     radius in the xy plan}
# - {name: spec_alpha, datatype: float64, format: '%5g', description: Spectral model
#     parameter (log parabola)}
# - {name: spec_beta, datatype: float64, format: '%5g', description: Spectral model
#     parameter (log parabola)}
# - {name: spec_norm, unit: 1 / (cm2 MeV s), datatype: float64, format: '%5g', description: Spectral
#     model norm parameter (log parabola)}
# - {name: spec_norm_cu, unit: '%', datatype: float64, format: '%5g', description: Spectral
#     model norm parameter (log parabola) in crab units}
# - {name: int_flux_above_1TeV, unit: 1 / (cm2 s), datatype: float64, format: '%5g',
#   description: 'Integral flux above 1 TeV '}
# - {name: int_flux_above_1TeV_cu, unit: '%', datatype: float64, format: '%5g', description: Integral
#     flux above 1 TeV in crab units}
galactocentric_x galactocentric_y galactocentric_z size_physical spiralarm distance GLON GLAT RA DEC sigma galactocentric_r spec_alpha spec_beta spec_norm spec_norm_cu int_flux_above_1TeV int_flux_above_1TeV_cu
[from data line 305]
3.02020 -2.83631 -0.12913 1.12802 "" 6.41994 28.06906 -1.15252 281.66650 -4.85312 0.01006 4.1432 2.18895 0.080809 1.14416e-18 3.5423 8.48267e-13 4.5422
1.29009 -6.66780 0.00601 1.16232 "" 2.24083 35.15017 0.15367 283.73453 2.04422 0.02971 6.7915 1.77738 0.241635 5.64636e-19 1.7481 4.88706e-13 2.61686
-0.06338 0.94232 -0.42042 46.61297 "" 9.45189 -0.38458 -2.54936 268.69959 -30.57304 0.28245 0.9444 1.70276 0.405848 3.93789e-21 0.0121916 3.20093e-15 0.0171399
-1.36476 -10.11690 0.04805 1.05660 "" 2.11642 -139.83364 1.30092 107.33408 -5.83675 0.02859 10.2085 1.87598 0.422262 2.97715e-20 0.0921719 2.16367e-14 0.115858
0.42425 3.14831 -0.28228 33.74839 "" 11.65945 2.08588 -1.38729 268.97360 -27.85477 0.16578 3.1768 2.17833 0.307827 8.41725e-20 0.260596 5.4901e-14 0.293977
6.54634 -0.92314 -0.62763 4.48997 "" 10.03281 40.82673 -3.58664 289.67680 5.36380 0.02563 6.6111 2.10778 0.49956 4.9468e-20 0.153152 3.06151e-14 0.163934
2.87684 4.19044 0.04505 1.37907 "" 13.01251 12.77270 0.19836 273.17339 -17.76636 0.01000 5.0829 1.87076 0.492335 2.12876e-20 0.0659058 1.4961e-14 0.0801113
-5.80398 -12.42200 -0.09610 3.93054 "" 7.00553 -124.04859 -0.78599 113.08956 -20.74730 0.03213 13.7110 2.38671 0.119347 4.04932e-20 0.125366 2.60208e-14 0.139333
-14.79790 -4.01986 0.04805 13.08249 "" 15.46130 -73.15604 0.17806 160.70898 -58.61780 0.04846 15.3342 1.32428 0.38546 1.54706e-22 0.000478966 1.64324e-16 0.000879903
-4.20275 -3.00810 -0.04204 9.31776 "" 6.91562 -37.42551 -0.34830 231.26465 -57.24103 0.07717 5.1683 2.11268 0.0919477 1.61891e-20 0.050121 1.25094e-14 0.0669838
10.51130 1.62168 -0.31532 25.46814 "" 14.59573 46.08181 -1.23789 290.05661 11.10300 0.09994 10.6357 2.67993 0.205708 2.06573e-19 0.639544 1.09334e-13 0.585447
4.26767 4.12761 0.04805 19.72181 "" 13.32936 18.67337 0.20654 276.06258 -12.56559 0.08474 5.9372 2.17708 0.00498176 9.90241e-19 3.06576 7.82249e-13 4.18869
0.46700 -0.37832 -0.11111 22.96602 "" 8.13585 3.29091 -0.78250 269.06718 -26.50926 0.16167 0.6010 1.79338 0.100719 1.68836e-18 5.22711 1.61967e-12 8.67281
3.48219 8.86580 0.28529 35.31829 "" 17.71378 11.33858 0.92282 271.77598 -18.67164 0.11419 9.5251 1.74245 0.111809 1.63235e-20 0.0505371 1.61095e-14 0.0862611
-1.27260 -1.76801 0.21622 5.47315 "" 6.85463 -10.70474 1.80762 257.51754 -36.83241 0.04573 2.1784 2.11928 0.493881 3.68579e-20 0.114111 2.27353e-14 0.12174
-2.73332 -1.61889 0.09309 4.64725 "" 7.40469 -21.66401 0.72033 249.40078 -46.02374 0.03595 3.1768 2.34051 0.0208226 3.53308e-18 10.9383 2.47971e-12 13.2781
2.69162 -1.39722 -0.06006 5.02125 "" 7.59591 20.75435 -0.45304 277.64845 -11.03073 0.03786 3.0327 1.495 0.472926 1.42401e-22 0.000440869 1.26326e-16 0.000676438
-2.79025 3.14864 -0.31532 10.58938 "" 11.98231 -13.47051 -1.50794 258.87538 -41.01880 0.05062 4.2071 2.39763 0.419096 3.48311e-21 0.0107836 1.93544e-15 0.0103636
7.01045 4.49758 -0.29730 14.06806 "" 14.77064 28.34091 -1.15331 281.79156 -4.61159 0.05455 8.3291 2.37434 0.0112397 1.53319e-20 0.047467 1.06043e-14 0.0567826
-2.11120 0.53687 -0.08108 14.08420 "" 9.28056 -13.14964 -0.50057 258.04733 -40.16886 0.08692 2.1784 2.14412 0.0683663 5.61574e-20 0.173862 4.32382e-14 0.231527
3.55667 9.94366 0.12012 25.40874 "" 18.78385 10.91492 0.36640 272.07242 -19.31233 0.07747 10.5606 1.64695 0.314515 1.20331e-20 0.037254 1.07783e-14 0.0577145
6.90781 4.95300 0.05405 25.77776 "" 15.12296 27.17947 0.20478 280.04669 -5.02405 0.09763 8.5000 2.01583 0.175399 1.7291e-21 0.00535324 1.34171e-15 0.00718444
4.20434 -5.75388 0.49550 14.77020 "" 5.04610 56.84891 5.63521 288.91935 23.81869 0.16764 7.1263 1.86477 0.17068 7.92275e-19 2.45286 6.81607e-13 3.64979
4.02923 0.48061 -0.11111 13.56584 "" 9.84370 24.16381 -0.64674 279.41642 -8.09439 0.07893 4.0578 1.48769 0.348236 3.86713e-20 0.119726 3.76646e-14 0.201682
-10.01180 0.71997 0.03003 4.00682 "" 13.61047 -47.35771 0.12642 213.34731 -61.19076 0.01686 10.0377 1.49679 0.497378 6.63911e-22 0.00205545 5.79139e-16 0.0031011
3.58342 3.07546 0.54354 17.93373 "" 12.12962 17.20098 2.56834 273.21634 -12.74536 0.08468 4.7222 1.93237 0.166356 5.64146e-19 1.74658 4.65202e-13 2.49101
-1.56007 -1.83325 0.00884 12.18288 "Carina Sagittarius" 6.84685 -13.17066 0.07395 257.42667 -39.84558 0.10191 2.4072 1.47421 0.461522 1.69152e-22 0.000523689 1.53227e-16 0.000820481
-8.20830 4.34085 -0.03639 23.07732 "Carina Sagittarius" 15.24024 -32.58807 -0.13680 237.96386 -54.20058 0.08673 9.2854 1.9477 0.364221 1.25219e-21 0.00387674 9.01692e-16 0.00482827
1.39698 10.96434 -0.05424 21.53409 Perseus 19.51448 4.10514 -0.15925 268.92394 -25.49201 0.06320 11.0530 2.33021 0.423495 2.28133e-20 0.0706294 1.30666e-14 0.0699675
-10.45710 0.03475 0.06344 23.20318 "Carina Sagittarius" 13.49803 -50.77978 0.26927 206.32556 -61.94306 0.09845 10.4572 1.97292 0.254419 1.4241e-19 0.440898 1.0779e-13 0.577179
-2.68457 -3.97399 -0.10725 16.05409 Perseus 5.26338 -30.67399 -1.16754 241.57603 -53.73979 0.17469 4.7958 1.95576 0.266645 2.22192e-20 0.06879 1.68652e-14 0.090308
-3.99539 -4.43392 -0.00304 27.81348 Norma 5.70054 -44.49757 -0.03058 218.94328 -60.33075 0.27944 5.9685 2.33051 0.273232 1.15572e-19 0.357809 7.06963e-14 0.378556
5.02689 -6.36938 -0.07313 13.05945 Norma 5.46026 67.03060 -0.76739 300.76536 29.52434 0.13698 8.1141 2.04567 0.28257 1.64693e-19 0.509884 1.17346e-13 0.62835
-4.62229 -2.09901 -0.00450 28.98858 Norma 7.89546 -35.83385 -0.03267 233.32889 -56.08072 0.21028 5.0766 2.37903 0.0722206 2.16733e-21 0.00671001 1.43799e-15 0.00769996
-1.35260 -5.62025 0.16031 6.30552 Norma 3.18562 -25.15912 2.88459 243.60532 -47.02043 0.11337 5.7807 1.75376 0.103523 1.50275e-18 4.65248 1.48155e-12 7.93325
-4.01824 1.36138 -0.00829 28.17710 Norma 10.64862 -22.16956 -0.04462 249.73655 -46.91100 0.15155 4.2426 1.91216 0.0768623 3.64119e-20 0.11273 3.26801e-14 0.174992
6.38184 -3.22295 0.06257 23.58199 Perseus 8.28125 50.41312 0.43290 290.63549 15.71090 0.16309 7.1495 1.98979 0.0954856 6.36968e-20 0.197204 5.33052e-14 0.285432
-1.26297 1.59066 -0.07249 28.79048 Norma 10.16965 -7.13416 -0.40843 262.29223 -35.17636 0.16214 2.0311 2.12354 0.332484 2.2508e-19 0.696843 1.4937e-13 0.799827
-11.21270 -1.40300 -0.03059 17.94811 "Carina Sagittarius" 13.27001 -57.66853 -0.13207 191.53689 -62.99765 0.07746 11.3001 1.61188 0.10325 4.83453e-22 0.00149676 5.32864e-16 0.00285332
2.66497 0.11963 -0.01070 28.29044 "Crux Scutum" 9.02221 17.18029 -0.06794 275.59244 -14.01310 0.17959 2.6677 2.31657 0.439197 1.12271e-18 3.47589 6.43209e-13 3.44418
6.73916 -1.47609 -0.01119 7.57948 Perseus 9.73405 43.81473 -0.06589 287.92886 9.64284 0.04460 6.8989 1.89755 0.0597362 1.22954e-18 3.80661 1.13207e-12 6.06185
4.64454 3.48336 0.02097 3.80723 "Carina Sagittarius" 12.85197 21.18547 0.09348 277.35894 -10.39542 0.01697 5.8057 1.98561 0.49437 1.37489e-19 0.425662 9.07837e-14 0.486118
-7.23397 -3.22986 -0.01861 21.91797 "Crux Scutum" 8.95014 -53.92569 -0.11911 199.75253 -62.82251 0.14026 7.9223 1.92744 0.000716079 2.39839e-19 0.742537 2.27886e-13 1.22026
14.73770 5.68643 0.02787 26.31426 "Crux Scutum" 20.45618 46.09187 0.07806 288.87446 11.72677 0.07368 15.7967 1.51227 0.421937 2.14164e-22 0.000663047 1.94411e-16 0.00104101
5.88770 6.33675 0.01630 27.21606 Perseus 15.96228 21.64479 0.05850 277.60677 -10.00465 0.09765 8.6498 2.26012 0.000995313 3.49864e-20 0.108317 2.62197e-14 0.140398
-0.89917 -1.62054 -0.01128 4.65973 "Carina Sagittarius" 6.93798 -7.44657 -0.09312 261.75893 -35.26120 0.03847 1.8533 2.61345 0.392734 8.24374e-20 0.255224 4.19191e-14 0.224463
-5.53006 3.24665 -0.00735 12.53728 "Crux Scutum" 12.98328 -25.21001 -0.03244 246.62512 -49.12830 0.05531 6.4127 2.06486 0.363827 8.36151e-20 0.25887 5.63897e-14 0.301949
-6.97328 -0.71068 0.01300 14.99623 "Crux Scutum" 10.45468 -41.83607 0.07122 223.64001 -59.11008 0.08215 7.0094 1.99546 0.34727 1.33321e-20 0.0412757 9.42927e-15 0.0504907
7.22929 0.49507 -0.09828 28.00805 Perseus 11.54052 38.78864 -0.48792 285.97285 4.98696 0.13900 7.2462 2.66608 0.175442 1.06307e-20 0.0329125 5.73664e-15 0.0307179
9.29507 -4.10405 0.05171 10.90934 Norma 10.28228 64.68894 0.28814 298.34140 28.08000 0.06077 10.1608 1.67316 0.313544 5.50247e-22 0.00170355 4.84662e-16 0.00259521
-0.07183 4.97606 0.01831 21.58614 "Crux Scutum" 13.47626 -0.30540 0.07784 266.14670 -29.15604 0.09174 4.9766 2.12648 0.299703 4.14419e-19 1.28303 2.79315e-13 1.49564
-2.83727 -2.57967 0.03011 8.93701 Perseus 6.56516 -25.60571 0.26281 245.87909 -49.20441 0.07797 3.8347 1.81154 0.369769 8.923e-21 0.0276254 6.93936e-15 0.0371581
3.59044 -4.75470 0.00383 19.54362 Perseus 5.18831 43.79065 0.04228 287.82028 9.67153 0.21574 5.9581 2.56051 0.355005 3.37166e-19 1.04386 1.77991e-13 0.953085
0.93842 -14.05799 -0.07550 6.05433 "Carina Sagittarius" 5.63716 170.41647 -0.76736 79.38752 36.53285 0.06151 14.0893 2.30775 0.124116 6.03049e-18 18.6703 4.04447e-12 21.6568
-3.09220 -2.50434 -0.01054 23.37276 Perseus 6.74609 -27.28191 -0.08955 244.41558 -50.63485 0.19843 3.9791 2.00761 0.354795 1.49562e-19 0.46304 1.04624e-13 0.560231
-12.31531 5.14638 -0.01050 4.20283 Perseus 18.38180 -42.06498 -0.03273 223.33353 -59.30652 0.01310 13.3474 1.85066 0.156234 1.31032e-19 0.405673 1.15116e-13 0.616408
3.39471 -7.07206 -0.02217 29.95527 Norma 3.68287 67.18666 -0.34483 300.44830 29.88079 0.46585 7.8446 1.84921 0.19275 1.36321e-20 0.0422046 1.16563e-14 0.0624159
-5.40319 4.02133 -0.14073 24.63794 "Crux Scutum" 13.63811 -23.34110 -0.59124 249.17678 -48.14729 0.10347 6.7354 2.33729 0.143887 2.49032e-20 0.0770998 1.62326e-14 0.0869205
-9.37324 -9.31862 0.03215 19.54281 "Carina Sagittarius" 9.40897 -94.99130 0.19575 133.40836 -44.46647 0.11896 13.2172 1.77101 0.369601 6.15691e-22 0.00190616 4.90824e-16 0.00262821
6.87068 -0.77998 -0.07581 23.74951 Perseus 10.33493 41.66852 -0.42029 287.24426 7.57557 0.13161 6.9148 2.0871 0.417336 4.88751e-19 1.51316 3.17218e-13 1.6986
-8.85377 2.01698 0.01194 3.08172 "Carina Sagittarius" 13.74759 -40.09251 0.04977 226.61345 -58.30035 0.01284 9.0806 1.64802 0.124325 3.93417e-20 0.121801 4.12676e-14 0.220975
-3.12691 4.96817 0.02606 14.56667 "Crux Scutum" 13.82642 -13.07079 0.10799 257.46836 -39.74505 0.06034 5.8703 1.755 0.257044 7.91941e-20 0.245183 6.88001e-14 0.368403
-12.06123 4.95148 0.01569 19.02780 Perseus 18.06698 -41.88090 0.04976 223.58124 -59.14959 0.06032 13.0380 2.21264 0.352811 5.73768e-22 0.00177637 3.59455e-16 0.00192477
4.46118 7.53743 0.12497 29.35744 Perseus 16.64683 15.54511 0.43013 274.34088 -15.21944 0.10100 8.7587 2.54047 0.412268 5.45107e-21 0.0168764 2.84377e-15 0.0152275
-8.20224 2.95018 -0.07886 12.87831 "Carina Sagittarius" 14.08509 -35.61560 -0.32077 233.94812 -56.18828 0.05237 8.7167 1.76681 0.363628 3.0169e-20 0.0934026 2.42026e-14 0.129597
-4.15293 -3.50839 0.06621 29.20326 Norma 6.49364 -39.75986 0.58419 226.65990 -57.67134 0.25757 5.4365 2.04317 0.0495916 1.34189e-19 0.415445 1.12229e-13 0.600953
-0.67040 -9.92144 -0.14202 16.91983 "Crux Scutum" 1.57801 -154.75000 -5.16347 94.74064 4.44187 0.61411 9.9441 2.22617 0.342045 2.11139e-17 65.3681 1.32011e-11 70.6877
-5.76586 -6.24845 0.00361 4.87330 "Crux Scutum" 6.18989 -68.66951 0.03343 168.64579 -60.63805 0.04509 8.5023 1.92844 0.4527 7.91617e-22 0.00245083 5.49908e-16 0.00294458
3.14344 3.52915 -0.01064 19.64553 "Crux Scutum" 12.43309 14.64497 -0.04904 274.33517 -16.23916 0.09050 4.7261 2.4976 0.22099 1.58886e-19 0.491906 9.13749e-14 0.489283
-3.77145 -0.88348 0.00247 25.19625 Perseus 8.49913 -26.34313 0.01665 245.34569 -49.90057 0.16979 3.8736 2.13561 0.371304 9.78038e-20 0.302798 6.32494e-14 0.33868
-1.77229 11.12210 -0.01574 26.95263 Perseus 19.70198 -5.16101 -0.04576 263.23614 -33.32807 0.07835 11.2624 2.25813 0.480963 5.72423e-23 0.000177221 3.3169e-17 0.000177609
-14.64267 -5.66347 -0.04824 17.27856 Perseus 14.91496 -79.03663 -0.18532 151.16746 -55.77507 0.06635 15.6998 2.43971 0.346983 4.52352e-20 0.140047 2.53541e-14 0.135763
-1.58325 6.54059 -0.16314 15.01004 "Carina Sagittarius" 15.12457 -6.00914 -0.61804 263.25719 -34.35105 0.05684 6.7295 2.21429 0.144863 1.53248e-21 0.00474451 1.07276e-15 0.00574428
-6.02686 -5.18919 0.00184 20.22848 "Crux Scutum" 6.87637 -61.21813 0.01535 183.82266 -62.56477 0.16848 7.9530 2.22473 0.226037 1.54894e-19 0.479548 1.02809e-13 0.550511
8.11373 -8.26084 0.05779 4.68505 "Crux Scutum" 8.11746 88.31161 0.40792 315.85642 47.36049 0.03306 11.5790 2.35253 0.234353 2.10747e-19 0.652467 1.29861e-13 0.695363
-5.60439 2.97027 -0.01464 28.42669 "Crux Scutum" 12.76623 -26.04021 -0.06569 245.76766 -49.74427 0.12753 6.3429 2.64483 0.424523 1.87239e-19 0.579686 9.29085e-14 0.497495
-0.05678 14.20731 -0.04041 9.47753 Norma 22.70742 -0.14326 -0.10197 266.41917 -29.11159 0.02390 14.2074 2.35824 0.484136 3.06642e-21 0.00949355 1.69315e-15 0.00906628
7.81618 1.37639 -0.09130 19.93909 Perseus 12.59540 38.35809 -0.41532 285.71009 4.63756 0.09067 7.9364 1.73123 0.2966 8.59606e-20 0.266132 7.37465e-14 0.394889
4.71610 -9.91089 -0.08842 19.29570 "Crux Scutum" 4.92342 106.65537 -1.02901 341.15335 57.77824 0.22447 10.9758 1.87561 0.0384611 5.47038e-20 0.169361 5.21991e-14 0.279509
12.30519 -4.52045 -0.04074 22.48575 "Crux Scutum" 12.93275 72.07859 -0.18051 303.40550 34.08463 0.09958 13.1092 2.1389 0.474775 1.09215e-20 0.0338128 6.72585e-15 0.0360148
-3.40971 10.54444 -0.08047 26.04536 Perseus 19.34744 -10.15068 -0.23830 260.01017 -37.57500 0.07710 11.0820 2.15997 0.497011 2.95973e-22 0.000916325 1.78692e-16 0.000956836
-1.11159 -3.62062 -0.03175 9.82251 Perseus 5.00450 -12.83368 -0.36349 258.14562 -39.83279 0.11241 3.7874 2.43016 0.197789 1.31927e-18 4.08443 7.94339e-13 4.25343
-5.66262 -5.49276 -0.10114 8.58694 "Crux Scutum" 6.41241 -62.02862 -0.90369 181.74713 -63.34653 0.07670 7.8890 2.09894 0.412923 9.2895e-20 0.287601 6.00431e-14 0.321511
2.90205 5.36532 -0.10155 23.14825 "Carina Sagittarius" 14.16613 11.82151 -0.41071 273.25565 -18.89314 0.09359 6.0999 2.20619 0.216939 7.32587e-22 0.00226807 4.93875e-16 0.00264454
1.93175 -1.54461 0.06227 8.03519 "Carina Sagittarius" 7.21893 15.52177 0.49427 274.27090 -15.20954 0.06375 2.4734 2.21892 0.347731 2.00061e-19 0.619382 1.25223e-13 0.67053
0.95075 6.19441 -0.05632 28.81316 "Carina Sagittarius" 14.72524 3.70195 -0.21915 268.75568 -25.87038 0.11207 6.2669 1.66795 0.0209359 2.58636e-20 0.0800732 2.96941e-14 0.159002
4.79683 1.42753 0.00635 8.32591 "Carina Sagittarius" 11.02567 25.78914 0.03298 279.55958 -6.33842 0.04325 5.0047 1.915 0.445344 1.337e-20 0.0413932 9.39161e-15 0.0502891
10.20354 5.71796 0.03955 17.21468 Norma 17.50041 35.66516 0.12948 283.99122 2.49145 0.05634 11.6965 1.86069 0.0223962 7.9016e-20 0.244631 7.74353e-14 0.414641
1.05230 -1.72141 -0.00457 20.71935 "Carina Sagittarius" 6.85979 8.82405 -0.03820 271.36255 -21.33528 0.17299 2.0176 2.03523 0.110036 9.486e-20 0.293684 7.61328e-14 0.407667
13.82355 4.34740 -0.05910 7.60815 "Crux Scutum" 18.87193 47.09607 -0.17942 289.58657 12.49484 0.02309 14.4910 2.24054 0.283875 1.03725e-20 0.0321131 6.62099e-15 0.0354533
-3.80469 3.71621 -0.04593 13.42046 "Crux Scutum" 12.79506 -17.29900 -0.20566 254.36213 -43.29091 0.06007 5.3184 1.54496 0.441323 1.66107e-21 0.00514262 1.45717e-15 0.0078027
-4.33658 3.63367 -0.00721 24.03506 "Crux Scutum" 12.88534 -19.66691 -0.03206 252.08326 -45.01271 0.10683 5.6577 2.17638 0.136246 6.86747e-19 2.12615 4.94592e-13 2.64838
-1.17147 0.80697 0.00290 11.10420 "Carina Sagittarius" 9.38040 -7.17409 0.01771 261.83194 -34.97317 0.06780 1.4225 2.62366 0.0446602 9.90687e-19 3.06714 5.81377e-13 3.11309
-3.09523 -2.76628 -0.01793 12.29335 Perseus 6.51585 -28.36152 -0.15764 243.25011 -51.43049 0.10806 4.1512 1.61958 0.40479 5.88231e-20 0.182115 5.04009e-14 0.269881
-5.04167 3.18698 0.04135 8.51127 "Crux Scutum" 12.72814 -23.33498 0.18615 248.32875 -47.61727 0.03830 5.9645 2.2861 0.179649 7.00765e-20 0.216955 4.60925e-14 0.24681
-3.58201 -13.66797 0.03483 23.48083 "Carina Sagittarius" 6.28807 -145.27353 0.31740 103.96052 -1.45227 0.21387 14.1295 1.92433 0.371806 6.82677e-19 2.11355 4.9615e-13 2.65672
