sky_model/pwn/ctadc_skymodel_gps_sources_pwn.ecsv
# %ECSV 0.9
# ---
# datatype:
# - {name: galactocentric_x, unit: kpc, datatype: float64, format: '%.5f', description: Galactocentric
#     x coordinate}
# - {name: galactocentric_y, unit: kpc, datatype: float64, format: '%.5f', description: Galactocentric
#     y coordinate}
# - {name: galactocentric_z, unit: kpc, datatype: float64, format: '%.5f', description: Galactocentric
#     z coordinate}
# - {name: physical_size, unit: pc, datatype: float64, format: '%.5f', description: physical
#     size}
# - {name: spiralarm, datatype: string}
# - {name: distance, unit: kpc, datatype: float64, format: '%.5f', description: Distance
#     observer to source center}
# - {name: GLON, unit: deg, datatype: float64, format: '%.5f', description: Galactic
#     longitude}
# - {name: GLAT, unit: deg, datatype: float64, format: '%.5f', description: Galactic
#     latitude}
# - {name: RA, unit: deg, datatype: float64, format: '%.5f'}
# - {name: DEC, unit: deg, datatype: float64, format: '%.5f'}
# - {name: size, unit: deg, datatype: float64, format: '%.5f'}
# - {name: galactocentric_r, unit: kpc, datatype: float64, format: '%0.4f', description: Galactocentric
#     radius in the xy plan}
# - {name: spec_alpha, datatype: float64, format: '%5g', description: Spectral model
#     parameter (log parabola)}
# - {name: spec_beta, datatype: float64, format: '%5g', description: Spectral model
#     parameter (log parabola)}
# - {name: spec_norm, unit: 1 / (cm2 MeV s), datatype: float64, format: '%5g', description: Spectral
#     model norm parameter (log parabola)}
# - {name: spec_norm_cu, unit: '%', datatype: float64, format: '%5g', description: Spectral
#     model norm parameter (log parabola) in crab units}
# - {name: int_flux_above_1TeV, unit: 1 / (cm2 s), datatype: float64, format: '%5g',
#   description: 'Integral flux above 1 TeV '}
# - {name: int_flux_above_1TeV_cu, unit: '%', datatype: float64, format: '%5g', description: Integral
#     flux above 1 TeV in crab units}
galactocentric_x galactocentric_y galactocentric_z physical_size spiralarm distance GLON GLAT RA DEC size galactocentric_r spec_alpha spec_beta spec_norm spec_norm_cu int_flux_above_1TeV int_flux_above_1TeV_cu
10.06780 -1.05684 -0.18919 4.50101 "" 12.52186 53.52435 -0.86570 293.37894 17.82434 0.02059 10.1231 2.41173 0.0749707 1.46861e-20 0.0454677 9.5436e-15 0.0511029
0.60416 1.27350 -0.05405 30.40688 "" 9.79230 3.53730 -0.31625 268.75644 -26.06152 0.17785 1.4095 2.24373 0.377045 3.2508e-19 1.00644 1.982e-13 1.0613
9.92393 7.05028 0.06006 28.11953 "" 18.44720 32.54534 0.18654 282.51718 -0.25899 0.08730 12.1734 1.86654 0.359539 3.54768e-20 0.109835 2.68589e-14 0.143821
-0.42765 0.03749 -0.27327 17.64734 "" 8.55256 -2.86760 -1.83102 266.48767 -32.33734 0.11818 0.4293 2.62103 0.279785 1.22569e-18 3.79471 6.4753e-13 3.46731
7.00476 0.77712 0.06607 26.65942 "" 11.62480 37.05491 0.32564 284.45176 3.81749 0.13135 7.0477 1.66603 0.292322 3.17154e-21 0.00981902 2.85053e-15 0.0152637
-3.47076 -3.92223 -0.17718 18.06384 "" 5.74748 -37.16857 -1.76656 233.16256 -58.26684 0.18001 5.2374 1.62519 0.0456354 8.29899e-20 0.256935 9.61452e-14 0.514827
3.87097 4.15792 0.14114 13.14773 "" 13.23734 17.00437 0.61091 274.89008 -13.84856 0.05689 5.6809 2.38817 0.300236 1.56985e-19 0.486022 9.20695e-14 0.493003
5.21225 -6.49670 0.23724 12.42729 "" 5.58901 68.97601 2.43280 298.77040 32.85802 0.12735 8.3291 2.16775 0.190761 4.79012e-20 0.148301 3.35269e-14 0.179526
4.49005 -8.98613 0.00300 4.35722 "" 4.51629 96.17925 0.03806 324.94899 52.65758 0.05526 10.0455 1.93515 0.43379 6.74259e-20 0.208749 4.71167e-14 0.252295
-5.71128 -6.41021 -0.12012 1.45950 "" 6.08279 -69.90214 -1.13152 165.37648 -61.23362 0.01374 8.5854 1.77043 0.156549 3.36497e-20 0.104179 3.12827e-14 0.167509
9.34105 -2.25997 0.34835 10.76483 "" 11.23897 56.25619 1.77616 292.31542 21.49012 0.05486 9.6106 2.79624 0.288298 4.89037e-19 1.51405 2.37952e-13 1.27416
-0.25033 2.99461 0.09610 29.03483 "" 11.49774 -1.24759 0.47889 265.18552 -29.74599 0.14463 3.0051 2.13513 0.213286 7.29704e-19 2.25914 5.13733e-13 2.75088
2.34733 5.54634 -0.09610 15.51265 "" 14.24145 9.48722 -0.38663 272.03526 -20.92607 0.06239 6.0226 2.26026 0.438131 1.63361e-19 0.505762 9.62171e-14 0.515212
1.02743 -2.20727 0.20721 9.39370 "" 6.37942 9.27301 1.86135 269.83327 -20.00762 0.08434 2.4347 2.19537 0.126958 1.67914e-20 0.0519859 1.20245e-14 0.0643874
-4.37329 -8.46182 -0.11712 1.30998 "" 4.37502 -89.49981 -1.53400 136.80774 -49.73959 0.01715 9.5251 2.23044 0.0394012 1.475e-18 4.56656 1.09611e-12 5.86934
0.59163 -3.47013 0.19219 2.65884 "" 5.06819 6.70850 2.17322 268.16448 -22.06680 0.03005 3.5202 2.26203 0.374328 7.70205e-20 0.238453 4.65815e-14 0.249429
-1.73505 -2.01837 0.16517 12.93139 "" 6.71187 -14.98600 1.41011 254.59461 -40.47492 0.11035 2.6616 2.31973 0.206448 1.38147e-20 0.0427698 8.78907e-15 0.0470627
7.88438 -4.00154 0.02102 17.73868 "" 9.07745 60.29293 0.13268 296.01046 24.21044 0.11192 8.8417 1.98743 0.294549 1.39753e-20 0.0432672 1.02326e-14 0.0547924
-14.37290 0.78756 -0.04805 13.16603 "" 17.11261 -57.13004 -0.16088 192.72283 -63.03256 0.04407 14.3945 2.01251 0.0131947 3.16435e-20 0.0979676 2.78898e-14 0.149341
-4.20548 -8.54646 -0.08408 4.85308 "" 4.20658 -90.63295 -1.14529 136.08601 -48.63871 0.06608 9.5251 1.57769 0.476055 1.75216e-20 0.0542464 1.47295e-14 0.0788719
2.22037 3.89673 -0.12312 11.61621 "" 12.59461 10.15454 -0.56011 272.54290 -20.42625 0.05282 4.4849 1.86591 0.438809 3.60567e-21 0.0111631 2.61213e-15 0.0139871
0.44998 0.39842 -0.33033 6.74851 "" 8.91591 2.89490 -2.12327 270.14963 -27.52142 0.04335 0.6010 2.18133 0.311934 3.66751e-19 1.13545 2.38324e-13 1.27615
1.44126 -6.72416 -0.08108 31.07668 "" 2.28854 39.06256 -2.03034 287.47380 4.52145 0.77774 6.8769 2.41351 0.00851492 2.92105e-18 9.04349 1.97575e-12 10.5795
1.43396 7.85504 0.00601 8.51816 "" 16.41778 5.01071 0.02097 269.25458 -24.61862 0.02972 7.9849 2.27971 0.188988 4.45741e-20 0.138 2.92724e-14 0.156744
1.04201 -15.38440 0.00601 7.19434 "" 6.96281 171.39315 0.04946 80.91277 36.19735 0.05918 15.4196 1.99779 0.489398 5.77183e-20 0.178694 3.79565e-14 0.203245
8.67133 9.14225 0.12312 12.25159 "" 19.65849 26.17455 0.35884 279.44630 -5.84645 0.03569 12.6005 1.72105 0.340665 1.18051e-21 0.00365482 9.89202e-16 0.00529686
10.52160 2.46502 -0.15616 40.01695 "" 15.19737 43.81775 -0.58875 288.40011 9.40327 0.15081 10.8065 1.26679 0.0804939 4.09465e-22 0.00126769 6.28593e-16 0.00336592
-10.12280 0.07797 0.12012 27.20922 "" 13.26903 -49.72236 0.51869 208.38305 -61.46430 0.11744 10.1231 2.44552 0.230298 9.19308e-20 0.284616 5.40618e-14 0.289484
-0.24657 -3.68368 -0.25526 6.09544 "" 4.82938 -2.93068 -3.02982 267.66994 -33.00869 0.07229 3.6919 1.92323 0.483369 2.59504e-20 0.0803419 1.78049e-14 0.0953397
-10.12900 7.63778 -0.08108 6.30888 "" 19.05338 -32.11475 -0.24382 238.70341 -53.98298 0.01896 12.6859 1.96546 0.267354 1.03733e-22 0.000321154 7.82382e-17 0.00041894
-8.41123 4.28475 0.08408 10.48583 "" 15.30378 -33.34136 0.31479 236.47325 -54.31580 0.03924 9.4397 2.13947 0.0123073 1.41936e-20 0.0439431 1.14394e-14 0.0612541
1.77421 9.96643 0.10511 3.27136 "" 18.55176 5.48800 0.32463 269.22918 -24.05340 0.01010 10.1231 1.67833 0.309886 5.19533e-22 0.00160846 4.57234e-16 0.00244834
-3.94263 -8.76461 -0.14414 21.97544 "" 3.95413 -93.83965 -2.08907 131.93028 -46.80714 0.31830 9.6106 1.99507 0.135608 1.74764e-18 5.41064 1.41375e-12 7.57018
-2.18130 6.88113 0.08709 1.49080 "" 15.53528 -8.07167 0.32120 260.90796 -35.54636 0.01000 7.2186 2.70704 0.049423 1.88725e-19 0.584288 1.05697e-13 0.565976
0.08019 -0.03069 0.70270 12.22490 "" 8.49879 0.54248 4.74276 262.21802 -25.93854 0.08238 0.0859 2.25162 0.201454 2.87405e-19 0.889799 1.90448e-13 1.01979
-1.98534 2.69644 -0.30330 10.88953 "" 11.37514 -10.05511 -1.52788 261.42613 -38.22603 0.05483 3.3485 2.20777 0.279262 8.81467e-21 0.02729 5.74114e-15 0.030742
2.30560 -5.47123 -0.08108 23.42532 "" 3.80734 37.27959 -1.22025 285.93211 3.31025 0.35239 5.9372 1.62525 0.00852036 1.64699e-18 5.09904 1.98984e-12 10.655
-10.29330 -0.11795 0.03003 7.38857 "" 13.27448 -50.84335 0.12962 206.25453 -62.09284 0.03188 10.2940 2.77308 0.279523 1.2482e-19 0.386441 6.1544e-14 0.329549
-2.55671 -3.26028 0.02102 23.11172 "" 5.83026 -26.00996 0.20657 245.50268 -49.53075 0.22704 4.1432 1.67316 0.255602 2.93579e-20 0.0908913 2.69973e-14 0.144562
-1.54426 -4.30155 0.02102 4.08879 "" 4.47350 -20.19436 0.26922 251.27364 -45.21901 0.05235 4.5703 2.6767 0.396954 1.32587e-19 0.410488 6.54896e-14 0.350676
4.06377 1.63082 0.07508 16.44399 "" 10.91574 21.85717 0.39409 277.40487 -9.66092 0.08628 4.3788 1.46548 0.211775 1.373e-19 0.425077 1.52849e-13 0.818456
1.97818 2.48569 -0.04805 23.54238 "" 11.16248 10.20779 -0.24664 272.27778 -20.22803 0.12079 3.1768 2.52161 0.276725 2.1398e-20 0.0662476 1.18676e-14 0.0635474
0.43878 0.41071 -0.33033 7.44414 "" 8.92762 2.81907 -2.12048 270.10456 -27.58586 0.04776 0.6010 2.58542 0.371005 1.78907e-19 0.553892 9.28329e-14 0.49709
-6.86794 -5.00813 -0.10811 27.34423 "" 7.70542 -63.04983 -0.80391 179.56431 -63.05636 0.20325 8.5000 1.85268 0.448573 3.5125e-19 1.08746 2.55042e-13 1.36567
7.29077 4.53367 -0.06006 27.47124 "" 14.93437 29.22176 -0.23042 281.37117 -3.40674 0.10535 8.5854 2.22677 0.190017 2.28804e-21 0.00708373 1.54782e-15 0.0082881
-3.50998 -4.89407 -0.00901 3.03383 "" 5.03217 -44.22748 -0.10259 219.50165 -60.29016 0.03453 6.0226 2.26424 0.300817 3.33419e-19 1.03226 2.08404e-13 1.11594
-5.71746 1.55153 -0.04505 8.05158 "" 11.56394 -29.63186 -0.22321 241.81020 -52.34058 0.03988 5.9242 1.85586 0.347305 1.56625e-19 0.484906 1.20211e-13 0.643691
10.29050 0.26654 -0.09910 0.21905 "" 13.51874 49.57212 -0.42001 291.00280 14.56677 0.01000 10.2940 1.66526 0.0216353 7.74793e-22 0.00239874 8.90887e-16 0.00477041
-0.83325 -1.19838 0.33934 23.00338 "" 7.35684 -6.51035 2.64375 259.67273 -32.94102 0.17908 1.4596 1.70468 0.40038 6.6197e-21 0.0204944 5.39274e-15 0.0288764
-0.56693 4.86099 -0.43544 24.17586 "" 13.38010 -2.42970 -1.86495 266.79007 -31.98073 0.10349 4.8939 2.2623 0.188715 1.08691e-20 0.0336506 7.20984e-15 0.0386064
-2.27243 2.21989 0.15616 21.79448 "" 10.95921 -11.96853 0.81645 257.57777 -38.43754 0.11390 3.1768 2.07447 0.335119 1.43625e-20 0.0444659 9.77966e-15 0.0523669
5.25967 5.05928 0.14114 9.53837 "" 14.54435 21.20137 0.55601 276.95015 -10.16652 0.03756 7.2980 1.93071 0.235832 3.75442e-21 0.0116236 2.95259e-15 0.0158102
-4.32102 -0.70891 -0.23724 1.14742 "" 8.91227 -29.01321 -1.52536 244.01801 -52.87039 0.01000 4.3788 2.39003 0.35117 1.75275e-19 0.542648 1.00464e-13 0.537952
5.83183 1.77495 -0.46547 11.22667 "" 11.82377 29.57827 -2.25616 283.34095 -4.01249 0.05438 6.0960 2.25242 0.362165 4.15012e-20 0.128487 2.53608e-14 0.135799
-3.14490 7.15601 0.02402 9.80467 "" 15.96877 -11.35813 0.08618 258.78956 -38.37341 0.03517 7.8166 1.87336 0.0957855 2.31443e-21 0.00716541 2.10233e-15 0.0112573
-3.09622 11.34780 -0.82883 18.01770 "" 20.10494 -8.86657 -2.36270 263.14091 -37.69676 0.05133 11.7626 1.73964 0.331087 1.36615e-20 0.0422958 1.1385e-14 0.060963
-5.81487 5.84347 0.05405 3.54483 "" 15.47743 -22.06773 0.20009 249.56967 -46.67184 0.01312 8.2437 2.25698 0.425662 4.10243e-20 0.12701 2.43279e-14 0.130268
10.25320 -4.18858 -0.10511 20.76745 "" 11.12329 67.19349 -0.54143 300.64464 29.78237 0.10693 11.0758 1.93872 0.117784 2.36813e-21 0.00733169 2.01731e-15 0.0108021
-1.29620 -4.36199 -0.11111 14.80260 "" 4.33770 -17.39277 -1.46779 255.65642 -44.14340 0.19545 4.5505 2.12976 0.379092 3.26418e-18 10.1058 2.10954e-12 11.2959
0.98245 1.90843 0.33934 5.80931 "" 10.46020 5.39216 1.85906 267.73114 -23.35889 0.03181 2.1465 2.57289 0.316913 5.8431e-22 0.00180901 3.11177e-16 0.00166625
0.88937 10.25550 -0.08408 2.97641 "" 18.77676 2.71488 -0.25656 268.23383 -26.74034 0.01000 10.2940 2.2507 0.477563 2.45305e-21 0.00759459 1.42842e-15 0.00764875
-0.85317 1.18428 -0.12613 5.55295 "" 9.72261 -5.03467 -0.74331 264.02089 -33.60001 0.03271 1.4596 1.84132 0.130123 4.47595e-19 1.38574 4.04255e-13 2.16466
-7.83176 9.09526 -0.19820 2.25744 "" 19.26055 -23.99414 -0.58961 248.51113 -48.62795 0.01000 12.0025 2.1482 0.0771389 1.27988e-21 0.00396248 9.76627e-16 0.00522953
-5.80400 -12.42200 0.07508 13.07986 "" 7.00529 -124.04850 0.61409 114.39521 -20.06700 0.10694 13.7110 1.81421 0.156061 1.86796e-19 0.578316 1.68381e-13 0.901624
-1.61880 -2.04163 0.03003 17.56575 "" 6.65822 -14.07137 0.25842 256.52751 -40.45629 0.15110 2.6055 2.58256 0.128979 1.24635e-20 0.0385866 7.16448e-15 0.0383635
2.88102 -4.69685 -0.10511 4.59321 "" 4.77234 37.14521 -1.26203 285.90768 3.17169 0.05512 5.5101 1.93153 0.378416 9.61119e-20 0.29756 6.93089e-14 0.371127
0.99685 9.99587 0.09009 3.36312 "" 18.52293 3.08502 0.27867 267.92997 -26.14919 0.01040 10.0455 2.16218 0.366555 5.6446e-23 0.000174756 3.60755e-17 0.000193173
0.03142 10.55020 -0.01201 30.03232 "" 19.05023 0.09450 -0.03612 266.49642 -28.87431 0.09029 10.5502 2.19232 0.334842 1.78891e-21 0.00553842 1.14258e-15 0.00611814
-0.52754 -3.65403 -0.02402 5.41430 "" 4.87466 -6.21284 -0.28233 262.78185 -34.33798 0.06361 3.6919 2.14778 0.10819 8.42897e-21 0.0260959 6.29562e-15 0.033711
4.37751 3.05686 -0.12312 10.94719 "" 12.35875 20.74570 -0.57080 277.75074 -11.09292 0.05073 5.3392 1.51244 0.430903 2.9502e-21 0.00913376 2.66142e-15 0.014251
-3.48395 -1.90834 -0.02102 13.09078 "" 7.45576 -27.85820 -0.16153 243.83764 -51.08675 0.10056 3.9724 1.66607 0.478286 8.77633e-21 0.0271713 6.98413e-15 0.0373978
-8.78184 -8.91664 0.16517 41.17252 "" 8.79327 -92.71627 1.07629 136.46233 -45.60398 0.26817 12.5151 1.96429 0.265803 1.06084e-20 0.0328434 8.01459e-15 0.0429156
-3.35749 7.15325 -0.14414 21.01502 "" 16.00993 -12.10603 -0.51585 258.85852 -39.33201 0.07518 7.9020 2.19583 0.324686 1.14066e-19 0.353146 7.30806e-14 0.391323
0.92346 -0.19799 0.37538 27.08230 "" 8.36164 6.34711 2.57305 267.59453 -22.17379 0.18550 0.9444 2.05867 0.250346 8.53143e-21 0.0264131 6.14738e-15 0.0329173
-2.21712 5.32306 -0.00901 3.86484 "" 13.99974 -9.11222 -0.03687 260.54451 -36.60686 0.01581 5.7663 1.81286 0.141779 9.28873e-20 0.287577 8.47969e-14 0.45406
-0.65331 0.73371 -0.06006 7.68902 "" 9.25699 -4.04709 -0.37174 264.28104 -32.56765 0.04757 0.9824 1.69547 0.143074 5.92169e-21 0.0183334 5.88614e-15 0.0315184
-2.31277 -6.55872 -0.26727 3.28806 "" 3.03132 -49.99076 -5.05831 211.10531 -66.92188 0.06212 6.9545 1.97953 0.15671 7.67303e-19 2.37555 6.17587e-13 3.30698
0.35248 -0.24504 0.35435 2.36218 "" 8.27008 2.44500 2.45572 265.49256 -25.56761 0.01636 0.4293 1.95946 0.095425 1.15331e-20 0.0357062 9.85703e-15 0.0527812
-4.92861 -2.46362 0.06006 8.53171 "" 7.79312 -39.23110 0.44157 227.64712 -57.52958 0.06270 5.5100 2.25385 0.450962 3.3839e-21 0.0104765 1.98876e-15 0.0106492
4.09954 4.27673 -0.24024 9.09911 "" 13.42046 17.78935 -1.02571 276.75830 -13.92252 0.03883 5.9242 2.0021 0.429199 2.8336e-21 0.00877275 1.91341e-15 0.0102457
9.22804 8.32703 -0.19520 22.95759 "" 19.19228 28.74062 -0.58275 281.46522 -3.99565 0.06851 12.4296 2.28081 0.23082 8.88045e-20 0.274937 5.69865e-14 0.305144
-8.35064 8.97468 0.16216 9.12148 "" 19.36812 -25.54178 0.47972 245.71253 -49.00630 0.02697 12.2588 1.92161 0.183626 1.69781e-20 0.0525637 1.39248e-14 0.0745629
-8.24844 3.63174 0.10210 5.25112 "" 14.67059 -34.21201 0.39875 235.19221 -54.77726 0.02050 9.0126 2.02321 0.469539 9.63377e-20 0.298259 6.3095e-14 0.337854
-4.02341 0.52712 0.12613 21.92065 "" 9.88396 -24.02265 0.73118 247.03903 -47.74357 0.12702 4.0578 1.99559 0.111187 3.47467e-19 1.07575 2.86151e-13 1.53225
-1.03138 -10.24220 0.05105 3.51026 "" 2.02524 -149.37453 1.44440 103.09402 2.71107 0.09927 10.2940 1.86529 0.276771 1.09516e-18 3.39058 8.73607e-13 4.67789
9.04157 -1.62743 -0.08408 6.95529 "" 11.35734 52.76124 -0.42417 292.58725 17.36856 0.03507 9.1869 2.28754 0.0272491 2.16791e-19 0.671179 1.56638e-13 0.838745
-5.73523 -0.44571 0.16817 1.92982 "" 9.88902 -35.45358 0.97440 232.85539 -55.03808 0.01118 5.7525 1.85592 0.0956011 3.10828e-21 0.00962316 2.85994e-15 0.0153141
-5.99146 -12.23770 0.00901 8.05057 "" 7.06173 -121.95748 0.07310 114.99091 -22.15413 0.06529 13.6257 1.94351 0.302013 1.78341e-18 5.52139 1.33447e-12 7.14568
7.79569 -4.52256 0.05706 10.75251 "" 8.75192 62.96886 0.37355 297.26998 26.64455 0.07037 9.0126 2.07806 0.331092 2.51262e-20 0.0777902 1.7111e-14 0.0916237
-8.84435 3.29931 -0.01201 6.89146 "" 14.74606 -36.85394 -0.04666 231.82795 -56.67241 0.02677 9.4397 1.71079 0.290498 1.10638e-19 0.342534 9.66266e-14 0.517405
-1.16819 2.13611 -0.07207 2.75541 "" 10.70031 -6.26781 -0.38591 262.85026 -34.44076 0.01475 2.4347 2.00252 0.434801 8.66537e-20 0.268278 5.83395e-14 0.312389
-1.01634 3.00980 0.09610 9.79236 "" 11.55498 -5.04625 0.47652 262.78897 -32.94631 0.04854 3.1768 1.88661 0.496703 1.7955e-19 0.555883 1.24835e-13 0.668452
-6.18503 5.70530 0.00000 24.05164 "" 15.49339 -23.52845 0.00000 248.33608 -47.88571 0.08891 8.4146 1.98355 0.381931 5.69903e-20 0.17644 3.98287e-14 0.21327
3.15677 5.22905 0.06006 12.42285 "" 14.08743 12.94915 0.24427 273.21997 -17.58952 0.05051 6.1080 2.08202 0.232546 2.64733e-21 0.00819607 1.90139e-15 0.0101814
-2.02370 2.88035 0.26426 15.17394 "" 11.56190 -10.08317 1.30967 258.47639 -36.62401 0.07517 3.5202 1.86003 0.416967 3.86807e-22 0.00119755 2.84511e-16 0.00152347
-7.11096 -4.81080 0.04505 0.65635 "" 8.01112 -62.57950 0.32220 181.03806 -62.04249 0.01000 8.5854 2.03398 0.0601937 3.8904e-19 1.20446 3.24695e-13 1.73864
7.68442 1.41234 0.47748 2.20048 "" 12.55121 37.78419 2.18020 283.12906 5.31168 0.01004 7.8131 2.4926 0.341635 2.6645e-21 0.00824924 1.45934e-15 0.00781429
-10.36640 0.52010 0.08108 9.74605 "" 13.74158 -48.97254 0.33807 209.99701 -61.45154 0.04062 10.3794 2.09226 0.259169 4.18717e-21 0.0129634 2.94293e-15 0.0157585
-4.93060 4.02414 0.02402 1.15287 "" 13.45977 -21.48895 0.10225 250.23488 -46.30470 0.01000 6.3643 2.44358 0.0890329 3.60212e-20 0.111521 2.27988e-14 0.12208
-8.32599 -7.30412 -0.00300 23.00266 "" 8.41144 -81.82638 -0.02043 147.51277 -53.93456 0.15663 11.0758 2.20395 0.486467 3.97319e-21 0.0123009 2.35799e-15 0.0126263
0.51784 -1.36465 -0.39940 13.05415 "" 7.16526 4.15090 -3.19539 271.89189 -26.95224 0.10435 1.4596 2.33225 0.169219 2.27744e-18 7.05089 1.46792e-12 7.86024
