sky_model/pwn/ctadc_skymodel_gps_sources_pwn.ecsv
# %ECSV 0.9
# ---
# datatype:
# - {name: galactocentric_x, unit: kpc, datatype: float64, format: '%.5f', description: Galactocentric
#     x coordinate}
# - {name: galactocentric_y, unit: kpc, datatype: float64, format: '%.5f', description: Galactocentric
#     y coordinate}
# - {name: galactocentric_z, unit: kpc, datatype: float64, format: '%.5f', description: Galactocentric
#     z coordinate}
# - {name: spiralarm, datatype: string}
# - {name: GLON, unit: deg, datatype: float64, format: '%.5f', description: Galactic
#     longitude}
# - {name: GLAT, unit: deg, datatype: float64, format: '%.5f', description: Galactic
#     latitude}
# - {name: RA, unit: deg, datatype: float64, format: '%.5f'}
# - {name: DEC, unit: deg, datatype: float64, format: '%.5f'}
# - {name: distance, unit: kpc, datatype: float64, format: '%.5f'}
# - {name: sigma, unit: deg, datatype: float64, format: '%.5f', description: Angular
#     size}
# - {name: size_physical, unit: pc, datatype: float64, format: '%.5f', description: Physical
#     size}
# - {name: spec_alpha, datatype: float64, format: '%5g', description: Spectral model
#     parameter (log parabola)}
# - {name: spec_beta, datatype: float64, format: '%5g', description: Spectral model
#     parameter (log parabola)}
# - {name: spec_norm, unit: 1 / (cm2 MeV s), datatype: float64, format: '%5g', description: Spectral
#     model norm parameter (log parabola)}
# - {name: spec_norm_cu, unit: '%', datatype: float64, format: '%5g', description: Spectral
#     model norm parameter (log parabola) in crab units}
# - {name: int_flux_above_1TeV, unit: 1 / (cm2 s), datatype: float64, format: '%5g',
#   description: 'Integral flux above 1 TeV '}
# - {name: int_flux_above_1TeV_cu, unit: '%', datatype: float64, format: '%5g', description: Integral
#     flux above 1 TeV in crab units}
# - {name: source_name, datatype: string, description: source name}
# - {name: galactocentric_r, unit: kpc, datatype: float64, format: '%0.4f', description: Galactocentric
#     radius in the xy plan}
galactocentric_x galactocentric_y galactocentric_z spiralarm GLON GLAT RA DEC distance sigma size_physical spec_alpha spec_beta spec_norm spec_norm_cu int_flux_above_1TeV int_flux_above_1TeV_cu source_name galactocentric_r
-3.67580 4.43985 0.02086 "Crux Scutum" -15.85818 0.08883 255.25985 -41.97693 13.45183 0.08457 19.85489 2.21135 0.0910988 2.53614e-21 0.00785182 1.84094e-15 0.00985767 pwn_0 5.7640
-3.01175 0.70230 0.02710 Perseus -18.12234 0.16037 253.25650 -43.70153 9.68264 0.12929 21.84919 1.80305 0.0628322 4.10532e-19 1.271 4.04784e-13 2.16749 pwn_1 3.0925
0.17255 -4.40363 0.12843 Perseus 2.41210 1.79419 266.09875 -25.94258 4.10201 0.21747 15.56926 2.29309 0.272036 1.08695e-19 0.336516 6.78552e-14 0.363343 pwn_2 4.4070
-5.00872 9.95313 0.00842 Perseus -15.18586 0.02523 255.87852 -41.48409 19.12081 0.05417 18.07689 2.30667 0.348685 1.15872e-20 0.0358738 6.92998e-15 0.0371078 pwn_3 11.1424
-9.78170 1.51077 0.23696 "Carina Sagittarius" -44.33690 0.96994 218.46536 -59.34627 13.99833 0.02087 5.09951 2.18239 0.477494 2.08943e-20 0.0646882 1.25781e-14 0.0673516 pwn_4 9.8977
2.64051 -5.12495 0.04646 Perseus 38.03831 0.62122 284.63842 4.82731 4.28549 0.35402 26.47955 1.91891 0.185767 3.17375e-20 0.0982585 2.6036e-14 0.139415 pwn_5 5.7652
4.91401 -3.87431 0.09452 Perseus 46.73113 0.80245 288.52228 12.62946 6.74933 0.19672 23.17378 2.31266 0.173278 7.67067e-21 0.0237482 4.98773e-15 0.0267077 pwn_6 6.2576
-3.28981 -15.38914 -0.03099 "Carina Sagittarius" -154.47387 -0.23256 99.25965 6.48044 7.63440 0.22468 29.93732 2.22685 0.257927 2.27247e-19 0.70355 1.48103e-13 0.793043 pwn_7 15.7368
-8.13318 4.65102 0.04035 "Carina Sagittarius" -31.73451 0.14950 238.77307 -53.43746 15.46284 0.03698 9.98127 1.16494 0.342469 1.41832e-22 0.000439109 1.76746e-16 0.00094642 pwn_8 9.3691
-2.01932 8.44319 -0.13276 "Carina Sagittarius" -6.79656 -0.44579 262.55782 -34.91542 17.06362 0.02675 7.96695 2.29334 0.283012 5.35767e-23 0.000165872 3.32632e-17 0.000178114 pwn_9 8.6813
-9.55765 -3.88894 0.01406 "Carina Sagittarius" -64.24514 0.07594 177.45991 -61.93442 10.61183 0.02735 5.06516 1.52588 0.361515 1.89566e-21 0.00586891 1.78037e-15 0.00953331 pwn_10 10.3186
-7.49915 -0.92245 0.03317 "Crux Scutum" -44.70207 0.17825 218.39988 -60.21749 10.66104 0.15569 28.96892 2.29907 0.190157 1.35211e-19 0.418611 8.77768e-14 0.470017 pwn_11 7.5557
6.47168 5.35856 0.11830 Perseus 25.03166 0.44313 278.84251 -6.82273 15.29563 0.08895 23.74612 2.05378 0.431099 6.48772e-21 0.0200858 4.25759e-15 0.0227981 pwn_12 8.4022
-6.30561 -7.60745 -0.01006 "Crux Scutum" -81.94340 -0.09049 147.28369 -53.91449 6.36847 0.05612 6.23786 2.45808 0.0914878 4.64203e-18 14.3716 2.91011e-12 15.5827 pwn_13 9.8810
-1.10014 -6.10021 -0.01936 Norma -24.62820 -0.42020 247.66633 -48.97591 2.64002 0.37426 17.24518 2.07055 0.157952 1.25952e-18 3.89944 9.55172e-13 5.11464 pwn_14 6.1986
3.93283 5.08145 -0.03065 "Carina Sagittarius" 16.14964 -0.12421 275.14287 -14.94901 14.13944 0.05384 13.28729 1.83402 0.386839 1.93775e-21 0.00599922 1.47192e-15 0.00788166 pwn_15 6.4256
1.58496 -7.15568 -0.05566 Norma 49.69611 -1.53400 292.07542 14.14658 2.07904 0.16026 5.81513 2.05579 0.167836 4.64401e-19 1.43777 3.53134e-13 1.89092 pwn_16 7.3291
7.28517 2.03040 0.01161 Perseus 34.67635 0.05195 283.60885 1.57617 12.80481 0.02737 6.11673 2.41794 0.334077 1.37825e-21 0.00426703 7.84887e-16 0.00420282 pwn_17 7.5628
2.69233 14.14658 -0.04309 Norma 6.77976 -0.10826 270.34140 -23.14934 22.80610 0.07273 28.94779 2.10787 0.143899 1.45414e-19 0.450198 1.08731e-13 0.582222 pwn_18 14.4005
2.13586 -3.63262 -0.09492 Perseus 23.69239 -1.02304 279.53578 -8.68587 5.31623 0.10980 10.18758 2.0657 0.0935522 9.58029e-21 0.0296603 7.62689e-15 0.0408395 pwn_19 4.2140
-1.78738 -5.90333 -0.07922 Norma -34.54091 -1.43957 236.70894 -56.43677 3.15336 0.51457 28.32090 2.32307 0.150366 9.60492e-20 0.297366 6.28867e-14 0.336738 pwn_20 6.1680
-8.48275 2.68237 0.08550 "Carina Sagittarius" -37.18333 0.34901 230.93153 -56.52564 14.03601 0.01491 3.65350 2.16311 0.443497 1.13661e-20 0.0351892 7.00944e-15 0.0375333 pwn_21 8.8968
5.84463 12.34182 -0.15519 Norma 15.66499 -0.41077 275.16806 -15.51151 21.64637 0.03872 14.62727 2.09822 0.230442 1.09116e-20 0.0337819 7.77181e-15 0.0416156 pwn_22 13.6558
-0.42801 1.36722 0.06908 "Crux Scutum" -2.48375 0.40072 264.49969 -30.83384 9.87674 0.03012 5.19215 2.50982 0.112708 3.34976e-21 0.0103708 2.01773e-15 0.0108043 pwn_23 1.4326
11.06656 -6.62679 0.06386 "Crux Scutum" 80.39273 0.32598 308.93875 41.17341 11.22416 0.01000 1.95899 2.56653 0.160719 1.01024e-20 0.0312769 5.76774e-15 0.0308844 pwn_24 12.8990
5.75701 -6.42588 -0.00722 Norma 70.18703 -0.06761 302.05359 32.56316 6.11924 0.16176 17.27574 2.284 0.00138548 4.78851e-19 1.48251 3.5319e-13 1.89122 pwn_25 8.6276
0.49597 14.59857 -0.02408 Norma 1.23007 -0.05972 267.18794 -27.91512 23.10391 0.01177 4.74416 2.01421 0.377904 7.80772e-20 0.241725 5.37548e-14 0.28784 pwn_26 14.6070
-3.14700 0.80593 0.05141 Norma -18.68407 0.29981 252.61136 -44.04607 9.82378 0.12872 22.06925 2.54907 0.112839 2.50484e-19 0.775493 1.47721e-13 0.790998 pwn_27 3.2486
5.91435 -2.78688 0.10884 Perseus 45.99148 0.75830 288.21128 11.95375 8.22381 0.14901 21.38815 2.45494 0.298961 9.73452e-20 0.301378 5.52555e-14 0.295876 pwn_28 6.5381
0.04808 -10.73681 0.01208 "Crux Scutum" 178.76869 0.30930 85.96844 30.14760 2.23736 0.16704 6.52300 2.31567 0.0125548 5.41476e-20 0.16764 3.88229e-14 0.207884 pwn_29 10.7369
-0.73870 6.11847 -0.01808 "Carina Sagittarius" -2.89281 -0.07077 264.70985 -31.43156 14.63714 0.11089 28.32880 1.73518 0.417249 1.96845e-21 0.00609427 1.55795e-15 0.00834235 pwn_30 6.1629
-9.51256 -7.64055 -0.02724 "Carina Sagittarius" -84.83739 -0.16342 143.57232 -52.07221 9.55135 0.13222 22.04131 2.1422 0.0937224 2.59928e-19 0.804731 1.96792e-13 1.05376 pwn_31 12.2011
2.06547 -5.02861 0.00337 Perseus 30.75260 0.04780 281.82280 -1.91767 4.03940 0.14168 9.98833 1.8769 0.00238419 4.55521e-18 14.1028 4.49443e-12 24.0662 pwn_32 5.4363
1.79216 -7.30593 0.04991 Norma 56.32544 1.32773 292.77379 21.33592 2.15409 0.57732 21.70556 2.0523 0.150594 9.52919e-18 29.5021 7.34761e-12 39.3441 pwn_33 7.5225
-6.96736 -0.32478 0.08298 "Crux Scutum" -40.43941 0.44260 225.67452 -58.12699 10.74175 0.11922 22.35146 2.17202 0.460244 3.72909e-20 0.115452 2.27293e-14 0.121708 pwn_34 6.9749
1.94335 5.13220 -0.00257 "Carina Sagittarius" 8.11318 -0.01067 270.96171 -21.94130 13.77002 0.04681 11.24913 2.13005 0.131307 5.52792e-19 1.71143 4.11065e-13 2.20112 pwn_35 5.4878
-14.51558 1.56768 -0.05581 Perseus -55.25569 -0.18101 196.85366 -62.99652 17.66531 0.03957 12.19959 1.95745 0.251739 2.76973e-21 0.008575 2.12003e-15 0.0113521 pwn_36 14.6000
-0.54376 1.93286 0.04808 Norma -2.98354 0.26366 264.32205 -31.32924 10.44713 0.06433 11.73003 2.48189 0.203615 2.02542e-20 0.0627064 1.1837e-14 0.0633835 pwn_37 2.0079
9.28083 8.04735 -0.02416 Norma 29.28655 -0.07296 281.26048 -3.27721 18.97233 0.05758 19.06630 1.59116 0.147125 1.45449e-21 0.00450308 1.5607e-15 0.00835707 pwn_38 12.2839
-3.02043 1.44700 0.06254 Perseus -16.89106 0.34470 254.12252 -42.62867 10.39566 0.14964 27.15132 2.31906 0.463677 6.4495e-21 0.0199675 3.65518e-15 0.0195723 pwn_39 3.3492
-10.59733 1.66512 -0.03959 "Carina Sagittarius" -46.19254 -0.15449 215.81777 -61.07216 14.68451 0.02510 6.43354 1.54276 0.394497 1.07938e-20 0.0334175 9.78837e-15 0.0524136 pwn_40 10.7273
3.33540 0.29600 0.03385 "Crux Scutum" 20.76647 0.20617 277.05953 -10.71420 9.40722 0.16099 26.43310 2.21478 0.380957 6.07532e-20 0.188091 3.75267e-14 0.200944 pwn_41 3.3485
-6.05558 2.91765 0.01553 "Crux Scutum" -27.94016 0.06885 243.49061 -50.97646 12.92413 0.01014 2.28724 1.83393 0.263054 4.74903e-20 0.147029 3.90056e-14 0.208862 pwn_42 6.7218
-7.17704 -1.83642 -0.02694 "Crux Scutum" -47.12458 -0.15762 213.99464 -61.38651 9.79356 0.11883 20.31187 2.36349 0.412431 1.09834e-20 0.0340043 6.21887e-15 0.0333 pwn_43 7.4083
-10.46057 -6.76001 0.06371 "Carina Sagittarius" -80.55598 0.34425 149.60093 -54.43863 10.60449 0.07189 13.30640 2.12594 0.229214 4.34467e-21 0.013451 3.04664e-15 0.0163138 pwn_44 12.4548
2.65495 1.21381 0.03014 "Crux Scutum" 15.28656 0.17151 274.44980 -15.56974 10.07014 0.13679 24.04233 2.17431 0.232595 9.23016e-21 0.0285763 6.28154e-15 0.0336356 pwn_45 2.9193
-5.19951 -12.79257 -0.01407 "Carina Sagittarius" -129.54214 -0.11955 110.94429 -15.60237 6.74250 0.18734 22.04575 1.79452 0.246887 1.2255e-18 3.79412 1.04464e-12 5.5937 pwn_46 13.8089
-1.91620 6.86777 0.01063 "Carina Sagittarius" -7.10751 0.03932 261.85524 -34.90583 15.48678 0.05615 15.17724 1.90363 0.118455 7.68196e-22 0.00237831 6.70222e-16 0.00358882 pwn_47 7.1301
-5.36823 -13.70181 0.00894 "Carina Sagittarius" -134.09799 0.06852 108.91668 -11.49051 7.47508 0.15209 19.84255 2.16217 0.461826 1.73134e-19 0.536019 1.05976e-13 0.567467 pwn_48 14.7159
-3.27578 -4.54091 -0.01507 Norma -39.60458 -0.16799 227.62389 -58.24435 5.13862 0.17611 15.79451 2.27507 0.129375 8.19196e-20 0.253621 5.58314e-14 0.298959 pwn_49 5.5992
9.75463 7.49631 -0.05804 Norma 31.37504 -0.17748 282.30742 -1.46652 18.73601 0.07529 24.61883 2.97873 0.0990797 2.06475e-20 0.0639241 9.92041e-15 0.0531206 pwn_50 12.3023
-4.87315 -0.86799 -0.17660 Norma -32.55884 -1.11727 239.07942 -54.93815 9.05684 0.09529 15.06262 2.16686 0.121876 4.70151e-19 1.45557 3.43797e-13 1.84092 pwn_51 4.9499
4.53089 -4.72996 0.04416 Perseus 50.23699 0.42927 290.55261 15.55385 5.89442 0.15945 16.40368 2.39281 0.408676 1.00577e-18 3.11384 5.62424e-13 3.0116 pwn_52 6.5499
-4.52635 -8.16135 0.06660 "Crux Scutum" -85.72126 0.84059 143.61167 -50.73482 4.53949 0.10901 8.63653 1.63292 0.384273 1.74501e-19 0.54025 1.50273e-13 0.804665 pwn_53 9.3325
-1.37322 -1.88390 0.08579 "Crux Scutum" -11.72569 0.72742 257.85268 -38.29462 6.75766 0.15886 18.73657 1.70103 0.213553 8.80608e-22 0.00272634 8.20962e-16 0.00439599 pwn_54 2.3313
-6.80439 2.21324 -0.00785 "Crux Scutum" -32.42122 -0.03542 238.07550 -54.01665 12.69146 0.04573 10.12890 1.99335 0.00689095 4.31156e-20 0.133485 3.8756e-14 0.207526 pwn_55 7.1553
-4.75665 3.67064 -0.03378 "Crux Scutum" -21.34704 -0.14814 250.64297 -46.36334 13.06719 0.07869 17.94571 1.74077 0.487868 1.67602e-19 0.51889 1.26989e-13 0.679985 pwn_56 6.0083
-6.14896 2.75614 -0.02929 "Crux Scutum" -28.64672 -0.13084 242.88626 -51.60597 12.82619 0.02829 6.33339 2.54592 0.0662655 8.65494e-20 0.267955 5.23884e-14 0.280523 pwn_57 6.7384
7.16485 -1.21871 0.03234 Perseus 44.53819 0.18138 288.04633 10.39858 10.21534 0.03389 6.04255 1.97693 0.425711 2.49059e-20 0.077108 1.70791e-14 0.0914533 pwn_58 7.2678
-5.17898 -2.49532 -0.24248 Norma -40.77747 -1.75152 227.20818 -60.20332 7.93327 0.09663 13.38022 2.51465 0.390862 5.49201e-18 17.0031 2.92153e-12 15.6438 pwn_59 5.7488
9.87619 5.94020 -0.02145 Norma 34.36966 -0.07025 283.57771 1.24750 17.49454 0.04473 13.65911 2.54603 0.469038 1.54967e-19 0.479774 7.90758e-14 0.423426 pwn_60 11.5250
2.80502 -6.55423 -0.06285 Norma 55.25194 -1.05468 294.43966 19.24138 3.41440 0.15333 9.13762 2.11283 0.386699 2.81475e-19 0.87144 1.82879e-13 0.979257 pwn_61 7.1292
1.62306 5.79020 -0.03987 "Carina Sagittarius" 6.47979 -0.15883 270.22742 -23.43496 14.38213 0.02091 5.24849 2.25054 0.165686 1.74818e-20 0.0541233 1.18297e-14 0.0633444 pwn_62 6.0134
-3.09460 -3.53074 0.00641 Perseus -31.91254 0.06277 238.63574 -53.61789 5.85407 0.02561 2.61649 2.08317 0.115957 1.18976e-19 0.368346 9.21285e-14 0.493319 pwn_63 4.6950
-5.88639 3.63416 -0.02537 "Crux Scutum" -25.87845 -0.10777 245.98979 -49.65886 13.48659 0.01000 2.35385 2.26153 0.188845 5.67679e-19 1.75752 3.76698e-13 2.01709 pwn_64 6.9179
-5.18011 -6.86591 -0.05024 "Crux Scutum" -72.49184 -0.52995 161.20166 -59.55502 5.43197 0.09742 9.23564 2.245 0.101544 2.94737e-18 9.12498 2.0811e-12 11.1436 pwn_65 8.6008
12.85293 -12.75847 0.03669 "Carina Sagittarius" 108.33121 0.15524 342.98566 59.59609 13.54007 0.06202 14.65720 2.06291 0.359787 4.65098e-22 0.00143993 3.14651e-16 0.00168486 pwn_66 18.1101
-4.31088 -1.75446 -0.13047 Norma -32.58147 -0.93374 238.84465 -54.81186 8.00644 0.15879 22.18946 2.25149 0.413259 1.8311e-19 0.566904 1.09456e-13 0.586104 pwn_67 4.6542
6.15185 -6.08726 0.00119 Norma 68.58502 0.01031 300.96178 31.25413 6.60807 0.13030 15.02809 2.61711 0.323219 1.36216e-18 4.21722 7.09065e-13 3.79682 pwn_68 8.6545
-4.41096 3.90918 -0.02724 "Crux Scutum" -19.56822 -0.11852 252.26668 -44.99281 13.16985 0.11857 27.25501 2.3139 0.0930464 1.5624e-21 0.00483714 1.06385e-15 0.00569659 pwn_69 5.8939
5.24231 0.56012 0.13286 "Carina Sagittarius" 30.05427 0.72721 280.89892 -2.22877 10.46830 0.01370 2.50280 2.19774 0.0186924 7.84599e-20 0.24291 6.04824e-14 0.323864 pwn_70 5.2722
-7.03804 -4.14579 0.02783 "Crux Scutum" -58.25626 0.19268 190.27210 -62.65519 8.27610 0.04601 6.64627 2.13743 0.290201 1.13776e-21 0.00352247 7.66037e-16 0.00410188 pwn_71 8.1683
10.30088 -0.93975 0.12255 Norma 53.72349 0.54950 292.17334 18.67968 12.77813 0.04997 11.14338 1.7962 0.231337 2.72573e-20 0.0843879 2.34726e-14 0.125688 pwn_72 10.3437
-4.36680 -2.92688 0.02814 Norma -38.08037 0.22770 229.67305 -57.11306 7.08021 0.14527 17.95178 1.79181 0.099852 7.44482e-22 0.0023049 7.15592e-16 0.00383177 pwn_73 5.2570
-1.57706 -0.49967 0.04928 "Carina Sagittarius" -11.15145 0.34626 258.67415 -38.05384 8.15443 0.18123 25.79315 2.19701 0.184042 2.00196e-20 0.0619801 1.38277e-14 0.0740428 pwn_74 1.6543
-6.91380 5.83600 0.04179 "Carina Sagittarius" -25.74654 0.15044 245.84967 -49.38355 15.91614 0.04131 11.47635 1.68918 0.270733 2.43527e-21 0.00753953 2.18953e-15 0.0117242 pwn_75 9.0476
-4.01168 4.55878 0.04467 "Crux Scutum" -17.07706 0.18734 254.13139 -42.87222 13.66116 0.03831 9.13417 1.8701 0.316459 3.07607e-21 0.00952343 2.38519e-15 0.0127719 pwn_76 6.0726
0.77810 -5.30263 0.01696 Perseus 13.67741 0.29522 273.53838 -16.92584 3.29073 0.05681 3.26259 2.48445 0.238322 2.1331e-17 66.0401 1.22527e-11 65.6093 pwn_77 5.3594
13.20084 -5.89590 -0.05698 "Crux Scutum" 78.84069 -0.24263 308.31857 39.58943 13.45536 0.10602 24.89761 2.67427 0.485696 1.16632e-19 0.361091 5.60555e-14 0.300159 pwn_78 14.4577
-7.77669 9.22382 0.01747 Perseus -23.69046 0.05170 248.11492 -47.96913 19.35487 0.03646 12.31576 1.60021 0.0231132 4.41256e-21 0.0136612 5.3577e-15 0.0286888 pwn_79 12.0646
8.95316 8.73215 0.08064 Norma 27.45466 0.23793 280.14360 -4.76423 19.41938 0.05247 17.78235 2.58799 0.329104 2.39959e-21 0.00742907 1.2631e-15 0.00676347 pwn_80 12.5064
-8.21098 -2.51890 0.02850 "Crux Scutum" -53.92941 0.16073 199.67968 -62.54465 10.15847 0.16650 29.52007 2.03657 0.454779 1.43315e-20 0.0443701 9.3852e-15 0.0502548 pwn_81 8.5887
6.62042 -9.72882 0.02545 "Crux Scutum" 100.51503 0.21654 330.49630 55.53301 6.73355 0.01315 1.54485 2.0955 0.118282 1.32715e-20 0.0410882 1.01785e-14 0.0545024 pwn_82 11.7677
-0.98658 -5.89678 0.04789 Norma -20.75591 0.98556 249.98389 -45.17031 2.78431 0.11613 5.64317 2.06598 0.106854 7.69418e-18 23.821 6.06478e-12 32.475 pwn_83 5.9787
-0.58922 -6.75703 -0.10219 Norma -18.67802 -3.17913 256.48206 -46.20230 1.84271 0.73677 23.69686 2.42416 0.381116 1.88122e-17 58.2421 1.04779e-11 56.1056 pwn_84 6.7827
4.81153 -6.26790 0.01303 Norma 65.11315 0.14074 298.73293 28.36751 5.30408 0.26397 24.43691 1.6177 0.243187 9.78316e-19 3.02884 9.44855e-13 5.0594 pwn_85 7.9017
9.48932 -3.39751 0.01160 Norma 61.73269 0.06168 296.87381 25.42036 10.77417 0.12452 23.41458 2.23685 0.496089 5.7815e-20 0.178994 3.36416e-14 0.18014 pwn_86 10.0792
1.42103 7.20261 -0.05260 "Carina Sagittarius" 5.17098 -0.19116 269.54481 -24.58614 15.76686 0.06104 16.79802 1.81654 0.294562 7.89209e-21 0.0244337 6.41681e-15 0.03436 pwn_87 7.3414
2.58511 -6.77780 0.06199 Norma 56.32836 1.14329 292.94884 21.24974 3.10686 0.54193 29.38701 2.27124 0.461721 1.48274e-19 0.459052 8.60362e-14 0.460696 pwn_88 7.2541
-6.07448 4.71805 0.03312 "Carina Sagittarius" -24.68158 0.13046 247.00484 -48.63492 14.54707 0.05036 12.78635 2.56284 0.00610526 2.41539e-19 0.747798 1.49787e-13 0.802061 pwn_89 7.6915
-6.65463 -0.26623 -0.11237 "Crux Scutum" -38.94555 -0.60813 229.12890 -58.28036 10.58734 0.10092 18.64825 2.09987 0.0772698 1.65759e-20 0.0513186 1.30558e-14 0.0699095 pwn_90 6.6600
