sky_model/pwn/ctadc_skymodel_gps_sources_pwn.ecsv
# %ECSV 0.9
# ---
# datatype:
# - {name: spiralarm, datatype: unicode, description: 'Which spiralarm?'}
# - {name: galactocentric_x, unit: kpc, datatype: float64, format: '%.5f', description: Galactocentric
#     x coordinate}
# - {name: galactocentric_y, unit: kpc, datatype: float64, format: '%.5f', description: Galactocentric
#     y coordinate}
# - {name: galactocentric_z, unit: kpc, datatype: float64, format: '%.5f', description: Galactocentric
#     z coordinate}
# - {name: type, datatype: string, description: type of PWN}
# - {name: size_physical, unit: pc, datatype: float64, format: '%.5f', description: Physical
#     size}
# - {name: distance, unit: kpc, datatype: float64, format: '%.5f', description: Distance
#     observer to source center}
# - {name: GLON, unit: deg, datatype: float64, format: '%.5f', description: Galactic
#     longitude}
# - {name: GLAT, unit: deg, datatype: float64, format: '%.5f', description: Galactic
#     latitude}
# - {name: RA, unit: deg, datatype: float64, format: '%.5f'}
# - {name: DEC, unit: deg, datatype: float64, format: '%.5f'}
# - {name: sigma, unit: deg, datatype: float64, format: '%.5f'}
# - {name: galactocentric_r, unit: kpc, datatype: float64, format: '%0.4f', description: Galactocentric
#     radius in the xy plan}
# - {name: spec_alpha, datatype: float64, format: '%5g', description: Spectral model
#     parameter (log parabola)}
# - {name: spec_beta, datatype: float64, format: '%5g', description: Spectral model
#     parameter (log parabola)}
# - {name: spec_norm, unit: 1 / (cm2 MeV s), datatype: float64, format: '%5g', description: Spectral
#     model norm parameter (log parabola)}
# - {name: spec_norm_cu, unit: '%', datatype: float64, format: '%5g', description: Spectral
#     model norm parameter (log parabola) in crab units}
# - {name: int_flux_above_1TeV, unit: 1 / (cm2 s), datatype: float64, format: '%5g',
#   description: 'Integral flux above 1 TeV '}
# - {name: int_flux_above_1TeV_cu, unit: '%', datatype: float64, format: '%5g', description: Integral
#     flux above 1 TeV in crab units}
# - {name: luminosity, unit: erg / s, datatype: float64, description: Intrinsic source
#     luminosity}
# - {name: skip, datatype: int64, description: 'skip boolean: 0 take, 1 skip'}
# - {name: source_name, datatype: string, description: source name}
spiralarm galactocentric_x galactocentric_y galactocentric_z type size_physical distance GLON GLAT RA DEC sigma galactocentric_r spec_alpha spec_beta spec_norm spec_norm_cu int_flux_above_1TeV int_flux_above_1TeV_cu luminosity skip source_name
[from data line 237]
"Crux Scutum" 2.30499 -2.77092 0.00537 isolated 20.95639 6.17539 21.91648 0.04982 277.74228 -9.76786 0.19436 3.6043 2.21872 0.236415 7.16228e-19 2.21742 4.74308e-13 2.53977 1.46636252946e+34 0 pwn_237
Norma 2.73164 -7.19052 0.16157 isolated 29.64052 3.03360 64.38814 3.05311 295.44715 29.21345 0.55961 7.6919 2.34497 0.112907 2.10476e-18 6.5163 1.39047e-12 7.4455 7.03548910596e+33 1 pwn_238
"Carina Sagittarius" 3.40159 -0.76961 0.00975 isolated 25.72987 8.44570 23.75086 0.06614 278.58518 -8.13324 0.17448 3.4876 2.33127 0.128773 9.69464e-20 0.300144 6.39614e-14 0.342493 2.62141550626e+33 0 pwn_239
"Crux Scutum" -1.05324 5.23184 -0.11982 isolated 23.63248 13.77270 -4.38604 -0.49849 264.19163 -32.92162 0.09828 5.3368 2.42011 0.270824 3.97021e-20 0.122917 2.32163e-14 0.124316 3.36053551337e+33 0 pwn_240
"Carina Sagittarius" -6.69824 5.00713 -0.04633 isolated 14.24026 15.07684 -26.37700 -0.17607 245.52026 -50.06085 0.05410 8.3629 2.08959 0.343238 2.84347e-20 0.0880331 1.91189e-14 0.102375 5.36747199546e+33 0 pwn_241
"Crux Scutum" -2.77348 -9.42465 -0.01058 isolated 11.90593 2.92357 -108.43783 -0.20728 122.67255 -33.86641 0.23324 9.8243 2.24811 0.254133 8.78833e-19 2.72084 5.67228e-13 3.03732 4.03324069008e+33 0 pwn_242
"Crux Scutum" -1.23061 -1.10665 0.01131 isolated 18.42517 7.49508 -9.45018 0.08642 260.17813 -36.81457 0.14080 1.6550 2.29736 0.29412 1.07387e-19 0.332466 6.61754e-14 0.354348 3.31616621451e+33 0 pwn_243
"Crux Scutum" -4.64733 4.97510 0.03922 isolated 11.32254 14.25404 -19.02842 0.15763 252.45616 -44.40162 0.04549 6.8080 2.14751 0.322979 1.71708e-20 0.0531605 1.13016e-14 0.0605165 2.5276787585e+33 0 pwn_244
Norma 7.11045 -5.38467 -0.00956 isolated 7.58830 7.76298 66.34014 -0.07056 299.66761 29.30549 0.05598 8.9193 2.07296 0.349087 6.08267e-20 0.188318 4.11507e-14 0.220349 3.16901019017e+33 0 pwn_245
"Crux Scutum" 7.11122 -10.01254 0.02722 isolated 26.44223 7.27035 102.00771 0.21455 332.65753 56.40797 0.20830 12.2809 2.52265 0.249431 3.55289e-19 1.09996 1.99251e-13 1.06693 7.09729895643e+33 0 pwn_246
"Carina Sagittarius" 0.77324 7.09733 0.04331 isolated 6.25904 15.61654 2.83812 0.15889 267.90427 -26.42264 0.02296 7.1393 2.188 0.184949 2.57526e-20 0.0797293 1.78724e-14 0.0957009 3.14588040581e+33 0 pwn_247
Perseus -13.09260 -9.72796 -0.02276 isolated 29.57727 13.15008 -95.35811 -0.09916 132.76254 -44.37292 0.12882 16.3110 2.03302 0.139844 1.09366e-19 0.338595 8.60274e-14 0.460649 1.05064782575e+34 0 pwn_248
Perseus -2.25124 -4.68736 0.15863 isolated 10.00369 4.43052 -30.56049 2.05191 238.27202 -51.22316 0.12932 5.1999 2.16584 0.311258 2.97386e-19 0.920699 1.94951e-13 1.0439 4.00265549577e+33 0 pwn_249
"Crux Scutum" -1.35134 -0.29149 0.01777 isolated 22.90584 8.31902 -9.34855 0.12238 260.21364 -36.71059 0.15770 1.3824 2.07082 0.330139 9.64354e-20 0.298562 6.5972e-14 0.353259 5.50635294699e+33 0 pwn_250
Norma 2.41236 -6.48597 0.07170 isolated 4.64986 3.14340 50.14217 1.30693 289.70134 15.88220 0.08472 6.9201 2.24155 0.197489 2.77873e-18 8.60289 1.856e-12 9.93831 1.31917550832e+34 0 pwn_251
"Crux Scutum" 3.45916 3.44230 0.00592 isolated 24.68472 12.43320 16.15400 0.02730 275.00674 -14.87370 0.11371 4.8801 2.2832 0.22075 8.91097e-20 0.275882 5.74106e-14 0.307415 6.58701087598e+33 0 pwn_252
"Carina Sagittarius" -10.77690 -4.65582 0.03298 isolated 16.92572 11.44205 -70.36842 0.16515 165.59056 -59.85970 0.08472 11.7396 2.18708 0.306629 3.26015e-20 0.100933 2.11761e-14 0.113391 2.80867753444e+33 0 pwn_253
Perseus 0.20857 -4.77388 0.03891 isolated 29.12313 3.73215 3.20373 0.59741 267.69264 -25.88424 0.44692 4.7784 2.22334 0.369229 2.85791e-19 0.884802 1.76699e-13 0.946168 2.90559255645e+33 0 pwn_254
"Carina Sagittarius" 3.11918 3.98245 0.08467 isolated 16.29308 12.86654 14.03004 0.37705 273.63933 -16.57698 0.07253 5.0586 1.98389 0.288669 2.89e-20 0.0894736 2.12789e-14 0.113942 4.02884926902e+33 0 pwn_255
"Carina Sagittarius" -9.58926 -3.20640 -0.06009 isolated 23.99695 10.95352 -61.09980 -0.31433 183.97874 -62.90767 0.12548 10.1111 1.97494 0.368384 3.64255e-20 0.112772 2.57666e-14 0.137972 4.62611444236e+33 0 pwn_256
Perseus 2.61639 8.97253 0.00619 isolated 9.27754 17.66734 8.51636 0.02007 271.14601 -21.57497 0.03008 9.3462 1.85839 0.364903 1.02269e-20 0.0316623 7.75575e-15 0.0415296 4.02046717521e+33 0 pwn_257
Norma 3.96326 -7.24966 -0.00774 isolated 12.40198 4.15582 72.49041 -0.10677 303.60704 34.46843 0.17092 8.2623 2.08149 0.320755 2.61532e-19 0.809697 1.78742e-13 0.957109 3.58072327112e+33 0 pwn_258
"Carina Sagittarius" -9.01870 3.70020 0.09351 isolated 24.29347 15.17203 -36.47276 0.35315 231.99320 -56.12762 0.09171 9.7483 2.05671 0.275813 1.51345e-20 0.046856 1.07562e-14 0.0575959 2.55626681572e+33 0 pwn_259
Perseus 3.99960 -5.02928 -0.07799 isolated 26.56477 5.29611 49.04960 -0.84380 291.13285 13.90594 0.28728 6.4258 2.05633 0.173354 2.28296e-19 0.706797 1.72903e-13 0.925838 3.70760236706e+33 0 pwn_260
Norma 0.90919 0.37149 0.16721 isolated 5.87292 8.91952 5.85148 1.07419 268.72165 -23.36203 0.03771 0.9822 2.01478 0.121906 8.78113e-20 0.271862 7.08192e-14 0.379214 3.82666780659e+33 0 pwn_261
"Carina Sagittarius" 0.42488 1.22521 0.06942 isolated 21.66267 9.73473 2.50159 0.40860 267.47205 -26.58386 0.12745 1.2968 1.78155 0.194384 3.99094e-20 0.123558 3.57013e-14 0.191169 3.36412809841e+33 0 pwn_262
"Carina Sagittarius" -0.98606 7.08898 -0.09564 isolated 29.47169 15.62042 -3.61936 -0.35083 264.53158 -32.19533 0.10806 7.1572 2.20105 0.357539 2.38546e-20 0.0738533 1.50018e-14 0.0803298 4.25925344151e+33 0 pwn_263
"Carina Sagittarius" 1.81597 -2.37288 -0.00093 isolated 28.56537 6.39056 16.50890 -0.00831 275.21223 -14.57753 0.25601 2.9880 2.39796 0.292883 2.27917e-19 0.705625 1.33449e-13 0.714575 4.47280753637e+33 0 pwn_264
"Carina Sagittarius" 0.46961 -2.31740 0.02853 isolated 12.83696 6.20047 4.34368 0.26366 268.65333 -25.07264 0.11858 2.3645 2.34368 0.232031 2.34701e-19 0.726629 1.45474e-13 0.778966 4.09349470408e+33 0 pwn_265
"Crux Scutum" 13.42385 7.71125 0.03232 isolated 11.06803 21.04769 39.62672 0.08797 285.84463 5.99578 0.03012 15.4811 1.80857 0.323676 8.26876e-21 0.0255999 6.62967e-15 0.0354997 4.43156222128e+33 0 pwn_266
Norma 10.06559 7.36815 0.08373 isolated 6.63194 18.79152 32.38804 0.25528 282.38427 -0.36764 0.02021 12.4742 2.52776 0.301096 4.81918e-20 0.149201 2.63822e-14 0.141268 7.06361881068e+33 0 pwn_267
"Carina Sagittarius" 3.02010 -1.62601 0.04574 isolated 29.66099 7.50832 23.71834 0.34906 278.31646 -8.03165 0.22626 3.4300 1.96676 0.338952 6.21885e-20 0.192534 4.49223e-14 0.240545 3.4628843018e+33 0 pwn_268
Perseus 0.25828 -0.34915 -0.02376 isolated 23.75883 8.15498 1.81498 -0.16697 267.63133 -27.46849 0.16686 0.4343 2.01025 0.378104 7.51566e-20 0.232683 5.18527e-14 0.277654 5.14701382881e+33 0 pwn_269
"Crux Scutum" 14.67979 1.62129 -0.00017 isolated 19.89676 17.83078 55.41485 -0.00054 293.54690 19.89725 0.06391 14.7690 2.55037 0.229107 6.44598e-20 0.199566 3.59742e-14 0.19263 7.22772363198e+33 0 pwn_270
Perseus -2.53856 -4.32527 0.02582 isolated 17.06677 4.88603 -31.30290 0.30277 239.16213 -53.04305 0.20006 5.0152 1.94727 0.360482 1.43578e-19 0.444515 1.0363e-13 0.554907 3.70460112808e+33 0 pwn_271
Perseus -1.03782 -3.95255 -0.06422 isolated 24.77260 4.66482 -12.85590 -0.78879 258.57805 -40.10025 0.30415 4.0865 2.05104 0.101077 2.6071e-19 0.807151 2.08424e-13 1.11605 2.84678420528e+33 0 pwn_272
Norma 8.21096 -4.29023 -0.04735 isolated 20.59478 9.22737 62.85575 -0.29402 297.84745 26.20749 0.12783 9.2642 2.0338 0.312745 6.4198e-20 0.198755 4.52763e-14 0.24244 4.5521807073e+33 0 pwn_273
Perseus -2.46319 -2.05246 -0.00195 isolated 16.16580 6.90204 -20.90864 -0.01617 250.91496 -45.94607 0.13415 3.2062 1.99194 0.215224 1.13156e-19 0.35033 8.68009e-14 0.464791 3.74286667895e+33 0 pwn_274
"Crux Scutum" -0.89873 5.07294 -0.02585 isolated 14.92465 13.60269 -3.78832 -0.10887 264.18316 -32.20816 0.06284 5.1519 1.97142 0.274563 3.52339e-20 0.109083 2.6361e-14 0.141155 5.39225548075e+33 0 pwn_275
"Carina Sagittarius" 7.35255 -15.90575 0.06451 isolated 13.22174 10.43596 135.20654 0.35415 38.64521 60.74398 0.07256 17.5229 2.06003 0.247297 4.19305e-20 0.129816 3.02439e-14 0.161946 3.11266344434e+33 0 pwn_276
"Carina Sagittarius" -5.55695 6.53424 0.00946 isolated 29.18624 16.02835 -20.28530 0.03381 251.44350 -45.44134 0.10429 8.5776 1.90622 0.277721 2.91124e-20 0.0901313 2.26228e-14 0.121138 6.86616815069e+33 0 pwn_277
Perseus 7.46547 0.08946 -0.01804 isolated 27.69966 11.38035 40.99530 -0.09082 286.63686 7.12960 0.13940 7.4660 2.29362 0.282766 7.06287e-20 0.218665 4.38486e-14 0.234795 4.9268517386e+33 0 pwn_278
Norma -1.91308 -5.63490 0.05975 isolated 12.01445 3.44561 -33.73175 0.99368 235.23952 -54.01320 0.19971 5.9508 1.78149 0.183886 3.14618e-19 0.97405 2.838e-13 1.51966 3.23630034441e+33 0 pwn_279
Norma 9.28525 0.43068 0.04701 isolated 4.75178 12.88313 46.11509 0.20907 288.76704 11.80828 0.02112 9.2952 2.14067 0.1833 2.92812e-20 0.0906538 2.09227e-14 0.112034 2.5766522165e+33 0 pwn_280
"Carina Sagittarius" 2.90539 -1.72503 0.27955 isolated 7.19943 7.37697 23.21167 2.17177 276.44912 -7.63582 0.05590 3.3789 2.26715 0.13826 2.28596e-19 0.707726 1.55694e-13 0.83369 5.16570115877e+33 0 pwn_281
"Carina Sagittarius" 4.37312 -15.61337 0.05925 isolated 19.09711 8.35032 148.41784 0.40657 59.57266 53.76503 0.13098 16.2142 2.3106 0.271945 1.36604e-19 0.422922 8.44938e-14 0.452437 4.8995197697e+33 0 pwn_282
Perseus -7.84441 9.21837 -0.00940 isolated 22.55177 19.37719 -23.88028 -0.02778 248.00797 -48.16211 0.06666 12.1043 2.20176 0.117781 6.80231e-20 0.210598 4.88086e-14 0.261354 1.10295300261e+34 0 pwn_283
Norma 6.01472 -6.52076 -0.06833 isolated 26.30565 6.33237 71.78533 -0.61829 303.64893 33.59805 0.23792 8.8711 2.12381 0.387689 1.41508e-19 0.438104 9.13624e-14 0.489217 5.0405968205e+33 0 pwn_284
Perseus 2.14689 0.76698 0.05712 isolated 27.56235 9.51259 13.04365 0.34404 273.17572 -17.45874 0.16595 2.2798 1.69437 0.193481 4.26172e-20 0.131942 4.05836e-14 0.217312 3.89044782864e+33 0 pwn_285
"Carina Sagittarius" -8.88833 2.96368 -0.10621 isolated 28.24013 14.50619 -37.78809 -0.41952 230.77566 -57.49989 0.11150 9.3694 2.11753 0.153857 4.742e-20 0.146811 3.50138e-14 0.187488 5.12519728339e+33 0 pwn_286
"Carina Sagittarius" -5.19946 -13.69092 -0.01781 isolated 29.39901 7.34713 -134.95292 -0.13888 108.32457 -10.82984 0.22918 14.6450 2.48585 0.22733 1.58187e-19 0.489742 9.12529e-14 0.48863 3.23399959902e+33 0 pwn_287
Perseus 7.29352 1.57723 0.09134 isolated 24.03232 12.44003 35.89561 0.42071 283.83704 2.82938 0.11064 7.4621 2.2267 0.308745 7.42892e-20 0.229997 4.71866e-14 0.252669 7.19584885736e+33 0 pwn_288
Norma -3.14390 -4.64743 0.12699 isolated 22.79670 4.97419 -39.21626 1.46288 226.72730 -56.63879 0.26249 5.6109 2.17704 0.118849 6.43722e-19 1.99295 4.68681e-13 2.50964 7.09745374716e+33 0 pwn_289
"Carina Sagittarius" 1.07384 -3.26665 0.01649 isolated 12.19127 5.34241 11.59571 0.17683 272.59660 -18.80840 0.13070 3.4386 2.33318 0.159889 3.55947e-19 1.102 2.30486e-13 1.23418 4.06290954102e+33 0 pwn_290
"Carina Sagittarius" -9.57521 1.55248 0.02366 isolated 28.08029 13.88300 -43.60707 0.09766 220.47531 -59.85535 0.11584 9.7003 2.09645 0.304049 2.37792e-20 0.0736199 1.62612e-14 0.0870734 3.40793173416e+33 0 pwn_291
Norma 7.76181 9.15738 -0.12330 isolated 6.71041 19.28844 23.72928 -0.36626 278.96300 -8.35145 0.01993 12.0043 1.91777 0.357946 1.24032e-20 0.0383999 9.11955e-15 0.0488323 5.18527829483e+33 0 pwn_292
"Carina Sagittarius" 0.82011 -2.79948 0.00146 isolated 17.71109 5.75921 8.18670 0.01454 270.97698 -21.86489 0.17613 2.9171 2.24757 0.208648 2.18146e-19 0.675375 1.4431e-13 0.772732 3.52985155095e+33 0 pwn_293
Norma 10.08540 0.25170 0.00491 isolated 15.20564 13.35318 49.04989 0.02108 290.34678 14.31440 0.06522 10.0885 2.08967 0.153252 7.30862e-20 0.226273 5.49345e-14 0.294157 6.92524015803e+33 0 pwn_294
Norma 1.10147 0.96904 -0.01928 isolated 27.03749 9.53291 6.63502 -0.11589 270.27060 -23.27885 0.16244 1.4671 2.18743 0.222981 1.33849e-19 0.414393 9.08989e-14 0.486734 6.60723768103e+33 0 pwn_295
"Carina Sagittarius" 3.97892 -15.81760 -0.09932 isolated 20.34546 8.33000 151.46502 -0.68315 62.13502 50.93205 0.13989 16.3104 2.11669 0.154062 5.7885e-19 1.79211 4.27574e-13 2.28952 2.06604244045e+34 0 pwn_296
Perseus 6.80581 5.54554 -0.03908 isolated 13.39786 15.60762 25.85266 -0.14345 279.74664 -6.36291 0.04916 8.7791 2.50723 0.391429 3.15037e-20 0.0975348 1.68123e-14 0.0900244 3.97162214075e+33 0 pwn_297
"Carina Sagittarius" -3.82041 7.10777 -0.01672 isolated 5.53381 16.06855 -13.75421 -0.05962 257.11175 -40.39364 0.01972 8.0694 1.93783 0.214694 1.56187e-20 0.048355 1.24026e-14 0.0664121 3.01607792669e+33 0 pwn_298
"Carina Sagittarius" 5.01332 0.83475 -0.00696 isolated 10.79449 10.59580 28.23849 -0.03764 280.74912 -4.19334 0.05835 5.0823 1.9109 0.265337 5.01982e-20 0.155412 3.92056e-14 0.209933 4.97455116893e+33 0 pwn_299
"Carina Sagittarius" -3.01016 -12.41923 0.01003 isolated 16.71782 4.94181 -142.47397 0.11624 105.06152 -4.03464 0.19375 12.7788 2.11103 0.162881 2.53821e-19 0.785823 1.87071e-13 1.0017 3.27048111745e+33 0 pwn_300
"Crux Scutum" 1.86505 4.72537 0.02940 isolated 13.67055 13.35626 8.02694 0.12610 270.78758 -21.94909 0.05862 5.0801 2.00603 0.372397 2.75804e-20 0.0853882 1.91305e-14 0.102438 5.01890036349e+33 0 pwn_301
"Carina Sagittarius" -10.37605 -4.19731 -0.02270 isolated 28.62437 11.23282 -67.47746 -0.11578 170.83638 -61.19447 0.14595 11.1929 1.83294 0.253793 6.19275e-20 0.191726 5.12219e-14 0.274277 7.512713346e+33 0 pwn_302
Perseus -11.80990 -15.82052 -0.02095 isolated 19.12745 13.89476 -121.79322 -0.08638 114.92839 -22.37564 0.07884 19.7424 2.13178 0.276789 2.71903e-20 0.0841805 1.84988e-14 0.0990554 3.47392867175e+33 0 pwn_303
Perseus -0.16089 11.81067 -0.16168 isolated 22.08890 20.31195 -0.45385 -0.45607 266.58067 -29.56106 0.06228 11.8118 2.00317 0.366308 6.36417e-21 0.0197033 4.43572e-15 0.0237519 2.64500272726e+33 0 pwn_304
Perseus 7.32866 0.98140 -0.12519 isolated 19.08224 11.98424 37.70228 -0.59856 285.57227 3.97068 0.09120 7.3941 1.92234 0.149891 3.1146e-20 0.0964272 2.61759e-14 0.140164 2.93787503079e+33 0 pwn_305
Norma -2.27114 0.86118 -0.03313 isolated 13.93795 9.63280 -13.63720 -0.19706 257.34822 -40.38177 0.08287 2.4289 2.17968 0.147785 1.4588e-19 0.45164 1.04084e-13 0.557337 6.35746321515e+33 0 pwn_306
"Crux Scutum" -6.73286 1.26970 0.03272 isolated 4.65613 11.86505 -34.57294 0.15799 234.93891 -55.18605 0.02248 6.8515 1.73877 0.121565 2.39997e-20 0.0743025 2.35419e-14 0.126059 2.67261072078e+33 0 pwn_307
"Crux Scutum" -4.56905 4.28460 0.01481 isolated 3.83663 13.57655 -19.66624 0.06252 251.98168 -44.95120 0.01619 6.2637 2.10049 0.380307 1.15811e-19 0.358548 7.59774e-14 0.406834 1.92551539813e+34 0 pwn_308
Perseus -3.94847 -0.84209 0.03875 isolated 20.65107 8.61600 -27.27596 0.25768 244.04271 -50.38113 0.13728 4.0373 1.91097 0.217177 5.47879e-20 0.169622 4.41893e-14 0.23662 3.17892493792e+33 0 pwn_309
"Crux Scutum" -4.89636 4.11999 0.03856 isolated 21.76078 13.53662 -21.20547 0.16321 250.43941 -46.05168 0.09207 6.3991 2.07496 0.188751 3.77039e-20 0.11673 2.79446e-14 0.149635 4.03686267953e+33 0 pwn_310
Norma -3.28243 -4.84997 0.06238 isolated 7.85741 4.90927 -41.96469 0.72800 222.84652 -58.58149 0.09167 5.8563 2.28637 0.17696 6.23587e-19 1.93061 4.10714e-13 2.19924 6.56119678179e+33 0 pwn_311
"Carina Sagittarius" 3.38155 -1.65460 0.02903 isolated 20.10635 7.63513 26.28882 0.21781 279.62496 -5.80963 0.15082 3.7646 2.29057 0.359953 1.44405e-19 0.447075 8.66354e-14 0.463905 5.45217635424e+33 0 pwn_312
Perseus 5.96880 -3.06452 0.15802 isolated 3.29180 8.07440 47.67748 1.12137 288.68343 13.61558 0.02335 6.7095 2.2014 0.394175 7.82019e-20 0.242111 4.83463e-14 0.258879 4.10125643946e+33 0 pwn_313
"Crux Scutum" 1.94626 4.59246 0.07979 isolated 15.00348 13.23657 8.45540 0.34540 270.80924 -21.46820 0.06492 4.9878 1.85203 0.299691 1.97723e-20 0.0612145 1.56687e-14 0.0839009 3.66212606584e+33 0 pwn_314
