sky_model/pwn/ctadc_skymodel_gps_sources_pwn.ecsv
# %ECSV 0.9
# ---
# datatype:
# - {name: spiralarm, datatype: unicode, description: 'Which spiralarm?'}
# - {name: galactocentric_x, unit: kpc, datatype: float64, format: '%.5f', description: Galactocentric
#     x coordinate}
# - {name: galactocentric_y, unit: kpc, datatype: float64, format: '%.5f', description: Galactocentric
#     y coordinate}
# - {name: galactocentric_z, unit: kpc, datatype: float64, format: '%.5f', description: Galactocentric
#     z coordinate}
# - {name: type, datatype: string, description: type of PWN}
# - {name: size_physical, unit: pc, datatype: float64, format: '%.5f', description: Physical
#     size}
# - {name: distance, unit: kpc, datatype: float64, format: '%.5f', description: Distance
#     observer to source center}
# - {name: GLON, unit: deg, datatype: float64, format: '%.5f', description: Galactic
#     longitude}
# - {name: GLAT, unit: deg, datatype: float64, format: '%.5f', description: Galactic
#     latitude}
# - {name: RA, unit: deg, datatype: float64, format: '%.5f'}
# - {name: DEC, unit: deg, datatype: float64, format: '%.5f'}
# - {name: sigma, unit: deg, datatype: float64, format: '%.5f'}
# - {name: galactocentric_r, unit: kpc, datatype: float64, format: '%0.4f', description: Galactocentric
#     radius in the xy plan}
# - {name: spec_alpha, datatype: float64, format: '%5g', description: Spectral model
#     parameter (log parabola)}
# - {name: spec_beta, datatype: float64, format: '%5g', description: Spectral model
#     parameter (log parabola)}
# - {name: spec_norm, unit: 1 / (cm2 MeV s), datatype: float64, format: '%5g', description: Spectral
#     model norm parameter (log parabola)}
# - {name: spec_norm_cu, unit: '', datatype: float64, format: '%5g', description: Spectral
#     model norm parameter (log parabola) in crab units}
# - {name: int_flux_above_1TeV, unit: 1 / (cm2 s), datatype: float64, format: '%5g',
#   description: 'Integral flux above 1 TeV '}
# - {name: int_flux_above_1TeV_cu, unit: '', datatype: float64, format: '%5g', description: Integral
#     flux above 1 TeV in crab units}
# - {name: luminosity, unit: erg / s, datatype: float64, description: Intrinsic source
#     luminosity}
# - {name: skip, datatype: int64, description: 'skip boolean: 0 take, 1 skip'}
# - {name: source_name, datatype: string, description: source name}
spiralarm galactocentric_x galactocentric_y galactocentric_z type size_physical distance GLON GLAT RA DEC sigma galactocentric_r spec_alpha spec_beta spec_norm spec_norm_cu int_flux_above_1TeV int_flux_above_1TeV_cu luminosity skip source_name
[from data line 551]
"Carina Sagittarius" -7.67197 4.97575 -0.07546 isolated 21.66049 15.50679 -29.65359 -0.27881 241.84497 -52.39638 0.08000 9.1442 2.18795 0.272968 1.41208e-19 0.437177 9.32879e-14 0.499527 2.0613252322e+34 0 pwn_551
Perseus -4.62368 9.85073 0.03100 isolated 8.48543 18.92429 -14.14198 0.09385 256.64433 -40.61181 0.02568 10.8819 2.09229 0.330371 4.53047e-21 0.0140262 3.0621e-15 0.0163966 1.29778570111e+33 0 pwn_552
Norma 6.95658 10.99560 0.00476 isolated 7.96222 20.69957 19.63783 0.01317 276.69822 -11.80300 0.02203 13.0114 2.08924 0.361425 3.35765e-21 0.0103952 2.23715e-15 0.0119792 1.25438130714e+33 0 pwn_553
Perseus 6.06352 -2.08361 0.01197 isolated 16.69888 8.82816 43.38039 0.07769 287.59621 9.32407 0.10834 6.4115 1.65101 0.159453 1.56702e-20 0.0485146 1.58719e-14 0.0849888 1.20281431555e+33 0 pwn_554
Perseus 6.78195 0.97049 -0.14101 isolated 3.56434 11.64924 35.60697 -0.69358 284.69749 2.06392 0.01752 6.8510 1.91586 0.290256 1.04413e-20 0.0323261 8.00224e-15 0.0428494 1.32541006229e+33 0 pwn_555
"Carina Sagittarius" -2.64373 6.59884 -0.06130 isolated 20.48821 15.32867 -9.93150 -0.22914 260.15854 -37.38991 0.07655 7.1087 1.97739 0.163646 2.52085e-20 0.078045 2.02179e-14 0.10826 3.72661881707e+33 0 pwn_556
"Carina Sagittarius" -7.93219 2.82644 -0.02830 isolated 4.15356 13.82782 -35.00450 -0.11725 234.61583 -55.66394 0.01720 8.4207 1.8564 0.175925 1.67501e-20 0.0518578 1.44351e-14 0.0772952 2.44644688012e+33 0 pwn_557
Perseus 5.77251 7.03440 -0.23135 isolated 33.27406 16.57386 20.38483 -0.79980 277.78753 -11.51876 0.11498 9.0997 2.19139 0.102346 1.48477e-20 0.0459681 1.08317e-14 0.0580001 1.73284331698e+33 0 pwn_558
"Carina Sagittarius" -0.18596 7.26806 0.02063 isolated 26.40971 15.76917 -0.67568 0.07496 265.92712 -29.47300 0.09592 7.2704 2.16989 0.196405 6.60575e-20 0.204512 4.60218e-14 0.246432 8.62334677779e+33 0 pwn_559
"Carina Sagittarius" -9.85786 -5.36205 0.06738 isolated 30.16978 10.34547 -72.34270 0.37319 162.27131 -58.82169 0.16702 11.2218 2.24694 0.219634 1.05363e-19 0.326202 6.93076e-14 0.37112 5.63275344544e+33 0 pwn_560
"Carina Sagittarius" -0.17905 7.11143 0.00492 isolated 0.10000 15.61246 -0.65712 0.01807 265.99394 -29.48702 0.01000 7.1137 1.84365 0.116755 8.06291e-21 0.0249626 7.35148e-15 0.0393648 1.33182349129e+33 0 pwn_561
"Carina Sagittarius" -10.38852 -4.83128 0.00450 isolated 22.32485 11.01730 -70.54925 0.02343 165.14589 -59.91462 0.11606 11.4570 2.19832 0.212079 2.89973e-20 0.089775 1.96909e-14 0.105439 1.84151442731e+33 0 pwn_562
"Crux Scutum" 0.89096 4.92313 0.01315 isolated 28.02851 13.45267 3.79742 0.05601 268.54569 -25.64888 0.11933 5.0031 1.75954 0.214995 2.31504e-20 0.0716732 2.06932e-14 0.110805 4.05835528228e+33 0 pwn_563
Norma -4.16569 -0.10306 -0.02519 isolated 16.90182 9.37348 -26.38586 -0.15399 245.48616 -50.05151 0.10327 4.1670 2.12708 0.235977 2.39995e-20 0.0743018 1.67521e-14 0.0897021 1.27716573338e+33 0 pwn_564
Perseus -14.59958 -8.92940 -0.01551 isolated 17.74544 14.60590 -91.68468 -0.06084 136.24087 -47.13165 0.06958 17.1138 1.67996 0.195138 1.94769e-20 0.0603 1.87161e-14 0.100219 4.3014857377e+33 0 pwn_565
"Carina Sagittarius" -10.23218 1.27611 0.00811 isolated 17.49784 14.15167 -46.30576 0.03283 215.46534 -60.93533 0.07082 10.3114 2.11114 0.200871 2.49402e-20 0.0772144 1.79452e-14 0.0960908 2.85747974798e+33 0 pwn_566
"Carina Sagittarius" 4.87306 0.38626 0.04813 isolated 22.31120 10.13482 28.73952 0.27211 280.70258 -3.60612 0.12608 4.8883 2.15873 0.161504 5.7806e-20 0.178966 4.14137e-14 0.221757 2.94132131849e+33 0 pwn_567
Norma 3.73444 -6.31734 -0.04543 isolated 16.82550 4.32575 59.69510 -0.60171 296.37874 23.32551 0.22277 7.3386 2.43001 0.244535 2.04163e-19 0.632085 1.20224e-13 0.643761 1.5978870018e+33 0 pwn_568
"Crux Scutum" 14.52301 5.14198 -0.02117 isolated 3.76874 19.92540 46.79169 -0.06086 289.33362 12.28114 0.01083 15.4064 2.27679 0.278327 6.07543e-20 0.188094 3.81395e-14 0.204225 1.31542523555e+34 0 pwn_569
Perseus -2.59954 1.06927 0.03323 isolated 16.16557 9.91613 -15.19789 0.19203 255.69242 -41.39188 0.09337 2.8109 1.83382 0.234845 1.38226e-19 0.427944 1.15798e-13 0.620059 1.24203239241e+34 0 pwn_570
Norma -2.60769 1.39626 -0.01916 isolated 22.29919 10.23408 -14.76204 -0.10728 256.36148 -41.22764 0.12479 2.9580 2.17553 0.2152 5.61043e-20 0.173698 3.85339e-14 0.206337 3.18771082605e+33 0 pwn_571
"Carina Sagittarius" -4.71631 7.39130 -0.11757 isolated 19.87820 16.57681 -16.53012 -0.40637 255.22918 -42.81131 0.06868 8.7678 1.93321 0.320436 8.54399e-21 0.026452 6.3623e-15 0.0340681 2.32036049596e+33 0 pwn_572
"Carina Sagittarius" 4.25398 -1.80079 -0.05813 isolated 19.07417 7.93594 32.41546 -0.41971 282.99753 -0.65102 0.13766 4.6194 1.93946 0.230727 1.08028e-19 0.334451 8.47746e-14 0.453941 5.27910695646e+33 0 pwn_573
Norma 10.69371 -0.01363 -0.04738 isolated 1.15083 13.65197 51.56500 -0.19886 291.78255 16.42575 0.01000 10.6937 2.12986 0.16363 4.62401e-20 0.143158 3.36708e-14 0.180296 4.44643908441e+33 0 pwn_574
"Carina Sagittarius" -2.20188 7.57691 -0.00050 isolated 12.32518 16.22699 -7.79866 -0.00178 261.42474 -35.50219 0.04350 7.8904 2.085 0.348212 7.17272e-21 0.0222066 4.8226e-15 0.0258235 1.59999376733e+33 0 pwn_575
Perseus 5.77440 7.19516 0.01574 isolated 18.76163 16.72370 20.19903 0.05392 276.92806 -11.28735 0.06425 9.2257 2.19434 0.152601 1.46395e-20 0.0453234 1.03219e-14 0.0552707 1.90668448243e+33 0 pwn_576
Norma 0.52576 3.14402 0.07137 isolated 19.29460 11.65610 2.58529 0.35083 267.57551 -26.54166 0.09481 3.1877 2.30527 0.191144 2.19509e-20 0.0679593 1.41932e-14 0.0759998 1.30797535489e+33 0 pwn_577
Perseus -1.83492 2.27270 0.08166 isolated 9.87865 10.92816 -9.66646 0.42813 259.67358 -36.79609 0.05177 2.9210 2.16041 0.166725 5.83826e-20 0.180751 4.16484e-14 0.223014 3.4834256522e+33 0 pwn_578
"Carina Sagittarius" -5.32798 5.96150 -0.02437 isolated 11.00306 15.41178 -20.22507 -0.09062 251.63415 -45.47637 0.04089 7.9954 2.0964 0.255911 2.83362e-20 0.0877281 1.99052e-14 0.106586 4.45184684781e+33 0 pwn_579
"Carina Sagittarius" 2.51141 5.77034 0.03531 isolated 16.63467 14.48969 9.98116 0.13962 271.80062 -20.23856 0.06575 6.2932 1.91179 0.277485 1.81408e-20 0.0561634 1.40505e-14 0.0752359 3.46547270867e+33 0 pwn_580
"Carina Sagittarius" 0.33764 -3.03572 -0.02857 isolated 24.97733 5.47477 3.53583 -0.29900 268.73904 -26.05407 0.26130 3.0544 2.19008 0.120149 2.62815e-19 0.813669 1.89649e-13 1.01551 3.46452446041e+33 0 pwn_581
"Carina Sagittarius" 2.37450 5.32485 -0.01526 isolated 20.86017 14.02729 9.74579 -0.06234 271.86662 -20.54246 0.08517 5.8303 2.14566 0.153032 1.57144e-20 0.0486514 1.14094e-14 0.0610938 1.53051037066e+33 0 pwn_582
"Carina Sagittarius" -8.41565 3.60841 -0.02678 isolated 22.14899 14.74576 -34.80027 -0.10406 234.89266 -55.53197 0.08603 9.1566 1.7509 0.377702 1.13772e-20 0.0352235 9.13644e-15 0.0489227 3.85465640564e+33 0 pwn_583
"Carina Sagittarius" 3.15551 1.62022 -0.00949 isolated 3.45804 10.60077 17.31762 -0.05127 275.64372 -13.88403 0.01868 3.5472 1.92522 0.281843 1.40187e-20 0.0434016 1.07389e-14 0.0575036 1.42125472841e+33 0 pwn_584
"Carina Sagittarius" -7.86973 -10.45310 -0.04228 isolated 10.79746 8.10858 -103.93796 -0.29873 125.68053 -37.64853 0.07627 13.0843 2.42012 0.196202 2.4633e-19 0.762633 1.49224e-13 0.799048 6.25475678695e+33 0 pwn_585
"Crux Scutum" 14.12766 4.88528 -0.02248 isolated 11.05177 19.46169 46.54563 -0.06620 289.22097 12.06104 0.03252 14.9485 2.031 0.329657 5.03333e-21 0.0155831 3.52242e-15 0.0188614 1.66655847101e+33 0 pwn_586
Norma -3.79620 15.25831 -0.07057 isolated 0.10000 24.05979 -9.07822 -0.16805 260.70319 -36.65321 0.01000 15.7235 2.16831 0.301469 7.68832e-21 0.0238028 5.05862e-15 0.0270873 2.96949167908e+33 0 pwn_587
"Carina Sagittarius" -8.53718 2.60010 0.12993 isolated 16.02360 14.00403 -37.56419 0.53158 230.17156 -56.57972 0.06553 8.9244 2.31854 0.19082 1.52211e-20 0.0471241 9.77098e-15 0.0523205 1.28746351912e+33 0 pwn_588
"Crux Scutum" -3.14089 5.29351 0.00039 isolated 7.89370 14.14660 -12.82795 0.00159 257.76686 -39.61268 0.03196 6.1552 2.3577 0.275604 1.4348e-19 0.44421 8.64365e-14 0.46284 1.4006341078e+34 0 pwn_589
Perseus 2.88868 8.84387 0.09348 isolated 6.22407 17.58304 9.45599 0.30460 271.37346 -20.61642 0.02027 9.3037 2.01167 0.372671 4.76795e-21 0.0147615 3.29631e-15 0.0176507 1.49176709011e+33 0 pwn_590
"Carina Sagittarius" 3.09977 3.41284 0.03387 isolated 29.93749 12.30956 14.58515 0.15764 274.11617 -16.19358 0.13929 4.6104 2.0866 0.189442 3.46387e-19 1.0724 2.54785e-13 1.36429 3.02469097474e+34 0 pwn_591
Perseus 3.01864 -4.56458 -0.00443 isolated 25.75443 4.95981 37.48981 -0.05120 284.98693 4.03216 0.29740 5.4724 2.01047 0.222549 1.39656e-19 0.432373 1.05401e-13 0.56439 2.36551004229e+33 0 pwn_592
Norma 5.12954 -6.28779 0.03556 isolated 10.14447 5.58636 66.67095 0.36472 299.43983 29.81504 0.10401 8.1147 2.16525 0.312006 1.84002e-19 0.569665 1.20615e-13 0.645855 3.94781432755e+33 0 pwn_593
"Carina Sagittarius" -3.66750 6.56811 0.01478 isolated 18.17056 15.50802 -13.67953 0.05459 257.05029 -40.26549 0.06711 7.5227 2.10858 0.232962 8.75508e-21 0.0271055 6.18862e-15 0.0331381 1.2986173017e+33 0 pwn_594
"Carina Sagittarius" -9.21669 -9.52731 -0.02493 isolated 18.68947 9.27380 -96.36004 -0.15404 131.82333 -43.63098 0.11542 13.2558 1.89087 0.398374 3.6349e-20 0.112535 2.65371e-14 0.142097 4.12547358562e+33 0 pwn_595
"Crux Scutum" -0.89886 4.91974 0.00221 isolated 28.74497 13.44981 -3.83195 0.00941 264.03761 -32.18127 0.12241 5.0012 2.131 0.359215 1.32498e-20 0.0410209 8.64057e-15 0.0462675 1.95207817868e+33 0 pwn_596
Perseus 0.40601 11.29146 0.02761 isolated 11.96605 19.79565 1.17522 0.07992 267.02056 -27.89004 0.03462 11.2988 2.38838 0.154652 8.7988e-21 0.0272409 5.54021e-15 0.0296661 1.28186378353e+33 0 pwn_597
Perseus -14.97004 0.07177 -0.02468 isolated 7.97494 17.25045 -60.20476 -0.08196 185.98749 -62.78618 0.02648 14.9702 1.85947 0.233057 5.94962e-21 0.0184199 4.90732e-15 0.0262771 1.55097046061e+33 0 pwn_598
"Crux Scutum" 0.51233 -0.03665 -0.18428 isolated 25.37686 8.48085 3.46418 -1.24508 269.61173 -26.59107 0.17138 0.5136 2.22818 0.170726 5.79498e-20 0.179411 3.96117e-14 0.212108 1.92970798016e+33 0 pwn_599
"Crux Scutum" -6.00826 3.40790 -0.03114 isolated 30.84190 13.33786 -26.77373 -0.13379 245.03444 -50.31069 0.13244 6.9075 2.59318 0.176605 2.49437e-19 0.772252 1.39477e-13 0.746853 1.36632213646e+34 0 pwn_600
"Crux Scutum" -6.30597 -6.25341 0.04497 isolated 10.76450 6.69436 -70.39084 0.38489 165.72738 -59.64984 0.09210 8.8809 2.1632 0.350701 3.74846e-20 0.116051 2.41282e-14 0.129199 1.27634228447e+33 0 pwn_601
"Crux Scutum" 7.03333 -9.36803 0.09816 isolated 11.13339 7.08738 97.03565 0.79356 325.19272 53.79022 0.08997 11.7144 2.15525 0.254671 9.17541e-20 0.284069 6.2353e-14 0.33388 2.80435226318e+33 0 pwn_602
"Carina Sagittarius" 3.47591 -2.31626 0.01441 isolated 37.11519 7.09372 29.34055 0.11642 281.11644 -3.14267 0.29966 4.1770 1.83045 0.192728 1.12316e-19 0.347729 9.72713e-14 0.520857 4.66575398562e+33 0 pwn_603
Norma 10.48069 6.61984 -0.06629 isolated 6.25518 18.39725 34.72872 -0.20646 283.86280 1.50489 0.01947 12.3963 2.37672 0.13588 4.46835e-20 0.138339 2.86104e-14 0.1532 5.51401655769e+33 0 pwn_604
Perseus 3.88882 -4.26824 0.03617 isolated 0.10000 5.74735 42.58180 0.36054 286.96919 8.74588 0.01000 5.7742 1.98031 0.291814 4.34507e-20 0.134522 3.20009e-14 0.171354 1.22494454624e+33 0 pwn_605
"Carina Sagittarius" -7.77492 -10.45304 0.00276 isolated 19.12775 8.01647 -104.10078 0.01972 125.89196 -37.33267 0.13666 13.0275 1.97358 0.392104 7.51411e-20 0.232635 5.25247e-14 0.281253 5.48085819624e+33 0 pwn_606
Norma -0.65747 1.69137 0.03541 isolated 0.10000 10.21262 -3.69118 0.19865 263.93912 -31.96067 0.01000 1.8147 2.33401 0.125344 9.97484e-20 0.308818 6.58365e-14 0.352534 3.90809051201e+33 0 pwn_607
Norma -1.14911 2.62302 0.06309 isolated 12.34017 11.18239 -5.89823 0.32328 262.38074 -33.74194 0.06320 2.8637 2.05426 0.176361 4.03373e-20 0.124883 3.05287e-14 0.163471 2.94765183472e+33 0 pwn_608
"Carina Sagittarius" 9.35923 -14.80536 0.11253 isolated 28.77732 11.28563 123.96837 0.57133 15.17658 63.42442 0.14604 17.5155 2.5551 0.384746 9.71718e-20 0.300841 5.08625e-14 0.272352 5.91954537455e+33 0 pwn_609
"Carina Sagittarius" -4.73253 6.88057 0.01847 isolated 13.28049 16.09221 -17.10287 0.06576 254.23901 -42.96832 0.04727 8.3510 2.2603 0.346999 4.83227e-19 1.49606 2.96144e-13 1.58576 8.19448934568e+34 0 pwn_610
Norma -2.25078 -5.92281 0.06158 isolated 29.24727 3.42224 -41.13214 1.03100 223.99687 -57.93453 0.48948 6.3361 2.10933 0.389877 5.24416e-19 1.62358 3.40832e-13 1.82505 5.61072734626e+33 0 pwn_611
"Carina Sagittarius" 3.55719 -1.39584 0.03317 isolated 15.86637 7.94505 26.59800 0.23921 279.74835 -5.52507 0.11438 3.8213 2.02883 0.376617 3.26817e-20 0.101182 2.23344e-14 0.119593 2.05560684348e+33 0 pwn_612
"Crux Scutum" -6.21053 -6.23131 0.03025 isolated 13.20667 6.61200 -69.93288 0.26214 166.46363 -59.94584 0.11440 8.7977 2.06572 0.363597 7.599e-20 0.235263 5.12294e-14 0.274317 3.01883607809e+33 0 pwn_613
Norma 1.44746 1.45529 0.06316 isolated 38.88018 10.06016 8.27262 0.35970 270.69905 -21.62020 0.22135 2.0526 2.04306 0.260684 1.92128e-19 0.594822 1.3887e-13 0.743602 1.40169969565e+34 0 pwn_614
Norma -3.37820 -4.65979 0.09341 isolated 25.12013 5.11548 -41.33786 1.04634 223.63879 -58.01507 0.28125 5.7555 2.4265 0.115661 1.54349e-19 0.477861 9.7183e-14 0.520384 1.34790097776e+33 0 pwn_615
Perseus 3.24706 -3.78880 0.08142 isolated 7.13139 5.72236 34.57548 0.81529 282.88317 1.83445 0.07138 4.9898 2.19581 0.263079 5.89459e-19 1.82495 3.89762e-13 2.08705 1.13339319616e+34 0 pwn_616
Norma 5.92548 -4.56415 -0.01170 isolated 11.99193 7.11354 56.40690 -0.09428 294.14887 20.71836 0.09655 7.4795 1.99596 0.136589 6.4208e-20 0.198787 5.18729e-14 0.277763 1.88044953385e+33 0 pwn_617
Perseus 5.39787 6.95069 -0.08918 isolated 24.58318 16.36669 19.25742 -0.31220 276.81150 -12.29117 0.08603 8.8005 1.89414 0.104143 1.17432e-20 0.0363567 1.04355e-14 0.0558789 1.93913746119e+33 0 pwn_618
"Crux Scutum" 6.14114 -9.88300 0.05377 isolated 5.45704 6.29517 102.69141 0.48936 333.39560 57.02353 0.04965 11.6356 2.10576 0.220326 7.8174e-20 0.242025 5.57673e-14 0.298616 1.86378258449e+33 0 pwn_619
Perseus -14.66261 0.53457 0.00405 isolated 28.59357 17.22253 -58.36014 0.01346 190.02902 -62.82988 0.09509 14.6724 2.05996 0.223782 1.96572e-19 0.608582 1.43829e-13 0.770156 3.76144684025e+34 0 pwn_620
Perseus 6.30855 5.94739 0.00439 isolated 17.56966 15.76467 23.58881 0.01594 278.55474 -8.30019 0.06383 8.6700 1.96718 0.354178 6.69184e-21 0.0207178 4.79177e-15 0.0256584 1.71221847256e+33 0 pwn_621
"Carina Sagittarius" -2.86424 7.29944 0.05249 isolated 31.88382 16.05706 -10.27540 0.18731 259.48071 -37.43260 0.11373 7.8413 2.45038 0.299052 1.09005e-20 0.0337478 6.20108e-15 0.0332048 1.27967296795e+33 0 pwn_622
Norma -0.27372 -5.75960 -0.13745 isolated 8.48597 2.75746 -5.70394 -2.85717 265.76100 -35.29027 0.17626 5.7661 2.00771 0.214427 3.15497e-19 0.976772 2.3977e-13 1.28389 1.62671417747e+33 0 pwn_623
Norma -4.25961 15.48838 0.07044 isolated 24.08001 24.36374 -10.06905 0.16565 259.65251 -37.27640 0.05661 16.0634 2.00776 0.143391 1.84748e-19 0.571975 1.4737e-13 0.789118 6.34201157468e+34 0 pwn_624
Norma -3.87132 -0.67434 -0.13347 isolated 31.38649 8.73189 -26.32139 -0.87583 246.36070 -50.51295 0.20587 3.9296 2.57107 0.370879 1.92738e-18 5.96712 1.00665e-12 5.3903 6.67811752598e+34 0 pwn_625
Perseus -11.71650 5.61933 0.02440 isolated 0.10000 18.34754 -39.68657 0.07619 227.25596 -58.07502 0.01000 12.9944 2.04198 0.239093 5.84613e-21 0.0180995 4.28368e-15 0.0229377 1.34892755355e+33 0 pwn_626
Norma -4.95116 -2.37202 0.00961 isolated 18.70923 7.87821 -38.93679 0.06986 228.47481 -57.69766 0.13601 5.4900 1.97495 0.35855 2.4666e-20 0.0763652 1.75417e-14 0.09393 1.57641413365e+33 0 pwn_627
