sky_model/pwn/ctadc_skymodel_gps_sources_pwn.ecsv
# %ECSV 0.9
# ---
# datatype:
# - {name: spiralarm, datatype: string, description: 'Which spiralarm?'}
# - {name: galactocentric_x, unit: kpc, datatype: float64, format: '%.5f', description: Galactocentric
#     x coordinate}
# - {name: galactocentric_y, unit: kpc, datatype: float64, format: '%.5f', description: Galactocentric
#     y coordinate}
# - {name: galactocentric_z, unit: kpc, datatype: float64, format: '%.5f', description: Galactocentric
#     z coordinate}
# - {name: type, datatype: string, description: type of PWN}
# - {name: size_physical, unit: pc, datatype: float64, format: '%.5f', description: Physical
#     size}
# - {name: distance, unit: kpc, datatype: float64, format: '%.5f', description: Distance
#     observer to source center}
# - {name: GLON, unit: deg, datatype: float64, format: '%.5f', description: Galactic
#     longitude}
# - {name: GLAT, unit: deg, datatype: float64, format: '%.5f', description: Galactic
#     latitude}
# - {name: RA, unit: deg, datatype: float64, format: '%.5f'}
# - {name: DEC, unit: deg, datatype: float64, format: '%.5f'}
# - {name: sigma, unit: deg, datatype: float64, format: '%.5f'}
# - {name: galactocentric_r, unit: kpc, datatype: float64, format: '%0.4f', description: Galactocentric
#     radius in the xy plan}
# - {name: spec_alpha, datatype: float64, format: '%5g', description: Spectral model
#     parameter (log parabola)}
# - {name: spec_beta, datatype: float64, format: '%5g', description: Spectral model
#     parameter (log parabola)}
# - {name: spec_norm, unit: 1 / (cm2 MeV s), datatype: float64, format: '%5g', description: Spectral
#     model norm parameter (log parabola)}
# - {name: spec_norm_cu, unit: '%', datatype: float64, format: '%5g', description: Spectral
#     model norm parameter (log parabola) in crab units}
# - {name: int_flux_above_1TeV, unit: 1 / (cm2 s), datatype: float64, format: '%5g',
#   description: 'Integral flux above 1 TeV '}
# - {name: int_flux_above_1TeV_cu, unit: '%', datatype: float64, format: '%5g', description: Integral
#     flux above 1 TeV in crab units}
# - {name: luminosity, unit: erg / s, datatype: float64, description: Intrinsic source
#     luminosity}
# - {name: skip, datatype: int64, description: 'skip boolean: 0 take, 1 skip'}
# - {name: source_name, datatype: string, description: source name}
spiralarm galactocentric_x galactocentric_y galactocentric_z type size_physical distance GLON GLAT RA DEC sigma galactocentric_r spec_alpha spec_beta spec_norm spec_norm_cu int_flux_above_1TeV int_flux_above_1TeV_cu luminosity skip source_name
[from data line 159]
Perseus 7.23160 2.26457 0.09351 isolated 7.92566 12.96845 33.89306 0.41316 282.93002 1.04379 0.03500 7.5779 1.78469 0.303 2.81013e-20 0.087001 2.31857e-14 0.124152 5.59684950605e+33 0 pwn_159
"Carina Sagittarius" -0.74644 -3.10880 -0.07799 isolated 22.34320 5.44319 -7.88273 -0.82100 262.20571 -36.02816 0.23510 3.1972 2.41532 0.336277 2.35091e-19 0.727836 1.33928e-13 0.71714 3.5972496951e+33 0 pwn_160
"Crux Scutum" -2.80295 3.69258 0.16721 isolated 26.57203 12.51174 -12.94676 0.76576 256.88065 -39.25273 0.12164 4.6359 2.12284 0.356081 4.3736e-20 0.135406 2.86916e-14 0.153635 5.59773222886e+33 0 pwn_161
Perseus 5.60654 -3.50055 0.06942 isolated 8.91512 7.51217 48.27605 0.52950 289.50966 13.86935 0.06797 6.6096 2.0566 0.367081 3.63494e-19 1.12537 2.45844e-13 1.31642 1.90797545732e+34 0 pwn_162
Perseus 0.85155 1.27737 -0.09564 isolated 13.48195 9.81485 4.97757 -0.55835 269.78889 -24.93701 0.07867 1.5352 2.38853 0.106331 1.41978e-19 0.439561 9.18167e-14 0.491649 4.68400042637e+33 0 pwn_163
Perseus 5.12372 -3.51662 -0.00093 isolated 20.00017 7.14749 45.79548 -0.00743 288.81091 11.42464 0.16026 6.2144 2.03003 0.238545 9.10446e-20 0.281872 6.72173e-14 0.359927 3.23728376369e+33 0 pwn_164
"Crux Scutum" -6.92365 0.44100 0.02853 isolated 7.54486 11.30837 -37.75315 0.14456 230.26282 -57.00749 0.03821 6.9377 2.20351 0.384668 8.16122e-20 0.252669 5.06182e-14 0.271045 8.16198353549e+33 0 pwn_165
"Crux Scutum" -0.54186 4.62032 0.03232 isolated 10.89625 13.13154 -2.36491 0.14100 264.82939 -30.87205 0.04752 4.6520 2.18216 0.273071 2.5961e-20 0.0803747 1.72051e-14 0.0921279 2.73982466177e+33 0 pwn_166
Norma 4.04536 -7.01548 0.08373 isolated 18.84732 4.30996 69.84846 1.11311 300.65297 32.91057 0.25046 8.0983 1.93757 0.314793 2.84515e-19 0.880851 2.12025e-13 1.13532 5.10996116351e+33 0 pwn_167
Norma 9.55640 -2.36035 0.04574 isolated 38.05760 11.35879 57.28067 0.23073 294.30256 21.63954 0.19190 9.8436 2.07854 0.20044 4.93132e-20 0.152672 3.61994e-14 0.193836 3.79680021412e+33 0 pwn_168
Perseus 0.43287 -4.07159 -0.02376 isolated 20.47044 4.44958 5.58282 -0.30601 269.87982 -24.28651 0.26349 4.0945 2.42009 0.127829 2.40519e-18 7.4464 1.50973e-12 8.08413 1.63245752318e+34 0 pwn_169
"Carina Sagittarius" -4.87927 5.98393 -0.00017 isolated 26.05181 15.28371 -18.61738 -0.00063 252.99296 -44.18628 0.09763 7.7211 2.27224 0.273005 2.45851e-20 0.0761148 1.55122e-14 0.0830629 3.11379470547e+33 0 pwn_170
"Carina Sagittarius" -6.46547 1.80640 0.02582 isolated 0.10000 12.16655 -32.10112 0.12159 238.32708 -53.69247 0.01000 6.7131 2.31919 0.228276 8.64941e-20 0.267784 5.44257e-14 0.291432 5.94287099587e+33 0 pwn_171
"Crux Scutum" 16.16569 1.31320 -0.06422 isolated 8.94795 18.91118 58.74062 -0.19457 295.47842 22.70095 0.02710 16.2189 2.05005 0.107528 1.53942e-20 0.04766 1.22565e-14 0.0656298 2.80166107056e+33 0 pwn_172
"Crux Scutum" 0.64401 -10.32800 -0.04735 isolated 18.34562 1.93871 160.59259 -1.39951 70.79648 43.88443 0.54197 10.3481 1.96545 0.128736 1.83633e-18 5.68522 1.52306e-12 8.15548 4.0870169649e+33 0 pwn_173
Norma 9.84403 6.26717 -0.00195 isolated 14.13546 17.74751 33.68806 -0.00629 283.20987 0.67008 0.04562 11.6697 2.40195 0.238887 2.14467e-20 0.0663985 1.28476e-14 0.0687951 2.89146769003e+33 0 pwn_174
Norma -0.61594 -6.95624 -0.02585 isolated 12.50678 1.66230 -21.75127 -0.89095 251.07433 -47.15570 0.43092 6.9835 1.97493 0.249769 1.63989e-18 5.07706 1.24333e-12 6.65766 3.5034915925e+33 1 pwn_175
"Crux Scutum" 3.66686 2.25591 0.06451 isolated 21.22513 11.36396 18.82504 0.32523 276.02786 -12.37601 0.10697 4.3052 1.90333 0.249004 3.17766e-20 0.0983794 2.52049e-14 0.134964 3.51188022466e+33 0 pwn_176
"Carina Sagittarius" 15.05397 -10.20873 0.00946 isolated 30.57150 15.15064 96.47577 0.03577 325.32018 52.85112 0.11557 18.1890 2.16788 0.188532 3.75243e-20 0.116174 2.6297e-14 0.140812 4.45909232271e+33 0 pwn_177
Norma -1.86158 2.80851 -0.01804 isolated 21.68250 11.46072 -9.34808 -0.09018 260.43211 -36.83125 0.10836 3.3695 1.93918 0.269275 9.02025e-20 0.279265 6.90528e-14 0.369756 1.01343509436e+34 0 pwn_178
Norma -0.78539 -6.79061 0.05975 isolated 22.23948 1.88213 -24.67655 1.81933 245.20852 -47.44741 0.67675 6.8359 2.06291 0.24661 1.52655e-18 4.72616 1.09965e-12 5.88826 3.66523266565e+33 0 pwn_179
Perseus -0.09487 2.25599 0.04701 isolated 23.66010 10.75651 -0.50534 0.25040 265.85833 -29.23593 0.12598 2.2580 1.97818 0.174521 5.77699e-20 0.178854 4.59547e-14 0.246073 4.30471148332e+33 0 pwn_180
"Carina Sagittarius" -0.27416 -14.39705 0.27955 isolated 20.57807 5.91003 -177.33816 2.71119 90.59763 28.01411 0.19942 14.3997 1.99503 0.289215 9.66966e-20 0.29937 7.07048e-14 0.378601 2.80199061064e+33 0 pwn_181
Perseus -13.32018 -6.89910 0.05925 isolated 12.92455 13.41616 -83.14671 0.25305 146.10623 -52.87855 0.05518 15.0008 1.9511 0.329102 2.14453e-20 0.0663942 1.57216e-14 0.0841842 3.80112354291e+33 0 pwn_182
Norma 9.71640 -2.82721 -0.00940 isolated 16.37548 11.25118 59.72207 -0.04784 295.87035 23.62558 0.08336 10.1194 2.17018 0.118062 1.40071e-19 0.433657 1.02473e-13 0.548709 7.95471378731e+33 0 pwn_183
Norma -2.95580 -3.81236 -0.06833 isolated 3.88161 5.54215 -32.23356 -0.70645 239.05393 -54.41438 0.04011 4.8240 2.33622 0.15475 3.02053e-19 0.935148 1.9581e-13 1.0485 3.66275763651e+33 0 pwn_184
Norma -4.75591 0.12840 0.05712 isolated 24.73019 9.85247 -28.86323 0.33217 242.12606 -51.41257 0.14376 4.7576 1.96173 0.31325 6.57361e-20 0.203517 4.83344e-14 0.258815 5.92401080697e+33 0 pwn_185
Norma -5.35430 -0.05918 -0.10621 isolated 13.80481 9.99636 -32.38834 -0.60879 238.74210 -54.43855 0.07909 5.3546 1.91155 0.220623 1.06656e-19 0.330204 8.57875e-14 0.459365 8.39415319055e+33 0 pwn_186
"Crux Scutum" 1.81830 2.80100 -0.01781 isolated 2.41015 11.44636 9.14038 -0.08914 271.57604 -21.08419 0.01206 3.3394 2.64958 0.275653 7.54158e-20 0.233485 3.93792e-14 0.210863 3.38129280402e+33 0 pwn_187
"Carina Sagittarius" -3.03503 6.47579 0.09134 isolated 30.60660 15.28051 -11.45654 0.34250 258.45105 -38.30351 0.11472 7.1517 1.87205 0.257882 3.62879e-20 0.112346 2.91871e-14 0.156288 7.76881604779e+33 0 pwn_188
"Carina Sagittarius" 2.13089 -3.15097 0.12699 isolated 12.26023 5.75924 21.72084 1.26344 276.56015 -9.37752 0.12192 3.8039 2.3953 0.150967 3.2068e-18 9.92816 2.01544e-12 10.792 3.89833240924e+34 1 pwn_189
"Carina Sagittarius" 3.43841 4.28913 0.01649 isolated 9.73406 13.24329 15.04836 0.07133 274.42407 -15.82695 0.04210 5.4972 2.21498 0.282154 2.41173e-20 0.0746665 1.5623e-14 0.0836563 2.52816676481e+33 0 pwn_190
"Carina Sagittarius" -5.16089 6.91011 0.02366 isolated 0.10000 16.25136 -18.51585 0.08343 252.99252 -44.05447 0.01000 8.6246 2.12019 0.134477 2.07582e-20 0.064267 1.54992e-14 0.0829934 2.69870214798e+33 0 pwn_191
Perseus 3.44379 9.31882 -0.12330 isolated 16.91713 18.14897 10.93853 -0.38925 272.78613 -19.65711 0.05339 9.9348 1.81944 0.342102 1.08048e-20 0.0334514 8.50539e-15 0.0455436 4.46289605968e+33 0 pwn_192
Perseus 0.16493 1.69576 0.00146 isolated 16.23150 10.19709 0.92676 0.00821 266.94462 -28.13980 0.09117 1.7038 1.81959 0.250346 3.42786e-20 0.106126 2.86698e-14 0.153517 3.46436379139e+33 0 pwn_193
Perseus 5.96264 -2.04924 0.00491 isolated 20.68275 8.78439 42.74817 0.03205 287.34173 8.74216 0.13485 6.3050 2.13012 0.120265 7.54499e-20 0.233591 5.6522e-14 0.302657 2.75309633407e+33 0 pwn_194
Norma 6.21334 -6.11313 -0.01928 isolated 22.43302 6.65606 68.98557 -0.16598 301.38720 31.49826 0.19303 8.7164 2.44632 0.396038 1.13974e-19 0.352861 6.24551e-14 0.334427 2.87040624648e+33 0 pwn_195
"Crux Scutum" 6.98884 -9.66851 -0.09932 isolated 31.08776 7.08654 99.49184 -0.80303 330.14279 54.10300 0.25125 11.9300 2.13441 0.235136 1.14762e-19 0.355301 7.98038e-14 0.427324 3.44983891347e+33 0 pwn_196
"Carina Sagittarius" 1.07450 6.88896 -0.03908 isolated 8.57553 15.42648 3.99406 -0.14514 268.84837 -25.58084 0.03184 6.9723 2.15601 0.309966 2.45925e-20 0.0761377 1.62192e-14 0.0868488 4.05622987779e+33 0 pwn_197
"Crux Scutum" 13.97568 8.87443 -0.01672 isolated 13.61027 22.29777 38.81258 -0.04296 285.58679 5.21212 0.03496 16.5552 2.00706 0.143526 1.15447e-20 0.0357421 9.2123e-15 0.0493289 3.32341565885e+33 0 pwn_198
"Carina Sagittarius" 3.62586 3.02687 -0.00696 isolated 15.70878 12.08369 17.46136 -0.03301 275.69660 -13.74853 0.07446 4.7232 1.72479 0.143436 3.70278e-20 0.114637 3.59952e-14 0.192743 4.59754127678e+33 0 pwn_199
"Carina Sagittarius" 0.21324 1.39024 0.01003 isolated 12.83776 9.89254 1.23514 0.05807 267.07674 -27.85001 0.07433 1.4065 2.08902 0.146886 5.24411e-20 0.162356 3.96016e-14 0.212054 2.69374194672e+33 0 pwn_200
Perseus 6.18649 -1.89003 0.02940 isolated 5.82558 9.05346 43.10460 0.18603 287.36986 9.12943 0.03685 6.4688 2.00354 0.145785 1.21635e-19 0.376578 9.71281e-14 0.52009 5.8272783227e+33 0 pwn_201
Norma -4.75430 -0.02516 -0.02270 isolated 20.58451 9.71735 -29.29201 -0.13384 242.12229 -52.04582 0.12132 4.7544 1.82331 0.141476 3.71801e-20 0.115109 3.36975e-14 0.180439 2.58830054631e+33 0 pwn_202
Norma 11.43104 3.80329 -0.02095 isolated 0.10000 16.79405 42.89531 -0.07147 287.50336 8.82493 0.01000 12.0471 1.78861 0.395643 2.53934e-20 0.0786174 1.9715e-14 0.105568 1.107976154e+34 0 pwn_203
"Crux Scutum" 1.27107 4.46189 -0.16168 isolated 10.68352 13.02506 5.60063 -0.71123 270.27568 -24.47229 0.04698 4.6394 1.95903 0.205638 2.44158e-20 0.0755907 1.92454e-14 0.103053 2.94292687223e+33 0 pwn_204
Norma -2.83356 -4.49057 -0.12519 isolated 11.47262 4.91124 -35.24983 -1.46071 235.71175 -56.88662 0.13379 5.3098 1.87391 0.157541 3.22967e-19 0.999898 2.78922e-13 1.49354 5.5609397602e+33 0 pwn_205
Perseus -2.46053 10.82050 -0.03313 isolated 22.03812 19.47658 -7.25775 -0.09746 261.89196 -35.10677 0.06481 11.0967 2.40435 0.227364 2.8659e-20 0.0887275 1.72416e-14 0.0923231 4.53654660183e+33 0 pwn_206
"Carina Sagittarius" -8.46415 1.42073 0.03272 isolated 3.95308 13.04085 -40.47009 0.14374 225.89836 -58.40339 0.01736 8.5826 2.14846 0.250805 3.56178e-20 0.110272 2.43508e-14 0.130391 3.68691828742e+33 0 pwn_207
"Crux Scutum" -7.29327 -2.46993 0.01481 isolated 11.45173 9.46329 -50.41608 0.08970 207.16386 -62.04081 0.06931 7.7002 1.89551 0.238185 7.61165e-20 0.235655 6.11194e-14 0.327275 5.74037576126e+33 0 pwn_208
Perseus 4.05714 8.23302 0.03875 isolated 11.31721 17.21789 13.62909 0.12894 273.66695 -17.04774 0.03765 9.1784 2.06759 0.236854 6.95102e-20 0.215202 5.02252e-14 0.26894 1.35614368946e+34 0 pwn_209
"Carina Sagittarius" 3.23805 5.14499 0.03856 isolated 6.40380 14.02399 13.34975 0.15753 273.50092 -17.27944 0.02615 6.0791 2.24492 0.316309 3.97842e-20 0.123171 2.49349e-14 0.133519 4.86194806046e+33 0 pwn_210
Norma -0.88755 -0.45590 0.06238 isolated 14.23245 8.09316 -6.29627 0.44160 261.99662 -34.00787 0.10072 0.9978 1.95135 0.302636 1.78356e-19 0.552186 1.32784e-13 0.711016 1.07082704074e+34 0 pwn_211
"Crux Scutum" -1.23970 0.39394 0.02903 isolated 15.44374 8.97997 -7.93516 0.18519 261.14054 -35.51021 0.09850 1.3008 2.14045 0.198212 6.26922e-20 0.194094 4.43969e-14 0.237731 2.76748942565e+33 0 pwn_212
"Crux Scutum" -7.13685 -1.13866 0.15802 isolated 26.40884 10.25421 -44.11291 0.88297 218.93634 -59.33953 0.14750 7.2271 2.33215 0.155263 9.85155e-20 0.305002 6.39931e-14 0.342663 4.11281655913e+33 0 pwn_213
"Carina Sagittarius" 1.88724 -1.92760 0.07979 isolated 15.76723 6.83846 16.02123 0.66857 274.35750 -14.68722 0.13205 2.6976 1.89604 0.309818 5.47591e-20 0.169533 4.19661e-14 0.224715 2.60196099433e+33 0 pwn_214
Norma 2.03134 0.82961 0.00951 isolated 7.88651 9.54820 12.28335 0.05708 273.05659 -18.26344 0.04731 2.1942 2.35341 0.198079 8.8976e-20 0.275467 5.58175e-14 0.298885 3.40192347218e+33 0 pwn_215
"Crux Scutum" 14.49319 7.83316 0.00969 isolated 16.91490 21.83632 41.58418 0.02542 286.80590 7.70597 0.04437 16.4746 1.96141 0.393225 9.18324e-21 0.0284311 6.45925e-15 0.0345872 5.08319687245e+33 0 pwn_216
Norma 11.08076 7.29631 -0.13401 isolated 12.75609 19.29572 35.04880 -0.39791 284.17933 1.70233 0.03786 13.2672 1.78833 0.318978 1.50083e-20 0.0464654 1.22242e-14 0.0654567 6.88613501474e+33 0 pwn_217
Norma -1.34171 3.47116 0.28441 isolated 2.36456 12.04947 -6.39496 1.35249 261.02154 -33.58027 0.01124 3.7214 2.1887 0.215798 3.73737e-20 0.115708 2.5466e-14 0.136362 2.89742785704e+33 0 pwn_218
"Carina Sagittarius" -0.32535 0.29964 -0.06676 isolated 18.04660 8.80591 -2.11742 -0.43437 265.55103 -30.96712 0.11738 0.4423 1.86591 0.399952 2.8226e-20 0.087387 2.08873e-14 0.111845 3.02217438328e+33 0 pwn_219
Perseus -15.33809 -2.67008 0.03274 isolated 12.40426 16.40872 -69.18849 0.11431 167.72817 -60.37014 0.04330 15.5688 2.05545 0.140234 1.87648e-20 0.0580953 1.45434e-14 0.0778753 2.72960652783e+33 0 pwn_220
Norma -3.47927 -3.63178 0.05132 isolated 15.47124 5.98394 -35.55300 0.49139 233.19923 -55.49063 0.14808 5.0294 2.21644 0.196946 5.65084e-19 1.74949 3.83032e-13 2.05101 1.00223012183e+34 0 pwn_221
"Crux Scutum" 3.58797 2.26826 -0.01466 isolated 16.90456 11.35029 18.42799 -0.07399 276.19911 -12.91369 0.08530 4.2448 1.97364 0.258496 2.67143e-20 0.0827068 2.01594e-14 0.107947 2.72441046304e+33 0 pwn_222
"Crux Scutum" -4.29753 -7.83961 -0.04662 isolated 22.97831 4.34823 -81.26385 -0.61428 147.61576 -54.75033 0.30266 8.9403 2.15491 0.137228 7.83165e-19 2.42466 5.71179e-13 3.05848 7.02173963963e+33 0 pwn_223
"Crux Scutum" 3.04969 1.07779 -0.08110 isolated 18.05100 10.05193 17.66214 -0.46228 276.18390 -13.77222 0.10285 3.2345 2.29969 0.279917 5.23009e-20 0.161922 3.24111e-14 0.173551 2.8058983687e+33 0 pwn_224
"Crux Scutum" 1.48169 4.53213 0.03435 isolated 4.95695 13.11613 6.48641 0.15006 269.93897 -23.27580 0.02165 4.7682 1.70399 0.316913 1.35639e-20 0.0419937 1.16792e-14 0.0625383 3.26939253803e+33 0 pwn_225
"Carina Sagittarius" 7.00484 -15.74632 -0.00499 isolated 30.59570 10.07854 135.97077 -0.02836 39.76139 60.09072 0.17387 17.2341 1.96033 0.226664 4.82557e-20 0.149398 3.74746e-14 0.200665 3.65601279769e+33 0 pwn_226
Norma 7.17174 -5.12404 0.02786 isolated 9.91922 7.92665 64.79221 0.20138 298.48598 28.12389 0.07167 8.8142 2.12442 0.291527 6.26135e-20 0.19385 4.24351e-14 0.227226 2.72552584379e+33 0 pwn_227
"Carina Sagittarius" 0.14720 7.25649 0.08872 isolated 0.41975 15.75743 0.53525 0.32261 266.40898 -28.31124 0.01000 7.2580 2.1263 0.362241 1.84982e-20 0.05727 1.20757e-14 0.0646616 3.7970829207e+33 0 pwn_228
Perseus 3.75026 -5.60475 -0.06136 isolated 17.96346 4.73821 52.33133 -0.74199 292.66292 16.83886 0.21714 6.7437 2.19043 0.387724 1.56731e-19 0.485236 9.77296e-14 0.523311 2.82842046719e+33 0 pwn_229
Norma 10.12936 1.23305 0.09099 isolated 7.75577 14.04794 46.14306 0.37113 288.63371 11.90838 0.03162 10.2041 2.03552 0.225023 3.74664e-20 0.115995 2.78017e-14 0.148869 4.94654686545e+33 0 pwn_230
Norma -2.84914 2.04556 -0.00974 isolated 29.85229 10.92367 -15.11889 -0.05108 256.01375 -41.47737 0.15652 3.5074 2.15963 0.316489 4.18735e-20 0.129639 2.74698e-14 0.147092 3.50110011124e+33 0 pwn_231
Norma -4.19651 16.97705 -0.02468 isolated 21.50999 25.82036 -9.35361 -0.05477 260.39180 -36.81567 0.04771 17.4880 2.3981 0.330936 2.94455e-20 0.0911625 1.69554e-14 0.0907905 1.02496244518e+34 0 pwn_232
Perseus -7.79634 9.41075 0.10845 isolated 15.34043 19.53432 -23.52291 0.31810 247.99533 -47.66484 0.04498 12.2207 1.7971 0.312208 1.3864e-20 0.0429227 1.12798e-14 0.0603999 6.30698629265e+33 0 pwn_233
"Carina Sagittarius" -6.04253 5.67510 0.19781 isolated 24.37914 15.41054 -23.08747 0.73548 247.98456 -47.06173 0.09061 8.2897 1.98497 0.260383 8.09511e-20 0.250623 6.05969e-14 0.324477 1.50432922766e+34 0 pwn_234
Norma -1.46900 1.59529 -0.04610 isolated 17.94826 10.20171 -8.27919 -0.25893 261.35536 -36.04428 0.10076 2.1686 2.1721 0.15154 8.12532e-20 0.251558 5.81038e-14 0.311128 4.03868363804e+33 0 pwn_235
Norma 9.12525 -3.29736 0.01880 isolated 0.10000 10.50419 60.31093 0.10257 296.04891 24.21101 0.01000 9.7027 1.57963 0.18073 2.12298e-20 0.0657268 2.22684e-14 0.11924 2.71472945743e+33 0 pwn_236
