sky_model/pwn/ctadc_skymodel_gps_sources_pwn.ecsv
# %ECSV 0.9
# ---
# datatype:
# - {name: x, unit: kpc, datatype: float64, description: Galactocentric x coordinate}
# - {name: y, unit: kpc, datatype: float64, description: Galactocentric y coordinate}
# - {name: z, unit: kpc, datatype: float64, description: Galactocentric z coordinate}
# - {name: spiralarm, datatype: string}
# - {name: GLON, unit: deg, datatype: float64, description: Galactic longitude}
# - {name: GLAT, unit: deg, datatype: float64, description: Galactic latitude}
# - {name: RA, unit: deg, datatype: float64}
# - {name: DEC, unit: deg, datatype: float64}
# - {name: distance, unit: pc, datatype: float64, description: Distance observer to
#     source center}
# - {name: sigma, unit: deg, datatype: float64, description: Angular size}
# - {name: size_physical, unit: pc, datatype: float64, description: Physical size}
# - {name: spec_alpha, datatype: float64, description: Spectral model parameter (log
#     parabola)}
# - {name: spec_beta, datatype: float64, description: Spectral model parameter (log
#     parabola)}
# - {name: spec_norm, unit: 1 / (cm2 MeV s), datatype: float64, description: Spectral
#     model norm parameter (log parabola)}
# - {name: spec_norm_cu, unit: '%', datatype: float64, description: Spectral model norm
#     parameter (log parabola) in crab units}
# - {name: int_flux_above_1TeV, unit: 1 / (cm2 s), datatype: float64, description: 'Integral
#     flux above 1 TeV '}
# - {name: int_flux_above_1TeV_cu, unit: '%', datatype: float64, description: Integral
#     flux above 1 TeV in crab units}
# - {name: source_name, datatype: string, description: source name}
x y z spiralarm GLON GLAT RA DEC distance sigma size_physical spec_alpha spec_beta spec_norm spec_norm_cu int_flux_above_1TeV int_flux_above_1TeV_cu source_name
[from data line 244]
-7.30566946433 -2.33952577476 -0.0259086275182 "Crux Scutum" -49.8608835315 -0.155336287321 208.438730452 -62.1519115146 9556.40728824 0.120048695138 20.0230438213 1.32628477644 0.244748604903 4.76242748958e-21 0.0147443575529 5.73698646322e-15 0.0307197274304 pwn_244
-2.71160861982 4.20329683157 0.0123812938826 "Crux Scutum" -12.0493563768 0.0546130953223 258.304514618 -38.9525112471 12989.4851705 0.0701879605228 15.9122702607 1.81874718417 0.3896954782 1.05022502746e-20 0.0325147067325 8.03666478702e-15 0.0430337692601 pwn_245
-8.13774873556 8.59847074297 0.122564974053 Perseus -25.4513792331 0.37084251403 245.927449267 -49.0187045512 18936.6226768 0.0447069723483 14.7759441514 2.00362231888 0.389415625778 2.32167135007e-22 0.000718783699711 1.59825146727e-16 0.000855812537723 pwn_246
-9.92792494243 -5.55871220182 0.0739134404197 "Carina Sagittarius" -73.4973341988 0.408988566206 160.345590063 -58.2522549738 10354.7250456 0.148654620306 26.8655245989 1.95343013377 0.48790184366 3.85437399244e-19 1.19330464162 2.59646880821e-13 1.39032599399 pwn_247
4.92459300898 1.82590822113 0.0420528764202 "Carina Sagittarius" 25.4972309338 0.210613585597 279.265907381 -6.51619358475 11440.1820501 0.0115412590402 2.30442987974 2.19983946522 0.191359099079 4.63143360055e-20 0.143388037169 3.17997564538e-14 0.170277524076 pwn_248
-7.24550615965 -0.344681516567 0.153019075819 "Crux Scutum" -41.6191491156 0.803626484475 223.372237468 -58.3589731693 10910.0867968 0.0249017311577 4.74171165372 2.40412516425 0.195994663405 3.20840542468e-20 0.0993314372965 1.96046128665e-14 0.104976431006 pwn_249
-4.23658661895 -1.35819384117 0.0559280816669 Perseus -30.6768168413 0.385892255961 239.862672256 -52.574478664 8304.0465642 0.0304095816351 4.40735090355 2.25200070781 0.000909747390265 2.35577432542e-19 0.729341896414 1.77508330603e-13 0.950500331091 pwn_250
1.80815780031 1.17654527719 -0.0379375323175 Perseus 10.5842189502 -0.220808887876 272.447643743 -19.8861179501 9844.1049562 0.134238512369 23.0638353134 1.91333235847 0.414958682598 4.31363882118e-21 0.013354918951 3.08143019845e-15 0.0165000730608 pwn_251
1.80446800379 4.69647841152 0.0292211633564 "Crux Scutum" 7.78625668176 0.125701013014 270.659965064 -22.1587064896 13319.3093334 0.0480748528439 11.1757618431 1.64316957285 0.323314222034 1.25475319464e-20 0.0388468481312 1.11962119409e-14 0.0599521336301 pwn_252
3.43449537467 0.0888908779672 0.0512769602549 "Crux Scutum" 21.7953077726 0.317609053398 277.444512515 -9.75119568343 9250.2667161 0.121863323267 19.6745720636 2.26708923617 0.384961059366 1.16412738922e-18 3.60410956415 6.98977728537e-13 3.74280215549 pwn_253
1.27878035389 4.76572774181 -0.0361310416855 "Crux Scutum" 5.50614540334 -0.155332546227 269.694582828 -24.2778815478 13327.2696816 0.0803965827106 18.7006381898 1.5485469781 0.235311599972 5.05953402266e-20 0.156641920206 5.17390232447e-14 0.277045919802 pwn_254
-1.48161055418 -6.85141225803 0.0122683009204 Norma -41.9465100739 0.317123723858 223.232355256 -58.9408179175 2216.56533592 0.322886298202 12.4914288385 2.29591118502 0.46009674432 1.41128341357e-19 0.436929849402 8.09800902069e-14 0.433622480094 pwn_255
-3.41702552231 -4.61087919581 -0.0811357913965 Norma -41.3029051907 -0.897886476293 225.456724923 -59.7175422103 5177.63527745 0.184174796702 16.6433412223 2.04346527536 0.0145568989164 1.20881391072e-19 0.374245792793 1.04053143954e-13 0.55717130257 pwn_256
2.36935103103 -6.93149418009 -0.033218148574 Norma 56.4955175395 -0.669781215863 294.731344046 20.5137999453 2841.67877507 0.400809494423 19.8791328471 1.74724950362 0.0576405913689 1.02627103509e-19 0.317730970615 1.06231927314e-13 0.56883799054 pwn_257
4.87451752057 -6.11623959079 0.0310460747476 Norma 63.9402157718 0.327817271648 297.869216651 27.4574339484 5426.25087935 0.298885211152 28.3064627958 2.18617719374 0.188008667486 4.33720890435e-19 1.34278913447 3.00780253572e-13 1.61058204781 pwn_258
4.7676538908 -4.40626421085 0.106880613075 Perseus 49.3490332156 0.974407344218 289.621511367 15.025768539 6284.95185337 0.163170627025 17.898740813 2.0991371692 0.0425529540568 8.58417758977e-21 0.0265764012067 6.94551834311e-15 0.0371910290762 pwn_259
0.43186475354 -7.20039766885 0.00209969939504 Norma 18.3819211465 0.0878463987907 276.03026915 -12.8787003826 1369.48084807 0.795005072014 19.0033909343 2.08902081213 0.0439439409825 1.93105041186e-20 0.0597848424725 1.57159512344e-14 0.0841538918255 pwn_260
3.80026797768 -4.23849200349 -0.00604909358217 Perseus 41.7254947364 -0.0606998205717 286.948693321 7.7917958449 5709.86196839 0.034444241993 3.43257204544 2.07473301104 0.283436339675 7.17416879434e-19 2.22110488989 5.023863022e-13 2.69011795082 pwn_261
-1.71921115902 6.07348841428 0.00604517346526 "Carina Sagittarius" -6.72799645933 0.0236029752188 262.127683203 -34.5989542051 14674.5455846 0.111772784271 28.6271853273 2.22585723253 0.108061009785 1.5592085882e-19 0.482727117091 1.10926916635e-13 0.593978156573 pwn_262
2.07068527448 -4.72132823801 -0.0463781144023 Perseus 28.7224281715 -0.616678251832 281.487158882 -4.02732125225 4309.08908243 0.219976899065 16.5440582134 2.37733020659 0.313267605279 2.25146711704e-18 6.97048643046 1.32001332728e-12 7.06824913717 pwn_263
2.58452194763 -1.08542317337 -0.00215167698689 "Carina Sagittarius" 19.2171800025 -0.0157004850151 276.523867474 -12.1886156424 7852.11486451 0.177510289606 24.3270212052 2.24898455955 0.464699911073 6.03280938611e-20 0.1867742844 3.53408211784e-14 0.189238793001 pwn_264
3.95641340598 -4.78951434404 0.0947555668579 Perseus 46.8372215896 1.00081806594 288.39259379 12.8154737849 5424.93220783 0.0309682904478 2.93216872271 2.40363995695 0.411941104852 2.09894005734e-20 0.0649826643139 1.16624336596e-14 0.0624486018045 pwn_265
-5.78395069447 6.2566929791 -0.0631660833805 "Carina Sagittarius" -21.4029145463 -0.2283401593 250.677261543 -46.4581835765 15849.8600394 0.0487678300036 13.4907574906 2.08675808435 0.124215193777 2.0479499047e-20 0.0634040218173 1.57300251743e-14 0.0842292532721 pwn_266
-3.46124134346 -1.58270911049 -0.0874774718424 Perseus -26.5822500157 -0.647953869984 245.817432709 -50.5391413982 7735.42223772 0.0653322207268 8.8204146339 2.58553779727 0.0448314630557 5.75547353889e-20 0.17818803526 3.44829267638e-14 0.184645042825 pwn_267
-9.32102307843 8.3502068801 -0.0032912729581 Perseus -28.9500371891 -0.0097928760716 242.394889552 -51.7232959402 19256.4522684 0.0270920129674 9.10531452534 2.27133294664 0.475096234108 9.31123012228e-24 2.88273378399e-05 5.37390860028e-18 2.87755616114e-05 pwn_268
1.40972284646 -3.99717001365 0.0642827710433 Perseus 17.3840261877 0.780549584265 274.920671553 -13.4338141723 4718.78465969 0.29198248692 24.0473978902 1.9368917911 0.497247965687 7.67243107068e-20 0.237536565656 5.19095127131e-14 0.277958836371 pwn_269
9.27287960858 -8.30988728741 -0.098918712018 "Crux Scutum" 88.825485639 -0.611052806659 317.47485968 47.0545684033 9275.35573389 0.119052017084 19.2728226731 1.77183148298 0.187247449733 2.81682842207e-19 0.872083102809 2.55134222576e-13 1.36616215254 pwn_270
2.46387247259 2.62849481573 0.00267236410341 "Crux Scutum" 12.4840233912 0.0134335305976 273.198311001 -18.1083735274 11397.985417 0.0705131612161 14.0273576142 2.16173904112 0.230338630571 4.33084356283e-20 0.134081844051 2.97249409268e-14 0.159167550596 pwn_271
-9.4007175454 -5.78384165993 -0.0445987096965 "Carina Sagittarius" -73.8843569994 -0.261138103329 159.076108748 -58.6493444186 9785.34595922 0.0105453380536 1.80100145515 1.70804354312 0.072666830665 5.96670402371e-19 1.84727678753 6.27764544005e-13 3.36147833116 pwn_272
-3.24025703757 15.8849694581 -0.0428742689102 Norma -7.56908058745 -0.0998610235434 261.682070663 -35.3666596249 24599.3463195 0.0675206907433 28.9893189051 1.80798720973 0.355090396389 5.21574949001e-20 0.161478312384 4.10153144256e-14 0.21962388925 pwn_273
2.77045755173 9.20569181025 0.123591883973 Perseus 8.89311487375 0.395130242571 270.993777465 -21.0626280012 17921.5577582 0.0924151541885 28.9065787022 2.17172612411 0.210916803426 1.22283867298e-20 0.0378587824454 8.43819969769e-15 0.0451838602685 pwn_274
-2.75103122397 1.31366876485 0.0459724699844 Perseus -15.6595910036 0.258439776677 255.244191121 -41.716027794 10192.0744154 0.043271038957 7.69728131247 1.91763376612 0.401507572627 4.06428831032e-19 1.25829359452 2.91721774482e-13 1.5620767898 pwn_275
2.68766056357 2.6877306181 -0.0137948042729 "Crux Scutum" 13.5083480655 -0.0686929687297 273.788376807 -17.248185472 11506.0430203 0.013332162555 2.67734272898 1.82000512793 0.288648355712 5.75465629523e-22 0.00178162733598 4.68704946785e-16 0.00250976506617 pwn_276
2.04455103728 1.03228403029 0.0150894111048 Perseus 12.1057833117 0.0886810424002 272.937462606 -18.403946266 9749.09511024 0.0975840668084 16.6043166972 2.08965748617 0.0213919045833 8.64548107139e-19 2.67661952675 7.16093543098e-13 3.83445186766 pwn_277
0.212630977749 -14.5210141134 0.00778868440357 "Carina Sagittarius" 177.977450872 0.0740706589938 85.2531698866 30.6961948161 6024.77248953 0.272027004685 28.6044302493 2.12180336973 0.167477270252 1.91912028943e-19 0.59415488837 1.40092656134e-13 0.750151362395 pwn_278
-7.59729828617 -1.30714612805 0.110712020085 "Crux Scutum" -46.5663925734 0.606291159806 214.57006812 -60.4826277961 10462.7121352 0.150243260219 27.4358006519 2.03824979243 0.404298085335 1.6343477478e-20 0.0505990014798 1.09569033384e-14 0.0586707126108 pwn_279
7.00284923223 -4.84428711887 -0.0916884248801 Norma 62.4339906448 -0.664983643394 297.962305589 25.6553909699 7900.16080886 0.131675452845 18.1559460802 1.98673592428 0.344056940692 3.57985375469e-20 0.110831385594 2.54906056262e-14 0.136494039492 pwn_280
-1.14314931491 2.01351152438 0.00195342197019 Norma -6.20547480522 0.0105832420278 262.490804298 -34.1707053233 10575.4772349 0.0549756913203 10.1472456678 2.35639281861 0.316265973689 3.69426310481e-20 0.114373470737 2.18596266284e-14 0.117051308393 pwn_281
-4.0733694619 4.40595290711 0.0606230946456 "Crux Scutum" -17.5167084781 0.256653566108 253.680307397 -43.1711093188 13533.6482285 0.0461447339751 10.8996986785 2.20272820539 0.336252321158 1.22534384986e-20 0.037936342101 7.7778424249e-15 0.0416478583 pwn_282
-1.41238917688 0.853420329661 0.0927009265425 "Carina Sagittarius" -8.58692836009 0.561470090312 260.304580785 -35.83454464 9459.91059747 0.164016042959 27.0802030153 2.03297216634 0.302518437812 6.87534960288e-20 0.212859120832 4.87919351389e-14 0.261265205675 pwn_283
3.90240482674 -12.012668112 -0.14537638542 "Crux Scutum" 131.991298646 -1.58601054013 31.2015731305 59.9889398695 5252.49797621 0.16918634168 15.5099294863 2.83929658005 0.320562163294 2.5648557021e-19 0.794072972786 1.21191716336e-13 0.648942875588 pwn_284
12.2382398134 0.392703298576 -0.00865811579224 "Crux Scutum" 53.9966245884 -0.0327918614439 292.85090227 18.6399583576 15127.9463461 0.0198263519715 5.23480094667 2.15814952108 0.31021055232 1.39610765208e-21 0.00432231471232 9.19564042243e-16 0.00492397130681 pwn_285
1.40818830571 -0.730787157846 -0.000647533671405 Norma 10.2734625779 -0.00469882025095 272.086316891 -20.0532813031 7895.80033374 0.0622376623228 8.57683327458 2.4396015401 0.266713969752 3.06787958165e-19 0.949807920015 1.77968169963e-13 0.952962623776 pwn_286
-3.83457551469 -0.820434811644 0.021224593031 Norma -26.5339635225 0.141673042748 244.998496194 -49.9462214963 8583.71372679 0.0626446376861 9.38505166097 1.93170569906 0.378873562714 9.0697674087e-21 0.0280797752591 6.53813260515e-15 0.0350096087591 pwn_287
0.257873414779 6.52851347188 0.0435405431737 "Carina Sagittarius" 0.983038577233 0.165972184516 266.824649742 -28.009987914 15030.7887901 0.0191324758762 5.01915179546 1.69111771584 0.184746281761 1.57758273024e-19 0.488415705957 1.51696198287e-13 0.812284619019 pwn_288
5.12045320472 0.280680863305 0.0203917613397 "Carina Sagittarius" 30.2485950943 0.11494388109 281.532853449 -2.33548830931 10164.6354223 0.0828105559872 14.6911291547 1.86247304531 0.23761916932 3.208598709e-20 0.0993374213311 2.63291445882e-14 0.140984147411 pwn_289
3.32402643073 -0.114545653394 -0.00457197708718 "Crux Scutum" 21.6235654535 -0.0290407505174 277.675583146 -10.0640030277 9020.2559395 0.175292448979 27.5969312376 2.01959706498 0.20072477846 8.05609695815e-20 0.249414766506 6.13174829089e-14 0.328335507458 pwn_290
-1.07254818943 -6.33086049736 -0.0291098450079 Norma -26.3104578584 -0.689221200168 246.16330984 -50.3746008102 2419.99445943 0.486598637453 20.5528981152 1.95101753708 0.104605245561 8.41039315327e-21 0.0260383688956 7.17786448133e-15 0.0384351683261 pwn_291
-6.27361316994 6.59382676665 -0.0204959251208 "Carina Sagittarius" -22.5697733367 -0.0718433329012 249.37355168 -47.2268851786 16345.7104083 0.0124931868183 3.56413716298 2.5009158547 0.16094448125 1.97690001293e-21 0.00612043347657 1.16765519204e-15 0.00625242005751 pwn_292
0.71704151803 0.740787785551 0.103129760731 "Carina Sagittarius" 4.43699123998 0.637494136757 268.349975239 -24.8028239934 9269.13929034 0.010236102218 1.65596592043 2.06398766337 0.027507538805 7.43965398507e-19 2.30329844739 6.24307694385e-13 3.34296800718 pwn_293
-0.620241346801 -6.99615696098 -0.00769260831134 Norma -22.413089864 -0.270943125442 249.745897194 -47.2433992607 1626.74595144 0.330002594794 9.36956135061 2.23844066323 0.162763816961 4.90002441164e-19 1.51703542156 3.34501975499e-13 1.79115108221 pwn_294
6.3007840563 -1.53702412691 0.0499643414927 Perseus 42.1418872798 0.304850198624 286.814467413 8.32970474596 9390.70866169 0.0721921238605 11.8322076663 2.08605565319 0.195291546467 1.80156551831e-20 0.0557760222387 1.32069694458e-14 0.0707190968915 pwn_295
9.91746274991 2.4416528975 0.145945252738 Norma 42.1890139353 0.566232370883 286.601739869 8.49174367437 14768.1121184 0.0916705531026 23.6283051362 1.96993370018 0.0466920488244 1.53384637165e-20 0.0474875037663 1.35466702427e-14 0.072538085999 pwn_296
-1.06102159731 -15.7228275273 0.0458918357437 "Carina Sagittarius" -171.643112733 0.36017129008 91.4188451327 21.9002244604 7300.48699606 0.227978776849 29.048647099 2.11139880404 0.110227564856 2.88973351768e-18 8.94654339839 2.20604462578e-12 11.8126633273 pwn_297
-3.95430040385 -3.25101000294 0.00675701455517 Norma -36.9923598792 0.0589106532064 231.511718191 -56.6619908773 6571.79072479 0.10933663479 12.5408600895 2.61421544093 0.124770873721 6.22413624295e-19 1.926977165 3.5268707423e-13 1.88852646908 pwn_298
-4.61330496396 10.1188173829 -0.0366766690295 Perseus -13.9162763855 -0.109552363176 257.036920623 -40.5533922258 19181.8739597 0.0629133755627 21.0625797518 1.86961542248 0.113735104104 2.70058083061e-19 0.836093136413 2.4229172022e-13 1.29739466034 pwn_299
0.971987334524 2.73293909972 -0.0228960875165 Perseus 4.94549098111 -0.116350990104 269.349346661 -24.7439051656 11274.9370033 0.151654189202 29.8433049899 2.33009713517 0.175110850762 3.25256669009e-20 0.100698659136 2.09222590355e-14 0.112032004768 pwn_300
-16.2491839558 1.3411133625 -0.00167667380416 Perseus -58.7993350171 -0.0050569388552 189.066459862 -62.8257926323 18996.9338119 0.0685933858791 22.7427682299 1.79219782451 0.072438052535 2.17555042557e-20 0.0673545023398 2.14365076941e-14 0.114785641843 pwn_301
4.38332579586 -10.5796960188 -0.078425238267 "Crux Scutum" 115.382290201 -0.926082334082 357.127490067 61.0199021822 4852.30162718 0.231717743586 19.6239674863 1.96211206732 0.365750678422 7.84709763576e-21 0.024294419925 5.59950158413e-15 0.0299835398799 pwn_302
14.2910018876 5.51831612508 -0.0792360659456 "Crux Scutum" 45.5518769525 -0.226782069128 288.893298577 11.1069487865 20018.7961748 0.0106576051498 3.72370232989 2.10107496179 0.171327427659 2.18578345468e-19 0.676713143864 1.61208200292e-13 0.863218347172 pwn_303
