sky_model/pwn/ctadc_skymodel_gps_sources_pwn.ecsv
# %ECSV 0.9
# ---
# datatype:
# - {name: x, unit: kpc, datatype: float64, description: Galactocentric x coordinate}
# - {name: y, unit: kpc, datatype: float64, description: Galactocentric y coordinate}
# - {name: z, unit: kpc, datatype: float64, description: Galactocentric z coordinate}
# - {name: spiralarm, datatype: string}
# - {name: GLON, unit: deg, datatype: float64, description: Galactic longitude}
# - {name: GLAT, unit: deg, datatype: float64, description: Galactic latitude}
# - {name: RA, unit: deg, datatype: float64}
# - {name: DEC, unit: deg, datatype: float64}
# - {name: distance, unit: pc, datatype: float64, description: Distance observer to
#     source center}
# - {name: sigma, unit: deg, datatype: float64, description: Angular extension (deg)}
# - {name: spec_alpha, datatype: float64, description: Spectral model parameter (log
#     parabola)}
# - {name: spec_beta, datatype: float64, description: Spectral model parameter (log
#     parabola)}
# - {name: spec_norm, unit: 1 / (cm2 s TeV), datatype: float64, description: Spectral
#     model norm parameter (log parabola)}
x y z spiralarm GLON GLAT RA DEC distance sigma spec_alpha spec_beta spec_norm
[from data line 253]
-4.01610061951 -0.538794989904 -0.0141875982661 Perseus -26.7690667708 -0.0911634354621 244.992733913 -50.2770879664 8916.84084678 0.0980671582855 1.78484408448 0.0523680533406 9.65223617632e-06
0.708182288336 2.68542073253 0.0198580213576 Norma 3.62273093588 0.101516614279 268.403889616 -25.7764168962 11207.8344678 0.199153875107 1.79962603846 0.0582793062148 4.93935623178e-07
-14.3172562975 -2.80437784418 0.0186981286463 Perseus -68.3065854588 0.0695277714286 169.363933431 -60.7349960523 15408.5784305 0.199474914366 1.61442925997 0.178819517424 1.60103687649e-07
9.30654409376 8.28014134138 0.0622129179054 Norma 29.0134755694 0.185767052895 280.904977439 -3.4019291521 19188.2457993 0.0574402621536 1.76828187247 0.00232741841859 1.68860371546e-07
-4.16205103088 0.491150549479 0.000524636567657 Norma -24.839667232 0.00303393497042 246.978146495 -48.8372028413 9907.74733541 0.05 1.92586493503 0.212426960601 7.9920080559e-07
-4.27899265935 -7.13256260571 0.00101774123779 "Crux Scutum" -72.2776833655 0.0129808472709 162.066093951 -59.1721262412 4492.17811778 0.05 1.70003454101 0.332098552541 3.30133037556e-09
-4.02209933402 0.399858268033 -0.0170640757249 Norma -24.3195652256 -0.100107234498 247.63462439 -48.5317475633 9766.52709137 0.191037937911 1.67747290892 0.200844092502 7.00800837408e-07
-5.65201454753 2.47174460167 -0.0111516118742 "Crux Scutum" -27.254930919 -0.051769664834 244.404567987 -50.5889461882 12341.9841358 0.05 1.90888142584 0.0428973002599 2.5757647817e-08
-0.266078736461 4.87414701426 0.00887939967935 "Crux Scutum" -1.13974952368 0.0380324364578 265.682638667 -29.8872511891 13376.7965185 0.0793183645701 1.55213871215 0.0313444310118 6.94773192598e-09
-1.49169734631 2.07107222294 0.0319236418285 Perseus -8.03204753292 0.171329952317 261.087615172 -35.5981080633 10675.8488203 0.0703685961549 1.86817408931 0.139058256382 1.66052806001e-07
0.103283017696 -10.0960107146 -0.0620742433972 "Crux Scutum" 176.297367583 -2.22265913124 81.946815632 30.862525083 1600.55327765 0.124743270373 2.02148688526 0.0846563452718 1.8481922218e-05
10.8324329216 -16.3011250249 -0.00913042957707 "Carina Sagittarius" 125.760064063 -0.0391887089433 19.0344934241 62.6968477742 13349.1287364 0.05 2.16718610625 0.482547486609 1.60433983336e-07
-1.96067905308 -0.059987136489 0.049164194324 "Crux Scutum" -13.0782734679 0.325095023183 257.235976922 -39.6217427869 8664.90026506 0.148877859679 1.77559685804 0.075615112487 4.41343811185e-07
1.17726166624 -4.69137510228 -0.0473255084417 Perseus 17.1765947923 -0.680164773263 276.148432806 -14.3032709757 3986.70394512 0.182389102383 2.16925125475 0.402731218702 6.18286658906e-07
6.78772402401 0.924379588731 0.15540349372 Perseus 35.7625776604 0.766591839423 283.468106015 2.86873827527 11615.3466717 0.138842208704 2.07929066935 0.293053970871 4.43380649007e-08
-3.98095567801 3.29794297045 -0.0509728423382 "Crux Scutum" -18.6458325086 -0.234551343622 253.220156944 -44.3567630781 12451.5888414 0.0989113828302 1.5310225871 0.284643459992 8.37742117466e-08
-1.8235728364 15.624765323 -0.0133599485425 Norma -4.32272435053 -0.0316393159815 263.764693603 -32.6165177237 24193.5920911 0.139740016627 1.47115660187 0.256040357962 6.3901252103e-08
2.81630077181 5.13406188053 0.0445322201413 "Carina Sagittarius" 11.6710737847 0.183272417085 272.629058233 -18.739287535 13921.9674083 0.169904634564 1.71765981778 0.485881538057 6.35050883824e-07
-3.82305908132 -0.298733707004 -0.00622958193904 Norma -24.992802452 -0.0394458846344 246.863171715 -48.9770026682 9048.56830419 0.05 2.077812583 0.181922387546 1.39387759807e-06
2.66307565553 3.46184325299 -0.0514887169803 "Crux Scutum" 12.5511181342 -0.240729587558 273.466893054 -18.1712742252 12254.8079154 0.325591230825 1.78048250796 0.393957875477 1.08071440965e-06
-1.49697467811 3.41125667858 -0.0450527328729 Norma -7.16322303726 -0.215021140296 262.075625445 -35.093461632 12005.0405496 0.169009332269 1.63782245943 0.277647053733 2.49497054632e-08
3.15438468506 8.73366341446 0.0177179578877 Perseus 10.3723874227 0.0579432469025 272.079134744 -19.9363856303 17519.9774929 0.0647591417613 2.21910565861 0.197816833813 2.89459175034e-08
2.40831098958 3.23653091504 -0.0233058207834 "Crux Scutum" 11.5960049619 -0.111452742213 272.863674545 -18.9471229004 11981.0960644 0.0909046624812 1.87746421176 0.477732966653 3.38613239508e-08
-10.3338272106 -2.61221354371 0.0181180744339 "Carina Sagittarius" -60.3273022936 0.0872824036761 185.761851964 -62.604668064 11893.457968 0.179374177735 1.17343954554 0.299157984682 4.47427768216e-08
4.86729484177 2.35380114839 0.0374680252265 "Carina Sagittarius" 24.1534437223 0.180472317931 278.669974097 -7.72324957413 11895.2495686 0.118389606097 1.8856333691 0.059458471073 6.61415803087e-08
2.98146272157 0.727146843531 0.00091251293777 "Crux Scutum" 17.9066094291 0.00539175220273 275.876490167 -13.337272345 9696.87370573 0.05 1.94041096593 0.208769600498 3.18621972074e-08
-3.51412599121 15.820735789 -0.00590884223674 Norma -8.22181882054 -0.0137772159201 261.144575888 -35.8591436069 24573.3047373 0.336449286136 1.86091433671 0.390790863841 5.07485210764e-08
4.33337368444 13.6727651857 -0.0224992617308 Norma 11.0583155668 -0.0570599413692 272.538707222 -19.3919276364 22592.2586229 0.118945934277 1.92142226706 0.34687351162 1.21299767508e-08
-7.21742898782 -1.13523335148 0.030811620236 "Crux Scutum" -44.4211064592 0.171200798639 218.926026421 -60.1151432977 10311.7417703 0.232017271172 1.78183558559 0.458170164918 5.04949016669e-09
9.83681775614 1.38757998097 0.0954349392026 Norma 44.8525453168 0.392042422407 288.004417265 10.7747481696 13947.6280878 0.0607950152216 1.4440331152 0.129688692071 6.47163819051e-08
1.44485846677 -6.35244843759 -0.0214529123728 Norma 33.9324047795 -0.474869978463 283.73836053 0.673823997667 2588.44623851 0.283637705425 1.69990991913 0.379096858177 2.18620962329e-06
-0.671039378922 -1.32172004635 0.0205614639209 Norma -5.34059852746 0.163405141491 262.908960793 -33.364149147 7209.6060721 0.158634368889 1.5446837352 0.229937603697 3.72809722565e-07
-5.18225670398 9.1469386157 -0.18764879008 Perseus -16.3655732866 -0.58454970399 255.558535685 -42.7906900354 18393.081284 0.190884383448 1.54815995409 0.286804873483 7.95471894672e-09
2.33179126783 3.70153293771 -0.00970820478914 "Crux Scutum" 10.8191390446 -0.0447772981329 272.404653586 -19.5953655997 12422.3488438 0.05 1.45897154574 0.477523340503 4.54098496293e-07
7.14442510215 3.53815507922 0.000646873860546 Perseus 30.688356853 0.00264763755364 281.833675263 -1.99543494629 13998.5709331 0.251114528968 1.92217205501 0.489643159995 5.53271126918e-07
7.17510816881 0.152713333462 0.0283875702921 Perseus 39.6666144224 0.144696996142 285.812317839 6.05723770315 11240.6597279 0.198981816453 1.82643195926 0.430795481963 4.14437540749e-07
-4.41886451568 3.40571994021 0.00948686646602 "Crux Scutum" -20.3626472174 0.0428021060281 251.36198312 -45.494203301 12699.3157652 0.260184622956 1.67899535208 0.179548543865 2.38406821674e-08
-10.6566065792 -1.6086963139 -0.168892434337 "Carina Sagittarius" -57.1104786055 -0.76246925312 192.764003773 -63.6341853952 12691.8026667 0.0671912440358 1.62467875951 0.443850417864 5.80458984353e-08
-2.77042207143 -9.1538106709 -0.064242529563 "Crux Scutum" -103.278661206 -1.29287483618 125.118120772 -38.7565075122 2847.25024363 0.0818972881539 1.79367576164 0.319304588821 1.57055520419e-05
-2.26865203151 -8.63760119766 0.0160299586401 "Crux Scutum" -93.4709250931 0.404094151494 135.029122006 -45.4865474467 2272.87771101 0.360391669768 2.09138257659 0.214998390235 1.70303111757e-05
7.97899094802 0.989864678821 0.0412238523404 Perseus 40.0568141837 0.190503007134 285.951292413 6.42502450462 12398.5292506 0.05 1.25886175682 0.0178713412502 1.09840126236e-07
-4.2950837032 3.82228530424 -0.0560104106863 "Crux Scutum" -19.2166271375 -0.245922726424 252.722738831 -44.8044342939 13049.5055961 0.116405029932 1.90175666063 0.385064062096 1.63242832623e-07
-1.99285690402 3.23993804109 0.0115996797619 Norma -9.63413461809 0.0558128266521 260.078167735 -36.9830614589 11907.8863952 0.24368913626 1.65265776702 0.251052790362 1.97314522892e-07
-6.87375147682 8.45971775227 -0.0276443108445 Perseus -22.0626483493 -0.0865532040605 249.886492422 -46.8591710318 18299.7609222 0.139772496771 1.29116182186 0.393094249733 3.20367967871e-07
-1.9968127881 -8.92123717745 -0.015252379274 "Crux Scutum" -101.912162638 -0.428213320624 127.041448936 -39.37675751 2040.8171661 0.188295367975 1.27466016755 0.374011399672 1.58190356137e-07
11.0972698596 14.3562107399 -0.0933853244898 "Crux Scutum" 25.8977487876 -0.210587421088 279.827470735 -6.35361434841 25407.9611253 0.0900550970737 1.55354845658 0.396783684024 1.31225388931e-06
-6.5879357832 -1.15554737755 -0.0732040709814 "Crux Scutum" -41.8919401103 -0.425108732983 223.988194773 -59.5769255016 9866.4705464 0.167005588785 1.85926758006 0.150325579348 3.51178286543e-08
8.65059161033 6.29322149096 0.0158005733683 Norma 30.3176981367 0.0528279775007 281.619732998 -2.30235363341 17136.872146 0.05 1.90612699217 0.400399299534 1.26435425864e-08
-14.5149058517 -2.85563659288 0.0386783666485 Perseus -68.7505992731 0.142297407544 168.573160474 -60.5070726612 15573.7865071 0.295813067962 1.54647497538 0.274423164233 3.39054622908e-08
3.29991943624 -4.84829087462 0.0230774396623 Perseus 42.1029975541 0.268645846731 286.828870686 8.27851880058 4921.88788884 0.118183595487 2.07459566768 0.236663100225 7.34503615703e-06
-1.95244110342 -2.66334300131 0.0330630701525 Perseus -18.495788763 0.307797242117 252.769920199 -43.8960998952 6154.64737815 0.0619821796003 2.18420554406 0.33756295691 5.02715870839e-07
4.20225267446 1.46196346128 -0.0675233179748 "Carina Sagittarius" 22.8714648136 -0.357819634234 278.555881029 -9.10906139731 10812.224699 0.196638308203 1.90694337794 0.0106793414692 3.63902176363e-08
7.40397756016 0.873819082622 0.129876712816 Perseus 38.3036939359 0.622936881537 284.758550002 5.06416168679 11945.8878224 0.0839280212611 1.64032127969 0.0511584079438 8.50471485822e-07
-8.67635847294 3.76159067853 0.0105170641985 "Carina Sagittarius" -35.2834020727 0.0401164694262 234.051668184 -55.7012133411 15020.8492745 0.05 2.10359317982 0.146088682584 3.38834290207e-08
4.08761201642 2.86600766026 0.00137447888504 "Carina Sagittarius" 19.7803510139 0.0065199001128 276.772034007 -11.6799873743 12078.688009 0.05 2.00395683783 0.491495054979 5.11930039917e-07
9.22594100813 -1.71365989997 -0.021300679081 Norma 53.6628564325 -0.106560033789 292.749756557 18.3118733651 11453.0717782 0.199377315269 2.03420000107 0.0698728894325 3.42441609456e-07
-0.365448856344 0.836605957709 0.110833557776 "Carina Sagittarius" -2.24149909742 0.679597983558 264.376783026 -30.4798987767 9344.41264894 0.114042656185 1.62275480776 0.16529815038 3.40353784342e-06
3.81930847793 3.42814996137 0.0207437885964 "Carina Sagittarius" 17.7546948257 0.094894993678 275.722006027 -13.4294793391 12524.7079429 0.116629844033 1.03467028358 0.025526532346 8.72003405144e-06
2.23040320147 5.48709868927 -0.165420158631 "Carina Sagittarius" 9.06018861804 -0.669130928599 272.077813147 -21.4365286031 14164.7799846 0.237774380598 2.3715335758 0.165634440146 7.46571746445e-08
11.0294408952 0.197198743422 0.101691255132 Norma 51.7426685256 0.414807213635 291.307181236 16.8737771355 14046.3580175 0.05 1.36506283107 0.160163143255 3.65849120345e-10
3.72495168735 4.25775314628 -0.0537396611071 "Carina Sagittarius" 16.2765123053 -0.23167339102 275.302812682 -14.8877190308 13290.5386785 0.0569322247135 1.7903426206 0.473403585472 2.83499604442e-05
7.03998727343 3.10225039 0.0250509924208 Perseus 31.2484440264 0.105762898619 281.997513285 -1.44998870838 13571.0818461 0.0915120190819 2.44280124483 0.422577043498 6.23953028566e-08
-2.93062138115 -4.83207404889 -0.0268116798494 Norma -38.6243641857 -0.327200716186 229.36420171 -57.8722001132 4694.9910893 0.139435158932 1.88925572419 0.191382109621 4.36585022374e-06
4.58358225716 2.38131330142 0.0788870491762 "Carina Sagittarius" 22.8424943881 0.382799606673 277.877261851 -8.79286234125 11807.558115 0.125782854871 2.05629654786 0.0123845290196 9.81089285349e-08
-2.16895009873 0.661998013666 -0.0109602386226 Perseus -13.3186285976 -0.066697801902 257.459338245 -40.0481860477 9415.23617654 0.101311280761 1.39435292627 0.415515556998 1.48689114909e-08
6.23538735563 -9.61724549733 0.144459208892 "Crux Scutum" 100.158359353 1.30637317707 328.809204615 56.1798426703 6336.33659452 0.12383735979 1.32002992222 0.330268088572 1.39009165086e-07
4.32515739441 -6.4463329503 -0.0547833804986 Norma 64.6007423888 -0.65554459776 299.20290383 27.5164819446 4788.27067491 0.119269472371 1.65617024617 0.0761822418257 4.57693035374e-07
3.36507122118 -0.360209781187 0.106306640085 "Crux Scutum" 22.4606939022 0.691492319299 277.421402534 -8.98832506069 8808.58616531 0.0580395611448 2.0945024283 0.498035635505 1.646968778e-06
-4.86427407222 -1.43163680705 0.0141053582947 Norma -34.5347943231 0.0941889255904 235.05927818 -55.2144470224 8580.39156672 0.05 1.70651264914 0.0501167187121 8.80964021827e-07
5.13556113074 1.36583405786 0.103891241594 "Carina Sagittarius" 27.4987799644 0.535166438926 279.898781988 -4.58886104065 11122.9251177 0.157451635772 1.58544819331 0.433557270797 5.53262786568e-07
1.39427824443 -2.64249956319 0.00645443592178 "Carina Sagittarius" 13.3891215804 0.0614187337738 273.609041709 -17.2908150255 6021.15975954 0.05 1.85345116829 0.147133082065 7.3616841102e-07
10.1555015903 -2.65531911301 0.0413812539983 Norma 60.0787690981 0.202347523129 295.827320313 24.0594914536 11717.3469535 0.05 2.09212250899 0.217676733163 4.20814236972e-08
-0.794902454547 2.88227899341 0.0220015227383 Norma -3.99487032815 0.110481386112 263.833098806 -32.2638796111 11410.0231842 0.0987707748874 1.40986614625 0.397728263388 7.25156974708e-09
4.16062679399 3.40447825451 -0.00934663036646 "Carina Sagittarius" 19.2645706779 -0.0424660255912 276.570698532 -12.1591766996 12610.6108175 0.114233298384 1.47315339159 0.338754177997 6.42174240572e-07
9.86967088384 3.75858531308 0.0167126610406 Norma 38.8383463455 0.0608442716229 285.505967792 5.28256091658 15737.9667221 0.35567234973 1.58705930128 0.468932187222 2.65857583832e-08
2.12026963541 5.91265437573 0.0320803617732 "Carina Sagittarius" 8.36884981184 0.126173421319 270.968685013 -21.6513888312 14567.8131039 0.0595299724144 2.09555236117 0.31057016273 2.69423495743e-07
-10.876266925 -3.27262109215 -0.0203272726484 "Carina Sagittarius" -64.330012072 -0.0965145522543 177.196717855 -62.0816839835 12067.2733319 0.224326072497 1.86340181201 0.0489050807395 9.52250190656e-08
2.25315679528 -4.40941939358 -0.0128110670371 Perseus 28.8466716077 -0.157174954251 281.134267266 -3.70698828351 4670.08879628 0.20471883342 2.37568142085 0.442180181621 8.26768393989e-07
0.943301287665 6.5630376309 0.0454144806023 "Carina Sagittarius" 3.58338717578 0.172406322657 268.31388564 -25.7743390121 15092.6135068 0.05 2.05284034597 0.384577762494 2.60066438721e-07
-10.1788690624 0.359736244328 -0.0164630126351 "Carina Sagittarius" -48.9635331278 -0.0698991067693 210.242154469 -61.8426456116 13494.6127302 0.20732529774 1.79052430225 0.355935225447 5.09221724554e-07
-0.498584958044 -6.29222796012 0.2213940501 Norma -12.7257332339 5.58667745898 252.271036228 -36.0920643959 2274.17230347 0.05 2.14157101628 0.0268667736769 7.84251885039e-05
2.84417610106 4.15935448186 -0.000345939353697 "Crux Scutum" 12.662381076 -0.00152762886438 273.302072801 -17.9590395656 12974.9217227 0.05 1.85710419344 0.198111372331 2.72456536713e-07
-4.12422854907 -2.00666182356 0.0104635230928 Norma -32.4215761106 0.0779362673415 237.9534154 -53.928937344 7692.3865792 0.190631952436 1.60967123482 0.0837179097298 6.79474908323e-07
