sky_model/pwn/ctadc_skymodel_gps_sources_pwn.ecsv
# %ECSV 0.9
# ---
# datatype:
# - {name: x, unit: kpc, datatype: float64, description: Galactocentric x coordinate}
# - {name: y, unit: kpc, datatype: float64, description: Galactocentric y coordinate}
# - {name: z, unit: kpc, datatype: float64, description: Galactocentric z coordinate}
# - {name: spiralarm, datatype: string}
# - {name: GLON, unit: deg, datatype: float64, description: Galactic longitude}
# - {name: GLAT, unit: deg, datatype: float64, description: Galactic latitude}
# - {name: RA, unit: deg, datatype: float64}
# - {name: DEC, unit: deg, datatype: float64}
# - {name: distance, unit: pc, datatype: float64, description: Distance observer to
#     source center}
# - {name: sigma, unit: deg, datatype: float64, description: Angular extension (deg)}
# - {name: spec_alpha, datatype: float64, description: Spectral model parameter (log
#     parabola)}
# - {name: spec_beta, datatype: float64, description: Spectral model parameter (log
#     parabola)}
# - {name: spec_norm, unit: 1 / (cm2 MeV s), datatype: float64, description: Spectral
#     model norm parameter (log parabola)}
# - {name: spec_norm_crab, unit: '', datatype: float64, description: Spectral model
#     norm parameter (log parabola) in crab units}
x y z spiralarm GLON GLAT RA DEC distance sigma spec_alpha spec_beta spec_norm spec_norm_crab
3.64585793835 5.17249236334 -0.125362435407 "Carina Sagittarius" 14.9308693457 -0.50759209099 274.896787976 -16.2044579306 14150.7965596 0.101184707823 2.27629413341 0.137411784934 2.58139203929e-19 0.00771550472284
2.87187483797 -15.735944365 0.0390939607098 "Carina Sagittarius" 158.352361005 0.287719204843 70.5078421927 46.681453261 7785.11941306 0.183920649046 1.90804244626 0.296115209381 8.04676289939e-19 0.0240509136965
13.8087138022 -2.02149541934 -0.0575463329832 "Crux Scutum" 64.8658800821 -0.216164914673 298.934159757 27.971208993 15253.0295368 0.0938727753651 2.06425925571 0.448380579112 9.51880030422e-20 0.00284506760636
-2.1453249893 -7.14788581455 0.0529454659198 Norma -57.7783775823 1.19608345215 191.363002708 -61.6674083389 2536.42175172 0.564513458529 2.40504116378 0.203366672918 1.6315934348e-17 0.487665827599
-1.92987499022 0.569381515851 -0.11586704426 "Carina Sagittarius" -12.0128040989 -0.715922546183 259.139157303 -39.3723563101 9273.16147438 0.154407342017 2.30424065734 0.276039138346 3.96364895422e-19 0.0118469228077
-1.77836544514 5.578778875 -0.0134362600034 "Crux Scutum" -7.1992071072 -0.0542498520779 261.887873564 -35.03408547 14190.6581525 0.100900479736 1.53613497243 0.135826383803 7.77547642503e-20 0.0023240067439
-7.98320277141 -0.584910629226 0.106872642502 "Crux Scutum" -45.245472059 0.544673989356 217.1118338 -60.0813441106 11242.4013448 0.127361065615 2.05652387273 0.227722074725 4.48680911471e-20 0.00134105925749
-6.25901616022 9.40774901834 0.00718749122591 Perseus -19.2652560004 0.0217085835319 252.389424476 -44.6705194475 18970.0503388 0.0754791995685 1.75913355376 0.20085676769 1.34019404907e-20 0.00040056966775
-1.77604206355 -0.418377242329 -0.076344270917 "Crux Scutum" -12.3944683859 -0.528623255181 258.654163353 -39.5737838981 8274.82811039 0.173036127911 1.77213091002 0.124206732541 6.79441444798e-20 0.00203077781152
-4.72492217069 6.06186110941 0.0118180697138 "Carina Sagittarius" -17.9768165683 0.0442298628545 253.508146163 -43.6622137281 15309.2399601 0.0935281058421 1.91086159552 0.252933191913 9.34345011412e-21 0.000279265730993
-2.95126006243 -3.59815679424 0.0439766171663 Perseus -31.0509472711 0.44036197334 239.334573393 -52.7754835964 5721.88227009 0.250240069222 1.83889176421 0.15519041299 8.87069985816e-20 0.00265135731453
-3.07274791453 -4.93124828861 0.0473490863952 Norma -40.7289367456 0.57605066112 225.071963086 -58.1483037465 4709.56584621 0.30402891946 2.19265384688 0.18651743194 2.85094567347e-18 0.0852117170635
1.67586109127 -1.82870668486 0.0512283426073 "Carina Sagittarius" 14.1011959184 0.426704304742 273.62928211 -16.4907541459 6878.75637284 0.208154517727 2.00548018579 0.262485221127 4.29100908924e-19 0.0128253672398
8.1900619703 -3.70694594856 0.135585302084 Norma 59.662631753 0.818582910443 295.015512311 24.0032305444 9490.46182182 0.15087192196 1.83285225445 0.375297511464 8.32876262548e-19 0.0248937807176
9.55196098006 -14.8357066961 0.0102804508357 "Carina Sagittarius" 123.555862556 0.0513887633801 14.2300024625 62.916494768 11462.1657461 0.124919168599 1.91984307284 0.166753732896 4.83049878722e-19 0.0144378442481
6.11456653446 -9.75905135492 0.0777001545505 "Crux Scutum" 101.635162264 0.713081918925 331.583391425 56.5974099843 6243.33016368 0.229339819906 1.89009206839 0.46207938331 1.57059567419e-18 0.046943424933
1.60377398263 3.86503327456 -0.0382193632414 "Crux Scutum" 7.39014132341 -0.175625192425 270.732282802 -22.6518945337 12468.6647075 0.114835409319 2.20340134975 0.431159273418 3.4447119798e-20 0.0010295875692
2.47574966252 -2.70299841405 0.0140357973314 "Carina Sagittarius" 23.1260765395 0.127577702999 278.23881366 -8.65927960447 6303.55144205 0.227148811033 1.74460726878 0.0243451479878 7.47822253957e-19 0.022351607367
2.86765028484 5.71562448267 -0.0182414184918 "Carina Sagittarius" 11.4049480443 -0.0720698695022 272.729808773 -19.0955721189 14501.9905647 0.098734322641 1.88452827945 0.126821262128 1.90886475818e-19 0.0057053926071
2.4501844536 0.106229339995 0.0321187838445 "Crux Scutum" 15.8915975431 0.205656932118 274.715713019 -15.0206958745 8948.274634 0.160013441017 1.56939415039 0.22306775633 7.9486598817e-19 0.0237576942689
6.58520776992 12.3450826858 -0.0375577807339 Norma 17.5319418181 -0.0984377308509 275.790164747 -13.716893098 21860.5545249 0.0654989887708 1.11069274972 0.0523139443712 5.96261286252e-21 0.000178216121383
-0.549193394345 -2.54683261191 -0.158318252696 "Crux Scutum" -5.27074911033 -1.51692402151 264.655160936 -34.2140899763 5980.54178183 0.239417141052 1.97647702077 0.174237994517 3.04293525931e-19 0.00909500804496
3.308054908 -5.23682288594 -0.00630880327339 Perseus 45.3912916487 -0.0777906533075 288.682793301 11.0340979248 4646.67536558 0.308143802332 2.03339777369 0.370048762809 2.33247349432e-18 0.0697151381404
4.34276886006 1.4472451434 0.105786155905 "Carina Sagittarius" 23.5851219577 0.558407915391 278.066803228 -8.0531720133 10854.4238919 0.131913423467 1.59961544449 0.340257240571 1.38702002793e-19 0.00414565452023
-0.341898970639 1.40532891226 0.0421075351999 Perseus -1.97687468765 0.24341782827 264.968694742 -30.4890238139 9911.31720867 0.144465582647 2.41283374848 0.311192214283 1.38166413224e-18 0.0412964632083
-7.8808609196 -3.78589461704 0.0290039347186 "Crux Scutum" -59.1133443793 0.180961048655 188.408656453 -62.6200653582 9183.22381432 0.155919559874 1.40732126786 0.355264201361 7.09082914007e-21 0.00021193729928
1.21708213886 2.60639608067 -0.0114751082506 Norma 6.25374137757 -0.0588456013704 270.010393641 -23.5815471208 11172.8892643 0.128153441915 1.81235479967 0.10246184348 5.78610841016e-20 0.00172940592076
1.52164709091 3.35794918927 0.0155753957211 "Crux Scutum" 7.31240129504 0.0746457861152 270.454910427 -22.5959614602 11955.1918194 0.11976756517 1.74946036049 0.170849057432 1.2321711405e-18 0.0368282775696
-14.8164442275 4.53218230356 0.0294324535587 Perseus -48.6659307663 0.0854614853803 210.758707436 -61.6127738679 19732.3506306 0.0725632866634 2.21385038788 0.338121241139 3.15842449823e-19 0.00944019302839
-5.4747946191 4.40523660878 0.0226486814584 "Carina Sagittarius" -22.9881364454 0.0925685474628 248.778785493 -47.4257164155 14018.5242095 0.102139440211 2.19672686787 0.439617381516 6.81311109732e-19 0.0203636604005
4.3352773556 4.4597198299 0.00888259500694 "Carina Sagittarius" 18.496086622 0.0372420284496 276.130929897 -12.8014839929 13665.61549 0.104777147901 1.84183580494 0.271839026914 1.22848840733e-19 0.00367182046139
0.467636828882 2.84450014521 -0.109376107973 Norma 2.36047915464 -0.551921909166 268.317257104 -27.1956447456 11354.6611962 0.12610188808 1.90210388029 0.141349825473 3.54194398582e-20 0.0010586491759
7.34982224009 2.76829562759 -0.0447855640081 Perseus 33.1146730033 -0.190733307136 283.112558405 0.0756710200013 13453.4894752 0.106429206935 1.56029784814 0.015117629003 4.12729487528e-19 0.0123360429637
-3.03344757538 4.12997686095 0.211219156325 "Crux Scutum" -13.5053975064 0.931615696837 256.273555733 -39.5985784101 12990.8711499 0.110219260805 1.26518495358 0.355168414487 3.71154482171e-19 0.0110934105185
-2.36512612339 -3.78521644776 -0.0514509201028 Perseus -26.6401943272 -0.558856085177 245.653752344 -50.5174858807 5275.0026276 0.271439526467 1.70606371968 0.00394205175422 3.07031521487e-19 0.00917684380381
-1.93562186496 1.84154210033 0.0411564446855 Norma -10.6013642606 0.224127931178 259.205172785 -37.6773314897 10521.2080518 0.1360912367 1.84221422166 0.18633953491 4.88347633086e-20 0.001459618846
-3.90536408721 0.663999280884 0.00317825322641 Norma -23.0819440575 0.0182804959543 248.766000204 -47.5450643245 9961.46382692 0.143738334067 2.1321784838 0.265268607281 1.4934903844e-19 0.00446388302861
-2.61450268549 -0.35182340106 0.0199478690634 Perseus -17.7898598296 0.133560662232 253.575214305 -43.4607918353 8557.38301687 0.167322674762 2.12464255917 0.461055730884 1.54545263725e-19 0.00461919264495
-10.3352980568 -6.88727923322 0.0750618321673 "Carina Sagittarius" -81.1310819438 0.41113785328 148.894442573 -54.0327745832 10460.635185 0.136879280276 1.6954217593 0.0447472725165 6.89768295002e-20 0.00206164366232
4.43374802238 -5.89276287314 -0.0714363186843 Norma 59.5426157753 -0.795707167537 296.478195497 23.0963120771 5144.0169235 0.278351381157 1.71837825734 0.202971160984 7.19926890918e-20 0.00215178448001
-2.6377381552 -5.61228533701 0.117867917819 Norma -42.4096531484 1.72619537553 221.262213662 -57.8754311031 3912.85719089 0.36593316482 1.51689069943 0.0121565998551 2.06399246636e-18 0.0616905273577
2.0692571946 -3.08620856139 -0.0569834785304 "Carina Sagittarius" 20.917835975 -0.563308582756 277.825098684 -10.9368531422 5796.05125883 0.24703788 1.41659515696 0.171305492171 1.48025005368e-18 0.0442430909615
0.989441419423 1.50395746479 -0.020468252031 Norma 5.64846876114 -0.116658690306 269.735680417 -24.1352405975 10052.7895745 0.142432526289 1.33930704853 0.31111552942 6.08767683147e-20 0.00181954149658
3.33564064478 3.39754958207 0.0211759679721 "Carina Sagittarius" 15.6615664604 0.0981921987564 274.701049065 -15.2741958381 12356.3195568 0.115879506739 2.32670935671 0.139533974114 7.12450854386e-19 0.0212943940639
-4.00054889646 -8.07349027715 0.194022675469 "Crux Scutum" -83.9145234262 2.76099079079 147.742338388 -50.4598590704 4027.89607801 0.355481916022 1.66239391093 0.104874974828 2.03267537321e-19 0.00607544929375
-0.975035109748 6.47952307042 -0.0471187174143 "Carina Sagittarius" -3.72419724813 -0.179845096155 264.294609893 -32.1922152721 15011.2965814 0.0953844464788 1.68171993856 0.0578516166635 4.30264527135e-21 0.000128601465436
-0.17457700747 -5.76019217057 -0.0283436020143 Norma -3.64588403098 -0.591510274745 264.755478108 -32.3463121444 2745.51041403 0.521522048518 1.46174525279 0.28857012201 4.48810257095e-17 1.34144585773
-6.24434088394 -0.130014312878 0.0629669690053 "Crux Scutum" -36.7243967531 0.34547800428 231.625992482 -56.2747707579 10442.8165892 0.137112837625 2.00992239607 0.347635002952 3.11135350455e-19 0.00929950286256
-8.46982607663 3.51166658733 0.0121441445673 "Carina Sagittarius" -35.1889380325 0.0473417604172 234.179772482 -55.6399238833 14697.5588263 0.0974205466545 1.36424758116 0.335978570298 2.04432286378e-19 0.00611026239737
-3.53331256951 4.37748344894 -0.0269830530641 "Crux Scutum" -15.3431732907 -0.115776537347 255.899981377 -41.6947349381 13353.449209 0.107226544464 1.74256012434 0.47443051036 2.81509171147e-19 0.00841400804855
6.41261078474 -0.31570539918 -0.0416825753169 Perseus 38.0796361685 -0.229696011938 285.416643382 4.47501444618 10397.4031675 0.137711714386 1.55822402848 0.00135160694675 2.38861717671e-19 0.00713932127605
-10.6226975809 -3.08099393532 0.103316716815 "Carina Sagittarius" -62.9722965151 0.496388110865 180.288049414 -61.7975515245 11925.519065 0.120065567591 1.90446367442 0.323598326947 2.30948736151e-19 0.00690281072146
-1.99466584114 -4.11040885167 0.0202520293141 Perseus -24.4374329137 0.240659648789 247.139744176 -48.382404259 4821.5777928 0.296965905536 1.66208261286 0.300196118549 7.3547069211e-19 0.0219824323935
-6.54172437617 2.14868324924 -0.0723394007739 "Crux Scutum" -31.5633368214 -0.331640839166 239.514893017 -53.6957448523 12497.753628 0.114568126239 1.48122931029 0.294369804985 9.25729800498e-20 0.00276690736591
-7.67824866821 5.06491148695 0.0132178822348 "Carina Sagittarius" -29.5114885866 0.0485864242382 241.658630316 -52.058212361 15587.2544398 0.0918599372889 1.79239079835 0.48138515992 8.11193812613e-20 0.00242457154787
14.1722734106 1.40509578245 0.000147770746106 "Crux Scutum" 55.0500455324 0.000489667708105 293.358180532 19.5786051392 17290.5828735 0.082810638937 1.91564960504 0.00843583668502 5.18615721665e-20 0.00155008692556
-9.52560770859 7.95204405923 0.0357979505919 Perseus -30.0705131989 0.107890207868 240.913299516 -52.3861686355 19010.740055 0.0753176473514 1.81795965004 0.348241215351 2.33624394181e-20 0.000698278327832
0.67272839083 -4.50981218508 -0.0530635262253 Perseus 9.56982511337 -0.751301579194 272.419773155 -21.03051915 4046.84791214 0.353817155088 1.88166741239 0.406839324851 8.96669620535e-19 0.0268004959602
8.58697785213 0.937657843991 0.0417731991649 Perseus 42.2979074777 0.187578985286 286.992283721 8.41423897106 12759.5971415 0.112217039415 1.62873303471 0.254903598311 3.11832505874e-19 0.00932034009243
-2.23438855618 -3.25280590469 0.0274514655625 Perseus -23.065537092 0.275786223974 248.502202959 -47.3586284791 5703.18259192 0.251060560007 1.70205988518 0.166982434798 3.16565823763e-19 0.00946181390181
-11.970206384 3.14710361519 0.0398017854542 Perseus -45.7838009571 0.136542639565 216.393808664 -60.6560983079 16701.570216 0.0857311137115 1.6184356791 0.395420081614 2.76459306891e-20 0.000826307300683
-0.494911328936 -3.88105170853 -0.00236913123088 Perseus -6.1157980426 -0.0292206458495 262.590630061 -34.1177860069 4645.38762167 0.30822922261 1.70292064638 0.0486214628162 4.4086888744e-19 0.0131770995317
10.107869861 -1.69772234795 -0.0241456072228 Norma 56.0606899486 -0.113549362847 293.986507102 20.4067174339 12183.6200446 0.117522067342 1.58045050385 0.221017818865 1.52332661565e-19 0.00455306033279
8.51136706734 8.09559658634 -0.005805597294 Norma 27.1518814074 -0.0178348323168 280.232689946 -5.15051526888 18650.9310523 0.0767706561853 1.33390369737 0.259976187285 1.50890704768e-20 0.00045099617863
-5.88776863898 10.6705601315 -0.0132997888813 Perseus -17.0730593761 -0.037997859731 254.375306897 -43.009720969 20054.335496 0.0713982378343 1.84790505841 0.346978205467 3.8502498105e-19 0.0115079848953
-9.40393947189 2.04389298216 0.129903549543 "Carina Sagittarius" -41.7292905717 0.526796287179 223.4238638 -58.6556836755 14128.8581188 0.101341821349 1.69151914722 0.0454428660162 2.46225547685e-19 0.0073594182795
-15.5692097961 -8.70918896844 -0.0086984633428 Perseus -90.7697836948 -0.0320080602893 137.183905413 -47.7884465038 15570.617501 0.0919580880627 1.35984644632 0.113879750769 1.38062422807e-20 0.000412653815849
-2.27073060941 6.27910573416 -0.0287213877192 "Carina Sagittarius" -8.73488385395 -0.110055767305 260.885169365 -36.3372359879 14952.5586011 0.095759144207 1.92495120899 0.205150781345 4.23539830135e-19 0.0126591525424
-14.9040267251 -7.5317173018 0.0155295345294 Perseus -86.2828398595 0.0595748123167 142.118244397 -50.9233873723 14935.4553051 0.0958688025305 1.55502944162 0.31164733651 2.95019372083e-20 0.000881781350523
4.53941204484 0.701559173712 -0.282127036631 "Carina Sagittarius" 26.2585402949 -1.57505380624 281.214835964 -6.65664833341 10264.2363868 0.139498367086 1.81402525686 0.443480390609 1.39686370234e-19 0.00417507621026
-2.44031384503 -5.96076592871 -0.0836497469441 Norma -43.8619516883 -1.36064558974 221.244315288 -61.2867570376 3522.76008425 0.406455217246 1.99685445179 0.309413084121 4.52866211325e-18 0.135356867113
0.242456438885 6.40927059457 -0.180996316522 "Carina Sagittarius" 0.931669070111 -0.69543609129 267.63277159 -28.4977919815 14912.3403413 0.0960174045511 1.8348253859 0.0667307354675 2.77425918709e-20 0.000829196400028
-2.66397126516 15.8775905181 -0.0198758876531 Norma -6.23650806989 -0.0464387455365 262.527655234 -34.2280255281 24522.7253261 0.05838846198 2.10763818483 0.490290066394 3.14566140492e-20 0.00094020455075
-4.1453261733 -6.97700583774 0.0402365792556 "Crux Scutum" -69.8266517748 0.522009349589 166.861362438 -59.7486093976 4416.43060441 0.324208471411 1.4665970285 0.435892867378 7.42100751787e-19 0.0221805977863
4.29294465905 -7.422488367 0.0443376255122 Norma 75.910063219 0.573929870293 305.285459005 37.6805969146 4426.32703152 0.323483602805 1.90863224312 0.251360380573 1.03886441814e-19 0.00310505463816
10.7788493421 -8.65722118189 -0.0924529341325 "Crux Scutum" 90.8356616863 -0.491376166396 319.411642541 48.5921958311 10780.3923483 0.13281930463 1.61510127545 0.461173990898 7.82617319535e-19 0.0233915946634
