sky_model/pwn/ctadc_skymodel_gps_sources_pwn.ecsv
# %ECSV 0.9
# ---
# datatype:
# - {name: x, unit: kpc, datatype: float64, description: Galactocentric x coordinate}
# - {name: y, unit: kpc, datatype: float64, description: Galactocentric y coordinate}
# - {name: z, unit: kpc, datatype: float64, description: Galactocentric z coordinate}
# - {name: spiralarm, datatype: string}
# - {name: GLON, unit: deg, datatype: float64, description: Galactic longitude}
# - {name: GLAT, unit: deg, datatype: float64, description: Galactic latitude}
# - {name: RA, unit: deg, datatype: float64}
# - {name: DEC, unit: deg, datatype: float64}
# - {name: distance, unit: pc, datatype: float64, description: Distance observer to
#     source center}
# - {name: sigma, unit: deg, datatype: float64, description: Angular size}
# - {name: size_physical, unit: pc, datatype: float64, description: Physical size}
# - {name: spec_alpha, datatype: float64, description: Spectral model parameter (log
#     parabola)}
# - {name: spec_beta, datatype: float64, description: Spectral model parameter (log
#     parabola)}
# - {name: spec_norm, unit: 1 / (cm2 MeV s), datatype: float64, description: Spectral
#     model norm parameter (log parabola)}
# - {name: spec_norm_cu, unit: '%', datatype: float64, description: Spectral model norm
#     parameter (log parabola) in crab units}
# - {name: int_flux_above_1TeV, unit: 1 / (cm2 s), datatype: float64, description: 'Integral
#     flux above 1 TeV '}
# - {name: int_flux_above_1TeV_cu, unit: '%', datatype: float64, description: Integral
#     flux above 1 TeV in crab units}
# - {name: source_name, datatype: string, description: source name}
x y z spiralarm GLON GLAT RA DEC distance sigma size_physical spec_alpha spec_beta spec_norm spec_norm_cu int_flux_above_1TeV int_flux_above_1TeV_cu source_name
[from data line 184]
4.18883210925 3.92833073453 0.0187989981025 "Carina Sagittarius" 18.6258228552 0.0821259763107 276.152467478 -12.6658200349 13115.2610606 0.0335921781835 7.68940122111 1.91130578772 0.33029106941 8.11213362467e-21 0.0251149647823 6.08435737003e-15 0.0325797875234 pwn_184
-15.2506559506 -0.674637468397 -0.00856814248168 Perseus -62.8368943472 -0.0286397670755 180.355107017 -62.3388472034 17141.1457927 0.01595587303 4.77350958922 2.42102175362 0.283096490804 1.90349689264e-19 0.589317923418 1.10647457411e-13 0.592481741823 pwn_185
6.52954801722 17.9837825827 -0.107111989237 "Crux Scutum" 13.8499919266 -0.224990668254 274.10249423 -17.0222559343 27277.0454811 0.0464792266602 22.1275680061 1.91367519069 0.356092703576 5.50159746692e-22 0.00170328094951 4.05910085548e-16 0.00217351867034 pwn_186
1.30088770569 2.71373009165 0.0640220368461 Norma 6.61721692454 0.324933504436 269.844816845 -23.0753026432 11289.1164496 0.0370192102234 7.29397936094 2.62037165248 0.0470525020392 2.561796334e-19 0.7931258 1.50416110169e-13 0.805430156609 pwn_187
-6.2505977237 9.30774132658 -0.0517516193697 Perseus -19.3413039536 -0.157111253977 252.514071727 -44.843509272 18872.9515786 0.0197830937788 6.51645529518 1.7705131706 0.188810546318 2.5058946917e-20 0.0775818789999 2.26898767295e-14 0.121497032114 pwn_188
-2.35824245878 6.31482236388 0.0416197737628 "Carina Sagittarius" -9.04453305903 0.158961193169 260.391842298 -36.4398875265 15001.3999804 0.0405250800976 10.6104331301 2.27178400591 0.0835445942549 6.38002939516e-20 0.197524129881 4.48320184098e-14 0.240061118242 pwn_189
6.02695907484 -10.0451656287 -0.108643193871 "Crux Scutum" 104.379534793 -1.00036731807 337.466561809 56.683438245 6222.82699852 0.22806616616 24.7701279901 1.84163533398 0.121021950012 9.46523234833e-21 0.0293041249174 8.61173563006e-15 0.0461130896777 pwn_190
0.664422430287 -4.55390604747 0.113588464363 Perseus 9.55751454031 1.62593190308 270.200831369 -19.8775918893 4003.25080245 0.241453158694 16.8704096796 1.94712146012 0.100412138269 4.22173341346e-19 1.3070382085 3.62492002118e-13 1.94102872164 pwn_191
-12.4922248303 -11.1755940542 0.0113396260581 Perseus -102.089006845 0.0508559653401 127.408858902 -38.9529249794 12775.5474771 0.0125828108843 2.80565692269 2.42957449447 0.251661149652 5.09080761293e-20 0.157610142815 2.98860284614e-14 0.160030122817 pwn_192
2.84683447813 0.850979967684 -0.0545806332274 "Crux Scutum" 16.9324705364 -0.319927844983 275.701927482 -14.3502101917 9774.87963851 0.0862544683357 14.7153540864 2.06187985115 0.00949649425496 1.37422425567e-19 0.425456425903 1.17238898501e-13 0.627776800464 pwn_193
-1.82078846335 7.37025794017 -0.020660251341 "Carina Sagittarius" -6.54490579094 -0.0741027576243 262.34949747 -34.5005083474 15974.3790039 0.0752687924563 20.9853661083 2.34403567353 0.481983801004 1.58411294634e-21 0.00490437444686 8.81156082492e-16 0.00471830896784 pwn_194
-10.8678634846 0.446032348282 -0.0939090255935 "Carina Sagittarius" -50.5400231036 -0.382239272314 207.12672652 -62.5284477466 14076.6036529 0.0685314990649 16.8370378817 2.24198717847 0.259481913205 8.73925994419e-22 0.0027056532335 5.64386777087e-16 0.00302211066185 pwn_195
2.03078762928 -1.38250676403 -0.0316470761884 "Carina Sagittarius" 15.9246898671 -0.244980452483 275.143356933 -15.2043281849 7401.60860197 0.1378514558 17.808021786 2.32615970507 0.0262857571022 2.59981675327e-19 0.804896827638 1.83438768744e-13 0.982255930374 pwn_196
-7.96702492542 -1.55244827902 -0.0245615756849 "Crux Scutum" -48.9103218058 -0.133128160377 210.386702768 -61.8893748635 10570.8355559 0.042836275748 7.90311808259 1.83354353667 0.341026920181 2.26079813535e-20 0.0699937503204 1.76555940433e-14 0.0945400586367 pwn_197
-2.07284400913 -0.724748244576 0.0135381171683 "Crux Scutum" -14.9275888025 0.0963954435791 256.012648323 -41.2358239525 8046.82579823 0.182640663533 25.6507999992 2.03352768054 0.134444025049 8.93927351224e-20 0.276757693877 7.05634895271e-14 0.377844915394 pwn_198
-0.560228030485 -1.02966726231 -0.0478204611356 "Crux Scutum" -4.28879543875 -0.365740218292 264.120684753 -32.768231317 7491.46270461 0.133790044696 17.4931724516 2.22727578543 0.0533837962942 1.60077892307e-18 4.95597189804 1.18032483078e-12 6.32026192032 pwn_199
-7.93673204524 0.400356448355 0.0151170512787 "Crux Scutum" -41.7244071253 0.0726318956942 223.83209561 -59.0578222841 11925.1116972 0.104832882698 21.819150405 1.84527813819 0.415151842987 4.97749653212e-22 0.00154102059818 3.69609100477e-16 0.00197913850682 pwn_200
-0.324197404346 5.40330785947 -0.0241316384936 "Crux Scutum" -1.33578121601 -0.0994197875094 265.698479743 -30.1262769833 13907.1081008 0.121420640724 29.4718479862 2.58885001297 0.0989538014572 6.09049033425e-19 1.88560072268 3.54139625193e-13 1.89630441486 pwn_201
-5.71635157833 6.3180010055 -0.0711761248289 "Carina Sagittarius" -21.0951563684 -0.256766655288 251.000917651 -46.2446069679 15882.5342816 0.0494165690411 13.6984007052 1.86683158735 0.0523771344298 3.95311921853e-21 0.0122387591905 3.74896368888e-15 0.0200745013793 pwn_202
-3.54366254782 -0.493796465159 0.0423048208435 Perseus -23.8748806053 0.276843071247 247.681308549 -47.9496237781 8755.49136211 0.174071076215 26.6002575812 2.00999892692 0.0284532263019 3.61587486636e-20 0.11194659029 3.15098952989e-14 0.168725410309 pwn_203
-7.11901173856 5.01198133304 0.0624702878842 "Carina Sagittarius" -27.78324856 0.234357684139 243.490591558 -50.7483987547 15272.7820064 0.01 2.66560334658 1.79803228056 0.364278871767 1.46162052262e-21 0.0045251409369 1.14986827486e-15 0.00615717680546 pwn_204
11.8492171567 2.7653664855 -0.023716820569 Norma 46.446924947 -0.0831130498939 289.189196797 11.9658395445 16349.7092258 0.01 2.85356260631 1.45700758043 0.327635623661 6.67279129983e-21 0.0206587965939 6.75108374923e-15 0.0361498940194 pwn_205
0.347112361748 -7.39494382865 0.00561379971708 Norma 17.4381748152 0.277689061726 275.403099078 -13.6230239187 1158.30378065 0.906002386085 18.3174655043 2.63907555677 0.00409957029304 1.26080514784e-19 0.390342151034 7.49858206879e-14 0.401525084196 pwn_206
-1.64011921481 0.975362631013 0.0727338406336 "Carina Sagittarius" -9.82019657596 0.433355786632 259.557655801 -36.9188075081 9616.53670713 0.0617987814693 10.3723256052 2.03869831893 0.110740270224 1.77956013251e-20 0.0550947409446 1.42420608142e-14 0.0762616800764 pwn_207
-0.699568614016 5.27315963939 -0.104698892768 "Crux Scutum" -2.90767802356 -0.434974013499 265.062303949 -31.6380097031 13791.3119229 0.0356146748939 8.57258873044 1.96562554848 0.352341015558 4.93820989051e-21 0.0152885755124 3.54282086958e-15 0.0189706725205 pwn_208
0.419409106547 -1.75922767875 -0.00608451562445 Perseus 3.56033890758 -0.0516178425793 268.515425635 -25.907818319 6753.81022142 0.0798934508634 9.41754452716 2.0403854815 0.076070427352 2.62913631642e-18 8.13974091771 2.15751636001e-12 11.5528099867 pwn_209
-2.77196754769 4.8309150417 -0.0760450944414 "Crux Scutum" -11.7464291037 -0.319991065399 258.922924406 -38.9255993793 13616.2727202 0.0444791714626 10.5704234381 2.52595919166 0.288375391563 5.94938188769e-20 0.184191389712 3.27677271163e-14 0.17546069735 pwn_210
14.3088823962 1.1938647832 0.123497885398 "Crux Scutum" 55.8834661167 0.409398410882 293.406749221 20.5058066276 17283.8184899 0.0738131872634 22.2664644316 1.81046801758 0.106578233376 7.58167731497e-20 0.234726851857 7.14433961664e-14 0.382556533993 pwn_211
-4.77374405345 0.115367739602 -0.228074833434 Norma -28.990677872 -1.32649920409 243.817175709 -52.7113161683 9852.16786835 0.103024087811 17.7152961375 2.30387035973 0.224617142405 7.03251928426e-20 0.21772505524 4.47060744754e-14 0.239386728759 pwn_212
7.2418221508 -4.8015101227 -0.0653189666958 Norma 62.9460260161 -0.46023212411 298.058102018 26.2000517852 8131.85599994 0.168947404991 23.9783796019 1.97286352544 0.433711530901 3.32680653053e-21 0.0102997106208 2.27724722944e-15 0.0121939304944 pwn_213
-2.368250555 3.01756046011 -0.0783134817075 Norma -11.6192594299 -0.381592697148 259.082258722 -38.8578756626 11758.7815119 0.122550327665 25.1509751159 1.92099874334 0.15129821365 2.79839051289e-19 0.866374771793 2.3514806156e-13 1.25914265324 pwn_214
0.197004704492 -4.18883092726 -0.0414317733731 Perseus 2.61638804561 -0.550040658385 268.461230534 -26.9741595877 4315.86679813 0.338711855535 25.514135478 2.27011746376 0.342986194963 3.78901927145e-20 0.117307098187 2.31464891232e-14 0.123942045426 pwn_215
1.85840558829 -4.75813613859 -0.0149297417591 Perseus 26.4114021531 -0.204743658754 280.058960996 -5.89438359558 4177.97072574 0.182561187025 13.3122872706 2.39647217212 0.219140616391 1.30062519652e-19 0.40267033948 7.88865492714e-14 0.422412238041 pwn_216
1.4876606033 -1.80848242704 0.0198657172853 "Carina Sagittarius" 12.5341659336 0.166044717447 273.082828036 -17.9911197387 6854.92057916 0.11284685536 13.5011206395 1.94582911492 0.0480776271507 1.98857343843e-19 0.61565741128 1.78520889869e-13 0.955922262071 pwn_217
-0.112866605945 2.65257147568 0.0496226100036 Perseus -0.579826762139 0.254918946935 265.809078053 -29.2969438974 11153.2529692 0.14326373495 27.8879181118 1.8693452521 0.180317496826 2.95825999415e-19 0.915869967228 2.5186566751e-13 1.34866008567 pwn_218
9.97392371395 -0.434763733418 0.0772665731884 Norma 51.0398792762 0.345135943523 291.023879854 16.2218591731 12827.0480006 0.0909101579885 20.3524578731 1.7492712758 0.420640033174 6.76705397095e-21 0.020950631489 5.30007829659e-15 0.0283802239511 pwn_219
-3.21493721781 -13.5268981358 0.132070514086 "Carina Sagittarius" -147.399177003 1.26794055677 103.83705913 0.872750198258 5968.49803576 0.0364006873408 3.79185800368 2.43105113002 0.486523121134 1.46647310423e-20 0.0454016440938 7.82641982155e-15 0.0419079747207 pwn_220
-8.36736294553 -10.9023603289 0.00182002090063 "Carina Sagittarius" -106.019344513 0.0119787074642 124.527837093 -35.7578194785 8705.40643076 0.1115311192 16.9458371438 1.92742320156 0.422540835308 8.37074524208e-21 0.0259156199445 5.90887725266e-15 0.0316401476254 pwn_221
1.68721680462 6.38891429049 -0.0414396337339 "Carina Sagittarius" 6.46519698063 -0.158454165254 270.219175564 -23.447441929 14984.2646312 0.0445148411092 11.6417352042 1.54526078182 0.0811141953868 6.91434998011e-20 0.214066562852 8.24472571684e-14 0.441478689872 pwn_222
11.2512585611 1.51036664155 0.0332052580848 Norma 48.340163713 0.126330707989 289.907415039 13.7372636576 15059.8592987 0.112730346827 29.6305481313 2.52298564152 0.172754649225 4.2599696597e-20 0.131887605564 2.47318767225e-14 0.132431288906 pwn_223
9.76097270958 9.11742626664 0.00804371499185 Norma 28.9887385753 0.022882495443 281.038804061 -3.49835838567 20140.7636697 0.01 3.51522643472 1.68904214941 0.415594079303 2.68178854607e-19 0.830275091663 2.18514186949e-13 1.17007357535 pwn_224
7.09176583902 -4.05873926846 -0.00572121496372 Perseus 57.9428979883 -0.0391747440093 294.906065064 22.0841426148 8367.67424876 0.129686569096 18.9399084377 2.33383815938 0.276947967198 1.46668223692e-19 0.454081187902 8.94031333202e-14 0.4787251817 pwn_225
-4.79277368849 4.05131695779 -0.00306700584456 "Crux Scutum" -20.8995689524 -0.013079499396 250.92015862 -45.937197197 13435.2613079 0.094310214111 22.1147792332 2.155028594 0.388092898557 2.73915897822e-22 0.000848036835363 1.73938339838e-16 0.000931384172473 pwn_226
7.75499185316 10.39530914 -0.0681197198469 Norma 22.3141729919 -0.191089130416 278.145456735 -9.52659520617 20424.9172933 0.0272947920801 9.73010434072 2.18637462966 0.388891633308 1.1452268912e-19 0.354559409039 7.15216718328e-14 0.382975675148 pwn_227
-8.4728233291 -0.746847201585 0.027059498203 "Crux Scutum" -47.5395746426 0.134995403981 212.982584759 -61.2387690886 11484.8093453 0.145861197596 29.2376101418 1.92468741741 0.0355439503151 3.85468130839e-20 0.119339978588 3.55406842507e-14 0.190308995824 pwn_228
-7.7293919631 -2.94896675174 0.00682896714266 "Crux Scutum" -54.3151491006 0.0411164338593 198.870844534 -62.7020339555 9516.17133502 0.156463592805 25.9868714699 2.20967743807 0.171203282801 2.06126688241e-20 0.063816312149 1.42396907394e-14 0.0762489890839 pwn_229
-5.58227370866 3.91838591565 -0.10009752205 "Carina Sagittarius" -24.2047203636 -0.421219952515 248.107519752 -48.6677664316 13615.7301685 0.116081397641 27.5855423179 1.59966603213 0.239510752726 2.15585140799e-19 0.667446256342 2.11579054936e-13 1.13293816175 pwn_230
13.3430636336 -4.01859272503 -0.0793507385787 "Crux Scutum" 71.4348366286 -0.323001435693 303.121354868 33.4690611167 14075.7470436 0.01 2.45668133083 2.27641132462 0.47261236079 8.37226239838e-21 0.0259203170228 4.82502336537e-15 0.0258364567495 pwn_231
2.66435070013 -2.11560049117 0.0517138467462 "Carina Sagittarius" 22.6518534329 0.428290180765 277.747186026 -8.9408279599 6918.23648509 0.146874761875 17.7345795921 2.56710301246 0.449114400508 4.81713522885e-19 1.49137313587 2.45198882092e-13 1.31296158225 pwn_232
8.47295601591 -8.97959779036 0.0156061689262 "Crux Scutum" 93.2396767474 0.105363182439 321.392313598 50.7116110507 8486.53293404 0.066796294323 9.89373411579 2.36520815923 0.211515991466 1.76398563283e-20 0.0546125582918 1.09201628632e-14 0.0584739791186 pwn_233
-5.83608445688 2.09752190198 -0.0214895655646 "Crux Scutum" -28.8416979062 -0.101771857975 242.624099678 -51.7174012754 12098.2566534 0.121652414742 25.6874827472 1.49413797438 0.0478329637435 3.36867187461e-21 0.0104293246892 4.36404359034e-15 0.023368057507 pwn_234
2.3496066496 -2.47812579081 -0.0168576648767 "Carina Sagittarius" 21.3146668071 -0.149422510947 277.638652626 -10.3935315159 6464.0470744 0.173097852993 19.5287695521 1.80473729932 0.20227114344 1.3664664672e-19 0.423054633807 1.19567779471e-13 0.640247213125 pwn_235
8.27409727973 -9.12483199086 -0.0344639740427 "Crux Scutum" 94.3185876685 -0.237974293107 323.010098655 51.2051738984 8297.72791653 0.116359670148 16.8515415785 2.04366152341 0.267951666321 1.02292378773e-20 0.0316694671124 7.3593958776e-15 0.039407210887 pwn_236
-1.40542091902 17.3686123132 -0.175717269536 Norma -3.1097763936 -0.388612964992 264.889863072 -31.7845398038 25907.3577875 0.0105357404705 4.76393206132 2.24608119148 0.4521985957 1.39285766878e-21 0.00431225284451 8.2128539557e-16 0.00439772059011 pwn_237
8.32449064625 9.74159819367 -0.00780015685565 Norma 24.5294221253 -0.0222886757652 279.026148956 -7.48276715777 20051.2620556 0.048262180904 16.8898629843 2.0680041979 0.147439633571 2.85249396e-22 0.000883125065015 2.18220420015e-16 0.00116850054738 pwn_238
-2.73529532437 -5.45405725743 0.00325326830141 Norma -41.9242426674 0.0455313469532 223.5096601 -59.1730412705 4093.85127799 0.272938422817 19.5019209554 1.95203568387 0.154432072834 2.58549559698e-18 8.0046303312 2.12276561835e-12 11.3667308808 pwn_239
1.46844974615 -0.042231708302 -0.00768146702517 Norma 9.84958791894 -0.0512698269369 271.910198989 -20.4463931436 8584.30242582 0.191774303047 28.7325659329 2.27859009231 0.313591617274 1.82013951912e-19 0.563510687033 1.12226984775e-13 0.600939605614 pwn_240
-9.43011447055 -1.62176810552 0.0840630321677 "Carina Sagittarius" -53.8933599008 0.41264104722 199.699514093 -62.2903370685 11672.3690618 0.0891756265641 18.1669867119 2.44924552987 0.252595777536 9.66764654217e-20 0.299307942482 5.61656646171e-14 0.300749168408 pwn_241
-1.87778413391 -19.770373623 0.00819696834603 Perseus -170.540702365 0.0411047215963 91.697690345 20.782351332 11425.7368273 0.145723729454 29.0598118484 2.03031179784 0.0979344795294 4.47108614759e-19 1.38423719739 3.63295385738e-13 1.94533058395 pwn_242
