sky_model/pwn/ctadc_skymodel_gps_sources_pwn.ecsv
# %ECSV 0.9
# ---
# datatype:
# - {name: x, unit: kpc, datatype: float64, description: Galactocentric x coordinate}
# - {name: y, unit: kpc, datatype: float64, description: Galactocentric y coordinate}
# - {name: z, unit: kpc, datatype: float64, description: Galactocentric z coordinate}
# - {name: spiralarm, datatype: string}
# - {name: GLON, unit: deg, datatype: float64, description: Galactic longitude}
# - {name: GLAT, unit: deg, datatype: float64, description: Galactic latitude}
# - {name: RA, unit: deg, datatype: float64}
# - {name: DEC, unit: deg, datatype: float64}
# - {name: distance, unit: pc, datatype: float64, description: Distance observer to
#     source center}
# - {name: sigma, unit: deg, datatype: float64, description: Angular extension (deg)}
# - {name: spec_alpha, datatype: float64, description: Spectral model parameter (log
#     parabola)}
# - {name: spec_beta, datatype: float64, description: Spectral model parameter (log
#     parabola)}
# - {name: spec_norm, unit: 1 / (cm2 MeV s), datatype: float64, description: Spectral
#     model norm parameter (log parabola)}
# - {name: spec_norm_crab, unit: '', datatype: float64, description: Spectral model
#     norm parameter (log parabola) in crab units}
x y z spiralarm GLON GLAT RA DEC distance sigma spec_alpha spec_beta spec_norm spec_norm_crab
[from data line 154]
-3.22645153808 -7.57232254501 0.0632824215985 "Crux Scutum" -73.9588652683 1.07989431713 160.189002269 -57.4422279804 3357.76408536 0.426427878478 1.77341781841 0.190167591764 4.86946519083e-18 0.14554310661
-9.17201456774 6.79412984758 0.0785422719878 Perseus -30.951460219 0.252339341978 239.661371903 -52.8544653517 17833.7440801 0.080288480586 1.62086086268 0.0739043383486 3.19400663824e-19 0.00954654423933
-3.47478237197 -5.65334788168 -0.0120401963921 Norma -50.6745765002 -0.153575184601 206.735971614 -62.3343167558 4491.9579007 0.318757265095 2.10419169897 0.342467219342 2.80085946978e-18 0.0837146940031
-2.74278321883 -3.82795411954 0.0106299405341 Perseus -30.4155998459 0.112419694874 240.482394703 -52.6104216607 5417.65498074 0.264292248296 1.50841849274 0.32838097922 6.13419911155e-19 0.0183344650854
-0.224971307394 5.60765576537 0.0363492442235 "Crux Scutum" -0.91360422854 0.147607012235 265.712380865 -29.6372881624 14109.4962543 0.101480888441 1.49018346385 0.431031297926 7.18396192429e-20 0.00214720938594
-10.1281349702 -8.45139124004 -0.112760912284 "Carina Sagittarius" -89.7250179408 -0.637865023149 137.584564782 -48.9664701439 10128.8792968 0.141362550919 1.68178858792 0.0486289973938 1.17387814252e-19 0.00350859622049
-9.64878431553 -15.1623418982 0.0184808918064 Perseus -124.624501136 0.0903059185082 113.610061315 -19.8192883653 11725.4500928 0.122114221971 1.66553123831 0.248888453913 1.69982787572e-19 0.00508060372215
-11.1728170472 0.359243655736 -0.142562212683 "Carina Sagittarius" -51.588102902 -0.572828521202 204.971505666 -62.927954876 14259.6761151 0.100412113416 2.32097365453 0.290540964836 3.4205324905e-19 0.0102236057846
0.647645369389 14.8647890545 -0.00142491558358 Norma 1.58776725743 -0.00349287565963 267.341602852 -27.5795406484 23373.7633709 0.0612586083221 2.05634361787 0.12077852002 1.42854679843e-20 0.000426977359592
-2.57872061861 1.53168101617 -0.0148841621771 Norma -14.4161952651 -0.0823338435604 256.611994611 -40.936823816 10357.8301578 0.138237854216 1.82363883517 0.0845127030646 1.11017414868e-19 0.00331819179612
-3.28028537569 -10.1812548743 -0.15117655454 "Crux Scutum" -117.136642165 -2.34857111041 115.289643877 -27.5410500639 3689.13871371 0.388124255135 1.46913240992 0.42979041821 8.0150580367e-19 0.0239561512528
-2.50249352238 -4.58830631173 -0.0187821238912 Norma -32.6089501376 -0.231740586957 238.038633832 -54.2874240204 4643.7241637 0.30833963536 2.02797800363 0.0292674611178 9.65661998903e-19 0.0288626043615
2.75491594868 2.89979908101 0.121500307022 "Crux Scutum" 13.5858226485 0.593556544034 273.218826337 -16.8633526364 11728.5865856 0.12208156583 1.5299418562 0.235310451959 1.42818107398e-19 0.00426868048464
-7.4691916176 -2.64692090429 0.00191646376287 "Crux Scutum" -51.9167024465 0.0115714491196 204.038747108 -62.4120830119 9489.32884844 0.150889935233 1.38291180387 0.0579170006504 6.1256470839e-21 0.000183089039894
-4.63569491214 0.633484122648 0.00452184665828 Norma -26.9100468279 0.0252947026487 244.70762841 -50.2929206156 10242.5690129 0.139793465247 2.12076804394 0.228529380666 4.79312294354e-19 0.0143261318487
3.82391829529 2.34769343109 0.00285001621867 "Carina Sagittarius" 19.4180538312 0.0141970647001 276.592618752 -11.9969782941 11501.948184 0.124487103615 1.88557450522 0.489981163171 1.2943578796e-19 0.00386869726918
5.37134418727 -5.64214070707 -0.00725339080851 Norma 61.9844936697 -0.0683050688837 297.139034687 25.5719927819 6084.30363542 0.235334115644 2.04863188242 0.211853176728 1.09623191717e-18 0.0327651995727
14.2518288591 3.40709372127 0.0397738363108 "Crux Scutum" 50.1219757445 0.122709148214 290.776742535 15.307835913 18571.3512883 0.0770996247456 1.88605646629 0.428562458752 4.89537377078e-20 0.00146317486355
2.27415403932 4.56483903683 0.0124693089988 "Crux Scutum" 9.87435477749 0.0538739898362 271.825042929 -20.3735990867 13261.2952285 0.107971671747 2.03134426521 0.0586577820916 1.34221003528e-19 0.00401172224468
7.68378120032 -0.549322214713 -0.00209053815841 Perseus 44.0219960482 -0.0108330212403 287.97665877 9.85205406237 11056.8429106 0.129498467775 1.62422308981 0.135626038381 2.21057348354e-19 0.00660716771915
-3.20663123953 -5.73809880048 -0.0950574099657 Norma -49.2613746378 -1.28671018989 210.322731422 -63.0948183083 4233.15698427 0.338245007372 1.52075443272 0.201896370334 1.10365178701e-18 0.0329869715465
0.737229802489 -1.90866134303 -0.0120097183771 "Crux Scutum" 6.38190918228 -0.103748466784 270.122345689 -23.4926162655 6632.45032442 0.215884649762 1.98403051994 0.199906070005 4.46607634576e-20 0.00133486245459
7.00534101068 -0.604575994692 -0.0413148940007 Perseus 41.5815532153 -0.224264252492 287.028323671 7.5887074257 10555.2939239 0.135651761635 1.58307939067 0.335691739335 2.66993804002e-19 0.00798015924893
-7.54543206817 6.15058819311 -0.00841082945514 "Carina Sagittarius" -27.2496393652 -0.0292427292481 244.385823646 -50.5691021927 16479.4827055 0.0868864782309 1.61382156001 0.172359063688 8.4316920719e-20 0.00252014258246
-11.3310573494 -5.95877406347 0.0313751190652 "Carina Sagittarius" -77.359386516 0.154803356111 153.979337194 -56.4622237115 11612.5653632 0.123301283616 1.67700622405 0.356883434205 9.22152147846e-20 0.00275621414477
-8.46162181857 3.71213109215 -0.049057688241 "Carina Sagittarius" -34.7175691317 -0.189187459822 235.09974505 -55.5508697255 14857.2405335 0.0963734962845 1.80471937294 0.319593449613 1.19644863109e-19 0.00357605699689
-2.42654608412 1.46194332415 -0.0207843890607 Perseus -13.6896091047 -0.116144644616 257.22192921 -40.3756027297 10253.2371807 0.139648014585 1.70442164396 0.199580572627 2.66768872734e-19 0.0079734362939
9.3648297711 -8.25415871695 0.00945066169855 "Crux Scutum" 88.4962424361 0.0578009825143 316.422595752 47.2639293553 9368.06083953 0.152843180662 1.42876315078 0.215880063827 1.94763620664e-20 0.00058212763199
4.70595684076 -17.4822612237 -0.0341154878995 "Carina Sagittarius" 152.349205312 -0.192760879747 63.6874780509 50.6872856995 10140.4245643 0.14120160416 1.62622303124 0.307263849905 3.24155283459e-19 0.00968865473511
-10.6095755782 -1.3394175548 0.0444389549603 "Carina Sagittarius" -55.9839189151 0.198920107422 195.220036526 -62.6529494244 12799.9613173 0.111863167384 1.1996811489 0.0350210950723 3.53097918968e-20 0.0010553719156
-5.76501806739 -7.91088400508 0.00715002164982 "Crux Scutum" -84.1653087611 0.070692495931 144.643046996 -52.3479601711 5795.0446155 0.247080792358 1.96881249178 0.411203369178 1.22215742126e-18 0.0365289782111
5.67510495437 -7.08749606275 -0.00318517612796 Norma 76.0233720758 -0.0312054460178 305.993502616 37.4277159712 5848.24706738 0.244833058325 1.36744443299 0.326710580557 5.02510878741e-19 0.0150195127249
6.27422617756 5.24358859583 0.0871081289349 Perseus 24.5376567526 0.330346016936 278.714260317 -7.31318729099 15108.2669239 0.0947722344699 1.50181649835 0.363171232209 4.60056955278e-19 0.0137506103575
4.75403878861 -1.68631399626 -0.0655625760286 "Carina Sagittarius" 34.9042170553 -0.45212601103 284.161575842 1.54894355466 8308.51973654 0.172334454362 1.8140845714 0.268461500541 3.06863021587e-19 0.00917180752201
6.83263494863 3.54001976144 -0.0229951163758 Perseus 29.5746359748 -0.0951714879153 281.412009054 -3.03104395612 13843.6810485 0.10342944267 1.60031799097 0.0552385554959 2.72342793376e-20 0.000814003482051
3.92886797535 1.77403595803 -0.0417371745404 "Carina Sagittarius" 20.927226881 -0.217403029515 277.517344347 -10.768378195 10999.7072882 0.130171119815 2.21661394076 0.202517806648 5.03742064919e-20 0.0015056311563
3.43594323834 2.50783709251 0.00452929671809 "Carina Sagittarius" 17.3350272313 0.0225041795813 275.58505309 -13.8340122871 11531.6175755 0.124166814064 1.45092863437 0.202686791424 7.35788927748e-20 0.00219919441164
5.90368197436 6.63497024 -0.00152019361079 Perseus 21.3092126125 -0.00536148057542 277.506299661 -10.3316218505 16245.639025 0.088137143337 1.87210373472 0.160521495022 8.91733985679e-21 0.000266529751131
2.92347661215 -2.1535332424 -0.0217515044441 "Crux Scutum" 24.7329871927 -0.178357866607 279.260283375 -7.37370966658 6987.4765785 0.204915780291 1.78939363908 0.0149751624524 9.26025738314e-20 0.00276779189239
-10.6072055108 -0.132522770109 0.130069435513 "Carina Sagittarius" -51.7319134468 0.551595020366 204.227019503 -61.848144902 13510.8993778 0.105976972762 1.48461475561 0.368627121298 7.92864514878e-20 0.00236978723728
-1.64486233492 2.27639305996 0.00808021473335 Norma -8.67839981941 0.0424689028668 260.768688449 -36.2044388663 10901.2056569 0.131347326197 1.94128469834 0.0548922290313 3.83622219556e-20 0.00114660578545
0.087224303085 -1.23002886215 -0.126204093554 Perseus 0.687395391818 -0.994462744304 267.783136485 -28.8606572018 7271.58964033 0.196909381053 1.75368249057 0.303154066523 5.02006552817e-19 0.0150044389624
-0.24840953039 -6.49432264371 -0.116779521324 Norma -7.06031051978 -3.30704369681 265.354927492 -36.6790997537 2024.37309035 0.707302533399 2.00838344883 0.351608748234 9.99808862332e-19 0.029883217589
-6.63898390796 -7.60920261765 -0.142993491705 "Crux Scutum" -82.3578809304 -1.22291625025 145.4925385 -54.5121648135 6700.00555561 0.213707914638 2.02234612157 0.317393161467 8.24352201256e-19 0.0246390056422
2.88646052516 2.93195035971 0.131231074395 "Crux Scutum" 14.1704737097 0.637677299097 273.470641882 -16.329043108 11791.4530481 0.12143068454 2.38407370631 0.479571125989 1.4265544309e-18 0.0426381862247
4.28320985865 -1.70202018112 0.0670608653274 Perseus 32.2138392877 0.47819526047 282.106437149 -0.421005976209 8035.10506905 0.17819856779 2.16086254635 0.0516490775426 4.99935834523e-19 0.0149425474072
-3.16387055896 -3.14219572751 0.108562105085 Perseus -30.5625416718 0.99956440003 239.354341808 -52.0331478336 6223.17678254 0.230082523024 1.70032090376 0.433583579553 2.42368650863e-19 0.00724413975847
1.48454320376 -6.78105733323 -0.0342355546598 Norma 40.8151184262 -0.863574522572 287.244323606 6.61395663362 2271.52030338 0.630346210518 1.73536762205 0.0145951174245 8.43997439848e-19 0.0252261808129
0.935500781363 2.11140248739 0.00915126029854 Perseus 5.03816785819 0.0492208902521 269.242861786 -24.5806927174 10652.5634571 0.134413112968 2.09690809089 0.267458427464 3.50137372289e-19 0.0104652315821
-9.40803917746 8.26384014858 0.0330735717635 Perseus -29.3015876916 0.0985766425721 241.856937896 -51.8803615676 19223.3876191 0.0744844896083 1.9769212073 0.20212180897 2.438538319e-19 0.00728853023126
-8.91576081443 4.02042016015 0.0619273686034 "Carina Sagittarius" -35.4545757568 0.230842318181 233.607792983 -55.6462131178 15370.6065881 0.0931546980364 1.97283551205 0.262091930197 2.15905539413e-20 0.000645318565982
2.8777005356 3.8027026261 0.0365567956617 "Crux Scutum" 13.1652440973 0.165776083704 273.400812352 -17.4374912295 12634.8323565 0.113325145514 1.36342186804 0.18254993853 8.2547028734e-20 0.00246724240394
-3.25839014988 -4.00694372748 0.00925212109782 Norma -35.9498373971 0.0955114242912 233.026840001 -56.0427136985 5550.20239618 0.257980540734 1.79343194641 0.09528345747 5.15836932477e-19 0.0154178142187
-1.48103296088 -1.23743249361 0.0206109336455 "Carina Sagittarius" -11.5261099777 0.159324069357 258.588611471 -38.4671188777 7412.06922706 0.193177393719 1.60073165451 0.00956144872434 7.2693933599e-20 0.00217274392835
-0.167506932241 3.33628320361 0.121845561394 Norma -0.810795031464 0.589736726847 265.343179472 -29.3167503041 11838.0954967 0.120952244028 1.87557964174 0.259074906896 6.67918848265e-19 0.0199633800284
-7.77472656003 -10.5292071253 -0.0138628283837 "Carina Sagittarius" -104.62789505 -0.0988504498843 125.391894848 -36.9679088222 8035.18803878 0.178196727748 1.7734993948 0.421388431342 3.03775233381e-19 0.00907951683493
3.03247302224 -1.83156867757 -0.0261465776448 "Carina Sagittarius" 24.4536944569 -0.204500629746 279.15426484 -7.63378423404 7325.60936552 0.195457352953 2.04574830519 0.186607977872 5.77163732434e-19 0.0172508066798
7.37611071376 -1.76093609719 0.00888209038159 Perseus 47.584122583 0.0509359711653 289.611907055 13.0339589949 9991.09956108 0.143311975483 1.8856489181 0.111431909007 4.1002192908e-20 0.00122551169374
-1.90325937293 0.220429044372 0.0378844150921 "Crux Scutum" -12.3119061736 0.243185621392 257.909439222 -39.0536632366 8925.78927532 0.160416538099 2.01230854977 0.0402660017359 1.35316081359e-19 0.00404445294984
-11.8197416392 5.92188432309 0.0486731786712 Perseus -39.3370129057 0.149558416677 227.754263774 -57.8348788998 18646.6996791 0.0767880772463 1.67406684388 0.0426554615594 1.77159956388e-20 0.000529512162199
-8.02471601924 -4.48592027806 -0.014194972713 "Crux Scutum" -63.4251153651 -0.0906431265112 179.088435898 -62.2805767771 8972.68659326 0.159578092968 1.5449995109 0.110698223146 2.26666095004e-19 0.0067748071579
-2.54795664791 5.82009975023 -0.0214442035524 "Carina Sagittarius" -10.0889797265 -0.0844730528577 259.895734651 -37.4363316099 14545.0266342 0.0984421858659 1.68928658284 0.0500070304608 1.10698807143e-20 0.000330866895197
2.64337432112 -2.00497576369 -0.0512712666753 "Crux Scutum" 22.1455622516 -0.418915677949 278.27150473 -9.78133510604 7012.51712117 0.204184059819 1.79540448826 0.132519849182 1.61679025388e-19 0.00483241315142
7.74548427247 0.0959083141303 0.0245142132032 Perseus 42.020952045 0.121388788197 286.922810667 8.13790874208 11570.7721137 0.123746643809 1.9023709686 0.0330747310585 1.0218058765e-20 0.000305406848163
2.83584160638 1.3211318496 0.0413776206321 "Crux Scutum" 16.106018177 0.23191809496 274.796706565 -14.8193501389 10222.4429825 0.140068691779 2.41001341669 0.032802433605 3.09288533072e-19 0.00924430346617
-3.41664743731 -4.79284499689 -0.000485515129447 Norma -42.6647808533 -0.00551782235926 222.253165301 -59.5485186473 5041.47579224 0.284012910972 1.78859056905 0.428138089811 2.40174679347e-19 0.00717856429634
8.7425415629 -4.45730128534 0.00211920731055 Norma 65.1833824338 0.012606065047 298.898841115 28.3613038435 9632.00136875 0.148654901565 1.54189484987 0.0810601303544 2.69858518597e-19 0.00806578250433
-1.59291719196 -9.58177920286 -0.0621024183489 "Crux Scutum" -124.181143287 -1.84727839068 112.02435109 -21.1399758651 1926.52229017 0.743227432484 1.70658492056 0.279841202912 1.43697699668e-17 0.429497055688
-2.64372851378 1.41962649771 -0.0205272745972 Norma -14.9232999292 -0.114566373487 256.239308888 -41.3604262257 10265.9004319 0.139475755181 1.67482908685 0.386727772225 1.03303836065e-19 0.00308764117545
1.60160993674 -4.92353670101 0.0571610798455 Perseus 24.1237648989 0.835698752902 278.069655148 -7.44738745272 3919.12126727 0.365348280317 1.92999999792 0.22820478267 1.37722139493e-18 0.0411636745417
7.82772566197 -4.42044239732 0.056151935899 Norma 62.4729306159 0.364475182874 296.998494543 26.2122128943 8827.18711213 0.162208435956 1.3839848061 0.0766844389297 1.66141966714e-19 0.00496580569448
-7.91203914059 -1.7689842329 -0.0234189674606 "Crux Scutum" -49.6111618861 -0.129170981053 208.943006137 -62.0658972929 10387.852765 0.137838324025 1.81708073843 0.0997980710601 7.39740240354e-19 0.0221100446242
-2.25086128278 -5.23593480914 0.00289505406548 Norma -34.589693462 0.0418356077943 235.036956369 -55.2892327973 3964.90938937 0.36112911412 1.84225676525 0.216492103141 3.07390333599e-18 0.0918756831406
3.65526654452 4.59158153589 -0.0551953642886 "Carina Sagittarius" 15.6001270881 -0.232664466386 274.97334118 -15.4847023258 13592.4069668 0.105341476226 1.86268887977 0.264117044589 9.47324268677e-20 0.00283145092175
3.51691043032 0.231830989751 -0.00261996645141 "Crux Scutum" 21.9380454483 -0.0159466083946 277.811563223 -9.77917412435 9413.47641802 0.152105784491 1.63872466138 0.174720146024 4.79203683002e-20 0.00143228855715
