sky_model/pwn/ctadc_skymodel_gps_sources_pwn.ecsv
# %ECSV 0.9
# ---
# datatype:
# - {name: galactocentric_x, unit: kpc, datatype: float64, description: Galactocentric
#     x coordinate}
# - {name: galactocentric_y, unit: kpc, datatype: float64, description: Galactocentric
#     y coordinate}
# - {name: galactocentric_z, unit: kpc, datatype: float64, description: Galactocentric
#     z coordinate}
# - {name: spiralarm, datatype: string}
# - {name: GLON, unit: deg, datatype: float64, description: Galactic longitude}
# - {name: GLAT, unit: deg, datatype: float64, description: Galactic latitude}
# - {name: RA, unit: deg, datatype: float64}
# - {name: DEC, unit: deg, datatype: float64}
# - {name: distance, unit: pc, datatype: float64, description: Distance observer to
#     source center}
# - {name: sigma, unit: deg, datatype: float64, description: Angular size}
# - {name: size_physical, unit: pc, datatype: float64, description: Physical size}
# - {name: spec_alpha, datatype: float64, description: Spectral model parameter (log
#     parabola)}
# - {name: spec_beta, datatype: float64, description: Spectral model parameter (log
#     parabola)}
# - {name: spec_norm, unit: 1 / (cm2 MeV s), datatype: float64, description: Spectral
#     model norm parameter (log parabola)}
# - {name: spec_norm_cu, unit: '%', datatype: float64, description: Spectral model norm
#     parameter (log parabola) in crab units}
# - {name: int_flux_above_1TeV, unit: 1 / (cm2 s), datatype: float64, description: 'Integral
#     flux above 1 TeV '}
# - {name: int_flux_above_1TeV_cu, unit: '%', datatype: float64, description: Integral
#     flux above 1 TeV in crab units}
# - {name: source_name, datatype: string, description: source name}
# - {name: galactocentric_r, unit: kpc, datatype: float64, description: Galactocentric
#     radius in the xy plan}
galactocentric_x galactocentric_y galactocentric_z spiralarm GLON GLAT RA DEC distance sigma size_physical spec_alpha spec_beta spec_norm spec_norm_cu int_flux_above_1TeV int_flux_above_1TeV_cu source_name galactocentric_r
[from data line 58]
-4.14084909014 6.6877213467 0.0394601460857 "Carina Sagittarius" -15.2507058068 0.14362099171 255.70052041 -41.4632716291 15742.143056 0.021992713109 6.04254721548 1.97693439217 0.425711338296 1.04876976577e-20 0.0324696521912 7.1919097768e-15 0.0385103763907 pwn_58 7.86589143063
-10.5958885367 -4.40678842934 0.00779140786095 "Carina Sagittarius" -68.8783601349 0.0393004758133 168.254601001 -60.5557749557 11359.0182476 0.0674908065047 13.3802116617 2.51465456652 0.390861543315 2.67888484701e-18 8.29376113625 1.42505917921e-12 7.6307360734 pwn_59 11.4757412895
-7.51728811977 -4.83224809295 0.0988664380332 "Crux Scutum" -63.9918391432 0.677204929878 178.271096061 -61.4076282254 8364.91478139 0.0935585352155 13.6591189853 2.54603474223 0.469037890856 6.77830983735e-19 2.09854793726 3.45880306432e-13 1.85207840479 pwn_60 8.93645580236
6.75204420244 -0.274641497881 0.150176405627 Perseus 39.3819376671 0.808505316014 285.087750648 6.10796224742 10642.7992724 0.0491925138841 9.13760462056 2.11283391597 0.386699269543 2.89705030788e-20 0.0896919599962 1.88225671651e-14 0.100788826426 pwn_61 6.75762745822
2.90448268456 1.7154869902 0.0276271402305 "Crux Scutum" 15.8715912631 0.149045223434 274.757562754 -15.0650998243 10620.4028818 0.0283149812374 5.24849361274 2.25053992614 0.165685795414 3.20590910814e-20 0.0992541519549 2.16939881432e-14 0.116164367288 pwn_62 3.37326478036
1.53679344382 -2.74350257584 -0.0514379291426 "Carina Sagittarius" 14.9474683355 -0.494637774473 274.893061123 -16.1837091814 5958.32548153 0.0251604432932 2.61649498988 2.083170158 0.115957021707 1.14848606375e-19 0.355568440789 8.89326463743e-14 0.476205874599 pwn_63 3.14460497879
-9.30933295588 2.1476183595 0.00326095127977 "Carina Sagittarius" -41.1635684482 0.0132103232231 224.848537298 -58.8497737018 14143.3895317 0.01 2.46848717228 2.26153110011 0.188845410203 5.16178969849e-19 1.59807730603 3.42523434859e-13 1.83410343128 pwn_64 9.5538444985
7.3574601125 2.61239538371 0.0497609939154 Perseus 33.5083388617 0.213927552408 282.931918509 0.610547832121 13327.4163523 0.0397048332944 9.23563539434 2.24500255553 0.101543585258 4.89618136501e-19 1.51584562384 3.45712914483e-13 1.85118207445 pwn_65 7.80748544333
-6.16597951793 2.49510054392 0.00595684720429 "Crux Scutum" -29.283419467 0.0270745559898 241.956630573 -51.9210898018 12606.0134408 0.0666186135285 14.6571967975 2.06290511223 0.359787373872 5.36575330661e-22 0.00166122393393 3.63007463911e-16 0.00194378885466 pwn_66 6.65167874599
7.55839354505 -0.686421056115 0.0992580649316 Perseus 44.048937703 0.523120734612 287.508524012 10.122746648 10871.5767512 0.116943414655 22.1894367128 2.25149099444 0.413259316247 9.93129385779e-20 0.307470398074 5.93655806581e-14 0.317883695256 pwn_67 7.58949845827
6.61963804539 -0.350897695621 -0.0225194624763 Perseus 39.0874735657 -0.122895237852 285.784623031 5.41986043045 10498.9515355 0.0820124628051 15.0280782926 2.6171088827 0.323219446199 5.39618154521e-19 1.67064444124 2.80895147389e-13 1.50410366481 pwn_68 6.62893181778
0.814146856095 -5.73312215456 -0.0705148787136 Perseus 16.3963871363 -1.4005406835 276.430602927 -15.3294511837 2885.03387553 0.541274400076 27.2557848166 2.31390486891 0.0930463656546 3.25575032595e-20 0.100797223714 2.21687838715e-14 0.118706746541 pwn_69 5.79064113397
-1.55648810409 4.97633363616 -0.0171296167021 "Crux Scutum" -6.58834947533 -0.0723470371821 262.318588274 -34.5357480663 13565.932217 0.0105705986406 2.50280260599 2.19773988409 0.0186923555143 4.67197589655e-20 0.144643216611 3.60148663862e-14 0.192848089483 pwn_70 5.2140724656
3.73450206625 2.79115634518 0.0386545970463 "Carina Sagittarius" 18.3014139838 0.186226366375 275.902419155 -12.9037592961 11892.7798042 0.0320197150127 6.64627417447 2.13743085631 0.290200633428 5.50977591306e-22 0.00170581297618 3.70966016401e-16 0.00198640435756 pwn_71 4.66230194497
-0.0427746262594 6.33989885906 -0.0768568100451 "Carina Sagittarius" -0.165149290498 -0.296734716357 266.596619294 -29.2316098468 14840.1595269 0.043023033048 11.1433826224 1.79619806287 0.23133655254 2.02087709033e-20 0.0625658541897 1.74027830174e-14 0.0931863364593 pwn_72 6.34004315536
4.19707302926 3.20619479681 0.0187211649469 "Carina Sagittarius" 19.7245010625 0.0862540753943 276.673418984 -11.6922678862 12435.8662391 0.0827090811443 17.9517547898 1.79181093688 0.0998519640995 2.4132084082e-22 0.000747123346193 2.31956317675e-16 0.00124205188567 pwn_73 5.28158187364
2.02800519528 -2.20010379611 -0.0130524383814 "Carina Sagittarius" 17.8439324547 -0.112997606118 275.953820785 -13.4481111554 6618.28283001 0.223295675429 25.7931985453 2.19700695944 0.18404195111 3.03914512787e-20 0.0940911804293 2.09916191735e-14 0.11240340612 pwn_74 2.99220015804
-1.73107371035 0.371091344066 0.0242395948193 "Crux Scutum" -11.0417431536 0.153657884453 258.954151357 -38.0768800174 9038.44374787 0.0727499290644 11.4763513205 1.68918266279 0.270733127804 7.55152196051e-21 0.0233793249551 6.78952287767e-15 0.0363557232567 pwn_75 1.77040248991
-10.6105515902 -4.23595773381 0.0148005484203 "Carina Sagittarius" -68.106378819 0.0741571461771 169.750992749 -60.801147971 11435.2997578 0.0457661132723 9.13416903953 1.87010172031 0.316458556138 4.39011702106e-21 0.0135916935637 3.40410629647e-15 0.0182279003519 pwn_76 11.4248476125
3.47072094937 1.62715099493 -0.0096683500573 "Carina Sagittarius" 18.9173281968 -0.0517455401984 276.41327988 -12.4706411163 10705.3811076 0.0174615448267 3.26258756707 2.48445340211 0.238321888771 2.01553765262e-18 6.24005465208 1.15774333996e-12 6.1993452601 pwn_77 3.83321330853
-2.72170328203 0.373112006148 0.149751105859 Norma -17.0526642781 0.924385435901 253.373205275 -42.3898444626 9282.36019678 0.153681419916 24.897640426 2.67426890912 0.485696410868 2.45071374766e-19 0.758734906398 1.17785512245e-13 0.630703742221 pwn_78 2.74715877309
4.8478301753 -2.81175634709 0.138916321527 Perseus 40.4394386971 1.06484125652 285.344949207 7.16553033271 7475.08334453 0.0943990948235 12.3157717015 1.60021317696 0.0231132002354 2.95827975437e-20 0.0915876084945 3.5919229204e-14 0.192335982964 pwn_79 5.60423332526
-12.8203528145 1.57482220955 -0.0221851966235 Perseus -51.8381097524 -0.0779572116081 204.239766303 -62.4865632191 16305.3359679 0.0624858888999 17.7823536804 2.58799486869 0.329103956513 3.40367753608e-21 0.0105377013501 1.79162653265e-15 0.00959358699778 pwn_80 12.916714415
-0.590642790762 -10.6206715421 0.0217618697135 "Crux Scutum" -164.436583316 0.566380387284 95.2609033498 15.6744042716 2201.495009 0.768282699269 29.5217539713 2.03656851275 0.454778950894 3.05150183266e-19 0.944737409491 1.99831897717e-13 1.07003589238 pwn_81 10.6370824436
6.80146718681 5.25691623107 -0.0535225235847 Perseus 26.3079515326 -0.199825214583 280.006921199 -5.98408835644 15346.5163716 0.01 2.67847242115 2.09549847389 0.118282105557 2.55498029269e-21 0.00791015570491 1.95952074721e-15 0.0104926068127 pwn_82 8.59622732097
-0.967807945343 -5.11927110426 0.00630545870379 Perseus -15.9749333402 0.102736456258 255.14840467 -42.0604090796 3516.53520448 0.0919454089502 5.64316512944 2.06597651081 0.106853594035 4.82356986907e-18 14.9336528454 3.80207968027e-12 20.358920523 pwn_83 5.20995094584
-1.59780465975 5.36279906743 0.0392662022343 "Crux Scutum" -6.57481048538 0.161221796096 262.091753861 -34.3951700545 13954.6307565 0.097290671914 23.6955796572 2.42416323811 0.381116403741 3.28031326014e-19 1.01557686073 1.82704467027e-13 0.978323979562 pwn_84 5.59576568205
10.0800713758 5.13375323235 -0.00568303717223 Norma 36.4772493526 -0.0192040999422 284.494834665 3.14610680905 16955.4445073 0.0825765542837 24.4367589564 1.61769702629 0.243186897053 9.57372371275e-20 0.296400114946 9.24628306005e-14 0.495108881936 pwn_85 11.3120847412
-1.01052777102 -0.349772781113 0.0410195185853 Norma -7.06789996751 0.28617195467 261.632497726 -34.735347526 8212.73722314 0.163350481002 23.4146078816 2.23684908341 0.496088753349 9.95022240525e-20 0.308056421215 5.78987192445e-14 0.310029121589 pwn_86 1.06934904237
3.41556135464 0.374375564278 -0.1004271755 "Crux Scutum" 21.0506706735 -0.605095662258 277.925375288 -10.8384014624 9509.50506813 0.10120981351 16.7980302172 1.81653894078 0.294561810246 2.16953511131e-20 0.0671682696999 1.76398183504e-14 0.0944555848473 pwn_87 3.43601752476
4.18586026006 7.54632926199 -0.0196988586038 Perseus 14.6204103686 -0.0680600588713 274.340462247 -16.2698022314 16583.3198409 0.101529806687 29.3861613249 2.27123655881 0.461720966744 5.2043508441e-21 0.016112541313 3.01983358757e-15 0.0161702429124 pwn_88 8.62951397514
4.6440813966 2.58229695709 -0.035222432977 "Carina Sagittarius" 22.7363181932 -0.167949998901 278.322126845 -9.14143408368 12016.074171 0.0609686369106 12.7863508615 2.56283890149 0.00610525983171 3.54007404743e-19 1.0959981571 2.19533038712e-13 1.17552920064 pwn_89 5.31373217173
-2.32609493113 1.81250667789 -0.00713219286256 Norma -12.7109507221 -0.0386549699837 257.898720356 -39.5421312883 10571.5922395 0.101069429762 18.6482480323 2.09987480208 0.0772698102379 1.66253220325e-20 0.0514715852398 1.30947012428e-14 0.0701179365753 pwn_90 2.94888081923
-0.109339142829 2.6919673972 -0.0569561559107 Perseus -0.559729304509 -0.291562988832 266.35581787 -29.5658306371 11192.6463927 0.0169171815884 3.30474667753 2.21224652579 0.342209522376 2.57568869015e-21 0.00797426839057 1.62207852098e-15 0.00868571162832 pwn_91 2.69418698604
-6.36399137611 2.16378307958 -0.0365738836804 "Crux Scutum" -30.8281410122 -0.168743407789 240.272587065 -53.0933198895 12418.4537464 0.0607903342663 13.1758786424 2.22286553347 0.208233184949 3.01176550177e-21 0.00932435139866 2.02098796908e-15 0.0108217441244 pwn_92 6.72178127066
5.08351077298 -6.89109108732 -0.0367631635169 Norma 72.4376485383 -0.395034550906 303.861952803 34.2644474936 5332.16852683 0.237286064266 22.0828921106 1.8601219501 0.417982284714 3.81870268924e-20 0.11822608945 2.80707581687e-14 0.150309931047 pwn_93 8.56324810763
-10.5587634879 0.0985124050035 0.00657692336999 "Carina Sagittarius" -50.8424054714 0.0276735493654 206.301571012 -62.1923877838 13616.9726896 0.034927340154 8.30086788157 2.55349180497 0.214449046278 9.61903918975e-22 0.0029780307089 5.39453138655e-16 0.00288859900354 pwn_94 10.5592230343
-3.9925045356 -1.71934459502 -0.00307940948916 Norma -30.4899195015 -0.0224224863202 240.536354987 -52.7608738959 7868.76036429 0.2067063453 28.3882995832 2.61194047418 0.356498348177 1.76100112841e-19 0.545201587743 9.07660082328e-14 0.486022940917 pwn_95 4.3469803661
9.12226026767 5.39811382802 0.00850378931969 Norma 33.2795647177 0.0293080634284 282.991913263 0.322758743607 16624.4781176 0.0726007028578 21.0652416669 2.31053501164 0.283080008517 1.18273902557e-21 0.00366173072931 7.27663185799e-16 0.00389640360356 pwn_96 10.5997766623
-1.02496787643 -2.00705728965 0.00525656150974 "Crux Scutum" -8.97061534891 0.0458181833008 260.559786156 -36.4433392371 6573.34707885 0.0844806512512 9.69218063307 2.1219856296 0.0599517836643 6.14988907104e-17 190.399042447 4.83490245594e-11 258.893561195 pwn_97 2.25362776688
3.93026871605 4.27322571841 -0.0249072725799 "Carina Sagittarius" 17.1029150772 -0.106783652204 275.590326994 -14.099653304 13364.2406371 0.100353583918 23.4074975001 1.96143185539 0.358975603354 4.34563215455e-20 0.134539695187 3.11373002671e-14 0.166730283095 pwn_98 5.80581348485
4.90476079652 1.94597486363 -0.0790006696357 "Carina Sagittarius" 25.1517434632 -0.392224894685 279.64557331 -7.09985024891 11540.4207215 0.0192073335406 3.86870935666 1.91205293306 0.353185900674 7.31632117199e-20 0.226511491393 5.4121685641e-14 0.289804314795 pwn_99 5.27669372249
4.29537676487 8.29314126853 0.0927400961442 Perseus 14.3475928804 0.306543988308 273.86194377 -16.3315782975 17334.0259589 0.0967482852272 29.2698501663 2.61325097476 0.0578590756066 7.93989058844e-20 0.245817046082 4.6535248633e-14 0.249181371278 pwn_100 9.33951035397
2.64470715396 14.4796251043 0.0106594837862 Norma 6.56524161712 0.0264033168713 270.098425079 -23.2688571221 23131.315559 0.01 4.03717620921 2.52432451282 0.280955728904 1.19235314686e-21 0.00369149581072 6.59261003014e-16 0.00353013179444 pwn_101 14.7191718208
3.41732618187 13.5530628305 -0.00437714238084 Norma 8.80845321408 -0.0112380713253 271.329107179 -21.3356860398 22316.2657628 0.0721264465379 28.0927114245 2.08090155336 0.167825008774 1.52492617366e-20 0.0472113366457 1.1414474541e-14 0.0611208600385 pwn_102 13.9772540336
-5.23910036635 0.997083989597 -0.0401419700658 Norma -28.8834823413 -0.212049229406 242.695720791 -51.8266848209 10846.3997867 0.0459732865852 8.70299273453 1.6260208411 0.229424891023 1.62957864028e-19 0.504513510924 1.58230746458e-13 0.847275034283 pwn_103 5.33313689408
6.75046066005 4.23421534593 -0.0320030324459 Perseus 27.928249142 -0.127222676356 280.686766577 -4.51021065798 14412.8409342 0.0917868151666 23.0891334366 1.25039643903 0.211379346515 7.25157294733e-21 0.0224506902394 9.63969199962e-15 0.051617467226 pwn_104 7.96851922999
10.7009816907 4.88588402653 0.0404614012972 Norma 38.6396393497 0.135274526047 285.348187651 5.13995998099 17137.5184155 0.01 2.99106125008 1.77497200192 0.0523872021246 1.60627347275e-21 0.00497298288776 1.63508720826e-15 0.00875536898766 pwn_105 11.7636249458
-0.578394129184 -20.1697777579 0.0060294702126 Perseus -177.162546967 0.0295669404966 88.0849966843 26.5193183201 11684.104118 0.0428708403316 8.742484347 2.0608138812 0.0790114931456 6.85063118832e-22 0.0021209384484 5.531729477e-16 0.00296206419244 pwn_106 20.1780691487
-4.40663169012 -2.6703798541 0.00717717159913 Norma -37.0857710067 0.0562721499154 231.372898788 -56.7160323024 7307.73052388 0.17908013587 22.8406637926 2.52020671033 0.0434043080718 4.20652807414e-20 0.130233067311 2.61602176517e-14 0.1400795977 pwn_107 5.15260433349
-1.98070290262 -5.0948132799 -0.0610444096865 Perseus -30.1853794095 -0.887787802111 241.869953423 -53.2047042857 3939.82322029 0.242357092842 16.6652728163 1.90450313728 0.0962235068017 5.89016966451e-21 0.0182358193948 5.22989440069e-15 0.0280044116382 pwn_108 5.4662881689
-5.59491608584 10.7787918699 0.000886679923877 Perseus -16.1833061624 0.00253075735851 255.08168212 -42.2862744226 20074.2347988 0.0136267870747 4.77430154146 2.2514446369 0.426222193249 6.53308100374e-20 0.202262569775 3.8838654894e-14 0.207968573702 pwn_109 12.1443583685
-5.30487884536 -8.2739571654 0.0221259683793 "Crux Scutum" -87.5600817657 0.238755305913 140.872894328 -49.9066282632 5309.73864568 0.137188189953 12.7135860997 2.49095428849 0.0122613246315 2.52235746607e-18 7.8091562417 1.62486666717e-12 8.70064125934 pwn_110 9.82853533029
-0.639963786353 -7.63601549161 0.0619404459657 Norma -36.5277960462 3.29711419031 229.123992791 -53.6878663764 1076.96773277 0.648970946242 12.1989903117 2.13856089506 0.215808625143 6.36651437834e-19 1.97105708308 4.46649142413e-13 2.39166328871 pwn_111 7.66278580125
4.1020075768 7.45037645202 -0.0179495696688 Perseus 14.4223978221 -0.0624451701077 274.23731436 -16.4413966696 16469.4048863 0.0615276178956 17.6858339119 2.05726563936 0.400468194352 4.7019102425e-20 0.145569976548 3.12597373163e-14 0.16738589433 pwn_112 8.50497357062
-0.864903168962 -4.47937016147 -0.0146731240593 Norma -12.1402512098 -0.204421398678 258.506172275 -39.1780013279 4112.63140711 0.286009398528 20.5296274036 1.70737094573 0.0501291022637 7.07054857414e-20 0.218902432636 7.61462280335e-14 0.407738694354 pwn_113 4.56210637043
2.9774945117 -6.09932479647 0.1156446995 Norma 51.1216843666 1.73186079917 289.787214326 16.9464084522 3826.498229 0.381131727482 25.4542551648 1.73925740754 0.113856795079 2.50484257324e-19 0.77549305673 2.47336401696e-13 1.324407316 pwn_114 6.78728491666
