sky_model/pwn/ctadc_skymodel_gps_sources_pwn.ecsv
# %ECSV 0.9
# ---
# datatype:
# - {name: x, unit: kpc, datatype: float64, description: Galactocentric x coordinate}
# - {name: y, unit: kpc, datatype: float64, description: Galactocentric y coordinate}
# - {name: z, unit: kpc, datatype: float64, description: Galactocentric z coordinate}
# - {name: spiralarm, datatype: string}
# - {name: GLON, unit: deg, datatype: float64, description: Galactic longitude}
# - {name: GLAT, unit: deg, datatype: float64, description: Galactic latitude}
# - {name: RA, unit: deg, datatype: float64}
# - {name: DEC, unit: deg, datatype: float64}
# - {name: distance, unit: pc, datatype: float64, description: Distance observer to
#     source center}
# - {name: sigma, unit: deg, datatype: float64, description: Angular extension (deg)}
# - {name: spec_alpha, datatype: float64, description: Spectral model parameter (log
#     parabola)}
# - {name: spec_beta, datatype: float64, description: Spectral model parameter (log
#     parabola)}
# - {name: spec_norm, unit: 1 / (cm2 s TeV), datatype: float64, description: Spectral
#     model norm parameter (log parabola)}
x y z spiralarm GLON GLAT RA DEC distance sigma spec_alpha spec_beta spec_norm
[from data line 83]
-2.87169535845 6.9017713008 0.00764931674159 "Carina Sagittarius" -10.5616530472 0.0279739517633 259.43652553 -37.7583350214 15667.2030671 0.0913911825369 1.38521420471 0.194567338551 4.11727183111e-08
3.32419330949 2.3204948981 -0.0993380524442 "Crux Scutum" 17.0776220004 -0.502800845324 275.938876715 -14.3077323403 11320.0370603 0.126487590784 2.20182809232 0.476071348648 3.87131874077e-09
9.78225817741 3.61385863658 -0.0241398991787 Norma 38.9217831884 -0.0888295085088 285.677965689 5.28819060819 15570.4440801 0.0919591122761 2.31189007753 0.150014459738 8.52266543536e-08
-0.673269409711 10.39832694 0.0180216505438 Perseus -2.04034929376 0.0546032229764 265.115344301 -30.6430869306 18910.3246299 0.0757175904367 2.11827048421 0.0802338219438 1.14465270296e-07
-4.75925921272 -2.8105463876 0.0435243506485 Norma -39.9126670692 0.336192449892 226.641103873 -57.9624616695 7417.70348764 0.193030662082 1.75142029433 0.443152333043 1.35601749582e-06
-4.447107764 10.4216288776 -0.017889449101 Perseus -13.226057651 -0.0527333955719 257.516517478 -39.9654445289 19437.2098533 0.0736651106901 1.51089679219 0.223197207742 1.89593283119e-07
4.42014987553 2.9840941206 -0.0832559943692 "Carina Sagittarius" 21.05137675 -0.387647354284 277.729451548 -10.7371939471 12305.6521263 0.116356630324 2.08470196627 0.453937797177 3.11723353273e-07
-0.771881387349 0.166136311539 -0.000171860317639 Perseus -5.08982864387 -0.00113176652574 263.237809829 -33.2440657 8700.44363673 0.164571402923 1.69114222432 0.0801152331601 2.40949980617e-07
2.75142135912 9.09438149321 0.0970590794058 Perseus 8.88796802975 0.312272737075 271.068425621 -21.1078021777 17808.4811281 0.0804023771063 2.130060169 0.330558755754 1.83814965582e-07
-1.82338407719 11.0196144436 0.0143129113005 Perseus -5.33667914272 0.0418304655859 263.033399135 -33.427412033 19604.5985008 0.0730361407447 1.85623424408 0.220131876415 2.85916770371e-09
-14.0861206066 -7.58097389073 0.00299477345993 Perseus -86.2671203086 0.0121555000779 142.084443311 -50.9685775915 14116.0692723 0.101433634798 2.06369253985 0.0382433845151 1.25216644511e-08
-7.53567879944 1.11421467846 -0.106268724925 "Crux Scutum" -38.0895600814 -0.498430077357 230.383791982 -57.7302320326 12216.0088365 0.117210476393 1.89621892724 0.348231572326 1.83131218069e-08
-4.624461776 0.602932999037 -0.00163465316352 Norma -26.9314291199 -0.00917301754855 244.721492596 -50.3325039378 10210.241847 0.140236072446 1.99077475541 0.12369937777 1.48156765219e-06
-4.41372479476 -8.29112864525 -0.0642405395695 "Crux Scutum" -87.2906046461 -0.832933276703 139.986842682 -50.8563311972 4419.13121028 0.324010342128 1.80283500559 0.0198077612898 1.38365997685e-06
9.32517336976 -8.08730830102 0.0252540562376 "Crux Scutum" 87.4659909575 0.155013999122 315.312591887 46.5597036903 9334.33503694 0.153395416994 2.28218503335 0.0299721491248 1.55352356009e-06
8.97979027038 13.8226552214 -0.00940368188337 "Crux Scutum" 21.9135667345 -0.0223926077438 277.805869387 -9.80385764377 24061.1233708 0.0595086186661 1.83426626503 0.0305392685334 2.4136523403e-07
-4.66457703836 -0.0922358709979 0.00440613145059 Norma -29.0212501385 0.026256054633 242.270829505 -51.7449218271 9615.02969365 0.148917295211 1.90853712813 0.453866478743 2.53139228723e-06
2.01746691055 6.68427519363 0.0413360979754 "Carina Sagittarius" 7.56830729364 0.154616941326 270.516551001 -22.3339724676 15317.7705481 0.0934760192976 2.30845068821 0.369941958915 2.63556849249e-07
-4.22304149771 0.368659897439 -0.00299059408425 Norma -25.4626610597 -0.0174439655117 246.338894354 -49.2988751354 9822.79068348 0.145767558476 1.43610505349 0.449031178607 3.06789403393e-06
-3.22437460223 7.16174161992 -0.00811511330072 "Carina Sagittarius" -11.6332773788 -0.029077902635 258.704138573 -38.6641484275 15990.2097547 0.0895450552128 1.45696905041 0.336291155648 8.01265161592e-08
3.03140983858 -3.95882028222 0.0275885171464 Perseus 33.7246145654 0.289503284311 282.963273017 0.837490588666 5460.08424522 0.262238484068 2.0617371112 0.264469964515 4.05167818707e-07
-7.8404558577 8.78776495781 -0.00578145161561 Perseus -24.3955411939 -0.0174503257822 247.465105869 -48.5301069163 18982.6130635 0.0754292473097 1.48325668062 0.152223182174 1.57600589337e-07
-10.7948311193 1.18903300313 -0.0201225185571 "Carina Sagittarius" -48.0900481136 -0.0794833017068 212.018592587 -61.6081095063 14505.3832885 0.0987112292639 2.32477772013 0.498981125664 2.00013835274e-08
1.3727864917 3.92445750396 0.00619375273486 "Crux Scutum" 6.30507357373 0.0283899156995 269.955680091 -23.4936330998 12500.0690151 0.114546904791 1.68832287519 0.18109452947 2.6223380432e-08
9.53375290332 0.892309175544 -0.0116669669604 Norma 45.4281914395 -0.0499485746945 288.675152013 11.0797107796 13383.1256509 0.106988774722 1.59818720091 0.235324474607 6.39392171634e-06
-3.81832146232 -0.280574129521 0.0132848857918 Norma -24.9171511869 0.083985953253 246.807898893 -48.8368646366 9063.04126208 0.157987167215 2.31919434715 0.189122587462 5.54943171079e-07
-0.0508141272429 -7.42566199158 -0.0217573914655 Norma -2.707962347 -1.15889488853 265.909330969 -31.8503477242 1075.75908825 1.33100824431 2.19973899369 0.489763464668 4.56665458334e-05
3.21917498381 5.82737619123 0.128721035594 "Carina Sagittarius" 12.6633121843 0.502226470679 272.838419267 -17.7162094021 14685.1409665 0.0975029261628 2.30424091932 0.0873291926975 1.93416991531e-08
-2.63593769528 -4.43429663335 0.0324092794241 Norma -32.9567523137 0.38322510492 236.918540569 -54.0248336757 4845.53008043 0.295497952047 2.04463205773 0.163994000454 1.01095402405e-05
4.26307038228 -7.7095106978 -0.0455038221087 Norma 79.4951156326 -0.601300162587 309.201989398 39.8984515496 4335.97889974 0.330223981356 1.56746906504 0.340174333008 6.4132915751e-05
7.46727994635 -2.11952614927 0.00177412052508 Perseus 49.487516481 0.0103492289882 290.569432484 14.6954102449 9821.95090114 0.145780021684 2.31571753734 0.0316038091693 3.34962938479e-07
8.84271540162 -3.76298544722 0.028564083227 Norma 61.8221872947 0.163144225212 296.826735681 25.5488036951 10031.6368781 0.142732859328 1.72763908984 0.303624687006 1.42719671257e-07
-0.425517784373 -15.0273326271 -0.102353737622 "Carina Sagittarius" -176.270157281 -0.896466954846 87.7063186497 25.2792360215 6541.98845128 0.218869878174 2.01666322687 0.238823251438 8.72759941673e-07
-10.5552423438 -0.963822365346 -0.0725627342228 "Carina Sagittarius" -54.474117617 -0.320560170003 198.595744541 -63.0766869138 12969.6715312 0.110399420055 2.0557580313 0.141999988381 1.98713778842e-06
4.8108188037 -7.09015416447 -0.0140311889141 Norma 73.6663891402 -0.160363501632 304.461694275 35.4144716168 5013.1666356 0.285616720813 1.75814727487 0.119206640462 1.06311090642e-06
-7.40177604213 -0.894266796387 -0.0193300657667 "Crux Scutum" -44.2213787783 -0.104357041687 219.514357343 -60.2893473076 10612.9091108 0.134915337576 1.96580142999 0.257256371649 1.03483348669e-06
-1.70457318873 5.29978378532 0.0116891381781 "Crux Scutum" -7.04160574562 0.0481664470457 261.890980717 -34.8461472005 13904.6660842 0.102975807307 2.04899580132 0.183963790269 7.81159380684e-08
3.14495539429 8.93433352161 0.100679675433 Perseus 10.2255398529 0.325612418398 271.754375496 -19.9345431399 17716.0059317 0.0808220668287 1.90163489341 0.228259945631 2.36606400516e-08
-1.37528589916 -6.54249406419 0.00560078501815 Norma -35.0907452228 0.134137353246 234.230010845 -55.5119836788 2392.33613064 0.598512975251 1.50316178654 0.168738690882 1.21500379894e-06
9.05182826152 -2.82759441961 -0.0570704933205 Norma 57.9263330109 -0.306101097907 295.147738921 21.9381223708 10682.4639941 0.134036886634 1.88052430704 0.485246846798 3.0876010103e-07
6.3632406486 -1.07237168023 0.0317001023404 Perseus 40.5866262072 0.18570152333 286.200263796 6.89360535461 9780.66965525 0.146395315026 2.15812419211 0.0667197158728 1.52868984922e-07
-4.34983106522 15.0752900215 0.0375406252126 Norma -10.4539625002 0.0897216781127 259.451332039 -37.6347520034 23973.2504928 0.0597267448474 1.61246667787 0.0484019765892 6.65132691998e-11
5.79036272224 7.75656628776 0.00434571727376 Perseus 19.6051916355 0.014428415734 276.681550247 -11.83130127 17257.0063107 0.0829717617046 1.75959867411 0.171695864395 2.51703591077e-07
-10.0355621926 -5.89660261548 -0.0256603737596 "Carina Sagittarius" -75.4570661729 -0.141807863968 156.625645759 -57.743606011 10367.77917 0.138105199954 1.68250854104 0.295513450435 7.93140818478e-09
-7.36280154991 0.128185615081 -0.00484848875686 "Crux Scutum" -40.4755510623 -0.0244913793094 226.045667403 -58.5530591048 11342.6829798 0.126235055489 2.29930120669 0.329588235925 5.57460824085e-08
5.36671519338 -2.27508563717 0.0244297275359 Perseus 40.7657684762 0.170303460273 286.296884066 7.04569325677 8218.98945145 0.174211711039 1.98151958439 0.198628373584 2.65209145219e-06
0.418883860369 -3.02922815502 -0.021594850571 "Carina Sagittarius" 4.37845718225 -0.225503174692 269.139540247 -25.2891501054 5486.82737161 0.260960317935 1.91001469579 0.499638996961 4.28393294813e-05
0.730684161911 -11.5103290119 -0.0263046027999 "Crux Scutum" 166.356693741 -0.486518403729 76.6269610274 39.9772362575 3097.84958264 0.462205855112 1.5921226599 0.175946498097 4.05604117159e-05
0.965656751403 4.03443898428 -0.0339052080161 "Crux Scutum" 4.40538131897 -0.154524763713 269.086655495 -25.230198334 12571.6269104 0.113894902032 1.94559728165 0.36070333398 2.08432849491e-07
-6.09315658587 -6.42224679124 0.0788463625855 "Crux Scutum" -71.1707348113 0.701703694178 164.591960228 -59.0387474605 6438.1544192 0.222399793811 1.61793018162 0.318791347265 9.52057458974e-06
-6.77388387419 1.75777123148 0.134762767212 "Crux Scutum" -33.4394180469 0.6281051098 236.012916767 -54.1277916547 12293.3125878 0.116473424483 1.80859425073 0.406526931624 1.8113372833e-07
-4.99316349188 -8.21317293571 -0.0910486260752 "Crux Scutum" -86.7123168231 -1.04293419861 140.400989667 -51.4139128021 5002.22363292 0.286241543846 1.62832155884 0.488112831727 1.01745199493e-07
-8.1866580792 7.30957980292 -0.032670830509 Perseus -27.3764289266 -0.105142239703 244.325716036 -50.7118720321 17803.5179511 0.0804247912848 1.98263698964 0.444896828223 6.78644394986e-09
-4.81904519932 -8.48269572961 0.0770281495514 "Crux Scutum" -89.7942626893 0.915738168304 139.207618263 -47.844969024 4819.69183732 0.297082108915 1.95567952049 0.382280987179 2.6531155628e-07
10.4347528208 0.309840003558 -0.0558472331101 Norma 49.8263085436 -0.234307150972 290.957922345 14.8785584684 13656.5173538 0.104846951698 1.74375933599 0.349124238909 3.91295173327e-08
1.11138533373 -5.07079884781 -0.0488666888836 Perseus 17.9572257616 -0.776653890507 276.611849893 -13.65799724 3605.13326459 0.397168179444 1.90692181242 0.167749084838 8.61652495584e-07
1.73962951847 4.04381397577 -0.0489454692648 "Crux Scutum" 7.89565971432 -0.221445344629 271.044499725 -22.2343139096 12663.9636599 0.113064460212 1.50487339264 0.0738427891034 6.33122364722e-09
-12.8657140613 -10.3680773898 -0.0329183200032 Perseus -98.2615041512 -0.145075827776 130.223980977 -42.1334701625 13000.6690234 0.110136194743 1.39736044997 0.0313180015299 8.05791351357e-08
-14.7377549846 -1.2846490851 0.0112750939728 Perseus -63.9144262391 0.0393690221049 178.127002934 -62.0465094337 16409.2302665 0.0872584631997 1.91863575934 0.120950852101 9.90042610396e-07
3.96511095969 1.74912259409 0.0214745186377 "Crux Scutum" 21.1501189678 0.111962365003 277.325622658 -10.4181676615 10989.4076285 0.130293120771 1.84500184375 0.216140740591 7.42382608798e-09
-6.48488391591 2.53105535037 0.0335263679227 "Crux Scutum" -30.4502146336 0.150118264606 240.398636663 -52.604744235 12796.0550782 0.111897315743 1.97145848796 0.260998136815 1.57604951961e-05
-8.67490264203 3.36771643784 0.00936867750201 "Carina Sagittarius" -36.1655511619 0.0365154676281 232.770112919 -56.214587643 14700.22847 0.0974028545388 2.44344908921 0.386541777027 3.31310530997e-08
-11.5843111231 6.50600020474 -0.0432961093815 Perseus -37.6673725366 -0.130856719637 230.670799047 -57.1921641114 18957.2725067 0.0755300750591 2.05500946149 0.479370461528 1.00364563061e-07
10.7522800011 6.02975263635 -0.0134188848562 Norma 36.5021113763 -0.0425351176332 284.526993609 3.15756914531 18075.5474872 0.0792144313395 1.55353799913 0.0586602401924 6.6908201034e-07
7.94896462899 10.2539996523 0.0429743324251 Norma 22.9698714137 0.120881592519 278.171863879 -8.80093324105 20369.1037707 0.0702949050417 2.10159439779 0.0535020700969 6.50585973086e-08
-5.91919541092 2.68128913494 0.327322415561 "Crux Scutum" -27.8960278462 1.4820493836 242.030428505 -49.9113120853 12655.640679 0.113138817044 1.44470499916 0.294847361507 5.85660912509e-08
10.988570946 5.59944059728 -0.0422794828231 Norma 37.9315033536 -0.135514850835 285.264661977 4.3863989611 17875.8133842 0.0800995280369 1.6753721567 0.372699036974 4.76567122617e-07
13.9452963664 -3.11459326665 0.00894590195148 "Crux Scutum" 68.8843928259 0.0342873020913 301.125265995 31.5200656685 14949.046005 0.0957816448536 1.78157476656 0.424075190173 4.15371620752e-08
3.75846968165 7.32356123581 0.00665541482633 Perseus 13.361499969 0.0234463755968 273.63015563 -17.3332241182 16263.8011801 0.0880387185931 2.26260253485 0.467916040108 3.35621435247e-08
-1.96607983601 1.82040123831 -0.00369663432019 Norma -10.7858467922 -0.0201600442849 259.322258823 -37.9691472997 10506.0061539 0.136288156924 1.59891619805 0.49171312113 2.38616109549e-08
14.4510391002 1.66951677347 -0.00649716818191 "Crux Scutum" 54.8650988487 -0.0210665968229 293.283281787 19.4063125064 17670.6435846 0.0810295453301 1.57686159456 0.199900846112 2.99367537863e-07
-11.5934414233 -0.363087949484 0.0590494007521 "Carina Sagittarius" -54.9367198284 0.238864442421 197.487960079 -62.5562417535 14164.0639855 0.101089928485 1.77341781841 0.190167591764 9.86622532955e-07
6.77340356649 -10.8964334055 0.0149495733844 "Crux Scutum" 109.48380361 0.119215811396 345.087899725 60.0581355691 7184.85298607 0.199286501495 1.62086086268 0.0739043383486 1.91753674438e-05
4.21671815269 2.00649817694 0.0697852547426 "Carina Sagittarius" 21.8677540841 0.353176928069 277.44661546 -9.67051690558 11321.3111389 0.126473356115 2.10419169897 0.342467219342 9.91080163497e-07
-1.66741258379 7.13883735562 -0.0342699665682 "Carina Sagittarius" -6.08588349386 -0.124846564816 262.706990771 -34.1453920844 15727.5132488 0.0910407254281 1.50841849274 0.32838097922 9.23677181531e-08
-0.955847441146 6.98097142095 0.0888363765451 "Carina Sagittarius" -3.53314967627 0.328158959837 263.911174359 -31.7577341812 15510.7063788 0.0923132822183 1.49018346385 0.431031297926 5.29017797304e-08
-2.99954557755 -4.48360847304 -0.0280741517273 Norma -36.7533314863 -0.320878001181 232.261009684 -56.8425853483 5012.92955542 0.285630228696 1.68178858792 0.0486289973938 5.39521535223e-07
1.27088672989 -6.08449908819 0.0113548041419 Norma 27.7505614512 0.238356793101 280.279137878 -4.50097088968 2729.45537914 0.524589713498 1.66553123831 0.248888453913 4.93459266084e-06
-2.04352013652 2.60923260345 -0.0748172203517 Perseus -10.4229217844 -0.379496512996 259.959550374 -37.8790524009 11295.8674391 0.126758234643 2.32097365453 0.290540964836 1.3330319018e-06
-3.67038967436 0.723588256922 -0.0289075377351 Perseus -21.6993463469 -0.166844638353 250.325819408 -46.6404889039 9927.09304583 0.144236002296 2.05634361787 0.12077852002 3.35538538651e-08
0.942362532522 4.41432006143 0.00998612770454 "Crux Scutum" 4.17349641674 0.0441870436368 268.76762375 -25.3303854318 12948.6605297 0.110578558459 1.82363883517 0.0845127030646 6.24924421364e-08
-0.601340150527 -4.84695441587 0.0115440145363 Perseus -9.34781869636 0.178655811977 260.15652725 -36.6778843551 3702.22707038 0.386752132738 1.46913240992 0.42979041821 5.52299769876e-07
