sky_model/pwn/ctadc_skymodel_gps_sources_pwn.ecsv
# %ECSV 0.9
# ---
# datatype:
# - {name: x, unit: kpc, datatype: float64, description: Galactocentric x coordinate}
# - {name: y, unit: kpc, datatype: float64, description: Galactocentric y coordinate}
# - {name: z, unit: kpc, datatype: float64, description: Galactocentric z coordinate}
# - {name: spiralarm, datatype: string}
# - {name: GLON, unit: deg, datatype: float64, description: Galactic longitude}
# - {name: GLAT, unit: deg, datatype: float64, description: Galactic latitude}
# - {name: RA, unit: deg, datatype: float64}
# - {name: DEC, unit: deg, datatype: float64}
# - {name: distance, unit: pc, datatype: float64, description: Distance observer to
#     source center}
# - {name: spec_alpha, datatype: float64, description: Spectral model parameter (log
#     parabola)}
x y z spiralarm GLON GLAT RA DEC distance spec_alpha
-4.08677536137 -0.628098021492 -0.0100363544022 Norma -27.4365268325 -0.0648332507592 244.213237042 -50.7247210495 8869.5363093 1.9333359296
2.780753753 -4.20578170491 -0.0728920389939 Perseus 32.9253827588 -0.816295504107 283.582998583 -0.378029840861 5116.4651323 1.97369490557
9.47309485664 7.67880644387 -0.0394231002023 Norma 30.3500376787 -0.120479800046 281.788840751 -2.35266432694 18748.1961343 1.37593167967
3.56517513835 2.92467875561 -0.0273134878103 "Carina Sagittarius" 17.3310082903 -0.130760431666 275.722501594 -13.9095107649 11968.0618507 1.74413600744
-0.73167138085 -6.58743250991 0.0318242746157 Norma -20.9348400081 0.890369804388 249.916038375 -45.3672536787 2047.99174758 2.03764830626
-0.0997618767143 -4.0094170064 0.0328838306903 Perseus -1.27266201918 0.419456959977 265.228287078 -29.7987375322 4491.81137191 1.34151142875
-3.99630993395 -0.449868853182 -0.0292793148519 Perseus -26.4010856747 -0.186656552984 245.505396332 -50.0853711103 8987.54481755 1.90456572836
0.579063533738 5.55330189836 -0.0432254454489 "Carina Sagittarius" 2.35952653864 -0.17608160933 267.953297212 -27.0051697869 14065.2933585 1.19099765806
-4.20417507944 0.127459288756 -0.044011662985 Norma -25.9800501352 -0.262747357022 246.050272532 -49.8400116237 9597.39959073 1.52392315222
-9.29567668707 -4.19107806128 -0.0143817505505 "Carina Sagittarius" -65.1303705017 -0.0804244748314 175.557228255 -61.8640012398 10245.809884 1.810430249
-5.33217973983 3.7865440585 0.0487626661079 "Crux Scutum" -23.4601356656 0.208596713108 248.177852461 -47.6936674291 13393.7927219 1.35268692237
-1.53908654458 0.759539707588 0.0429478266841 "Carina Sagittarius" -9.43721436556 0.26215217168 260.007367455 -36.7035210528 9386.67712793 1.53391210083
0.468920263501 -2.59870818892 -0.0788390477207 "Crux Scutum" 4.5432118666 -0.762999904135 269.745704833 -25.4155460252 5920.4177934 1.40260454798
5.31480378901 -9.60434567033 0.0191295465049 "Crux Scutum" 101.738270037 0.201910833111 332.273724193 56.2422471394 5428.35929309 2.2449964317
7.10800728809 -1.74306765976 0.109026730834 Perseus 46.450479845 0.636935662771 288.538994178 12.304074589 9807.7412836 1.84434149398
3.85663871876 2.97246062788 0.0628835487996 "Carina Sagittarius" 18.5808383405 0.297680422525 275.935676267 -12.6046833272 12103.5106232 1.95316837502
2.51151019937 -1.36797921857 0.0194580615053 "Carina Sagittarius" 19.3994940533 0.147443021068 276.46328376 -11.9512461889 7561.33470522 1.73987772286
3.43036644656 -2.29834842146 -0.00251351468807 "Carina Sagittarius" 28.9486294185 -0.0203203669996 281.058949165 -3.55377446236 7087.16463595 1.70457342784
-6.44871954605 5.65690202563 -0.0551108341928 "Carina Sagittarius" -24.4901051278 -0.202976918513 247.570494329 -48.7263478979 15556.5708288 1.36355196906
0.283615729951 -2.83487501988 0.0625759428132 "Crux Scutum" 2.86603185616 0.63206152556 267.466882985 -26.1563978044 5672.56508744 1.72120391206
-7.81589275399 4.68894165129 0.00722358652685 "Carina Sagittarius" -30.6513869516 0.0269965303896 240.281294998 -52.8296372565 15330.8973515 1.59439710281
1.80967525037 -5.54522053866 0.00810826513884 Perseus 31.485676128 0.134077841994 282.080553675 -1.22596053948 3464.92596182 2.03163945956
3.53131294902 -6.13306025712 0.00437524592702 Perseus 56.1671651166 0.0589678008841 293.881000093 20.5837260459 4251.18736745 2.108097504
-1.80365644579 -6.83311021326 -0.0168166670865 Norma -47.2567339951 -0.392315956684 213.889675318 -61.6511589616 2456.00914816 2.19597625321
-0.0650709876212 -4.88771079631 0.0213306679374 Perseus -1.0320020229 0.3382743561 265.45416216 -29.6374182246 3612.93821175 2.03018902365
-3.24313798329 5.08940929741 -0.0409191704267 "Crux Scutum" -13.4226758139 -0.167810619721 257.484754573 -40.1919630591 13971.1010092 1.63836343703
-3.10835277369 4.68442497891 0.0227687918816 "Crux Scutum" -13.2657802 0.0963063498883 257.32946702 -39.9086891596 13545.9011294 1.49870781379
-0.280484684254 3.99508452585 0.116024570732 "Crux Scutum" -1.28593689085 0.531877400198 265.110356799 -29.7503988927 12498.7707663 2.00699905904
-0.498615870879 5.66778655686 0.00133273411426 "Crux Scutum" -2.0156146978 0.00538635967272 265.179090553 -30.6482174862 14176.5579561 1.89619906072
-1.70883675804 4.97346937572 -0.0588069703781 "Crux Scutum" -7.2282170958 -0.248087051022 262.065184237 -35.1658811896 13581.5300443 1.32249461832
7.810568435 -15.1743220702 0.0240168696303 "Carina Sagittarius" 130.514700021 0.133938652486 29.2056645039 62.0392360901 10273.856685 1.89598008404
-0.739801340263 5.27224659412 -0.0657693573029 "Crux Scutum" -3.07479211619 -0.273219991061 264.796933422 -31.6934722844 13792.258984 2.01992035207
3.16444365636 -4.55697499082 0.0391634266001 Perseus 38.7485108929 0.443817513646 285.122673753 5.37791430143 5055.95526595 1.81590990908
9.1766828133 -7.04209434204 0.0122318932092 "Crux Scutum" 80.9728254332 0.0754253952247 309.671355803 41.484289431 9291.77840796 1.75003550883
2.63648547459 -6.52936270479 -0.10395549647 Norma 53.2237761773 -1.8089309171 294.090470563 17.1037100352 3293.21632333 1.58193490834
-12.3941114761 5.40161751352 -0.0344842717483 Perseus -41.7188856319 -0.106086585233 224.001611656 -59.2140541663 18624.4505406 1.40943563112
3.74105207572 -9.63891312195 -0.0501994175199 "Crux Scutum" 106.932167388 -0.73545631517 341.356769827 58.1670045308 3910.89679155 2.01608044632
1.99527677492 1.90562231177 0.00105383480944 Norma 10.8547030983 0.00569883807389 272.376031535 -19.5398200072 10595.1925992 1.71653909991
4.99041667974 0.0015885029628 0.0262437670464 "Carina Sagittarius" 30.4128549785 0.152530433645 281.574415554 -2.17218131399 9858.09081143 1.73696400138
-1.82252646982 3.18888664344 0.0276733597104 Norma -8.86217856332 0.134027735596 260.546006186 -36.3039967538 11830.149598 2.26783472047
-2.23376117657 1.85497526441 -0.0836443073396 Norma -12.1732301447 -0.452401617219 258.741219814 -39.3496520558 10593.4979157 1.98481529885
8.08906612852 1.81268138655 -0.00582907259999 Perseus 38.1099453754 -0.0254818069931 285.24840643 4.59541123543 13106.6556448 1.90012275035
-0.118624278629 6.24324647156 -0.0168432110294 "Carina Sagittarius" -0.460992350897 -0.0654545965402 266.193496734 -29.3635911839 14743.7333106 1.8383566874
6.9510477316 -0.408780870864 0.0371434800421 Perseus 40.665391987 0.199508392015 286.224320844 6.96992242796 10667.0647884 2.21039861241
-6.5587494346 9.74519095488 0.000139000764629 Perseus -19.772407987 0.000410772385429 251.951838271 -45.0723752147 19388.2486869 2.264289113
3.22410130422 0.3442288392 -0.038467664923 "Crux Scutum" 20.0289705149 -0.23413260471 277.107593994 -11.5718334348 9413.6439672 2.0509663801
-0.353472659185 10.5704067268 0.00042432203612 Perseus -1.06186370618 0.0012746286462 265.765928594 -29.8403452615 19073.6822828 1.95720063968
-8.34227833107 4.75638563161 -0.0200171052726 "Carina Sagittarius" -32.1823151003 -0.0732238297976 238.430319217 -53.8945216597 15662.878677 1.23445717077
0.309432795106 2.1768510324 -0.0191267101988 Norma 1.66006174026 -0.102597540359 267.479427285 -27.5684571752 10681.351153 1.83340491684
3.76283153491 0.825484206028 0.00164407521509 "Crux Scutum" 21.9740686775 0.00936738008931 277.805703547 -9.73552642773 10056.021059 1.76487112237
7.14072958471 1.05666565478 0.0374397414477 Perseus 36.7670432474 0.179813074573 284.450046081 3.49480267445 11929.848246 1.82536737193
-2.90871226508 10.9847393807 -0.0795706830191 Perseus -8.490503519 -0.231415670807 261.180304325 -36.2037052493 19700.8123504 2.05462244358
-7.77949955433 4.09637534611 -0.110804012201 "Carina Sagittarius" -31.6994059365 -0.428805502949 239.445664728 -53.8578602378 14805.4571934 1.06028716486
4.46177140163 8.14672177809 -0.0790434835613 Perseus 15.0041609492 -0.262779973251 274.708291803 -16.0241504731 17234.4712095 1.64628574556
3.25432512405 1.51762375067 0.00468038472598 "Crux Scutum" 17.9969055571 0.0254597061666 275.901751528 -13.2480999716 10532.9691697 1.87287417583
-0.182782590255 -0.928344426774 0.0827867571998 Norma -1.38287290764 0.626251603723 264.958933249 -29.7824072902 7574.3139123 1.67395170257
7.68520487882 1.76587616903 0.0249264951847 Perseus 36.8191340881 0.111369325425 284.534883034 3.50988696822 12823.8531213 1.41743534946
3.09828283667 -0.905406205667 0.0443604683828 "Crux Scutum" 22.1934452693 0.309870712014 277.638552606 -9.40196901604 8202.38863308 2.03462014146
-2.07918920819 6.65970180893 0.0332853156528 "Carina Sagittarius" -7.80952809923 0.124634192292 261.288733392 -35.4403129782 15301.656597 1.87475541458
3.0823957995 8.85236008465 0.00638144439843 Perseus 10.0726976727 0.0207461248512 271.958764734 -20.2164141037 17624.0064995 1.53780176598
10.4554301872 -7.71324099326 0.0009155210489 "Crux Scutum" 85.6966691293 0.00500291304585 313.816539477 45.1219900376 10484.9897936 1.88500064522
-0.430367689796 4.45030194938 0.157301675821 "Crux Scutum" -1.90336727202 0.695528727566 264.570915001 -30.1857977646 12958.4057949 2.02182814225
-12.4303945589 4.99907850535 -0.0135640118064 Perseus -42.6398886214 -0.0423509804234 222.32914369 -59.5707567549 18350.4771972 1.8014290145
-5.74019726665 3.51551378262 -0.118997209406 "Crux Scutum" -25.5353060636 -0.511995335914 246.807241148 -49.6955264955 13316.7787568 2.01615249693
3.18481011217 8.48716478223 -0.0396751283315 Perseus 10.6187322374 -0.1315278338 272.382312653 -19.8127271953 17283.1813306 1.82113024729
-5.63475047562 -1.15834580619 0.0956958939806 Norma -37.5063903936 0.592428600375 230.200252641 -56.4973002873 9255.23943117 1.69328817468
-9.52136438215 -7.87319203883 -0.02952346267 "Carina Sagittarius" -86.2335540363 -0.177276149439 141.915076715 -51.1288098757 9542.01967891 1.48695646057
-10.3012420077 0.836454801671 -0.109054423093 "Carina Sagittarius" -47.8126426933 -0.44942576046 212.810728509 -61.8786243445 13903.1243982 1.77679869292
8.19347800166 8.73321226979 -0.0592084022909 Norma 25.4286080321 -0.177780568018 279.581563289 -6.75546570991 19081.9336686 1.85245909327
-3.97546964219 5.22809246085 0.000830645587483 "Crux Scutum" -16.1503003763 0.00332997935571 255.108321221 -42.2597890352 14292.12658 2.03647484563
-1.69054784172 -3.57029326415 0.0630955613871 Perseus -18.9284161597 0.69364243827 251.973444173 -43.980303657 5211.90383224 1.76892098351
-5.50085585164 6.69410137437 0.0571864967151 "Carina Sagittarius" -19.9022268934 0.202765532958 251.614534721 -45.0403518565 16159.3131652 1.92350221368
5.02844715356 -3.52378153163 0.00886312492895 Perseus 45.2991060531 0.0717820369275 288.504216907 11.0219518202 7074.4688547 1.53955475629
-0.679106665876 -0.976148925072 -0.0172586605375 Norma -5.15757063838 -0.130896143162 263.32384477 -33.3715719486 7554.45687808 1.58869012793
4.03712170186 -10.0633008903 0.00461031867575 "Crux Scutum" 111.167975233 0.0610158154458 348.266571244 60.6661190417 4329.2357945 1.77019488926
-2.20514109567 -1.36779026459 0.00328351238281 "Carina Sagittarius" -17.1805958072 0.0252006997253 254.215970368 -43.0543612288 7465.32475805 1.51525031472
6.69887199216 -5.13283414387 -0.0279754480569 Norma 63.3137618142 -0.213786598009 298.032011041 26.6421085408 7497.56457096 2.02146691608
9.97200415904 -0.45359494997 0.00353161309134 Norma 51.0999580668 0.0157916801096 291.355488891 16.1187028376 12813.4895188 1.92504518892
0.988068522864 -10.7102399248 0.0610105760118 "Crux Scutum" 155.913384619 1.44355618282 69.3767789213 49.2718519276 2421.80969964 1.87535585639
6.06521931466 5.34150848062 0.0439783439821 Perseus 23.6625822901 0.166738817991 278.453886297 -8.16521063796 15112.1201838 1.89150411381
-8.2175545258 9.85824790845 0.0068717046344 Perseus -24.1143365517 0.0195748811964 247.715649033 -48.3003375595 20113.5157512 2.3456817616
2.3428297441 1.5629626757 -0.113611970848 "Crux Scutum" 13.1059680871 -0.63000075885 274.105000505 -17.8693484961 10332.7139079 1.67340666925
-2.18198943165 1.80399979129 -0.0396151830413 Norma -11.956403014 -0.215501805993 258.65627589 -39.0353277066 10532.5713357 1.20561085291
-4.56301401122 0.606831604791 0.0493585557634 Norma -26.6133406375 0.277636242215 244.762470505 -49.9050127562 10186.162919 1.85381105316
9.78647808828 -0.988569166742 -0.0590105933763 Norma 52.4926232038 -0.274060608419 292.314403502 17.2048085357 12336.945683 1.78633704394
-3.42994592199 0.955941412109 0.0930776206643 Norma -19.9371860121 0.530163168046 251.231124606 -44.8538730554 10059.2256392 1.66026985852
10.2605057883 -2.69855785691 0.00311873385084 Norma 60.515538251 0.015159872789 296.24414715 24.344555868 11787.0572959 1.53571593797
-0.610314418547 -4.86605205229 -0.0943007762163 Perseus -9.53374010751 -1.46596713042 261.730230953 -37.7590921737 3686.04856351 1.68141882911
13.9013767234 -0.993080015697 -0.112986178723 "Crux Scutum" 61.6303903141 -0.409747594199 297.266345692 25.0937365568 15799.205307 1.84896137589
-0.239204302443 0.012608420954 -0.0324759997698 Perseus -1.6095878837 -0.218498774972 265.648833222 -30.4217612547 8516.03050237 1.66423949083
-2.13813130116 -2.49686721363 0.00971840069235 Perseus -19.60433558 0.0873785499541 252.011277243 -44.8878650769 6372.54291151 2.45136249348
-1.05474065196 2.65526863161 -7.82427923413e-05 Perseus -5.40130984951 -0.000400086869084 263.033416037 -33.5046166111 11205.0210215 1.54066381696
9.49234456857 -8.31819701195 0.00182568822407 "Crux Scutum" 88.9027715491 0.0110178310138 316.877904968 47.5331328514 9494.08558357 1.58585831207
-7.02237433563 -0.0391883940054 -0.00129656711186 "Crux Scutum" -39.6922750006 -0.00675625672874 227.325643243 -58.149575701 10995.4115895 1.1820725892
-4.00154889342 -4.09689709086 -0.0109365742859 Norma -42.2646257637 -0.105318243154 223.04738974 -59.4610919385 5949.77549018 1.86790079206
2.97614875125 -6.91278431056 0.0181186601305 Norma 61.928466997 0.307776951535 296.747546577 25.7134740346 3372.98729915 1.25557021049
-4.57911547131 7.37657417254 0.0109236425532 "Carina Sagittarius" -16.0885990095 0.0378775394074 255.122907921 -42.1899040118 16523.7412616 1.65434724899
1.04402149102 -1.63192090912 0.0066975975601 "Crux Scutum" 8.64340164264 0.055238983357 271.180028939 -21.4470119515 6946.98036057 1.72556895567
3.00106498339 -6.11586713192 0.153938707283 Norma 51.5353544945 2.29995378743 289.463231178 17.5772160419 3835.90637174 1.60837344922
-2.38214488598 -5.88656096769 -0.0359367468935 Norma -42.3491144616 -0.582250928039 223.322533251 -59.9251238913 3536.3779893 2.26949562291
2.49287294621 -0.907958389082 0.134454481692 "Crux Scutum" 18.1777719231 0.963972273886 275.138875624 -12.6474671605 7991.97030497 2.06848648566
4.60170945703 -9.44419094449 -0.0101786253294 "Crux Scutum" 101.595168923 -0.124147278965 332.402340877 55.8934817022 4697.58768635 2.1561669566
2.37978640856 3.73846109642 0.0203934506132 "Crux Scutum" 11.0039271775 0.0937188472578 272.370920222 -19.3666377365 12467.7074577 1.56174691899
0.0626193281692 7.40817903054 0.0220444845771 "Carina Sagittarius" 0.225532078995 0.0793959718384 266.461697258 -28.702297907 15908.317548 2.10472039742
10.1125638413 -2.97652889163 0.00802150279277 Norma 61.3566820926 0.0398863172885 296.685204769 25.0845636086 11522.705623 1.93392025551
4.08182101152 13.7509369531 -0.00265367895591 Norma 10.3950423937 -0.00672102523577 272.150977009 -19.947953641 22622.2338663 2.00827960614
13.2133382695 -3.89741835649 -0.0418589265142 "Crux Scutum" 70.7953191358 -0.171407422599 302.550678406 33.0172241985 13992.0626849 2.07794848377
2.02236622357 3.1999795096 0.00399905330063 "Crux Scutum" 9.80679432993 0.0192975354614 271.822180383 -20.4494459442 11873.4789198 1.55463392359
-3.01587415912 4.99799914185 -0.125609056247 "Crux Scutum" -12.5948004295 -0.520335952217 258.493305668 -39.731453688 13831.3866048 1.68543424234
-5.18927063634 -9.18561176927 0.0111896098004 "Crux Scutum" -97.5263858368 0.122482144227 131.122295255 -42.5471192012 5234.37851542 2.03290092306
0.128709217117 1.60209446746 0.0173011922109 "Crux Scutum" 0.72995713474 0.0981186506453 266.741697844 -28.2615890103 10102.9291804 1.0829828449
