sky_model/pwn/ctadc_skymodel_gps_sources_pwn.ecsv
# %ECSV 0.9
# ---
# datatype:
# - {name: spiralarm, datatype: string, description: 'Which spiralarm?'}
# - {name: galactocentric_x, unit: kpc, datatype: float64, format: '%.5f', description: Galactocentric
#     x coordinate}
# - {name: galactocentric_y, unit: kpc, datatype: float64, format: '%.5f', description: Galactocentric
#     y coordinate}
# - {name: galactocentric_z, unit: kpc, datatype: float64, format: '%.5f', description: Galactocentric
#     z coordinate}
# - {name: type, datatype: string, description: type of PWN}
# - {name: size_physical, unit: pc, datatype: float64, format: '%.5f', description: Physical
#     size}
# - {name: distance, unit: kpc, datatype: float64, format: '%.5f', description: Distance
#     observer to source center}
# - {name: GLON, unit: deg, datatype: float64, format: '%.5f', description: Galactic
#     longitude}
# - {name: GLAT, unit: deg, datatype: float64, format: '%.5f', description: Galactic
#     latitude}
# - {name: RA, unit: deg, datatype: float64, format: '%.5f'}
# - {name: DEC, unit: deg, datatype: float64, format: '%.5f'}
# - {name: sigma, unit: deg, datatype: float64, format: '%.5f'}
# - {name: galactocentric_r, unit: kpc, datatype: float64, format: '%0.4f', description: Galactocentric
#     radius in the xy plan}
# - {name: spec_alpha, datatype: float64, format: '%5g', description: Spectral model
#     parameter (log parabola)}
# - {name: spec_beta, datatype: float64, format: '%5g', description: Spectral model
#     parameter (log parabola)}
# - {name: spec_norm, unit: 1 / (cm2 MeV s), datatype: float64, format: '%5g', description: Spectral
#     model norm parameter (log parabola)}
# - {name: spec_norm_cu, unit: '%', datatype: float64, format: '%5g', description: Spectral
#     model norm parameter (log parabola) in crab units}
# - {name: int_flux_above_1TeV, unit: 1 / (cm2 s), datatype: float64, format: '%5g',
#   description: 'Integral flux above 1 TeV '}
# - {name: int_flux_above_1TeV_cu, unit: '%', datatype: float64, format: '%5g', description: Integral
#     flux above 1 TeV in crab units}
# - {name: luminosity, unit: erg / s, datatype: float64, description: Intrinsic source
#     luminosity}
# - {name: skip, datatype: int64, description: 'skip boolean: 0 take, 1 skip'}
# - {name: source_name, datatype: string, description: source name}
# schema: astropy-2.0
spiralarm galactocentric_x galactocentric_y galactocentric_z type size_physical distance GLON GLAT RA DEC sigma galactocentric_r spec_alpha spec_beta spec_norm spec_norm_cu int_flux_above_1TeV int_flux_above_1TeV_cu luminosity skip source_name
[from data line 238]
Perseus 7.20220 2.01001 0.01795 isolated 18.85736 12.74097 34.42170 0.08072 283.46706 1.36266 0.08477 7.4774 1.93018 0.341414 9.56805e-20 0.296225 7.05068e-14 0.377541 1.63402206762e+34 0 pwn_238
"Crux Scutum" -1.36696 5.74233 0.05311 isolated 21.35974 14.30788 -5.48237 0.21268 262.76646 -33.45568 0.08550 5.9028 2.15229 0.224002 2.29119e-20 0.0709347 1.58694e-14 0.0849758 2.67415075666e+33 0 pwn_239
"Crux Scutum" 2.56525 -2.18364 0.02300 isolated 11.80870 6.81743 22.10348 0.19333 277.70104 -9.53567 0.09921 3.3688 2.26124 0.276245 1.20321e-19 0.372511 7.62438e-14 0.408261 3.09895123158e+33 0 pwn_240
"Carina Sagittarius" -8.99774 0.06710 -0.00905 isolated 11.19141 12.42396 -46.40444 -0.04174 215.32652 -61.03910 0.05159 8.9980 2.21379 0.149015 4.30846e-20 0.133389 3.00921e-14 0.161134 3.00340949185e+33 0 pwn_241
"Crux Scutum" 11.66202 -7.28070 -0.01333 isolated 4.78613 11.72559 84.03123 -0.06515 312.39990 43.79669 0.02338 13.7481 2.4119 0.237435 4.70907e-20 0.145792 2.80835e-14 0.150378 2.73010653853e+33 0 pwn_242
Perseus -2.43981 -1.81969 -0.01204 isolated 16.75296 7.11192 -20.06341 -0.09699 251.79029 -45.35736 0.13492 3.0437 2.07609 0.172175 1.01386e-19 0.313887 7.59008e-14 0.406425 2.88616434371e+33 0 pwn_243
Perseus 1.67590 11.29790 0.00988 isolated 8.24009 19.86871 4.83857 0.02848 269.15231 -24.76372 0.02375 11.4215 2.0857 0.189313 1.72614e-20 0.053441 1.27048e-14 0.0680302 3.93049024376e+33 0 pwn_244
Norma 1.02099 1.12581 0.07194 isolated 7.12447 9.68007 6.05459 0.42579 269.44384 -23.51242 0.04215 1.5198 2.26447 0.111521 2.28355e-19 0.706982 1.58344e-13 0.847881 8.49186154747e+33 0 pwn_245
"Carina Sagittarius" 3.69401 -15.17590 0.09750 isolated 7.36499 7.63039 151.04268 0.73215 63.18519 52.25717 0.05528 15.6190 2.01494 0.394992 6.32349e-20 0.195774 4.31369e-14 0.230984 3.94792335545e+33 0 pwn_246
Norma 4.63832 -6.97956 -0.11171 isolated 38.95144 4.88244 71.85085 -1.31108 304.38182 33.26614 0.45692 8.3802 1.93269 0.23248 4.78667e-19 1.48194 3.76806e-13 2.01767 8.97868495307e+33 0 pwn_247
"Crux Scutum" -7.53582 -0.87752 -0.05064 isolated 17.56596 10.71883 -44.67242 -0.27071 218.80682 -60.62009 0.09386 7.5867 2.49927 0.371167 1.625e-19 0.503096 8.77077e-14 0.469647 9.32688384454e+33 0 pwn_248
Norma -2.79707 -3.92518 -0.07471 isolated 5.69541 5.36266 -31.44183 -0.79826 240.18582 -53.97093 0.06083 4.8198 2.26352 0.195686 2.29083e-19 0.709236 1.51264e-13 0.809969 3.06859362933e+33 0 pwn_249
Perseus -14.19187 0.87907 -0.04752 isolated 12.87231 17.01112 -56.54022 -0.16005 194.02331 -63.02703 0.04334 14.2191 2.33579 0.286912 1.14244e-19 0.353696 6.92411e-14 0.370764 1.69998665644e+34 0 pwn_250
Perseus 0.00507 -4.95668 -0.01833 isolated 28.54824 3.54337 0.08203 -0.29645 266.74323 -29.02020 0.46144 4.9567 2.311 0.251906 6.06982e-19 1.8792 3.79079e-13 2.02985 3.75360341468e+33 0 pwn_251
"Crux Scutum" 5.17551 -10.38250 0.00065 isolated 1.93454 5.50724 109.98795 0.00677 346.10364 60.16100 0.02012 11.6010 2.0601 0.393937 3.15437e-19 0.976585 2.10069e-13 1.12485 9.53333444487e+33 0 pwn_252
Norma -11.18027 13.94366 0.01497 isolated 25.11138 25.07422 -26.48010 0.03421 245.17554 -49.98471 0.05736 17.8724 2.35897 0.188503 3.4653e-20 0.107285 2.17814e-14 0.116632 8.91331730425e+33 0 pwn_253
Perseus -1.34230 10.56541 0.03118 isolated 16.68663 19.11263 -4.02726 0.09348 263.82931 -32.30032 0.05000 10.6503 1.73335 0.373598 1.84471e-20 0.0571116 1.5014e-14 0.0803949 1.06731451706e+34 0 pwn_254
Perseus 7.48793 0.29202 0.07567 isolated 5.57243 11.54878 40.42016 0.37542 285.95355 6.83271 0.02764 7.4936 2.61658 0.389131 4.37129e-20 0.135334 2.2225e-14 0.119008 2.5985814369e+33 0 pwn_255
"Carina Sagittarius" 0.96739 -2.50615 0.19025 isolated 16.82146 6.07439 9.16833 1.79476 269.83937 -20.13150 0.15860 2.6864 2.04962 0.336525 3.24752e-19 1.00542 2.24054e-13 1.19974 1.03750760535e+34 0 pwn_256
Norma -1.44195 -6.52947 0.01969 isolated 18.62035 2.44184 -36.19511 0.46197 232.29373 -55.88127 0.43674 6.6868 1.79813 0.228433 7.08931e-19 2.19483 6.1101e-13 3.27176 4.00477980118e+33 0 pwn_257
Norma 0.45781 -6.60393 0.05862 isolated 21.16653 1.95144 13.57430 1.72140 272.18184 -16.32991 0.62123 6.6198 2.24961 0.350255 1.5211e-18 4.70928 9.35943e-13 5.01167 3.88195800658e+33 0 pwn_258
"Carina Sagittarius" 3.57024 2.07542 0.04057 isolated 25.67927 11.16189 18.65457 0.20825 276.05202 -12.58140 0.13177 4.1296 1.97054 0.17636 8.72534e-20 0.270134 6.96633e-14 0.373025 7.10302352821e+33 0 pwn_259
Perseus 5.13652 -3.69433 -0.02431 isolated 6.95265 7.03412 46.90595 -0.19805 289.51240 12.31808 0.05661 6.3271 2.02272 0.314012 1.58428e-19 0.49049 1.12368e-13 0.601694 6.65781511479e+33 0 pwn_260
"Carina Sagittarius" 2.32558 5.03118 0.06952 isolated 25.21425 13.72974 9.75207 0.29011 271.54143 -20.36520 0.10518 5.5427 1.9676 0.319956 2.93474e-20 0.0908587 2.14203e-14 0.114699 5.18303868713e+33 0 pwn_261
"Carina Sagittarius" 2.73527 -2.63656 -0.12294 isolated 11.97784 6.47123 25.00884 -1.08854 280.20362 -7.54586 0.10601 3.7991 2.12198 0.273031 1.78351e-19 0.552171 1.2227e-13 0.654714 4.965730036e+33 0 pwn_262
"Carina Sagittarius" 0.21714 6.74965 -0.35903 isolated 39.89896 15.25542 0.81578 -1.34857 268.20585 -28.93069 0.14979 6.7531 2.0866 0.392557 1.49444e-20 0.0462674 9.81834e-15 0.052574 3.31406377734e+33 0 pwn_263
Perseus 0.11302 -4.57128 -0.03014 isolated 13.96328 3.93046 1.64782 -0.43931 267.79881 -27.75148 0.20347 4.5727 2.13264 0.195822 8.63082e-19 2.67208 6.14955e-13 3.29289 7.3356629089e+33 0 pwn_264
"Crux Scutum" -7.83104 1.90432 -0.00396 isolated 3.62897 13.02210 -36.96776 -0.01741 231.62627 -56.71171 0.01596 8.0593 2.04067 0.218511 5.62065e-20 0.174014 4.17473e-14 0.223543 6.23639548946e+33 0 pwn_265
"Crux Scutum" 1.34519 -1.38983 0.01618 isolated 14.73812 7.23632 10.71327 0.12815 272.18963 -19.60425 0.11665 1.9342 1.84837 0.149446 8.2341e-20 0.254926 7.28463e-14 0.390069 3.1285152457e+33 0 pwn_266
"Crux Scutum" 11.37420 -5.90781 -0.07960 isolated 13.56155 11.66612 77.16152 -0.39093 307.19948 38.14636 0.06658 12.8170 2.02442 0.313586 5.27481e-20 0.163307 3.73848e-14 0.200184 6.07526614341e+33 0 pwn_267
"Carina Sagittarius" -10.34925 -2.55517 0.02122 isolated 10.30866 11.93518 -60.12600 0.10185 186.20029 -62.61164 0.04947 10.6600 2.13385 0.302024 5.86207e-20 0.181488 3.92995e-14 0.210436 5.85686603423e+33 0 pwn_268
"Crux Scutum" -7.25030 -0.45382 0.04623 isolated 11.26276 10.83098 -42.02158 0.24456 223.16552 -59.03938 0.05956 7.2645 2.22275 0.149462 5.42706e-20 0.168021 3.76924e-14 0.201831 2.84668455654e+33 0 pwn_269
Norma 10.09230 6.22209 -0.04964 isolated 39.04846 17.84929 34.43146 -0.15934 283.68519 1.26185 0.12530 11.8562 1.89535 0.11821 3.62667e-20 0.112281 3.18323e-14 0.170452 7.33215227244e+33 0 pwn_270
"Crux Scutum" 12.90304 7.42468 -0.00932 isolated 2.91882 20.49595 39.01627 -0.02604 285.66538 5.40095 0.01000 14.8867 2.02696 0.351865 1.67988e-20 0.0520087 1.16425e-14 0.0623417 6.58766053081e+33 0 pwn_271
Perseus -2.84446 -1.42984 0.00203 isolated 15.44536 7.62091 -21.91587 0.01529 249.91799 -46.68182 0.11608 3.1836 2.29066 0.335711 2.3436e-19 0.725574 1.42138e-13 0.761104 8.31330595884e+33 0 pwn_272
"Carina Sagittarius" -5.47748 5.90515 -0.00508 isolated 0.10000 15.41140 -20.81904 -0.01889 251.00228 -45.88016 0.01000 8.0544 2.03187 0.232226 4.85069e-20 0.150176 3.59125e-14 0.1923 7.87911129374e+33 0 pwn_273
"Carina Sagittarius" 17.52450 -9.49705 0.04573 isolated 21.14238 17.55290 93.25630 0.14928 321.36285 50.75471 0.06899 19.9324 1.85604 0.328287 8.4713e-21 0.0262269 6.57694e-15 0.0352174 2.96967068684e+33 0 pwn_274
"Crux Scutum" 7.91159 15.75581 0.12668 isolated 9.22720 25.51380 18.06494 0.28448 275.69957 -13.06655 0.02071 17.6306 2.28587 0.287346 1.33681e-20 0.0413874 8.31494e-15 0.0445238 4.78415879519e+33 0 pwn_275
"Carina Sagittarius" -5.73677 5.34122 0.04551 isolated 30.71499 14.98306 -22.51255 0.17404 249.16209 -47.01944 0.11741 7.8383 1.67213 0.370746 8.79721e-21 0.0272359 7.45493e-15 0.0399188 3.43219296172e+33 0 pwn_276
"Carina Sagittarius" 0.83071 -3.30985 -0.09290 isolated 20.70958 5.25703 9.09335 -1.01258 272.41803 -21.57388 0.22562 3.4125 2.61831 0.121698 9.1593e-19 2.8357 5.1867e-13 2.77731 6.9875799918e+33 0 pwn_277
"Carina Sagittarius" -4.99000 6.74152 0.04702 isolated 27.00466 16.03765 -18.12820 0.16800 253.24320 -43.70124 0.09644 8.3874 2.17339 0.184491 2.83072e-20 0.0876383 1.98209e-14 0.106135 3.71148628093e+33 0 pwn_278
"Carina Sagittarius" 0.37839 -0.48719 -0.10080 isolated 12.19367 8.02238 2.70365 -0.71991 268.67519 -26.98486 0.08705 0.6169 2.0676 0.334506 7.06523e-20 0.218738 4.83085e-14 0.258677 3.81281088652e+33 0 pwn_279
Norma -3.97765 -1.66031 -0.03756 isolated 30.92552 7.91230 -30.18031 -0.27195 241.19269 -52.74323 0.22386 4.3103 2.22864 0.343576 1.37217e-19 0.424819 8.56201e-14 0.458468 5.83412848872e+33 0 pwn_280
Perseus -14.62537 -5.11461 -0.05919 isolated 25.56756 15.01219 -76.96708 -0.22589 154.18627 -56.99697 0.09754 15.4939 1.89363 0.383904 4.81349e-20 0.149024 3.53691e-14 0.18939 1.36539824347e+34 0 pwn_281
Norma -2.85148 -4.66212 -0.04645 isolated 28.45949 4.78146 -36.61167 -0.55660 232.71959 -56.95622 0.34090 5.4650 1.92694 0.378774 1.03184e-19 0.319456 7.459e-14 0.399406 2.77380144078e+33 0 pwn_282
"Crux Scutum" -7.50850 -5.00292 0.00291 isolated 15.97711 8.28294 -65.02629 0.02012 175.82589 -61.79433 0.11048 9.0226 2.31476 0.127027 1.01579e-19 0.314485 6.77311e-14 0.362679 2.6836949176e+33 0 pwn_283
"Crux Scutum" 2.30885 4.19679 0.02102 isolated 5.87733 12.90503 10.30632 0.09331 272.01212 -19.97696 0.02608 4.7900 2.21825 0.276624 1.24658e-18 3.85937 8.08378e-13 4.32861 1.21978093381e+35 0 pwn_284
"Carina Sagittarius" -0.79414 -14.43416 -0.00307 isolated 21.69152 5.98707 -172.37766 -0.02942 90.66310 22.34878 0.20751 14.4560 1.89671 0.381685 9.28686e-20 0.287519 6.82022e-14 0.365201 4.14221497351e+33 0 pwn_285
"Carina Sagittarius" -10.42083 1.44722 0.12565 isolated 17.52056 14.40683 -46.33205 0.49971 215.09075 -60.50510 0.06965 10.5208 2.4885 0.19483 5.52669e-20 0.171105 3.23229e-14 0.173079 4.085107522e+33 0 pwn_286
"Crux Scutum" -0.50932 5.40606 -0.03665 isolated 15.02969 13.91544 -2.09756 -0.15090 265.28280 -30.80051 0.06186 5.4300 2.22593 0.237606 1.01473e-19 0.314157 6.68846e-14 0.358146 1.0477115193e+34 0 pwn_287
"Carina Sagittarius" -10.53567 -2.46282 0.03733 isolated 35.63954 12.14287 -60.18632 0.17612 186.08683 -62.53149 0.16810 10.8197 2.17917 0.224046 6.38672e-19 1.97731 4.35532e-13 2.33213 5.1828836621e+34 0 pwn_288
Norma -2.97370 1.31667 0.06735 isolated 13.25732 10.25741 -16.85281 0.37623 254.12158 -42.57911 0.07402 3.2522 2.41862 0.398963 5.0981e-20 0.157836 2.82702e-14 0.151378 3.19123453526e+33 0 pwn_289
"Carina Sagittarius" 1.28172 6.23314 0.00662 isolated 6.63556 14.78879 4.97198 0.02564 269.22876 -24.64978 0.02570 6.3636 2.21515 0.24684 2.84507e-20 0.0880825 1.87727e-14 0.100522 3.43362897663e+33 0 pwn_290
Norma -3.81075 2.17768 -0.00459 isolated 17.53299 11.33731 -19.64095 -0.02322 252.09736 -44.98716 0.08857 4.3891 2.05766 0.242553 7.04773e-20 0.218196 5.10511e-14 0.273362 6.1255730318e+33 0 pwn_291
Perseus 3.90994 7.96655 0.01067 isolated 12.87451 16.92439 13.35738 0.03613 273.61643 -17.33079 0.04357 8.8743 2.12234 0.392123 4.32372e-20 0.133861 2.78782e-14 0.149279 1.11602014578e+34 0 pwn_292
Norma -3.17051 0.05480 -0.00769 isolated 7.72790 9.12342 -20.33532 -0.04831 251.48609 -45.53274 0.04851 3.1710 2.34921 0.39547 5.86951e-20 0.181719 3.3693e-14 0.180415 3.17855706284e+33 0 pwn_293
"Crux Scutum" -4.67325 4.44516 0.00584 isolated 0.10000 13.76287 -19.84977 0.02431 251.85518 -45.11598 0.01000 6.4497 2.32911 0.112107 3.61245e-20 0.111841 2.40978e-14 0.129036 2.52628912704e+33 0 pwn_294
"Crux Scutum" 1.44231 5.08348 -0.00910 isolated 20.58341 13.65984 6.06101 -0.03816 269.88613 -23.73845 0.08630 5.2841 1.72723 0.295549 3.26967e-20 0.101228 2.81456e-14 0.15071 7.74160895418e+33 0 pwn_295
"Crux Scutum" -7.17171 -0.27779 -0.01111 isolated 19.13564 10.91047 -41.09611 -0.05836 225.02893 -58.88096 0.10045 7.1771 2.17805 0.367046 4.62142e-20 0.143078 2.92837e-14 0.156805 4.26612083055e+33 0 pwn_296
Norma -3.38013 -4.58308 0.02475 isolated 0.01572 5.17379 -40.79272 0.27411 225.23841 -58.44426 0.01000 5.6947 2.25259 0.260369 1.9409e-19 0.600898 1.24564e-13 0.667 2.81141807503e+33 0 pwn_297
Perseus 4.81024 7.90251 -0.08419 isolated 0.10000 17.09350 16.34444 -0.28218 275.38200 -14.85155 0.01000 9.2514 1.78551 0.255125 9.53626e-21 0.029524 8.12928e-15 0.0435297 2.88742769599e+33 0 pwn_298
"Crux Scutum" 0.73659 -1.38516 -0.05498 isolated 13.67026 7.15308 5.91071 -0.44038 270.18623 -24.06874 0.10946 1.5688 2.00237 0.317222 9.58172e-20 0.296648 6.86397e-14 0.367543 4.3281571759e+33 0 pwn_299
"Carina Sagittarius" -7.20839 5.76868 0.06054 isolated 3.71352 15.98624 -26.80245 0.21698 244.61833 -50.08067 0.01330 9.2325 2.24255 0.347557 1.58714e-20 0.0491375 9.81375e-15 0.0525495 2.72744992892e+33 0 pwn_300
Norma -4.08501 1.87898 0.03903 isolated 7.44629 11.15402 -21.48387 0.20049 250.13328 -46.23582 0.03824 4.4964 2.09945 0.376808 7.32728e-20 0.226851 4.818e-14 0.257989 8.15796688157e+33 0 pwn_301
Perseus -2.43947 -4.16097 -0.02874 isolated 9.81094 4.97785 -29.34535 -0.33085 242.27489 -52.22717 0.11288 4.8233 2.41982 0.129723 4.57201e-19 1.41548 2.86733e-13 1.53536 3.89707272725e+33 0 pwn_302
Norma 9.92362 2.82398 -0.01410 isolated 0.10000 15.05692 41.22928 -0.05364 286.71204 7.35448 0.01000 10.3176 2.35349 0.330607 2.95325e-20 0.0914319 1.73895e-14 0.0931153 3.70818625658e+33 0 pwn_303
Norma -3.36457 15.55388 0.09541 isolated 15.03219 24.28824 -7.96267 0.22507 261.08102 -35.51051 0.03545 15.9136 1.96139 0.217269 6.26335e-21 0.0193912 4.89114e-15 0.0261905 2.69008760543e+33 0 pwn_304
Perseus -0.17948 -5.19754 0.05051 isolated 24.77909 3.30772 -3.11080 0.87488 263.63992 -31.10681 0.42906 5.2006 2.22812 0.118174 7.37981e-19 2.28477 5.20919e-13 2.78935 3.38263988732e+33 0 pwn_305
Norma 11.19232 5.28976 0.01297 isolated 29.22472 17.76023 39.06416 0.04185 285.62679 5.47461 0.09424 12.3794 2.10104 0.311072 1.91889e-20 0.0594084 1.30391e-14 0.06982 4.55049777321e+33 0 pwn_306
"Crux Scutum" 2.75783 -0.38449 -0.04072 isolated 21.05347 8.57140 18.76889 -0.27221 276.54212 -12.70479 0.14068 2.7845 1.79882 0.128906 5.41428e-20 0.167625 5.04741e-14 0.270273 2.94572573496e+33 0 pwn_307
Perseus 7.83334 4.62188 -0.12123 isolated 11.69461 15.28266 30.83586 -0.45449 282.30807 -2.07269 0.04383 9.0952 2.141 0.341537 1.78857e-20 0.0553736 1.17035e-14 0.0626687 3.20225974983e+33 0 pwn_308
Norma 10.23604 -2.24086 -0.00741 isolated 0.10000 11.99806 58.55503 -0.03538 295.22899 22.61849 0.01000 10.4785 2.50974 0.161718 6.74939e-20 0.20896 3.96659e-14 0.212398 3.19444018218e+33 0 pwn_309
"Carina Sagittarius" 3.70301 -1.46575 0.02116 isolated 21.50111 7.94943 27.76346 0.15250 280.36163 -4.52880 0.15491 3.9825 1.93498 0.134503 1.35099e-19 0.418264 1.13896e-13 0.609874 5.32794270017e+33 0 pwn_310
Perseus 6.26661 -1.35213 0.05345 isolated 16.93532 9.50606 41.24137 0.32214 286.38106 7.53791 0.10203 6.4108 1.89037 0.299944 3.18656e-20 0.098655 2.46565e-14 0.132028 2.87294042014e+33 0 pwn_311
"Carina Sagittarius" -7.49384 -10.44330 0.06104 isolated 12.15969 7.74195 -104.53767 0.45178 126.02075 -36.72688 0.08996 12.8538 1.91052 0.362068 4.75628e-20 0.147253 3.50371e-14 0.187612 3.27854795637e+33 0 pwn_312
Norma -0.96365 3.47610 -0.13623 isolated 22.55706 12.01558 -4.60034 -0.64961 264.20624 -33.18354 0.10752 3.6072 2.22098 0.310516 1.09422e-19 0.338767 6.96538e-14 0.372974 1.00087446498e+34 0 pwn_313
"Carina Sagittarius" -1.42451 -0.59786 -0.03585 isolated 14.05998 8.02959 -10.21894 -0.25583 259.97900 -37.64100 0.10029 1.5449 2.10152 0.228083 7.31412e-20 0.226443 5.20667e-14 0.278801 2.90384226729e+33 0 pwn_314
