sky_model/pwn/ctadc_skymodel_gps_sources_composite.ecsv
# %ECSV 0.9
# ---
# datatype:
# - {name: galactocentric_x, unit: kpc, datatype: float64, format: '%.5f', description: Galactocentric
#     x coordinate}
# - {name: galactocentric_y, unit: kpc, datatype: float64, format: '%.5f', description: Galactocentric
#     y coordinate}
# - {name: galactocentric_z, unit: kpc, datatype: float64, format: '%.5f', description: Galactocentric
#     z coordinate}
# - {name: size_physical, unit: pc, datatype: float64, format: '%.5f', description: physical
#     size}
# - {name: type, datatype: string, description: type of PWN}
# - {name: distance, unit: kpc, datatype: float64, format: '%.5f', description: Distance
#     observer to source center}
# - {name: GLON, unit: deg, datatype: float64, format: '%.5f', description: Galactic
#     longitude}
# - {name: GLAT, unit: deg, datatype: float64, format: '%.5f', description: Galactic
#     latitude}
# - {name: RA, unit: deg, datatype: float64, format: '%.5f'}
# - {name: DEC, unit: deg, datatype: float64, format: '%.5f'}
# - {name: sigma, unit: deg, datatype: float64, format: '%.5f'}
# - {name: galactocentric_r, unit: kpc, datatype: float64, format: '%0.4f', description: Galactocentric
#     radius in the xy plan}
# - {name: spec_alpha, datatype: float64, format: '%5g', description: Spectral model
#     parameter (log parabola)}
# - {name: spec_beta, datatype: float64, format: '%5g', description: Spectral model
#     parameter (log parabola)}
# - {name: spec_norm, unit: 1 / (cm2 MeV s), datatype: float64, format: '%5g', description: Spectral
#     model norm parameter (log parabola)}
# - {name: spec_norm_cu, unit: '%', datatype: float64, format: '%5g', description: Spectral
#     model norm parameter (log parabola) in crab units}
# - {name: int_flux_above_1TeV, unit: 1 / (cm2 s), datatype: float64, format: '%5g',
#   description: 'Integral flux above 1 TeV '}
# - {name: int_flux_above_1TeV_cu, unit: '%', datatype: float64, format: '%5g', description: Integral
#     flux above 1 TeV in crab units}
# - {name: luminosity, unit: erg / s, datatype: float64, description: Intrinsic source
#     luminosity}
# - {name: skip, datatype: int64, description: 'skip boolean: 0 take, 1 skip'}
# - {name: source_name, datatype: string, description: source name}
# schema: astropy-2.0
galactocentric_x galactocentric_y galactocentric_z size_physical type distance GLON GLAT RA DEC sigma galactocentric_r spec_alpha spec_beta spec_norm spec_norm_cu int_flux_above_1TeV int_flux_above_1TeV_cu luminosity skip source_name
[from data line 244]
10.72760 -7.08625 -0.06006 18.46257 composite 10.82052 82.49247 -0.31803 311.34587 42.44027 0.09772 12.8568 2.0781 0.28368 3.24419e-20 0.100439 2.2671e-14 0.121396 2.75646033558e+33 0 composite_244
-1.27515 -0.78035 -0.15916 19.94115 composite 7.82588 -9.37956 -1.16534 261.52392 -37.46342 0.14594 1.4950 2.03961 0.354383 1.01674e-19 0.314781 6.98756e-14 0.374162 5.74155835291e+33 0 composite_245
-7.84014 -9.67069 0.18919 10.46146 composite 7.92932 -98.49266 1.36718 131.62047 -41.01585 0.07556 12.4495 2.45218 0.273135 9.74194e-20 0.301608 5.59973e-14 0.299848 2.63869394917e+33 0 composite_246
-8.91757 3.34737 0.08709 13.51092 composite 14.82872 -36.96895 0.33650 231.26793 -56.41798 0.05218 9.5251 2.05087 0.15569 2.88371e-20 0.0892788 2.2178e-14 0.118756 3.55992654911e+33 0 composite_247
-1.41322 -5.67855 0.01802 6.54492 composite 3.15565 -26.60557 0.32718 244.71724 -49.86420 0.11879 5.8518 1.99568 0.265192 3.70806e-19 1.14801 2.74966e-13 1.47235 2.87964277182e+33 0 composite_248
-6.22354 9.86113 0.11411 4.92780 composite 19.38754 -18.72419 0.33723 252.53564 -44.05296 0.01456 11.6608 1.98537 0.309335 9.51302e-21 0.0294521 6.91381e-15 0.0370213 3.17100336153e+33 0 composite_249
-2.00082 -2.00612 0.17117 5.89523 composite 6.79728 -17.12451 1.44298 252.77030 -42.11606 0.04967 2.8333 2.03312 0.305232 2.56214e-19 0.793231 1.81531e-13 0.972043 9.67857260964e+33 0 composite_250
-6.67699 -4.53750 -0.00300 3.37021 composite 7.76425 -59.31273 -0.02214 187.94267 -62.80814 0.02486 8.0729 2.02481 0.283635 1.06611e-19 0.330064 7.68476e-14 0.411494 5.03371435015e+33 0 composite_251
3.40327 -7.13159 -0.06607 6.07984 composite 3.66867 68.09559 -1.03191 301.68051 30.28234 0.09492 7.9020 2.23919 0.214773 4.47442e-19 1.38527 2.964e-13 1.58713 3.00721368057e+33 0 composite_252
0.12508 -6.70486 0.03604 29.15598 composite 1.79985 3.98576 1.14736 267.61299 -24.93099 0.92778 6.7060 2.07479 0.136424 1.91969e-18 5.94331 1.47334e-12 7.88925 3.25274030882e+33 0 composite_253
-0.90164 -6.12749 0.10210 9.00520 composite 2.54011 -20.80861 2.30363 248.55761 -44.32527 0.20305 6.1935 1.92744 0.121418 6.8217e-19 2.11198 5.83996e-13 3.12711 2.69624711217e+33 0 composite_254
2.42735 -1.81797 -0.17117 17.84128 composite 7.11132 19.96433 -1.37925 278.11415 -12.15933 0.14369 3.0327 1.84249 0.283452 5.01774e-20 0.155348 4.04285e-14 0.216482 2.60367420965e+33 0 composite_255
-3.97788 4.40757 0.06306 16.98639 composite 13.50677 -17.12835 0.26750 254.00228 -42.86205 0.07203 5.9372 1.9489 0.208758 3.11721e-20 0.0965079 2.46783e-14 0.132144 4.1283399787e+33 0 composite_256
-0.03709 0.07743 0.09309 28.01066 composite 8.57802 -0.24775 0.62180 265.65188 -28.82157 0.18702 0.0859 2.10336 0.100617 1.33644e-19 0.413758 1.03255e-13 0.552899 4.62477824991e+33 0 composite_257
1.18002 3.79305 0.11712 2.95175 composite 12.35011 5.48307 0.54336 269.01946 -23.94774 0.01369 3.9724 2.12676 0.144826 6.61346e-20 0.204751 4.88405e-14 0.261526 5.02821539724e+33 0 composite_258
-0.03015 -0.08039 -0.54955 11.09966 composite 8.43758 -0.20517 -3.73439 269.99918 -31.00899 0.07534 0.0859 1.75724 0.309392 8.06914e-20 0.249819 6.74673e-14 0.361266 7.23368532732e+33 0 composite_259
-3.99969 -0.68419 0.10210 4.56682 composite 8.78037 -27.10080 0.66626 243.79843 -49.96502 0.02979 4.0578 2.41557 0.327436 7.57515e-20 0.234525 4.33103e-14 0.231913 2.9563534504e+33 0 composite_260
-1.47480 6.54185 -0.08709 0.53478 composite 15.11423 -5.59975 -0.33015 263.23518 -33.85091 0.01000 6.7060 2.1422 0.274845 2.97342e-20 0.0920565 2.01323e-14 0.107802 4.41010936133e+33 0 composite_261
6.36574 -5.88736 0.07508 27.20636 composite 6.88144 67.68567 0.62514 299.79771 30.81602 0.22644 8.6709 2.46162 0.28151 2.18799e-19 0.677397 1.2472e-13 0.667834 4.48675765117e+33 0 composite_262
5.90836 -5.62574 -0.07207 22.78747 composite 6.57079 64.05831 -0.62845 298.86012 27.06689 0.19863 8.1583 2.01231 0.182127 1.09603e-19 0.339327 8.48503e-14 0.454346 2.96129006999e+33 0 composite_263
1.91890 9.85256 0.06907 34.27310 composite 18.45273 5.96902 0.21446 269.59686 -23.69219 0.10638 10.0377 1.86952 0.246566 1.4523e-20 0.0449628 1.17902e-14 0.0631328 4.41936121508e+33 0 composite_264
-14.26190 1.16106 -0.03003 13.40458 composite 17.22611 -55.88615 -0.09988 195.45894 -62.94777 0.04457 14.3091 1.82084 0.381396 1.65743e-20 0.0513137 1.27293e-14 0.0681615 6.91099320289e+33 0 composite_265
-1.81692 2.39356 -0.19520 7.30170 composite 11.04577 -9.46911 -1.01258 261.30131 -37.45206 0.03786 3.0051 1.91011 0.215436 2.8568e-20 0.0884458 2.30822e-14 0.123598 2.71600140908e+33 0 composite_266
5.68808 12.38160 0.12312 0.81134 composite 21.64280 15.23749 0.32594 274.28453 -15.53965 0.01000 13.6256 2.39325 0.282993 3.17516e-20 0.0983023 1.87186e-14 0.100232 7.04110169659e+33 0 composite_267
9.49364 -1.97049 0.08108 8.13821 composite 11.52260 55.48069 0.40317 293.20482 20.15027 0.04045 9.6960 1.93135 0.209587 4.265e-20 0.132043 3.41283e-14 0.182746 4.22150542361e+33 0 composite_268
-1.44329 -7.15384 -0.00901 34.20410 composite 1.97365 -46.99426 -0.26156 214.32262 -61.44274 0.99257 7.2980 2.19513 0.234954 1.51789e-18 4.69936 1.01947e-12 5.45895 3.26354739049e+33 0 composite_269
-0.73028 10.01890 -0.31532 12.30000 composite 18.53598 -2.25825 -0.97472 266.00183 -31.37088 0.03801 10.0455 2.17335 0.334855 1.22956e-20 0.0380669 7.93309e-15 0.0424791 3.03832239326e+33 0 composite_270
-1.12054 5.13288 -0.13213 19.24776 composite 13.67949 -4.69880 -0.55343 264.04604 -33.21478 0.08059 5.2538 2.70001 0.217609 6.7758e-20 0.209777 3.53529e-14 0.189303 3.72121605856e+33 0 composite_271
-10.62420 -0.49465 -0.05706 28.00157 composite 13.30273 -53.00192 -0.24576 201.79426 -62.83501 0.12056 10.6357 2.22911 0.231247 3.99869e-20 0.123799 2.64005e-14 0.141366 3.70638094812e+33 0 composite_272
1.14799 -0.58374 -0.13514 10.85105 composite 8.00021 8.25133 -0.96789 271.93600 -22.28862 0.07768 1.2879 2.47373 0.186135 1.41087e-19 0.436801 8.34981e-14 0.447106 3.22055827755e+33 0 composite_273
-3.23889 -4.77076 0.02102 14.12054 composite 4.93944 -40.97471 0.24383 224.95938 -58.55731 0.16373 5.7663 2.2646 0.346676 3.64093e-19 1.12722 2.22673e-13 1.19234 5.7773808683e+33 0 composite_274
-1.98421 -6.66548 -0.43243 20.80309 composite 2.73670 -47.24478 -9.09148 221.93128 -69.71397 0.43537 6.9545 2.70223 0.190926 1.71333e-18 5.30444 9.02688e-13 4.8336 3.60472027016e+33 0 composite_275
-9.69729 -7.49937 -0.24024 8.13243 composite 9.75174 -84.10870 -1.41166 143.06096 -53.48406 0.04776 12.2588 1.95492 0.319283 3.07184e-20 0.0951034 2.25976e-14 0.121003 2.78473067923e+33 0 composite_276
6.20918 6.29459 0.15015 4.99829 composite 16.04545 22.76743 0.53617 277.70454 -8.78845 0.01784 8.8417 2.27474 0.378275 2.76756e-20 0.085683 1.66021e-14 0.0888991 4.94023185809e+33 0 composite_277
-0.04425 -3.17646 0.23123 28.35429 composite 5.32874 -0.47624 2.48702 263.71932 -28.01996 0.30475 3.1768 2.17094 0.330598 1.42927e-19 0.442497 9.25302e-14 0.49547 2.8979417617e+33 0 composite_278
-1.06427 4.97025 0.06907 13.74209 composite 13.51240 -4.51749 0.29287 263.31563 -32.60396 0.05825 5.0829 1.91998 0.360899 1.33529e-20 0.0413401 9.78879e-15 0.0524159 2.75319672007e+33 0 composite_279
-4.04646 3.86465 -0.12913 36.57007 composite 13.01058 -18.12122 -0.56867 254.04387 -44.15976 0.16098 5.5955 2.2654 0.142521 2.58532e-19 0.800409 1.75817e-13 0.941442 1.8354137796e+34 0 composite_280
-3.96422 -8.47274 0.14414 7.65951 composite 3.96693 -89.60601 2.08232 140.63051 -47.15767 0.11059 9.3543 2.38214 0.22077 5.596e-19 1.73251 3.41724e-13 1.82982 3.72684651075e+33 0 composite_281
-0.40397 -2.83315 -0.10210 5.90248 composite 5.68215 -4.07752 -1.02958 264.92288 -32.94490 0.05949 2.8618 1.77757 0.107691 2.21449e-19 0.685601 2.13633e-13 1.14393 5.19072831358e+33 0 composite_282
-1.36804 5.16096 0.12012 20.30867 composite 13.72981 -5.71867 0.50128 262.32166 -33.49394 0.08472 5.3392 2.12014 0.256785 2.21188e-20 0.0684793 1.53181e-14 0.0820238 2.67465368651e+33 0 composite_283
6.74161 -5.58777 -0.12012 2.59777 composite 7.34471 66.63670 -0.93709 300.69023 29.10051 0.02026 8.7563 1.76777 0.399618 3.8385e-20 0.118839 3.01054e-14 0.161205 3.35697121843e+33 0 composite_284
-7.40646 -1.00902 0.21321 28.50439 composite 10.53641 -44.67494 1.15949 217.71148 -59.29913 0.15494 7.4749 2.44213 0.261548 1.35776e-19 0.420359 7.88464e-14 0.422197 6.42388405225e+33 0 composite_285
3.78924 0.30512 0.20420 8.48569 composite 9.58802 23.28439 1.22034 277.33366 -8.01342 0.05069 3.8015 2.09158 0.358502 4.43351e-20 0.13726 2.95458e-14 0.158208 3.51365110366e+33 0 composite_286
-2.96169 -3.45478 -0.17417 6.50050 composite 5.85288 -30.41417 -1.70526 242.51560 -53.96212 0.06361 4.5505 2.48552 0.396945 4.05785e-19 1.2563 2.18274e-13 1.16879 7.50409815071e+33 0 composite_287
-9.29596 2.43881 0.03303 29.02744 composite 14.35526 -40.35837 0.13183 226.09559 -58.35944 0.11581 9.6105 2.12003 0.199427 4.12673e-20 0.127763 2.95611e-14 0.15829 4.79357720562e+33 0 composite_288
-5.85038 5.80792 -0.03003 12.10420 composite 15.45783 -22.23921 -0.11131 249.74135 -47.00738 0.04485 8.2437 2.03573 0.228443 1.93724e-20 0.0599763 1.43426e-14 0.0768002 3.12086845395e+33 0 composite_289
0.07020 -6.53480 -0.08408 5.69935 composite 1.96825 2.04582 -2.44831 269.99332 -28.41940 0.16584 6.5352 2.28608 0.26403 1.89304e-17 58.6082 1.19092e-11 63.7702 3.82851531128e+34 1 composite_290
9.38612 -8.27816 0.12012 42.88528 composite 9.38951 88.64607 0.73300 315.82646 47.82645 0.26159 12.5151 2.36747 0.319082 7.30713e-20 0.226227 4.29432e-14 0.229947 3.41148725087e+33 0 composite_291
2.93947 -1.93683 -0.16216 14.08899 composite 7.19319 24.12634 -1.29176 279.97835 -8.42335 0.11218 3.5202 2.05001 0.252932 1.06915e-19 0.331007 7.73163e-14 0.414004 3.87565744058e+33 0 composite_292
10.59990 2.10296 0.00601 32.27239 composite 14.99269 44.99173 0.02297 288.40296 10.72704 0.12328 10.8065 2.22422 0.155427 2.80542e-20 0.086855 1.93972e-14 0.103866 2.84723669847e+33 0 composite_293
3.96432 1.40841 0.35135 3.48737 composite 10.67782 21.80617 1.88564 276.04296 -9.01179 0.01871 4.2071 2.11178 0.250682 4.04734e-20 0.125305 2.82631e-14 0.15134 2.95189893367e+33 0 composite_294
-10.21510 7.52232 0.14414 0.96168 composite 19.00220 -32.51973 0.43462 237.44478 -53.71283 0.01000 12.6860 1.78827 0.316364 1.82503e-20 0.0565026 1.48909e-14 0.0797362 8.0610580379e+33 0 composite_295
5.05080 -10.32030 -0.15916 28.02480 composite 5.37116 109.81908 -1.69805 347.11560 58.52733 0.29883 11.4900 2.2196 0.325929 6.27175e-19 1.94172 3.96534e-13 2.12331 1.19194882808e+34 0 composite_296
-9.31707 -8.35580 0.17417 37.38884 composite 9.31981 -89.11331 1.07081 140.08700 -48.22157 0.22977 12.5151 2.29646 0.22568 1.22928e-19 0.380582 7.84198e-14 0.419913 5.07236873356e+33 0 composite_297
-9.38771 -8.01565 -0.10210 13.29432 composite 9.40075 -87.04650 -0.62229 140.49632 -50.88004 0.08100 12.3442 1.8585 0.282461 3.00756e-19 0.931133 2.40044e-13 1.28536 2.65463778925e+34 0 composite_298
-8.59888 -1.12160 -0.24024 22.11383 composite 11.33310 -49.36825 -1.21465 210.05302 -63.05367 0.11176 8.6717 2.04534 0.397965 6.17859e-20 0.191288 4.13938e-14 0.221651 8.18346480235e+33 0 composite_299
-3.89183 -2.05165 -0.02703 9.09904 composite 7.53182 -31.11261 -0.20562 239.95340 -53.30716 0.06919 4.3995 2.05282 0.201567 1.1191e-19 0.346472 8.33955e-14 0.446556 3.93083333098e+33 0 composite_300
-1.85468 7.32928 -0.18619 14.94160 composite 15.93865 -6.68274 -0.66933 262.86189 -34.94314 0.05369 7.5603 1.85314 0.133251 1.95842e-20 0.0606323 1.74949e-14 0.0936796 3.45507001256e+33 0 composite_301
-7.47037 0.25947 -0.13213 2.92142 composite 11.51313 -40.45866 -0.65757 226.67486 -59.09619 0.01453 7.4749 2.06585 0.142334 3.52962e-20 0.109276 2.71341e-14 0.145295 2.50532502812e+33 0 composite_302
1.11727 -4.05600 -0.90090 20.66526 composite 4.67002 14.11230 -11.12275 284.54661 -21.69544 0.25344 4.2071 2.28112 0.342323 1.43201e-18 4.43348 8.70132e-13 4.65928 1.96378554933e+34 0 composite_303
2.32950 -6.92258 0.00601 4.29346 composite 2.81334 55.89612 0.12240 293.68117 20.37771 0.08741 7.3040 2.0893 0.291581 2.00612e-18 6.2109 1.38684e-12 7.42611 1.15636588285e+34 0 composite_304
-3.20882 0.72153 0.18318 1.12802 composite 9.76559 -19.18639 1.07480 251.33803 -43.92955 0.01000 3.2889 2.24766 0.209983 2.16817e-19 0.671261 1.43318e-13 0.767422 1.01139291459e+34 0 composite_305
1.60250 -5.18252 0.05105 1.16232 composite 3.68460 25.78274 0.79386 278.87687 -5.99454 0.01807 5.4246 1.76664 0.115866 3.00196e-19 0.929398 2.89853e-13 1.55207 3.06056109911e+33 0 composite_306
4.83369 3.42522 0.24024 46.61297 composite 12.86985 22.06436 1.06960 276.89595 -9.16377 0.20744 5.9242 1.58189 0.129321 7.49201e-20 0.231951 8.24084e-14 0.441271 1.25231433162e+34 0 composite_307
4.82629 13.19800 -0.21622 1.05660 composite 22.22933 12.54016 -0.55731 273.75421 -18.33218 0.01000 14.0528 1.91298 0.273857 6.99641e-21 0.0216607 5.42745e-15 0.0290623 3.11044892389e+33 0 composite_308
-3.90976 -2.64824 0.23724 33.74839 composite 7.04170 -33.74823 1.93070 234.27743 -53.26956 0.27449 4.7222 2.14185 0.271068 9.09703e-19 2.81642 6.17325e-13 3.30558 2.90407947441e+34 0 composite_309
-3.58868 -1.84538 0.20120 4.48997 composite 7.56327 -28.33694 1.52438 241.47723 -50.17560 0.03400 4.0354 2.36799 0.267689 2.90936e-19 0.900732 1.74986e-13 0.936992 7.87927006079e+33 0 composite_310
1.64276 2.09417 -0.31832 1.37907 composite 10.72550 8.81424 -1.70072 272.92280 -22.15001 0.01000 2.6616 1.84944 0.30452 3.76687e-20 0.116621 2.98064e-14 0.159604 4.66072168222e+33 0 composite_311
-0.54163 -5.91243 0.00901 3.93054 composite 2.64366 -11.82246 0.19527 258.32931 -38.68625 0.08515 5.9372 1.72949 0.35608 3.54245e-19 1.09673 2.92276e-13 1.56505 3.74123168124e+33 0 composite_312
2.36975 2.36572 -0.13514 13.08249 composite 11.12195 12.30322 -0.69620 273.76372 -18.60667 0.06737 3.3485 2.25278 0.262499 4.67511e-20 0.14474 2.99683e-14 0.160471 3.14331652575e+33 0 composite_313
-6.93228 9.58810 0.00601 9.31776 composite 19.37101 -20.96937 0.01778 250.82080 -45.96965 0.02755 11.8317 2.34292 0.24089 2.1674e-20 0.067102 1.33805e-14 0.0716481 3.76005161642e+33 0 composite_314
-7.72699 -2.61213 -0.18619 25.46814 composite 9.71638 -52.69305 -1.09800 202.74822 -63.63324 0.15012 8.1566 2.32573 0.366563 7.3434e-20 0.22735 4.31628e-14 0.231123 4.34275707214e+33 0 composite_315
-10.73460 -2.67464 0.12012 19.72181 composite 12.21396 -61.51258 0.56349 183.36517 -61.98009 0.09248 11.0628 2.00152 0.336716 2.47069e-20 0.0764921 1.75155e-14 0.0937897 3.43222326398e+33 0 composite_316
-12.57820 4.77707 0.13814 22.96602 composite 18.28964 -43.45167 0.43275 220.48184 -59.48599 0.07192 13.4548 1.83503 0.25265 7.95155e-21 0.0246178 6.57322e-15 0.0351975 2.54174509381e+33 0 composite_317
-4.84108 -0.83201 -0.04505 35.31829 composite 9.06842 -32.26570 -0.28463 238.54970 -54.11068 0.22306 4.9121 2.29067 0.12354 8.72336e-20 0.270073 5.91153e-14 0.316543 2.82228580601e+33 0 composite_318
9.82802 7.18337 0.16817 5.47315 composite 18.50909 32.07341 0.52059 282.00466 -0.52664 0.01694 12.1734 2.05236 0.187749 1.37862e-20 0.0426817 1.03684e-14 0.0555195 2.837120601e+33 0 composite_319
-0.07650 1.97327 -0.38739 4.64725 composite 10.48071 -0.41850 -2.11826 268.24812 -30.38434 0.02540 1.9748 2.3659 0.357651 2.74816e-19 0.850822 1.58959e-13 0.851172 1.75054913374e+34 0 composite_320
7.19979 2.00918 0.06607 5.02125 composite 12.73908 34.41486 0.29716 283.27126 1.45529 0.02258 7.4749 2.30012 0.285453 4.40982e-20 0.136527 2.72486e-14 0.145907 3.84442691664e+33 0 composite_321
-6.06865 2.64648 -0.12012 10.58938 composite 12.69200 -28.56588 -0.54227 243.43623 -51.85044 0.04779 6.6206 2.11595 0.115649 7.58751e-20 0.234907 5.75376e-14 0.308095 5.82782460637e+33 0 composite_322
1.79001 5.66092 -0.17117 14.06806 composite 14.27463 7.20426 -0.68706 271.11640 -23.06521 0.05644 5.9372 1.70784 0.324955 1.56034e-20 0.0483077 1.33273e-14 0.0713633 4.53359224235e+33 0 composite_323
