sky_model/pwn/ctadc_skymodel_gps_sources_pwn.ecsv
# %ECSV 0.9
# ---
# datatype:
# - {name: x, unit: kpc, datatype: float64, description: Galactocentric x coordinate}
# - {name: y, unit: kpc, datatype: float64, description: Galactocentric y coordinate}
# - {name: z, unit: kpc, datatype: float64, description: Galactocentric z coordinate}
# - {name: spiralarm, datatype: string}
# - {name: GLON, unit: deg, datatype: float64, description: Galactic longitude}
# - {name: GLAT, unit: deg, datatype: float64, description: Galactic latitude}
# - {name: RA, unit: deg, datatype: float64}
# - {name: DEC, unit: deg, datatype: float64}
# - {name: distance, unit: pc, datatype: float64, description: Distance observer to
#     source center}
# - {name: sigma, unit: deg, datatype: float64, description: Angular extension (deg)}
# - {name: spec_alpha, datatype: float64, description: Spectral model parameter (log
#     parabola)}
# - {name: spec_beta, datatype: float64, description: Spectral model parameter (log
#     parabola)}
# - {name: spec_norm, unit: 1 / (cm2 MeV s), datatype: float64, description: Spectral
#     model norm parameter (log parabola)}
# - {name: spec_norm_cu, unit: '%', datatype: float64, description: Spectral model norm
#     parameter (log parabola) in crab units}
# - {name: int_flux_above_1TeV, unit: 1 / (cm2 s), datatype: float64, description: 'Integral
#     flux above 1 TeV '}
# - {name: int_flux_above_1TeV_cu, unit: '%', datatype: float64, description: Integral
#     flux above 1 TeV in crab units}
# - {name: source_name, datatype: string, description: source name}
x y z spiralarm GLON GLAT RA DEC distance sigma spec_alpha spec_beta spec_norm spec_norm_cu int_flux_above_1TeV int_flux_above_1TeV_cu source_name
[from data line 579]
3.07198511419 0.650461814798 -0.0274178036388 "Crux Scutum" 18.557887309 -0.162749865106 276.341877042 -12.8403242138 9652.39844297 0.018116546301 2.68786860156 0.174856092364 2.81096881955e-20 0.0870268984382 1.50126631998e-14 0.0803880093596 pwn_579
-3.668941818 10.0477755966 -0.0293990336314 Perseus -11.1892489381 -0.0890899645981 259.096630026 -38.3379360511 18907.1938148 0.0210507420059 2.38269429248 0.026608189581 2.16076333461e-19 0.66896697666 1.4719133008e-13 0.788162490734 pwn_580
-0.538573748007 -10.2388072323 -0.0334856619776 "Crux Scutum" -162.790288049 -1.05387292802 94.5883141587 13.4581956398 1820.61351268 0.588738500383 1.498462372 0.189534071891 1.67962070264e-18 5.20006409487 1.86117023291e-12 9.96597126785 pwn_581
13.5279717902 -3.66197243461 -0.0514833420608 "Crux Scutum" 70.3213545122 -0.205314430591 302.277370382 32.601263004 14367.1563649 0.0812126347557 2.32651490408 0.0570756728616 6.47240133999e-19 2.00383942415 4.474031233e-13 2.39570061519 pwn_582
2.10198715593 6.54977529918 -0.0430992424866 "Carina Sagittarius" 7.95100954799 -0.162504686931 271.018406017 -22.157152658 15195.918666 0.0680624546668 1.68103942873 0.280906455901 4.89838457313e-20 0.151652773162 4.39505415322e-14 0.23534109152 pwn_583
0.661699035664 1.37387431399 0.151561857826 Norma 3.83395188424 0.877441101106 267.783254441 -25.1995165737 9897.18195139 0.152100177957 1.87215135287 0.320796867198 2.6210923664e-21 0.00811483704767 2.02441604192e-15 0.0108401003579 pwn_584
-1.79341313579 -3.98597252713 -0.137101882673 Perseus -21.6678151862 -1.61681839986 251.969093212 -47.5637409558 4859.17396557 0.35138655183 2.02477299697 0.493545768338 1.2886465114e-20 0.0398961768235 8.34060975357e-15 0.0446612973336 pwn_585
-11.034443551 -4.26522766481 -0.0072328911311 "Carina Sagittarius" -69.0043161425 -0.0350629428453 167.960355237 -60.5778477445 11819.1494418 0.112763120722 2.07178126489 0.0975693311297 2.51670246955e-19 0.779164851255 1.98957567925e-13 1.06535413602 pwn_586
-1.68858443549 2.25725317138 0.0289315072417 Perseus -8.92102020669 0.152231877025 260.485939801 -36.342097187 10889.0151171 0.077608588276 2.21926956469 0.103601074401 3.29749051081e-20 0.102089489499 2.36228676746e-14 0.126492900191 pwn_587
-1.57573035785 1.39012802234 0.0554909917243 Norma -9.05248292974 0.317464738277 260.224360003 -36.3561430002 10015.0206045 0.144497378193 1.79314348776 0.473709759295 7.62289090234e-22 0.00236002814314 5.64847904649e-16 0.00302457985245 pwn_588
0.406973691288 -2.62904926178 0.128705947512 "Crux Scutum" 3.96539399622 1.25286027345 267.501606575 -24.8943884534 5886.44675309 0.0479778885049 1.75479239872 0.432320419228 5.24120931643e-20 0.162266542304 4.06373209878e-14 0.217599855298 pwn_589
-0.702908216226 2.12041182999 -0.0289954131353 Norma -3.78657851075 -0.156084718395 264.231321812 -32.2320735887 10643.6867735 0.112857046613 2.28018156052 0.308027024719 9.19494700925e-20 0.28467328202 5.67969802426e-14 0.304129661645 pwn_590
-3.4552069596 4.49516741468 -0.0603027348778 "Crux Scutum" -14.8895421421 -0.256946145169 256.417647382 -41.4196774781 13446.8013925 0.0693097669132 2.09602491962 0.420703618375 5.128571621e-22 0.00158779307152 3.30781304335e-16 0.00177122807826 pwn_591
-4.55270663985 -0.0667828580333 -0.032268791078 Norma -28.3625726219 -0.19291805708 243.287700021 -51.4568826678 9583.70128849 0.0392925463824 2.15231191461 0.104846072361 2.31598048276e-19 0.717021821289 1.72877711175e-13 0.925704845241 pwn_592
-11.38678977 6.4879949853 0.0553228432614 Perseus -37.2249306319 0.168399549783 231.048736277 -56.6993989172 18822.9125154 0.0889358931796 1.44189499449 0.437014411432 2.23597261652e-21 0.00692251584063 2.1041537982e-15 0.0112670705373 pwn_593
-1.17110602649 -14.4589562174 0.00240255257915 "Carina Sagittarius" -168.881434759 0.0226671143723 92.5376370507 19.3225600033 6072.94445042 0.10511258131 2.04685878501 0.433653754837 6.02180536671e-22 0.00186433602684 3.96151141434e-16 0.00212126264619 pwn_594
3.37232849884 8.94772057999 -0.0581351349586 Perseus 10.9393443784 -0.187437620865 272.598866245 -19.5590671008 17770.7324732 0.0613631295456 1.83278124508 0.12405612424 5.99599599732e-20 0.185634551001 5.4762716622e-14 0.293236830654 pwn_595
-0.937178149023 5.1345878931 -0.11677166265 "Crux Scutum" -3.93206074529 -0.489535290848 264.472166236 -32.5337129274 13667.2574249 0.111217788107 1.82381208809 0.25418665713 2.37742967176e-21 0.00736046338006 1.97761358695e-15 0.0105894881822 pwn_596
9.19770072235 8.64596712474 0.146579958345 Norma 28.2106761051 0.43162748804 280.317988612 -4.00342637235 19457.7329847 0.0469211943858 2.37658044127 0.464887131946 5.82925762667e-22 0.00180472372343 3.21449945791e-16 0.00172126163806 pwn_597
1.98878830786 1.85828066549 0.152937975427 Norma 10.8685169118 0.830728241821 271.618912867 -19.1269430735 10548.5850853 0.0259608696818 1.77129863131 0.339574998084 5.56245869573e-20 0.172212343521 4.51849180153e-14 0.241950782749 pwn_598
7.55536124789 1.73916481415 -0.0459780261678 Perseus 36.4231868827 -0.207021514305 284.637429067 3.01222763735 12725.0184148 0.1117751176 1.7721310181 0.33025955266 5.39647793577e-20 0.167073620303 4.40791692247e-14 0.236029851669 pwn_599
11.9959327332 11.2085132187 -0.0483378985857 "Crux Scutum" 31.3275185993 -0.120038386915 282.234602715 -1.48261402012 23072.282765 0.0287124746734 2.00069681898 0.279882300282 4.02987969431e-20 0.124764077223 2.95307540789e-14 0.15812774214 pwn_600
-9.99238358644 0.463350260454 0.213497776784 "Carina Sagittarius" -48.1073158076 0.911202243914 211.394272345 -60.664207848 13425.1614117 0.125925716342 2.23508664919 0.134415782347 1.68466828737e-20 0.0521569129216 1.17220897197e-14 0.0627680409241 pwn_601
9.87742233213 1.54623197591 -0.0359638959154 Norma 44.5145544818 -0.146257731492 288.330297584 10.2258097526 14088.7026458 0.108496935 1.83479558108 0.489207685756 8.06647713265e-21 0.0249736134138 5.79168541706e-15 0.0310126228317 pwn_602
0.926119331197 6.75134265755 -0.0292888321643 "Carina Sagittarius" 3.47494993184 -0.109828953568 268.523151473 -26.0109276976 15279.4635936 0.0967964643296 2.47024321073 0.223754822811 6.57016287613e-21 0.020341061536 3.82664836519e-15 0.0204904779721 pwn_603
-0.298019334324 -7.40626282899 -0.0400098369645 Norma -15.2418252103 -2.02136474466 258.04281689 -42.7549167807 1134.3179933 0.588391946106 2.53495425761 0.155725048276 3.7971981582e-19 1.17560314495 2.20881220637e-13 1.18274828361 pwn_604
7.64041212742 4.37204391802 0.0377936924362 Perseus 30.691942214 0.144661719564 281.708869958 -1.92744421635 14968.8623638 0.0883016610338 1.83556588006 0.364290354841 1.29858447626e-19 0.402038537542 9.98680687921e-14 0.534761563751 pwn_605
3.03575721066 -0.429803340849 -0.0718631812052 "Crux Scutum" 20.6147400402 -0.477525267831 277.604688745 -11.165813667 8622.59011413 0.196680803868 2.02647547333 0.30385240663 4.08069789837e-20 0.126337396234 2.90463989728e-14 0.155534175477 pwn_606
13.485949038 -2.64591364038 -0.023254690888 "Crux Scutum" 66.5349219347 -0.0906283584676 299.804381603 29.4608524696 14701.7580358 0.0642798421709 1.8663973582 0.171120654102 1.29115060841e-20 0.0399737030467 1.10918663986e-14 0.059393396628 pwn_607
7.02064636544 3.94937871845 -0.0322330112039 Perseus 29.4201936179 -0.129215188341 281.371727915 -3.18399336615 14292.5695671 0.0597714692091 1.59438536854 0.151895795429 1.4766402301e-22 0.000457164157925 1.57326021359e-16 0.00084243052077 pwn_608
-2.02967734738 -3.51320160319 0.0386552433265 Perseus -22.1468199296 0.411354583073 249.264059656 -46.5890982895 5384.16591616 0.0204023630554 2.19090331514 0.107253342581 1.68645947379e-19 0.522123676095 1.22667041451e-13 0.65684276967 pwn_609
0.0735655003357 0.0941634542013 0.108528024824 "Crux Scutum" 0.490436302064 0.723472336373 265.994474673 -28.1400164024 8595.16350586 0.142970514537 2.32007846047 0.0392432183701 1.85739400629e-20 0.0575044583992 1.30415666612e-14 0.0698334178868 pwn_610
-1.59816103288 7.09141429347 -0.033434893103 "Carina Sagittarius" -5.85252833693 -0.122226896018 262.858927008 -33.9488907887 15673.1437896 0.0948887902249 2.70355927894 0.31285545326 2.50291562319e-20 0.0774896477768 1.25777006384e-14 0.0673495637109 pwn_611
0.792006723838 4.75953855542 -0.0104745111618 "Crux Scutum" 3.41827811784 -0.0451808644354 268.429175832 -26.0270235389 13283.1753383 0.0368763944271 1.83077714891 0.252846819072 1.12433806878e-20 0.0348092281355 9.31892926329e-15 0.0498998853748 pwn_612
2.07149359532 6.32543279739 -0.102488116556 "Carina Sagittarius" 7.95419425762 -0.392268476051 271.236360063 -22.2670911582 14969.8045131 0.0400891025272 2.50087052724 0.117424205376 1.63229947766e-20 0.0505355875437 9.85572666644e-15 0.0527742637642 pwn_613
-7.67555760185 4.68045661132 0.0926711974186 "Carina Sagittarius" -30.2141185447 0.348113732397 240.477247626 -52.3003638539 15252.7770892 0.0592132799114 2.50270610738 0.0275622627917 4.35455263543e-19 1.34815871066 2.76056096114e-13 1.47819209309 pwn_614
-0.451849593524 -6.50693917827 -0.0552979366873 Norma -12.7736798967 -1.54996347532 259.453074211 -40.4752472259 2044.38679219 0.0995737538263 2.15935599287 0.00945053413188 5.64535293994e-18 17.4778728791 4.49822268434e-12 24.0865436357 pwn_615
2.59467261334 -7.44010414894 -0.0338612314834 Norma 67.7805133705 -0.692168235309 301.152978498 30.1988294534 2803.00762905 0.0828518195544 2.28064904687 0.369247964833 8.02539404575e-18 24.8464211943 4.81909456675e-12 25.8047099293 pwn_616
4.48219693763 1.84457640143 0.164876845391 "Carina Sagittarius" 23.426581154 0.837872561525 277.742504947 -8.06454974894 11275.0846865 0.0685840309975 2.36198191449 0.0941265945776 3.40757577474e-21 0.0105497702004 2.25378553116e-15 0.0120683006048 pwn_617
-6.23433625205 5.99750827859 0.0362905681932 "Carina Sagittarius" -23.2690646118 0.131757998027 248.454376666 -47.6058578009 15781.1917103 0.0324626293873 2.69222998447 0.133321809695 1.0921537406e-20 0.0338128093066 5.92618772591e-15 0.0317328396726 pwn_618
-4.51367156679 3.97322509202 0.00376984090817 "Crux Scutum" -19.8936117828 0.0162834101303 251.823675985 -45.1546069457 13264.7875754 0.0564416364989 2.24334256878 0.0070560968903 4.7949732064e-20 0.148451182861 3.61725198681e-14 0.193692273451 pwn_619
-7.42544219087 -3.60443292002 0.0739484227033 "Crux Scutum" -56.603280269 0.476368408735 193.862441811 -62.3917585453 8894.33736339 0.0930486967744 2.08195863435 0.0753195274161 3.40757747156e-20 0.105497754537 2.72021157612e-14 0.145658628807 pwn_620
4.45642873826 -0.879492448528 -0.0363708277508 "Carina Sagittarius" 30.3188489912 -0.236056383396 281.877533996 -2.43314969149 8827.97911633 0.190245586754 1.8401493603 0.437222858781 2.09245123444e-20 0.0647817719641 1.53954570867e-14 0.0824377481802 pwn_621
3.33377363844 -2.57214712955 0.0531221137515 "Carina Sagittarius" 29.3530277762 0.447524598306 280.8272076 -2.98028995425 6801.19903289 0.239256081291 2.1915962265 0.121030417371 1.02217921923e-20 0.031646415456 7.36500141129e-15 0.0394372267269 pwn_622
3.2059690377 -0.0840144188657 0.182752204302 "Carina Sagittarius" 20.8537404086 1.16250907188 276.240381602 -10.1914135635 9007.7993506 0.0348578496455 2.40724947983 0.476979099242 1.01566187637e-20 0.0314446401354 5.4979421266e-15 0.0294397214705 pwn_623
2.30186302166 4.40294836472 0.0194535793348 "Crux Scutum" 10.1150539285 0.0850412542586 271.920842001 -20.1481428612 13106.6787675 0.116471753675 2.1733831084 0.0821734192001 1.00458417049e-21 0.00311016771051 7.51519294167e-16 0.00402414543306 pwn_624
-7.52811584223 7.02740467063 0.00724647059823 "Carina Sagittarius" -25.8653924156 0.0240606087739 245.859237259 -49.5569262409 17256.0967907 0.0125655403658 1.86602302532 0.12663072933 2.03473296468e-21 0.00629948286279 1.8108921185e-15 0.00969674804758 pwn_625
-6.08920127522 -6.68748330109 0.00257697839491 "Crux Scutum" -73.4237931672 0.0232401270884 160.1151838 -58.625975743 6353.23504954 0.143946390166 2.12672286075 0.433854984238 3.8529741438e-19 1.19287125195 2.4309982372e-13 1.30172179609 pwn_626
3.1464094156 -6.6033522708 0.0310887352012 Norma 58.9185323425 0.484835090111 294.932442552 23.191316947 3673.98031142 0.0962066062402 2.06125395526 0.213304169346 2.2755561408e-19 0.704506545139 1.67453790281e-13 0.896661483792 pwn_627
4.39430108068 -4.54564048712 -0.0522518178117 Perseus 48.0164721083 -0.506417568735 290.325496657 13.1543360716 5911.81625198 0.115557935636 2.17942162733 0.133914469597 3.1125694009e-20 0.0963643777369 2.24082294256e-14 0.119988900892 pwn_628
0.737585714866 -6.64795975364 -0.0390763894857 Norma 21.7152051146 -1.12295623505 278.70478507 -10.4876832684 1993.89386004 0.65162279567 1.60144548983 0.34640688136 1.11362476478e-19 0.344775468971 1.00494936423e-13 0.538118239402 pwn_629
8.66293641035 -4.68184668628 0.0869802345277 Norma 66.2147124582 0.526401331835 299.007743943 29.5095692761 9467.43510873 0.0822643048595 2.26523658423 0.0256142019911 1.35080910616e-19 0.41820715361 9.91173468393e-14 0.530741687827 pwn_630
1.91260563615 3.57831987066 -0.0765540413148 "Crux Scutum" 8.9980920454 -0.358674723337 271.754035088 -21.3398398619 12229.0527736 0.114734902754 2.27862694703 0.445302588289 1.57485777983e-21 0.00487572068058 9.16616544127e-16 0.00490818839722 pwn_631
-1.42142201601 5.45859846049 0.0470955071122 "Crux Scutum" -5.81446022396 0.192317377016 262.567670911 -33.7442617087 14030.8634629 0.0897475248393 2.23345603146 0.420780772678 2.33534328106e-21 0.00723016495684 1.4040330652e-15 0.00751814795844 pwn_632
-3.15182961762 -9.53512833703 -0.0769511147006 "Crux Scutum" -108.181287623 -1.32878396915 121.70104316 -34.6905357449 3318.34930149 0.489674112439 2.09887115486 0.0428985175662 4.47861387803e-19 1.38656776409 3.6233602419e-13 1.94019350973 pwn_633
-1.48401157331 -2.09271799275 -0.0524126491592 "Carina Sagittarius" -13.0405233194 -0.456592334003 258.084929552 -40.0547911739 6577.10423788 0.145628649873 1.55821912122 0.399309373312 2.1366705698e-19 0.661507916347 1.91165542091e-13 1.0236303301 pwn_634
5.19152027673 -4.86617863359 -0.0483121778226 Norma 55.0097784606 -0.436810116241 293.743068453 19.3313247722 6337.1030111 0.220172953688 2.09420316241 0.480585220942 1.6798246755e-19 0.520069558978 1.05538376375e-13 0.565124247105 pwn_635
0.101003427198 10.1082087571 -0.0344098523174 Perseus 0.310992494675 -0.105948296686 266.692886778 -28.7256302062 18608.5146876 0.0329415168077 2.4182144998 0.246034809577 5.59409087558e-21 0.0173191667975 3.31186585312e-15 0.0177339822826 pwn_636
-2.12009329497 1.38495515297 0.0162212707005 Perseus -12.1052230007 0.0919319614956 258.223463623 -38.9757966011 10109.76741 0.0643212055409 1.84196133711 0.284076675063 1.40394406473e-21 0.00434657605181 1.1310879486e-15 0.00605661416557 pwn_637
-0.257336120509 -7.07741258087 0.0590557759947 Norma -10.2535259663 2.33922974891 257.319106105 -36.1538182812 1446.88093106 0.511213348781 1.50321916015 0.339898370113 1.03290748064e-18 3.1978559772 1.00160244749e-12 5.36326072543 pwn_638
9.79002766991 4.95942488214 -0.00483410775195 Norma 36.0311459555 -0.0166417298042 284.288588467 2.75039227286 16643.3405092 0.0454625917228 1.63783260844 0.133363471608 3.37082702665e-21 0.0104359969865 3.53347078327e-15 0.0189206057991 pwn_639
-9.85418394549 -4.2086281477 -0.0221239314386 "Carina Sagittarius" -66.4674868171 -0.117938120786 172.831663957 -61.5190465956 10748.0836931 0.0236740930434 2.19420770755 0.324830629494 2.80998839749e-20 0.0869965448141 1.8017566396e-14 0.0964783048021 pwn_640
9.40151867518 -2.31921376334 0.0643585901436 Norma 56.6781110722 0.327735559443 293.895880442 21.1608786349 11251.4360831 0.0829438209838 2.21186280266 0.237433750051 2.06141855013e-19 0.63821007744 1.3696433632e-13 0.733400210444 pwn_641
