sky_model/pwn/ctadc_skymodel_gps_sources_pwn.ecsv
# %ECSV 0.9
# ---
# datatype:
# - {name: spiralarm, datatype: unicode, description: 'Which spiralarm?'}
# - {name: galactocentric_x, unit: kpc, datatype: float64, format: '%.5f', description: Galactocentric
#     x coordinate}
# - {name: galactocentric_y, unit: kpc, datatype: float64, format: '%.5f', description: Galactocentric
#     y coordinate}
# - {name: galactocentric_z, unit: kpc, datatype: float64, format: '%.5f', description: Galactocentric
#     z coordinate}
# - {name: type, datatype: string, description: type of PWN}
# - {name: size_physical, unit: pc, datatype: float64, format: '%.5f', description: Physical
#     size}
# - {name: distance, unit: kpc, datatype: float64, format: '%.5f', description: Distance
#     observer to source center}
# - {name: GLON, unit: deg, datatype: float64, format: '%.5f', description: Galactic
#     longitude}
# - {name: GLAT, unit: deg, datatype: float64, format: '%.5f', description: Galactic
#     latitude}
# - {name: RA, unit: deg, datatype: float64, format: '%.5f'}
# - {name: DEC, unit: deg, datatype: float64, format: '%.5f'}
# - {name: sigma, unit: deg, datatype: float64, format: '%.5f'}
# - {name: galactocentric_r, unit: kpc, datatype: float64, format: '%0.4f', description: Galactocentric
#     radius in the xy plan}
# - {name: spec_alpha, datatype: float64, format: '%5g', description: Spectral model
#     parameter (log parabola)}
# - {name: spec_beta, datatype: float64, format: '%5g', description: Spectral model
#     parameter (log parabola)}
# - {name: spec_norm, unit: 1 / (cm2 MeV s), datatype: float64, format: '%5g', description: Spectral
#     model norm parameter (log parabola)}
# - {name: spec_norm_cu, unit: '', datatype: float64, format: '%5g', description: Spectral
#     model norm parameter (log parabola) in crab units}
# - {name: int_flux_above_1TeV, unit: 1 / (cm2 s), datatype: float64, format: '%5g',
#   description: 'Integral flux above 1 TeV '}
# - {name: int_flux_above_1TeV_cu, unit: '', datatype: float64, format: '%5g', description: Integral
#     flux above 1 TeV in crab units}
# - {name: luminosity, unit: erg / s, datatype: float64, description: Intrinsic source
#     luminosity}
# - {name: skip, datatype: int64, description: 'skip boolean: 0 take, 1 skip'}
# - {name: source_name, datatype: string, description: source name}
spiralarm galactocentric_x galactocentric_y galactocentric_z type size_physical distance GLON GLAT RA DEC sigma galactocentric_r spec_alpha spec_beta spec_norm spec_norm_cu int_flux_above_1TeV int_flux_above_1TeV_cu luminosity skip source_name
[from data line 629]
"Crux Scutum" -4.38396 -7.92042 -0.01452 isolated 5.97608 4.42213 -82.46885 -0.18811 146.49452 -53.65327 0.07740 9.0527 2.43787 0.333408 1.52237e-19 0.471321 8.58824e-14 0.459873 1.48290480423e+33 0 pwn_629
Perseus 0.69297 -4.29544 -0.02982 isolated 21.40080 4.26138 9.35896 -0.40095 271.98194 -21.04513 0.28763 4.3510 1.95555 0.126712 2.68889e-18 8.32474 2.24867e-12 12.0409 2.9162422664e+34 1 pwn_630
Norma -2.19085 3.19117 0.00094 isolated 15.33042 11.89468 -10.61378 0.00455 259.42266 -37.81442 0.07382 3.8708 1.67404 0.158539 1.36784e-20 0.0423481 1.36271e-14 0.0729687 1.83846822857e+33 0 pwn_631
Perseus 7.09232 -1.01582 0.07376 isolated 23.92994 10.31113 43.46006 0.40988 287.33475 9.54806 0.13292 7.1647 1.88295 0.229124 4.30288e-20 0.133216 3.50488e-14 0.187675 3.83459866351e+33 0 pwn_632
Perseus -2.43683 10.53053 0.00699 isolated 11.42767 19.18592 -7.29694 0.02087 261.74518 -35.07344 0.03411 10.8088 2.07345 0.139506 1.84457e-20 0.0571073 1.41389e-14 0.0757093 3.58001328308e+33 0 pwn_633
Perseus 5.05597 7.55766 0.01973 isolated 7.51524 16.83483 17.47730 0.06716 275.61326 -13.68744 0.02557 9.0929 2.08129 0.291948 2.56719e-20 0.0794796 1.78248e-14 0.0954458 5.36453101411e+33 0 pwn_634
"Carina Sagittarius" 2.94268 -1.56440 -0.00625 isolated 7.47946 7.53405 22.99087 -0.04753 278.33286 -8.86004 0.05686 3.3327 2.35738 0.330435 1.49408e-19 0.462563 8.78106e-14 0.470198 4.6705726505e+33 0 pwn_635
"Carina Sagittarius" -7.09982 -12.32232 0.14399 isolated 26.21180 8.06463 -118.29667 1.02303 117.88966 -24.84445 0.18615 14.2214 1.91057 0.182349 2.50684e-19 0.776111 2.07302e-13 1.11003 1.17260426158e+34 0 pwn_636
"Carina Sagittarius" 0.42607 6.74022 0.03316 isolated 14.56815 15.24621 1.60139 0.12461 267.22565 -27.50192 0.05473 6.7537 2.17094 0.100577 4.87612e-20 0.150963 3.60756e-14 0.193173 4.91675519847e+33 0 pwn_637
Norma 0.19234 12.69662 -0.01715 isolated 5.83890 21.19750 0.51989 -0.04636 266.75830 -28.51613 0.01578 12.6981 2.24839 0.37345 7.45189e-21 0.0230709 4.53994e-15 0.0243099 2.38228884424e+33 0 pwn_638
"Crux Scutum" -8.01885 -0.20833 0.01832 isolated 19.01514 11.53491 -44.04173 0.09102 219.68796 -60.03837 0.09442 8.0216 2.07479 0.202249 3.75439e-20 0.116235 2.75915e-14 0.147743 3.00795930622e+33 0 pwn_639
"Crux Scutum" 2.62805 0.93617 0.00445 isolated 11.85970 9.79530 15.56294 0.02600 274.71861 -15.39524 0.06934 2.7898 2.03394 0.267513 3.0657e-20 0.0949134 2.21889e-14 0.118814 2.18427544611e+33 0 pwn_640
"Carina Sagittarius" 4.13126 1.85588 0.07300 isolated 15.50631 11.14975 21.74848 0.37511 277.37078 -9.76602 0.07965 4.5290 2.2809 0.125983 4.62502e-19 1.43189 3.14772e-13 1.6855 2.29764780614e+34 0 pwn_641
"Carina Sagittarius" -9.67268 -7.38205 -0.02989 isolated 8.32421 9.73712 -83.40711 -0.17591 145.31406 -53.03372 0.04896 12.1678 1.89699 0.119144 2.20973e-20 0.0684128 1.93584e-14 0.103658 1.32931172881e+33 0 pwn_642
"Carina Sagittarius" -8.68064 3.98366 -0.07660 isolated 14.83606 15.20530 -34.81321 -0.28863 235.06934 -55.68777 0.05588 9.5511 2.094 0.205231 1.14675e-20 0.035503 8.31449e-15 0.0445215 1.56654464146e+33 0 pwn_643
Perseus -10.84825 6.08807 -0.04806 isolated 15.61924 18.17962 -36.63590 -0.15146 232.26316 -56.63645 0.04921 12.4398 2.21067 0.120414 1.01296e-19 0.31361 7.2164e-14 0.386415 1.43756931173e+34 0 pwn_644
"Crux Scutum" -2.96158 4.58036 -0.01282 isolated 11.59565 13.41145 -12.75750 -0.05476 257.87990 -39.58920 0.04952 5.4544 2.36472 0.308561 7.49772e-20 0.232128 4.43315e-14 0.237381 7.00153186181e+33 0 pwn_645
"Crux Scutum" -7.51969 -1.68725 0.06151 isolated 12.49181 10.14707 -47.82382 0.34732 212.28766 -61.12189 0.07051 7.7067 1.98045 0.251162 7.45596e-20 0.230835 5.62893e-14 0.301411 5.90916871573e+33 0 pwn_646
Perseus 6.48111 6.04384 -0.03066 isolated 17.61579 15.92260 24.01900 -0.11034 278.86810 -7.97649 0.06336 8.8619 2.43958 0.381728 1.75298e-20 0.0542718 9.69022e-15 0.051888 2.46521482843e+33 0 pwn_647
"Carina Sagittarius" -4.54170 6.91830 0.01455 isolated 6.36182 16.07331 -16.41315 0.05187 254.83707 -42.43659 0.02267 8.2759 1.86852 0.37276 4.14088e-19 1.282 3.10727e-13 1.66385 1.35662336523e+35 0 pwn_648
"Crux Scutum" 1.16014 4.47612 0.01418 isolated 22.85329 13.02789 5.10900 0.06236 269.26944 -24.51283 0.10047 4.6240 2.10868 0.187023 5.66617e-19 1.75423 4.11827e-13 2.2052 5.35618239046e+34 0 pwn_649
Norma -0.60923 -6.50022 -0.01018 isolated 14.16081 2.09054 -16.94333 -0.27888 254.74380 -43.05771 0.38796 6.5287 1.82946 0.219733 9.03099e-19 2.79597 7.67073e-13 4.10743 3.49173722399e+33 0 pwn_650
Norma -4.57287 1.32318 -0.11479 isolated 13.64699 10.83601 -24.96285 -0.60696 247.52234 -49.34738 0.07213 4.7605 2.00658 0.315865 1.49135e-20 0.0461718 1.06656e-14 0.0571109 1.53077806049e+33 0 pwn_651
"Crux Scutum" 5.27892 -10.02203 0.03361 isolated 21.68719 5.49406 106.08341 0.35047 338.93706 58.71095 0.22608 11.3273 1.83407 0.297883 8.52619e-20 0.263969 6.84105e-14 0.366316 2.78285377598e+33 0 pwn_652
"Carina Sagittarius" 11.99157 -13.46782 -0.02627 isolated 6.58135 12.97989 112.50306 -0.11597 350.95790 60.96945 0.02904 18.0327 2.05494 0.126163 1.79541e-19 0.555853 1.40583e-13 0.752775 1.58857101048e+34 0 pwn_653
Perseus -2.61813 -0.20317 -0.01136 isolated 19.06231 8.70012 -17.51353 -0.07484 254.03744 -43.37674 0.12549 2.6260 1.73627 0.185999 4.35451e-20 0.134814 4.04878e-14 0.216799 3.06595749234e+33 0 pwn_654
"Crux Scutum" -3.07491 -9.20805 -0.01410 isolated 0.10000 3.15541 -102.96729 -0.25604 126.43366 -38.41802 0.01000 9.7079 1.84089 0.285282 7.53714e-19 2.33348 6.07158e-13 3.25114 7.7574470819e+33 0 pwn_655
"Carina Sagittarius" 1.36070 5.13617 0.01980 isolated 20.43680 13.70390 5.69845 0.08278 269.57376 -23.99236 0.08541 5.3134 2.26745 0.15524 1.50976e-20 0.0467419 1.01783e-14 0.0545013 1.21483302848e+33 0 pwn_656
Norma 5.29353 -5.81994 -0.08782 isolated 9.76274 5.93396 63.14739 -0.84801 298.54412 26.17356 0.09423 7.8672 2.19065 0.226194 9.41703e-20 0.291549 6.37195e-14 0.341197 1.80616652118e+33 0 pwn_657
Perseus -1.64321 -4.40958 0.00525 isolated 23.96721 4.40814 -21.88632 0.06821 249.88904 -46.62456 0.31140 4.7058 2.16422 0.234091 2.46515e-19 0.763205 1.68597e-13 0.902781 2.74902549901e+33 0 pwn_658
"Crux Scutum" -6.46645 -6.39213 -0.17388 isolated 21.42716 6.80355 -71.94560 -1.46452 161.29602 -60.63645 0.18038 9.0925 2.29431 0.306236 4.9515e-20 0.153297 3.03864e-14 0.16271 1.3003326504e+33 0 pwn_659
"Crux Scutum" -4.87308 3.89838 0.16855 isolated 5.89238 13.32273 -21.45691 0.72488 249.59510 -45.86675 0.02533 6.2405 2.46233 0.337506 2.65535e-20 0.0822091 1.47792e-14 0.0791376 2.29423747052e+33 0 pwn_660
"Carina Sagittarius" 2.71022 4.24484 0.01095 isolated 18.30532 13.02983 12.00526 0.04815 272.92393 -18.51157 0.08046 5.0363 2.34781 0.237775 3.87768e-20 0.120052 2.39135e-14 0.128049 3.00601906889e+33 0 pwn_661
"Carina Sagittarius" -5.90705 -12.06504 -0.01320 isolated 20.11692 6.89948 -121.11196 -0.10960 115.27086 -22.97962 0.16699 13.4335 2.04245 0.312185 4.32939e-20 0.134037 3.03919e-14 0.162739 1.69217076433e+33 0 pwn_662
Perseus -14.33258 -1.28190 -0.06130 isolated 4.06809 16.04767 -63.26951 -0.21888 179.35839 -62.43860 0.01452 14.3898 2.37511 0.272581 1.34473e-20 0.0416324 8.03986e-15 0.0430509 1.64150948918e+33 0 pwn_663
Norma 5.79858 -4.82602 0.02500 isolated 13.89229 6.86457 57.64162 0.20870 294.51354 21.94349 0.11591 7.5441 1.91843 0.135874 2.34469e-19 0.725911 1.99712e-13 1.06939 7.06967202555e+33 0 pwn_664
"Carina Sagittarius" 4.05371 -2.00151 0.08336 isolated 19.67237 7.65963 31.95557 0.62358 281.85925 -0.58453 0.14710 4.5209 1.96873 0.118385 4.14539e-20 0.12834 3.45771e-14 0.185149 1.4028069865e+33 0 pwn_665
"Crux Scutum" 14.76456 0.40218 -0.02262 isolated 12.64404 17.24069 58.91244 -0.07518 295.45832 22.90935 0.04200 14.7700 1.7902 0.35458 7.86443e-21 0.0243481 6.25413e-15 0.0334888 3.18637942818e+33 0 pwn_666
"Crux Scutum" -1.22291 -10.03165 0.03804 isolated 23.89172 1.96033 -141.39528 1.11187 106.44452 -4.53731 0.69803 10.1059 2.31064 0.310237 1.02176e-17 31.6336 6.20589e-12 33.2306 2.19918029457e+34 1 pwn_667
"Crux Scutum" -3.33811 -10.41760 -0.02768 isolated 25.13720 3.84980 -119.87553 -0.41198 115.65292 -24.20339 0.37397 10.9394 2.49785 0.35175 1.72926e-19 0.535375 9.41008e-14 0.50388 1.2287130759e+33 0 pwn_668
