sky_model/pwn/ctadc_skymodel_gps_sources_pwn.ecsv
# %ECSV 0.9
# ---
# datatype:
# - {name: x, unit: kpc, datatype: float64, description: Galactocentric x coordinate}
# - {name: y, unit: kpc, datatype: float64, description: Galactocentric y coordinate}
# - {name: z, unit: kpc, datatype: float64, description: Galactocentric z coordinate}
# - {name: spiralarm, datatype: string}
# - {name: GLON, unit: deg, datatype: float64, description: Galactic longitude}
# - {name: GLAT, unit: deg, datatype: float64, description: Galactic latitude}
# - {name: RA, unit: deg, datatype: float64}
# - {name: DEC, unit: deg, datatype: float64}
# - {name: distance, unit: pc, datatype: float64, description: Distance observer to
#     source center}
# - {name: sigma, unit: deg, datatype: float64, description: Angular extension (deg)}
# - {name: spec_alpha, datatype: float64, description: Spectral model parameter (log
#     parabola)}
# - {name: spec_beta, datatype: float64, description: Spectral model parameter (log
#     parabola)}
# - {name: spec_norm, unit: 1 / (cm2 MeV s), datatype: float64, description: Spectral
#     model norm parameter (log parabola)}
# - {name: spec_norm_cu, unit: '%', datatype: float64, description: Spectral model norm
#     parameter (log parabola) in crab units}
# - {name: int_flux_above_1TeV, unit: 1 / (cm2 s), datatype: float64, description: 'Integral
#     flux above 1 TeV '}
# - {name: int_flux_above_1TeV_cu, unit: '%', datatype: float64, description: Integral
#     flux above 1 TeV in crab units}
# - {name: source_name, datatype: string, description: source name}
x y z spiralarm GLON GLAT RA DEC distance sigma spec_alpha spec_beta spec_norm spec_norm_cu int_flux_above_1TeV int_flux_above_1TeV_cu source_name
-4.97630186187 10.2708038099 -0.0207264643443 Perseus -14.8480419109 -0.061152693747 256.24341971 -41.2681915073 19419.2452345 0.0505550161036 2.90886721577 0.179726575511 3.31881912942e-20 0.102749818248 1.59687169553e-14 0.0855073714093 pwn_0
4.23646053232 -10.7629937631 -0.0427921490838 "Crux Scutum" 118.109833834 -0.510461879729 2.55371322766 61.9747195214 4803.1832967 0.260934446724 2.07782260012 0.450183725802 2.96710004576e-20 0.0918606825312 1.90570697804e-14 0.102044512921 pwn_1
-4.01650665462 0.425972710233 -0.0104191057993 Perseus -24.2267787781 -0.0609899273313 247.68778477 -48.4374188411 9788.02447321 0.109297107354 1.90243410996 0.491637432525 4.83815057978e-20 0.149787943647 3.34342335147e-14 0.179029625919 pwn_2
-2.83936112839 -9.54935402118 -0.00857692286403 "Crux Scutum" -110.28300132 -0.162342187858 121.523705745 -32.291573277 3027.07598893 0.322200297187 1.94572981022 0.0152132576685 1.57019865589e-18 4.86129614826 1.45159860342e-12 7.7728462009 pwn_3
-7.40250556328 -0.260525949907 -0.00763943757346 "Crux Scutum" -41.937147645 -0.039517222181 223.562645342 -59.254676559 11076.3748401 0.070189336512 1.79458743741 0.0968116452012 1.31543435592e-21 0.0040725521855 1.26520816673e-15 0.00677478503283 pwn_4
10.2324179419 -13.5025214138 -0.0555559193965 "Carina Sagittarius" 116.053522316 -0.279468806264 358.175941997 61.80537719 11389.9378354 0.100106355615 2.07664357322 0.0561249962937 1.3157918782e-19 0.407365906564 1.06975739214e-13 0.57282086534 pwn_5
3.46862279583 0.985206532997 -0.00256174226477 "Carina Sagittarius" 20.0868414959 -0.0145330555581 276.936639597 -11.4185093237 10099.529377 0.0792299601907 2.214819729 0.0211820235457 1.38077057054e-19 0.427483148775 1.05042264714e-13 0.562467727855 pwn_6
5.66299229138 5.72397065082 -0.0589313664639 Perseus 21.7089951516 -0.220544736339 277.888157034 -10.0768852992 15309.9410735 0.100689732237 2.08972731584 0.113870496674 3.98841312906e-19 1.23480282633 3.0798406996e-13 1.64915618029 pwn_7
7.60225294229 2.60159909853 -0.0702614391149 Perseus 34.4029141384 -0.299191156445 283.796655597 1.17265705545 13455.2847987 0.123289824021 2.4289040537 0.223396660185 4.25388251573e-19 1.31699149094 2.53140117755e-13 1.35548435908 pwn_8
-8.96953055871 3.8789568045 -0.0552402356312 "Carina Sagittarius" -35.9262929889 -0.20704046032 233.374403526 -56.2764446753 15287.0566655 0.0465624732113 2.0297352596 0.418495182644 7.85395529482e-21 0.0243156510676 5.25267280167e-15 0.0281263826894 pwn_9
-2.96058477195 9.6979146967 -0.0255553942526 Perseus -9.24038785833 -0.0794164972548 260.497453887 -36.7365219661 18437.1856469 0.0747535639914 1.99576480425 0.110912015255 3.50657524505e-22 0.00108562701085 2.88803601707e-16 0.00154645090802 pwn_10
-3.89538803219 2.44837841692 -0.0147709071341 Norma -19.5853495583 -0.0728277147747 252.201635868 -44.9765525151 11620.7252812 0.0816839809668 1.92561945694 0.246972627831 1.81987190206e-19 0.563427833456 1.4252726009e-13 0.76318788783 pwn_11
-1.61265876071 2.37858810691 -0.0431125194937 Norma -8.43220553959 -0.224611001106 261.213920448 -36.1516608713 10997.554554 0.0921233126376 1.61020964213 0.464809369723 1.45475904107e-21 0.00450389795996 1.20704668808e-15 0.00646334891867 pwn_12
-0.80450530463 10.2382960554 -0.0585936872358 Perseus -2.45841283737 -0.178995474619 265.087548007 -31.1213922248 18755.6498438 0.0851351078433 1.62966968271 0.333607353393 6.11205379954e-22 0.00189227671812 5.46262901906e-16 0.00292506310752 pwn_13
3.31900271939 5.28005253736 0.157232593917 "Carina Sagittarius" 13.542076242 0.635552378567 273.158390735 -16.8815845253 14174.9902671 0.0142407844937 1.74625262081 0.399039509878 1.32032629185e-19 0.408769749799 1.04945471364e-13 0.561949430424 pwn_14
2.90311306317 -1.06099949889 -0.00378686270455 "Crux Scutum" 21.318503669 -0.0271709528375 277.530321029 -10.3334963921 7985.41221562 0.0285685963671 2.4904284215 0.275496985093 1.47452976585e-20 0.045651076342 8.30791253798e-15 0.0444862142029 pwn_15
-4.17404315211 4.05681809893 -0.0568396124102 "Crux Scutum" -18.387451243 -0.246111871861 253.460890381 -44.1639700397 13232.5185716 0.01 2.36857808187 0.49023322942 5.6337968999e-19 1.74420956653 3.08903900818e-13 1.65408158031 pwn_16
-0.243785781385 6.28848637694 0.000394855507213 "Carina Sagittarius" -0.944426019748 0.00152960080915 265.83678032 -29.7402911478 14790.4956301 0.0976977422402 2.51248921992 0.294331077341 7.50694502076e-20 0.232413158537 4.15136643639e-14 0.222292393763 pwn_17
4.21254093845 4.16923496466 -0.0549432828264 "Carina Sagittarius" 18.3920489685 -0.235783769242 276.328666133 -13.0210731594 13351.3308143 0.101570233576 1.70033650362 0.0227553569813 5.54619535916e-20 0.171708834649 6.18369571486e-14 0.331117125848 pwn_18
13.3578976466 -3.85011183077 -0.0299992136635 "Crux Scutum" 70.8069776002 -0.121522659991 302.508397204 33.0542108899 14144.1079421 0.106477805563 1.50941259306 0.0989913999699 3.08724975335e-20 0.0955804877199 3.7213593531e-14 0.199266889909 pwn_19
5.85271624957 4.73172481754 -0.00688630226496 Perseus 23.8609812954 -0.027270305905 278.720161042 -8.07852396561 14468.3404911 0.116344492172 1.90198310396 0.202386814479 4.548685894e-22 0.00140826188669 3.728764238e-16 0.0019966339781 pwn_20
-2.93605182901 2.64552372044 0.086983083239 Norma -14.7580777743 0.432394026518 255.795987415 -40.8967886854 11526.0863003 0.120628898955 2.15274568599 0.300638586287 5.85267027022e-22 0.00181197221988 3.88563707197e-16 0.00208063436282 pwn_21
-5.32366408647 3.67854425248 -0.0158500033433 "Crux Scutum" -23.6118069775 -0.0683257980247 248.326253812 -47.9932838085 13291.2975528 0.0631378932477 2.24960708247 0.385965433704 4.00991077416e-20 0.124145844401 2.42789335032e-14 0.130005922848 pwn_22
-1.32019728317 6.90703417182 -0.0267883352322 "Carina Sagittarius" -4.89759493419 -0.0992568102738 263.461204239 -33.1362130225 15463.5164323 0.0879470275009 2.41439164679 0.206543062952 1.2341182597e-19 0.382079956562 7.46069682544e-14 0.399496450597 pwn_23
-8.2576225089 3.7823735896 0.00807888145376 "Carina Sagittarius" -33.9135275789 0.0312757060313 235.990595687 -54.8898991201 14800.1721531 0.0188491241784 2.18528390124 0.355029152508 2.34713865425e-20 0.0726668314008 1.49012024161e-14 0.079791172516 pwn_24
-14.705177973 -4.25766402987 0.00596436336749 Perseus -73.9075372896 0.0223283420935 159.305335154 -58.3913474477 15304.891678 0.0738623506228 2.6228006342 0.394934751555 4.54764757027e-21 0.0140794042423 2.30119345388e-15 0.0123221548667 pwn_25
-4.29176450229 -13.0276610745 0.121170334559 "Carina Sagittarius" -136.532146971 1.11271447348 108.705622019 -8.85013869002 6239.68265204 0.0512696857572 2.03321829572 0.158630098625 1.4676514721e-19 0.454381260713 1.13925681857e-13 0.610035585127 pwn_26
-3.58952573802 -3.07816997962 0.00661414677441 Perseus -33.5065743077 0.0582806001477 236.519993733 -54.6196964297 6502.38260491 0.250353769923 1.82607623459 0.489635120018 3.16250774965e-20 0.0979104566455 2.28118574729e-14 0.122150199977 pwn_27
-2.23525805101 1.94462806318 0.0681789423019 Norma -12.0796692789 0.365720757252 257.95855942 -38.7938807529 10681.3520821 0.0877908448869 1.59563453535 0.324828247618 1.78672523392e-21 0.00553165707094 1.64435900906e-15 0.0088050165152 pwn_28
3.95769966126 3.47689358044 0.0497036743561 "Carina Sagittarius" 18.2858583148 0.22576728312 275.85910565 -12.8989714471 12613.954055 0.0604698837265 1.83330859257 0.440499030393 1.24295537666e-19 0.384815906086 9.16466598914e-14 0.490738548856 pwn_29
1.15417882689 -2.81670564622 -0.0705938668969 "Carina Sagittarius" 11.4796643851 -0.697416219449 273.348587183 -19.3305599396 5799.7368018 0.0892705018591 2.1726353883 0.277968844404 2.78946476673e-21 0.00863611382889 1.85364815168e-15 0.00992569292897 pwn_30
2.67151174519 -5.79935411694 0.00274563183728 Perseus 44.6892781466 0.0414118586733 288.243630365 10.4676346504 3798.74594161 0.355299929858 1.83338392279 0.370801553576 6.37228489337e-19 1.97284362024 4.88804750993e-13 2.61739308842 pwn_31
3.54582313875 1.11756950205 -0.00677966289885 "Carina Sagittarius" 20.2380141526 -0.0378957284592 277.029434994 -11.2955381133 10250.3927155 0.0810199141162 2.38102273906 0.385272030808 1.20206998189e-19 0.372157889129 6.82341798106e-14 0.365372206934 pwn_32
-6.90403809123 5.70971398482 0.0144417758923 "Carina Sagittarius" -25.9136100272 0.0523765311056 245.775901374 -49.5712501236 15798.1619836 0.064169917746 2.52369831181 0.454124189617 2.20606380258e-19 0.682991889344 1.14259129319e-13 0.611821089628 pwn_33
6.30178572559 5.30112160566 0.190395648949 Perseus 24.5421041125 0.718984945889 278.368650993 -7.13015216937 15172.9928296 0.01 1.38912392843 0.0751748784357 1.16269718453e-21 0.00359968168586 1.60233920888e-15 0.00858001392602 pwn_34
-0.579305814488 3.16453196819 -0.00968012327037 Norma -2.84319417593 -0.0474898905669 264.717796956 -31.377178442 11678.9124052 0.0936798327241 2.35921569015 0.279141712085 5.96963500994e-20 0.18481842136 3.58752431331e-14 0.192100451625 pwn_35
-1.60998832883 -0.532555161909 0.0293865452774 "Crux Scutum" -11.4239742221 0.207137990597 258.615282324 -38.3562990501 8128.53635263 0.133484790674 1.4281187824 0.214189256553 1.77251800852e-20 0.0548767185301 2.02771530647e-14 0.108577668643 pwn_36
3.04504215515 2.34493730611 0.0271637985553 "Crux Scutum" 15.6836829631 0.138167926627 274.675393818 -15.2357956932 11264.3546097 0.0970258428403 2.22044971653 0.461579510587 1.21782687468e-19 0.377036184113 7.24320375747e-14 0.387850392499 pwn_37
-3.96470667043 1.15759048594 -0.093478005336 Norma -22.3194994334 -0.513016360241 250.104212134 -47.3344330739 10440.1480408 0.155782552633 2.46746116926 0.0525473471245 1.25882549114e-19 0.389729254222 8.02577180186e-14 0.429754408089 pwn_38
-5.22482278703 3.35066577919 -0.117550232635 "Crux Scutum" -23.7921328741 -0.520019580303 248.64055724 -48.4322361055 12951.867457 0.0925617538356 2.1194568319 0.49128694434 5.41964678107e-20 0.167790922014 3.34644542331e-14 0.1791914482 pwn_39
-0.595668063556 -1.83066905928 0.0223232453331 "Crux Scutum" -5.10380240104 0.191016445065 263.036315712 -33.1508585392 6695.91621558 0.100469635844 1.71609324804 0.437725662047 4.30784644337e-20 0.133369858928 3.4071519202e-14 0.182442086927 pwn_40
3.87029716512 3.89051474965 -0.0500706695144 "Carina Sagittarius" 17.346699639 -0.221003269016 275.812197737 -13.9379789942 12981.0077798 0.0615729514954 1.92437063872 0.0369131407821 1.05722858306e-17 32.7315350791 9.73811152593e-12 52.1444723081 pwn_41
2.98074132699 -4.54338797336 -0.0336186223529 Perseus 36.9927978908 -0.388832143505 285.060126408 3.4357788936 4953.85988897 0.247212428214 2.02150636629 0.24548319277 1.73266737462e-18 5.36429527747 1.28033563077e-12 6.85578776396 pwn_42
-5.65858738115 -7.1848642859 0.0572853496947 "Crux Scutum" -76.9159344817 0.564963549024 155.057060276 -56.3650688429 5809.68800435 0.0317085590475 2.04532656486 0.358779750106 8.31592560781e-20 0.257458997146 5.68383854522e-14 0.304351373298 pwn_43
-2.75374149457 -3.80060641441 -0.0181093867684 Perseus -30.3693665499 -0.190495661521 240.869481236 -52.8076408291 5446.80826182 0.215589664626 2.03913094777 0.369075772846 1.98402797123e-19 0.614250145892 1.35344955822e-13 0.724728945862 pwn_44
4.61188682958 -10.4604061621 0.044275339625 "Crux Scutum" 113.029219714 0.506205191279 351.569687758 61.7296586978 5011.45216031 0.23557931373 2.06703516621 0.453247062619 4.3785309851e-20 0.135558234833 2.82405866443e-14 0.151219308211 pwn_45
-3.45570532476 -2.49253825681 -0.0131977551265 Norma -29.9090417387 -0.109108633679 241.347493912 -52.4411387602 6930.4884437 0.0619463717347 2.16404401467 0.399932717791 1.23533263794e-18 3.8245592506 7.7649431092e-13 4.15787865906 pwn_46
-1.43172909313 -3.42986240798 0.0117031543478 Perseus -15.7688658324 0.12727564001 255.29287313 -41.8828444666 5268.42294828 0.0562516262692 1.73742790388 0.155465190172 5.19931356234e-21 0.0160969460134 4.95537821519e-15 0.0265344652739 pwn_47
-2.81463752104 2.3231917165 -0.0200752159208 Norma -14.5772293703 -0.102852965539 256.505044292 -41.0776756957 11183.2046535 0.0537220883918 2.02739405104 0.249217392931 8.7653716896e-22 0.0027137373652 6.43938793212e-16 0.00344808626204 pwn_48
0.488195723892 2.39026920168 0.0154508178111 Norma 2.56677216504 0.0812080823992 267.823974766 -26.6955956715 10901.2172292 0.062341351883 2.55547835111 0.350892881468 1.72249892897e-18 5.33281402159 9.12827209923e-13 4.88789772464 pwn_49
-2.98908510844 -4.41047136965 -0.0181621031971 Norma -36.1635134728 -0.205432008191 233.022864277 -56.4117928004 5065.49149303 0.200700013864 1.98460637306 0.0692184206822 3.76498080914e-19 1.16562873348 3.22917218349e-13 1.72911841327 pwn_50
-1.46399289406 2.41200452277 -0.00132737199463 Perseus -7.64137339598 -0.00690775437666 261.537997115 -35.3747071041 11009.7738242 0.0728299210504 1.96684917205 0.0969953988001 1.38692482133e-19 0.429388489577 1.17781110656e-13 0.630680173117 pwn_51
6.62414219116 5.61237761688 0.148743651254 Perseus 25.1446689956 0.546651304215 278.802326239 -6.67476009279 15590.4004581 0.108992431008 2.42345919111 0.240521224055 4.03206997953e-20 0.124831887911 2.38680276865e-14 0.127805653636 pwn_52
-3.41604918664 2.45547919481 0.00723031639024 Norma -17.318101883 0.0360994277917 254.086599013 -43.1548847093 11475.7121222 0.0220011307608 1.3322446001 0.149122899353 7.00036840672e-20 0.216729672035 9.29594066931e-14 0.497767888073 pwn_53
0.834949654423 0.593973812432 -0.0589220882174 "Carina Sagittarius" 5.24581934378 -0.369673414023 269.756012119 -24.6104214503 9132.4132867 0.0467412797632 2.45441358039 0.431279624892 1.39579425106e-20 0.0432134443054 7.51942447522e-15 0.0402641128392 pwn_54
1.09560531289 4.37035505257 -0.0772936257283 "Crux Scutum" 4.86564565663 -0.342848869131 269.521358798 -24.9264096708 12917.1345307 0.0270351420559 1.9104288726 0.29313866076 2.95823176912e-20 0.091586122883 2.27065690659e-14 0.121586414236 pwn_55
-9.23095248652 8.61220080711 0.00233614423421 Perseus -28.3440609418 0.0068842179585 243.090019576 -51.2986457804 19443.1969009 0.0592485355931 2.14917857174 0.174332598859 1.77746162275e-20 0.0550297716021 1.27059805514e-14 0.0680364616124 pwn_56
0.333023311957 -1.41827390114 0.0521752338184 Perseus 2.69239213508 0.421658051079 267.568929925 -26.4133926857 7089.74409415 0.0704340154465 2.12889640678 0.424416512802 2.72891367166e-19 0.844864913827 1.72726176438e-13 0.924893425196 pwn_57
1.49244893537 -15.0418119362 -0.117495502912 "Carina Sagittarius" 167.148492686 -1.00319114734 76.7096149178 39.0339868613 6710.9248563 0.126222669349 2.38274043577 0.402439224277 3.07840390795e-21 0.00953066225373 1.73396745611e-15 0.00928484108622 pwn_58
2.25714789861 -10.5803615715 -0.0105446257095 "Crux Scutum" 132.666055298 -0.196818643151 33.3486549491 61.1164576048 3069.64690046 0.157961860251 2.01972157613 0.49917743855 7.18442000034e-20 0.222427863788 4.65031707813e-14 0.249009604643 pwn_59
-3.98150385445 -1.37858673173 0.061150899702 Norma -29.2090756737 0.429425851655 241.60967263 -51.5728523419 8159.08323974 0.0423328303631 1.89659226553 0.423653844167 2.35603903056e-19 0.729423848471 1.69113245066e-13 0.905547333362 pwn_60
7.44324066188 2.91245278183 0.0295840533606 Perseus 33.1125278147 0.1244047418 282.831110554 0.217460503892 13625.2260629 0.0195282089356 2.4893537372 0.207228267403 9.88554557373e-21 0.030605404253 5.74546401214e-15 0.0307651219932 pwn_61
9.06795397788 -3.05114043398 -0.0400170707983 Norma 58.9986856301 -0.216728566363 295.638201774 22.9140149814 10579.1994631 0.109388146488 1.39074785486 0.063749440885 2.5381716581e-21 0.00785811658855 3.54279350156e-15 0.0189705259735 pwn_62
-1.13329025705 1.75254836633 -0.064129135686 Perseus -6.30772054741 -0.356207826223 262.793596687 -34.4578345878 10315.1930354 0.0301949770342 2.10610025451 0.4203204541 4.03051255928e-19 1.24783670566 2.58638578553e-13 1.38492685787 pwn_63
