sky_model/pwn/ctadc_skymodel_gps_sources_pwn.ecsv
# %ECSV 0.9
# ---
# datatype:
# - {name: spiralarm, datatype: string, description: 'Which spiralarm?'}
# - {name: galactocentric_x, unit: kpc, datatype: float64, format: '%.5f', description: Galactocentric
#     x coordinate}
# - {name: galactocentric_y, unit: kpc, datatype: float64, format: '%.5f', description: Galactocentric
#     y coordinate}
# - {name: galactocentric_z, unit: kpc, datatype: float64, format: '%.5f', description: Galactocentric
#     z coordinate}
# - {name: type, datatype: string, description: type of PWN}
# - {name: size_physical, unit: pc, datatype: float64, format: '%.5f', description: Physical
#     size}
# - {name: distance, unit: kpc, datatype: float64, format: '%.5f', description: Distance
#     observer to source center}
# - {name: GLON, unit: deg, datatype: float64, format: '%.5f', description: Galactic
#     longitude}
# - {name: GLAT, unit: deg, datatype: float64, format: '%.5f', description: Galactic
#     latitude}
# - {name: RA, unit: deg, datatype: float64, format: '%.5f'}
# - {name: DEC, unit: deg, datatype: float64, format: '%.5f'}
# - {name: sigma, unit: deg, datatype: float64, format: '%.5f'}
# - {name: galactocentric_r, unit: kpc, datatype: float64, format: '%0.4f', description: Galactocentric
#     radius in the xy plan}
# - {name: spec_alpha, datatype: float64, format: '%5g', description: Spectral model
#     parameter (log parabola)}
# - {name: spec_beta, datatype: float64, format: '%5g', description: Spectral model
#     parameter (log parabola)}
# - {name: spec_norm, unit: 1 / (cm2 MeV s), datatype: float64, format: '%5g', description: Spectral
#     model norm parameter (log parabola)}
# - {name: spec_norm_cu, unit: '%', datatype: float64, format: '%5g', description: Spectral
#     model norm parameter (log parabola) in crab units}
# - {name: int_flux_above_1TeV, unit: 1 / (cm2 s), datatype: float64, format: '%5g',
#   description: 'Integral flux above 1 TeV '}
# - {name: int_flux_above_1TeV_cu, unit: '%', datatype: float64, format: '%5g', description: Integral
#     flux above 1 TeV in crab units}
# - {name: luminosity, unit: erg / s, datatype: float64, description: Intrinsic source
#     luminosity}
# - {name: skip, datatype: int64, description: 'skip boolean: 0 take, 1 skip'}
# - {name: source_name, datatype: string, description: source name}
spiralarm galactocentric_x galactocentric_y galactocentric_z type size_physical distance GLON GLAT RA DEC sigma galactocentric_r spec_alpha spec_beta spec_norm spec_norm_cu int_flux_above_1TeV int_flux_above_1TeV_cu luminosity skip source_name
"Carina Sagittarius" -9.54789 2.70886 0.00874 isolated 22.40835 14.72415 -40.42490 0.03399 226.07578 -58.47730 0.08716 9.9247 2.18911 0.183886 5.34375e-20 0.165441 3.70849e-14 0.198578 5.78227016033e+33 0 pwn_0
"Crux Scutum" 0.63362 0.71428 0.03987 isolated 19.78695 9.23613 3.93375 0.24731 268.43945 -25.43442 0.12270 0.9548 2.24227 0.1833 9.11552e-20 0.282214 6.13519e-14 0.32852 3.62756667936e+33 0 pwn_1
"Carina Sagittarius" -9.13764 3.54158 0.10931 isolated 19.13646 15.11648 -37.19271 0.41432 230.85244 -56.47617 0.07250 9.8000 2.19389 0.13826 2.45978e-20 0.0761542 1.75042e-14 0.0937296 2.54698551078e+33 0 pwn_2
Perseus -12.54720 1.48950 -0.13059 isolated 21.26903 16.03869 -51.47482 -0.46651 205.17154 -62.80221 0.07595 12.6353 1.6868 0.271945 8.71317e-21 0.0269758 7.83956e-15 0.0419783 2.83363671335e+33 0 pwn_3
Perseus 2.87623 8.78448 -0.06108 isolated 22.02590 17.52226 9.44774 -0.19973 271.83989 -20.86971 0.07199 9.2434 2.1874 0.117781 1.90065e-20 0.0588438 1.37592e-14 0.073676 2.56330344996e+33 0 pwn_4
Perseus -3.66576 -1.51299 0.03590 isolated 18.89003 7.89034 -27.68391 0.26071 243.57571 -50.66090 0.13712 3.9657 2.26109 0.387689 6.31717e-20 0.195578 3.79993e-14 0.203474 2.84870018141e+33 0 pwn_5
Norma -1.63244 -6.87908 -0.08932 isolated 19.05991 2.30222 -45.20289 -2.22341 219.39845 -62.62391 0.47416 7.0701 2.25622 0.193481 2.38746e-18 7.39151 1.58494e-12 8.48683 5.92147482191e+33 1 pwn_6
"Crux Scutum" 2.80553 -2.05894 0.00163 isolated 22.19166 7.02554 23.53653 0.01331 278.53275 -8.34780 0.18091 3.4800 1.69772 0.153857 6.63626e-20 0.205457 6.52232e-14 0.349249 2.97121895423e+33 0 pwn_7
"Crux Scutum" -3.57362 4.49466 -0.04109 isolated 5.31834 13.47715 -15.37662 -0.17470 255.93534 -41.75713 0.02260 5.7422 1.76455 0.22733 1.41171e-20 0.0437063 1.24574e-14 0.0667053 2.54642808655e+33 0 pwn_8
Perseus -15.11480 0.80193 -0.03003 isolated 18.21148 17.74779 -58.39110 -0.09696 189.95036 -62.93881 0.05877 15.1361 1.80186 0.308745 1.0623e-20 0.0328887 8.63663e-15 0.0462464 3.92079024329e+33 0 pwn_9
"Crux Scutum" 14.54137 -2.65104 0.02583 isolated 16.79095 15.67362 68.08858 0.09442 300.57041 30.87844 0.06136 14.7810 1.81938 0.118849 1.52015e-20 0.0470636 1.40812e-14 0.0754004 2.62739945631e+33 0 pwn_10
Norma -4.53747 -2.52054 -0.14033 isolated 1.89614 7.50748 -37.19281 -1.07103 232.37560 -57.70977 0.01447 5.1905 2.23722 0.159889 1.2625e-19 0.390867 8.63936e-14 0.46261 3.18998172386e+33 0 pwn_11
"Carina Sagittarius" 4.24016 3.16593 0.06857 isolated 27.58546 12.41280 19.97445 0.31653 276.58439 -11.36380 0.12728 5.2917 2.36059 0.304049 8.78007e-20 0.271829 5.21284e-14 0.279131 6.99176567018e+33 0 pwn_12
Perseus 7.19969 3.40463 -0.00590 isolated 20.28049 13.91243 31.16474 -0.02430 282.07510 -1.58381 0.08349 7.9641 2.30102 0.357946 2.09264e-20 0.0647875 1.24997e-14 0.0669321 2.57233083518e+33 0 pwn_13
"Crux Scutum" 14.47184 5.91452 0.00023 isolated 17.12462 20.42578 45.11369 0.00065 288.48071 10.82471 0.04802 15.6338 2.34302 0.208648 2.92639e-20 0.0906002 1.83615e-14 0.0983202 5.291923851e+33 0 pwn_14
Perseus -3.37562 1.47586 0.00417 isolated 35.49012 10.53151 -18.69471 0.02267 252.89924 -44.23111 0.19301 3.6842 2.21811 0.153252 5.20801e-20 0.161239 3.61876e-14 0.193773 2.61642901411e+33 0 pwn_15
Perseus -2.87658 -3.36842 0.01719 isolated 31.12117 5.88286 -29.27342 0.16739 241.81593 -51.81046 0.30299 4.4296 2.45542 0.222981 1.95886e-19 0.60646 1.15002e-13 0.615801 2.63953199348e+33 0 pwn_16
Perseus -9.20366 8.28923 -0.01859 isolated 16.06821 19.14643 -28.73104 -0.05562 242.70435 -51.60832 0.04807 12.3862 1.77989 0.154062 1.46335e-20 0.045305 1.35399e-14 0.0725018 4.3293580764e+33 0 pwn_17
Perseus 7.03225 -0.89993 -0.07993 isolated 18.02351 10.35471 42.77769 -0.44226 287.78107 8.54932 0.09969 7.0896 2.2295 0.391429 7.729e-20 0.239288 4.71614e-14 0.252534 6.34823073479e+33 0 pwn_18
"Carina Sagittarius" -7.20376 -11.25667 -0.02258 isolated 12.05553 7.71323 -110.94044 -0.16773 121.10275 -31.73944 0.08952 13.3644 2.37666 0.214694 1.19206e-19 0.369057 7.32271e-14 0.392108 2.98598625142e+33 0 pwn_19
Perseus -1.49812 -3.68601 -0.05450 isolated 0.10000 5.04201 -17.28617 -0.61932 254.81947 -43.53771 0.01000 3.9788 2.25667 0.265337 2.32068e-19 0.718477 1.48231e-13 0.793731 3.2103437598e+33 0 pwn_20
"Crux Scutum" -8.40743 -0.97380 0.00595 isolated 5.02165 11.28399 -48.16560 0.03019 211.79985 -61.52511 0.02549 8.4636 2.28193 0.162881 7.6694e-20 0.237443 5.10468e-14 0.27334 4.17229651029e+33 0 pwn_21
"Crux Scutum" -4.10338 3.71833 -0.02264 isolated 8.13989 12.88898 -18.56402 -0.10062 253.14796 -44.20858 0.03617 5.5375 2.156 0.372397 1.93115e-20 0.0597881 1.23481e-14 0.0661201 2.60655441687e+33 0 pwn_22
Norma -2.91685 -4.53887 0.12368 isolated 6.68450 4.92076 -36.36669 1.44022 231.07782 -55.16524 0.07780 5.3953 1.91845 0.253793 4.19206e-19 1.29785 3.2832e-13 1.75805 8.60178443633e+33 1 pwn_23
Norma -2.64895 -6.00486 0.13372 isolated 20.29323 3.64150 -46.71275 2.10436 213.34033 -59.11037 0.31917 6.5632 2.18061 0.276789 2.6544e-18 8.21796 1.7572e-12 9.40922 2.17754069929e+34 1 pwn_24
"Crux Scutum" -6.20335 1.37687 0.01373 isolated 13.18969 11.66337 -32.13162 0.06743 238.34532 -53.75368 0.06477 6.3543 1.93965 0.366308 1.43689e-18 4.44859 1.03829e-12 5.55971 2.17349940816e+35 1 pwn_25
Perseus 2.35583 -5.19763 0.01338 isolated 6.77089 4.05657 35.50314 0.18899 283.86423 2.37442 0.09560 5.7066 2.00942 0.149891 6.35139e-19 1.96637 5.03744e-13 2.69739 6.11603926944e+33 1 pwn_26
"Crux Scutum" 13.32886 -3.32519 0.17587 isolated 20.89142 14.29924 68.78174 0.70470 300.39412 31.78960 0.08368 13.7374 2.14481 0.147785 1.12988e-19 0.349808 8.23548e-14 0.440984 1.13272935413e+34 0 pwn_27
Norma 9.74654 -3.30786 0.07440 isolated 22.02895 11.04350 61.95505 0.38602 296.68734 25.77583 0.11425 10.2926 1.92491 0.121565 4.07425e-20 0.126138 3.49363e-14 0.187073 3.05495206653e+33 0 pwn_28
Perseus 2.77879 9.49233 0.03773 isolated 7.14753 18.20569 8.77956 0.11876 271.19226 -21.29720 0.02249 9.8907 1.79506 0.380307 5.31728e-21 0.0164622 4.15011e-15 0.0222225 2.57439986457e+33 0 pwn_29
"Crux Scutum" 0.74029 5.08995 -0.02334 isolated 6.11999 13.61012 3.11802 -0.09825 268.31036 -26.31268 0.02575 5.1435 2.20623 0.217177 5.26858e-20 0.163114 3.55125e-14 0.190158 5.10930181063e+33 0 pwn_30
"Carina Sagittarius" -4.93860 5.80569 -0.01567 isolated 26.21635 15.13416 -19.04565 -0.05934 252.67439 -44.55371 0.09921 7.6221 2.45348 0.188751 6.68458e-20 0.206953 3.99327e-14 0.213827 5.61344540855e+33 0 pwn_31
"Crux Scutum" 0.98069 -10.46164 -0.04551 isolated 7.50827 2.19359 153.43793 -1.18874 63.84157 49.21512 0.19604 10.5075 2.19723 0.17696 2.37925e-18 7.36609 1.65007e-12 8.83559 5.57673420086e+33 1 pwn_32
Norma 10.62653 1.91671 -0.00132 isolated 12.36190 14.88055 45.57129 -0.00507 288.70245 11.22727 0.04758 10.7980 2.28157 0.359953 3.7899e-20 0.117334 2.2841e-14 0.122306 5.50482618139e+33 0 pwn_33
"Crux Scutum" -4.33943 4.10493 0.19635 isolated 0.10000 13.33242 -18.99679 0.84385 251.75284 -43.93536 0.01000 5.9734 2.08584 0.394175 3.78575e-20 0.117206 2.48627e-14 0.133132 6.44858192609e+33 0 pwn_34
Perseus -1.54212 10.25327 0.08684 isolated 16.21818 18.81677 -4.70097 0.26442 263.22518 -32.77331 0.04936 10.3686 2.4444 0.299691 2.36321e-20 0.0731642 1.34797e-14 0.0721796 3.84401877808e+33 0 pwn_35
"Crux Scutum" -2.81922 -9.11212 -0.07206 isolated 6.19420 2.88580 -102.25024 -1.43077 125.72736 -39.68024 0.12293 9.5383 2.48316 0.340251 7.31419e-19 2.26446 4.02615e-13 2.15588 2.90295676562e+33 1 pwn_36
Norma -3.43230 0.73137 -0.14938 isolated 14.83832 9.84993 -20.39557 -0.86895 252.32906 -46.10892 0.08628 3.5094 2.13093 0.289965 5.55925e-20 0.172113 3.75709e-14 0.20118 3.68854669639e+33 0 pwn_37
"Crux Scutum" 8.87028 -8.20483 0.07970 isolated 13.02350 8.87555 88.09410 0.51452 315.52587 47.26859 0.08404 12.0831 2.41398 0.229088 1.6482e-19 0.510279 9.85784e-14 0.527856 5.37329903518e+33 0 pwn_38
Perseus 5.71792 -0.09574 0.00386 isolated 8.15691 10.16495 34.22978 0.02173 283.43201 1.16496 0.04596 5.7187 2.38472 0.319527 5.41402e-20 0.167617 3.15378e-14 0.168875 2.89825732442e+33 0 pwn_39
"Crux Scutum" -6.64827 1.86526 -0.04578 isolated 6.09840 12.31423 -32.67608 -0.21300 237.92910 -54.31521 0.02836 6.9050 2.02569 0.360588 2.44069e-20 0.0755631 1.68491e-14 0.0902217 3.54508862429e+33 0 pwn_40
Norma -2.09032 -5.88495 0.02131 isolated 0.10000 3.34789 -38.63685 0.36478 228.66663 -57.28983 0.01000 6.2452 2.40699 0.274883 9.28481e-19 2.87455 5.45564e-13 2.92132 4.76040224128e+33 1 pwn_41
"Carina Sagittarius" -4.35343 7.59992 0.01700 isolated 6.41044 16.67814 -15.13098 0.05841 255.88801 -41.42035 0.02201 8.7585 1.75517 0.318847 1.61154e-20 0.0498928 1.34066e-14 0.0717878 5.8199257522e+33 0 pwn_42
"Crux Scutum" -6.16429 -4.09149 -0.07050 isolated 0.10000 7.57882 -54.42882 -0.53299 198.73814 -63.28417 0.01000 7.3986 2.03178 0.318993 3.74067e-19 1.1581 2.63205e-13 1.40938 1.82415758099e+34 1 pwn_43
"Crux Scutum" -7.16603 1.04737 -0.03279 isolated 22.59003 11.93756 -36.89102 -0.15736 231.88498 -56.78488 0.10838 7.2422 2.03082 0.119216 4.11441e-20 0.127381 3.28957e-14 0.176146 3.12957422058e+33 0 pwn_44
Norma 9.27809 9.37154 -0.10595 isolated 12.24774 20.13669 27.43629 -0.30146 280.61652 -5.02739 0.03484 13.1875 1.77541 0.299601 7.48609e-21 0.0231768 6.22769e-15 0.0333473 3.61241497309e+33 0 pwn_45
Norma 5.96748 -6.07753 -0.04342 isolated 19.64840 6.44058 67.90553 -0.38626 300.93059 30.46784 0.17473 8.5175 2.01989 0.303952 9.77969e-20 0.302777 6.9874e-14 0.374153 3.37062562761e+33 0 pwn_46
"Crux Scutum" -4.12238 4.53620 -0.06648 isolated 44.28074 13.67263 -17.54827 -0.27860 254.22658 -43.53125 0.18549 6.1295 2.36951 0.262417 6.52072e-20 0.20188 3.92859e-14 0.210363 5.69721726742e+33 0 pwn_47
Norma -0.57377 -5.47391 -0.04754 isolated 3.00112 3.08037 -10.73622 -0.88436 260.25895 -38.42458 0.05580 5.5039 2.12496 0.1907 2.17303e-18 6.72766 1.56034e-12 8.35514 1.13325875614e+34 0 pwn_48
Norma 11.86486 3.21559 0.02316 isolated 14.39481 16.67425 45.36268 0.07957 288.52726 11.08187 0.04944 12.2929 2.21101 0.187118 2.29587e-20 0.0710794 1.57e-14 0.0840686 3.119883501e+33 0 pwn_49
Perseus 3.07298 -4.23494 -0.11562 isolated 19.58112 5.25807 35.77272 -1.26003 285.27744 1.95250 0.21329 5.2324 1.89439 0.280511 1.01705e-19 0.314876 7.94734e-14 0.425555 2.64685755472e+33 0 pwn_50
"Crux Scutum" 1.09485 4.29972 -0.07956 isolated 16.97728 12.84670 4.88902 -0.35482 269.54568 -24.91215 0.07569 4.4369 2.08063 0.352692 4.39913e-20 0.136196 2.95804e-14 0.158394 6.26468223521e+33 0 pwn_51
"Crux Scutum" 0.46126 -2.47492 -0.06578 isolated 9.06849 6.04307 4.37782 -0.62370 269.52059 -25.48929 0.08595 2.5175 2.50487 0.179665 3.3419e-19 1.03464 1.95205e-13 1.04526 4.15696385716e+33 1 pwn_52
"Carina Sagittarius" -8.04009 -8.11207 -0.02287 isolated 10.47299 8.04947 -87.23768 -0.16280 140.79175 -50.41896 0.07452 11.4214 2.25133 0.32915 6.20034e-20 0.191961 3.84942e-14 0.206124 2.5512956002e+33 0 pwn_53
"Carina Sagittarius" -5.12550 -12.95458 -0.02576 isolated 4.06814 6.79078 -130.99392 -0.21737 110.14671 -14.36802 0.03431 13.9317 2.24572 0.249865 2.59788e-19 0.804297 1.68269e-13 0.901028 6.39279844172e+33 0 pwn_54
Norma -1.12332 3.14974 -0.03367 isolated 20.53125 11.70382 -5.50766 -0.16481 263.12895 -33.68353 0.10047 3.3441 1.89433 0.207288 5.82957e-20 0.180482 4.78611e-14 0.256281 6.23768831876e+33 0 pwn_55
Norma -3.96828 -3.90944 0.03474 isolated 15.21604 6.06809 -40.84157 0.32799 225.10736 -58.42010 0.14362 5.5705 2.27376 0.328112 1.55932e-19 0.482762 9.57333e-14 0.512621 3.52562095545e+33 0 pwn_56
"Crux Scutum" 1.87724 3.47612 0.27135 isolated 17.09049 12.12539 8.90853 1.28229 270.17632 -20.61140 0.08073 3.9506 2.10645 0.251099 3.12811e-20 0.0968455 2.19065e-14 0.117302 2.96645612775e+33 0 pwn_57
"Carina Sagittarius" 2.45763 -2.67766 0.00351 isolated 12.97801 6.31978 22.88477 0.03182 278.21205 -8.91754 0.11761 3.6345 2.19562 0.385368 1.55868e-19 0.482564 9.70364e-14 0.519599 4.93485136571e+33 0 pwn_58
"Crux Scutum" 13.20858 -4.34570 0.10946 isolated 41.47986 13.84690 72.54083 0.45293 303.07367 34.81951 0.17157 13.9051 2.30368 0.261357 2.1775e-19 0.674149 1.35885e-13 0.727621 2.11802607506e+34 0 pwn_59
"Crux Scutum" 2.09083 0.06863 -0.01160 isolated 7.48572 8.82004 13.71276 -0.07532 273.89649 -17.07168 0.04861 2.0920 2.19377 0.166571 2.02597e-19 0.627234 1.41677e-13 0.758637 7.55072693305e+33 0 pwn_60
"Crux Scutum" 11.65119 12.05980 -0.07724 isolated 10.03138 23.63179 29.54013 -0.18728 281.47830 -3.10379 0.02431 16.7687 2.24206 0.142974 2.32446e-20 0.0719648 1.60227e-14 0.0857966 5.60185288265e+33 0 pwn_61
"Carina Sagittarius" 2.91628 -0.44272 -0.01009 isolated 10.09396 8.56881 19.89740 -0.06745 276.89450 -11.61082 0.06747 2.9497 1.86957 0.122868 6.35394e-20 0.196717 5.65809e-14 0.302973 3.09554711328e+33 0 pwn_62
"Crux Scutum" 8.47365 -10.43441 -0.02620 isolated 5.34564 8.69168 102.85940 -0.17274 334.32690 56.56909 0.03523 13.4417 1.98185 0.233448 7.55999e-20 0.234055 5.7671e-14 0.30881 4.20102183262e+33 0 pwn_63
"Carina Sagittarius" -2.45252 7.25112 -0.00068 isolated 26.07299 15.94092 -8.85016 -0.00244 260.69402 -36.37146 0.09368 7.6547 2.22859 0.291099 1.75911e-20 0.0544615 1.12604e-14 0.0602958 2.67756027746e+33 0 pwn_64
"Carina Sagittarius" 4.34101 4.06477 0.01883 isolated 16.54051 13.29354 19.05954 0.08118 276.36091 -12.28282 0.07126 5.9470 2.01541 0.188936 2.23963e-20 0.0693383 1.72252e-14 0.0922356 2.50454623247e+33 0 pwn_65
Norma -4.50900 -3.16974 -0.00407 isolated 33.51377 6.98160 -40.22870 -0.03340 226.46586 -58.43990 0.27493 5.5117 2.073 0.182443 4.23684e-19 1.31172 3.15676e-13 1.69035 1.19321242808e+34 1 pwn_66
"Crux Scutum" -0.48628 -10.29512 0.10198 isolated 10.50513 1.86261 -164.84283 3.13858 97.43656 17.23251 0.32302 10.3066 1.99893 0.334934 2.0031e-18 6.20155 1.42357e-12 7.62278 6.46554241348e+33 1 pwn_67
"Carina Sagittarius" 4.26070 3.25674 0.07330 isolated 13.68327 12.50520 19.92075 0.33585 276.54141 -11.40230 0.06267 5.3628 2.05337 0.39416 1.78904e-20 0.0553883 1.19564e-14 0.0640228 2.81879618956e+33 0 pwn_68
Norma 7.38208 -5.23167 0.02585 isolated 14.21670 8.07328 66.11920 0.18347 299.28697 29.24972 0.10086 9.0480 2.21694 0.251715 8.4247e-20 0.260827 5.53894e-14 0.296592 3.05565771927e+33 0 pwn_69
Norma 0.24496 -7.53235 -0.00106 isolated 18.08456 0.99817 14.20577 -0.06069 274.12829 -16.63115 1.03767 7.5363 1.7655 0.386876 1.88492e-18 5.83567 1.4918e-12 7.9881 2.9382214916e+33 1 pwn_70
"Carina Sagittarius" 1.43449 6.56321 -0.06672 isolated 8.72592 15.13151 5.43995 -0.25262 269.75089 -24.38378 0.03303 6.7181 2.24747 0.119374 2.57361e-19 0.796784 1.79412e-13 0.960695 2.4188001665e+34 0 pwn_71
Perseus -12.32645 6.13950 -0.01154 isolated 26.12744 19.13783 -40.09737 -0.03456 226.68491 -58.37603 0.07819 13.7708 1.82101 0.268462 6.77606e-21 0.0209785 5.59129e-15 0.0299395 2.52636439327e+33 0 pwn_72
Norma 1.62193 -7.48967 0.02626 isolated 17.15552 1.91105 58.08040 0.78732 294.20015 22.60923 0.51415 7.6633 2.28641 0.37138 4.91505e-18 15.2169 2.94009e-12 15.7433 1.20294781327e+34 1 pwn_73
"Carina Sagittarius" -11.43300 -3.94697 -0.02814 isolated 0.10000 12.30628 -68.28578 -0.13101 169.25753 -60.92983 0.01000 12.0951 2.46906 0.252586 5.90071e-20 0.182684 3.39401e-14 0.181738 3.62139832202e+33 0 pwn_74
Norma 9.75713 -2.87953 -0.07852 isolated 30.76952 11.26044 60.05644 -0.39954 296.38544 23.73950 0.15650 10.1732 1.76878 0.25005 2.15064e-20 0.0665832 1.86068e-14 0.0996335 2.85903627229e+33 0 pwn_75
Perseus -0.94352 1.76789 0.08448 isolated 27.41945 10.31149 -5.25020 0.46942 262.66242 -33.12063 0.15230 2.0039 2.02649 0.27392 5.63932e-20 0.174592 4.08414e-14 0.218693 4.57224515469e+33 0 pwn_76
"Crux Scutum" -0.03091 -11.31264 0.02705 isolated 30.97140 2.81294 -179.37044 0.55102 87.31500 28.68288 0.63060 11.3127 2.07425 0.213556 6.28861e-19 1.94694 4.5906e-13 2.45812 3.07565629662e+33 1 pwn_77
"Carina Sagittarius" 3.09491 -2.08343 0.01309 isolated 1.47754 7.12397 25.74943 0.10530 279.47659 -6.34052 0.01188 3.7308 1.8674 0.255757 5.05398e-19 1.5647 4.08297e-13 2.1863 2.35495220232e+34 1 pwn_78
