sky_model/pwn/ctadc_skymodel_gps_sources_pwn.ecsv
# %ECSV 0.9
# ---
# datatype:
# - {name: x, unit: kpc, datatype: float64, description: Galactocentric x coordinate}
# - {name: y, unit: kpc, datatype: float64, description: Galactocentric y coordinate}
# - {name: z, unit: kpc, datatype: float64, description: Galactocentric z coordinate}
# - {name: spiralarm, datatype: string}
# - {name: GLON, unit: deg, datatype: float64, description: Galactic longitude}
# - {name: GLAT, unit: deg, datatype: float64, description: Galactic latitude}
# - {name: RA, unit: deg, datatype: float64}
# - {name: DEC, unit: deg, datatype: float64}
# - {name: distance, unit: pc, datatype: float64, description: Distance observer to
#     source center}
# - {name: sigma, unit: deg, datatype: float64, description: Angular extension (deg)}
# - {name: spec_alpha, datatype: float64, description: Spectral model parameter (log
#     parabola)}
# - {name: spec_beta, datatype: float64, description: Spectral model parameter (log
#     parabola)}
# - {name: spec_norm, unit: 1 / (cm2 s TeV), datatype: float64, description: Spectral
#     model norm parameter (log parabola)}
x y z spiralarm GLON GLAT RA DEC distance sigma spec_alpha spec_beta spec_norm
[from data line 169]
-0.244924701064 7.25350205828 -0.0318603245222 "Carina Sagittarius" -0.890723922083 -0.11586243172 265.984339725 -29.7561599674 15755.438118 0.161694261192 1.69614573575 0.253171459662 5.40168606017e-07
-6.99020318834 -4.49603774093 -0.00791038387075 "Crux Scutum" -60.196079925 -0.0562620548933 186.012327999 -62.7615494501 8055.72572525 0.222085882378 1.68016425485 0.174948840252 9.06174218373e-07
8.03215190277 16.001029197 -0.0708272399384 "Crux Scutum" 18.1506525688 -0.157387834772 276.141660846 -13.1978372404 25784.121323 0.161872765294 2.091113272 0.353205288834 3.10691327153e-07
-2.83705542689 -0.39860471322 -0.00180861649639 Perseus -19.299919022 -0.0120722971459 252.394595263 -44.7187808391 8583.79242287 0.21568306119 1.10902014009 0.0122885121535 4.65713475959e-06
-0.717877256176 -3.06824027164 -0.00897777060675 "Carina Sagittarius" -7.52874520674 -0.0938836623374 261.703574919 -35.3298490698 5479.00010055 0.06489744067 2.11897222235 0.316993460653 5.95370812214e-05
2.15382920854 4.30424793876 -0.0124139264868 "Crux Scutum" 9.54845322393 -0.054779576171 271.756916538 -20.7111604523 12984.140312 0.05 1.62938598534 0.115285644847 2.63718792126e-07
2.92374706926 1.08909001239 -0.0647979838711 "Crux Scutum" 16.9566470684 -0.370337191009 275.75958646 -14.3525086852 10025.1255837 0.198159451828 1.84426071456 0.134354514378 5.97020344701e-08
6.23126005366 5.61874855558 -0.0472120765449 Perseus 23.8140970612 -0.175280249557 278.831085834 -8.18828300113 15432.7538571 0.05 1.8260067661 0.400127801792 5.01109291098e-08
3.22582733887 2.43923522262 -0.114657117934 "Crux Scutum" 16.4300503372 -0.575991042327 275.691978496 -14.9140239043 11405.5239043 0.061045022225 2.05446639219 0.47778419699 4.52917086349e-06
1.97679499597 -4.23068807748 0.116641810021 Perseus 24.845281233 1.42020385115 277.883049234 -6.53759580655 4706.20314688 0.0844467496483 1.72774941852 0.158275105014 4.83967468756e-07
-2.61414451098 5.60860314019 0.0345040542892 "Crux Scutum" -10.4971318147 0.137777423149 259.370308113 -37.6422540019 14348.7847786 0.131747915903 1.61693303898 0.413402635185 5.70790040748e-06
-1.66814846666 5.48804347372 -0.0126739875253 "Crux Scutum" -6.80070783568 -0.0515480617812 262.154751072 -34.7011246385 14087.1657958 0.0946006088747 2.15041836348 0.0519954189856 4.25824879519e-07
-0.5321637524 1.52132499939 -0.0658917389621 Norma -3.03973024616 -0.376193019716 264.921328867 -31.7186263275 10035.6611503 0.05 1.16167306937 0.316990826504 2.57264814804e-07
-7.57361610818 5.07484020451 -0.0684158696088 "Carina Sagittarius" -29.1578326921 -0.252171445485 242.41310691 -52.0423564399 15544.7942496 0.0656381597167 1.80549022906 0.375516149767 2.77210245989e-09
-1.30076373549 4.48496824833 -0.0972269259534 "Crux Scutum" -5.72049660453 -0.426866486673 263.253576418 -34.0048629106 13050.3195279 0.05 1.43606013589 0.0779889640172 1.33719611505e-08
-3.80709707567 1.68211443603 -0.0814698355461 Norma -20.500792296 -0.429396744764 251.747655647 -45.9059100989 10870.8822028 0.192523145103 1.59437518517 0.213001193835 6.54660663778e-07
5.94623908199 6.21777235392 -0.0272015704406 Perseus 21.9995751902 -0.0981841230696 277.914426653 -9.7626583402 15873.6045751 0.05 2.343039304 0.446353582124 1.63165574314e-08
-5.82536595254 -5.43687485964 0.01184638358 "Crux Scutum" -62.2634681083 0.103127773135 181.62088586 -62.3142914722 6581.62323772 0.05 1.78795923486 0.0517892317242 8.85917752072e-07
-12.334251244 4.36972676669 0.0180325931142 Perseus -43.782895599 0.0579600271123 220.188049265 -59.9637401898 17825.9346452 0.135216507926 1.85266881823 0.00904817910074 1.02995840342e-08
-0.93845785638 0.658599914988 0.152137463813 "Carina Sagittarius" -5.85053016076 0.94672124802 261.789947802 -33.3565406419 9207.81197456 0.0560437003609 1.31897802896 0.295292689524 6.84033219489e-07
-0.312873384062 -5.83051751349 0.0386778012628 Norma -6.68478310208 0.824450848112 261.351447612 -34.1166668623 2688.03319781 0.284301459541 1.60315794213 0.217765770265 2.47624334928e-05
1.6158327646 -5.10705052574 -0.000741850734068 Perseus 25.4653071228 -0.0113103317842 279.44959945 -6.64646193307 3758.0609639 0.05 1.8530704982 0.399344624442 3.61655800996e-08
5.16610505462 -10.423486906 -0.0748111840954 "Crux Scutum" 110.421720857 -0.777514102344 347.510416977 59.60863062 5513.0789969 0.156705086935 1.89578457714 0.461727769102 6.36960167774e-08
4.47988458332 1.25879188921 -0.0472693855366 "Carina Sagittarius" 24.6580282221 -0.252219555139 279.291722575 -7.4742203386 10738.0454186 0.126071718177 1.96655936969 0.149576822272 6.83161611461e-06
-0.911372695749 10.605928049 -0.0183512426446 Perseus -2.73099833695 -0.0549700719714 264.795252661 -31.2862573249 19127.6612154 0.05 1.80232953271 0.194202058585 1.27252295055e-09
-3.49473489437 7.20888381241 -0.0263745771012 "Carina Sagittarius" -12.542264343 -0.0939015558714 258.085468025 -39.4385121152 16092.9456046 0.182327666053 1.94229113628 0.243136043165 8.78722646005e-08
-2.42449648961 -9.27060950169 0.009307040506 "Crux Scutum" -107.632499979 0.209610145152 123.628178537 -34.3091199916 2544.0339725 0.112845366878 1.92252111641 0.294075730218 3.39492522645e-06
-1.83860527159 -0.86737977807 0.000272252373073 "Carina Sagittarius" -13.5438216615 0.00198688297673 257.211751656 -40.1881227963 7850.94649524 0.207179055121 1.30597008903 0.491926914841 4.6251365387e-07
9.98719785962 -1.08835839517 0.0309022327062 Norma 53.420364393 0.142363729137 292.397216902 18.2186551297 12436.9412362 0.212350415396 1.80999154492 0.348665125415 1.35434967123e-09
3.64198885513 4.81197527504 -0.098926124717 "Carina Sagittarius" 15.3009791391 -0.410685854114 274.989699314 -15.8324524127 13801.5417589 0.346323594928 2.00733365009 0.194774253673 3.95582766897e-06
-10.680444514 -5.55585814485 0.0503260283575 "Carina Sagittarius" -74.5887451592 0.260267224239 158.410855782 -57.845927095 11078.9168689 0.263652794944 1.9592675516 0.131883843225 1.30155403764e-06
11.2431624217 0.944951449324 0.0291162173406 Norma 49.9676641992 0.113610040728 290.709561528 15.1675033749 14683.8910672 0.0930818162058 1.70175812131 0.472312859211 1.31061651906e-06
6.48318561229 6.20127835661 0.000963057822098 Perseus 23.797224325 0.0034342438047 278.662972934 -8.12097589456 16067.3358691 0.106062082242 1.58248084296 0.0677742165543 1.67079551116e-07
6.16902626767 -0.493909133857 0.125998407898 Perseus 37.6157480228 0.7142277272 284.361834084 4.49385539988 10107.9301366 0.239965959589 1.49805578043 0.360132926252 4.42731669533e-08
-7.62520433028 10.2102919573 -0.0285852361186 Perseus -22.1728924328 -0.0810620614094 249.773079204 -46.9377744328 20204.4446427 0.195526373072 1.76461541688 0.462697512646 8.8795208478e-07
-2.40509399506 -10.4222707703 0.100441721617 "Crux Scutum" -128.63358753 1.86847690688 113.20738655 -15.4510501351 3080.53413859 0.19401315261 2.10593156748 0.332332793267 0.000595245942205
0.499536665364 -5.95915903472 0.0427271976897 Perseus 11.1226566376 0.9453115726 271.644155792 -18.8492182818 2589.83306495 0.05 1.2730128926 0.211527220083 5.37598208581e-07
-5.13116937042 -2.34218738029 0.00441205689476 Norma -39.8036977335 0.0315380900625 227.106542894 -58.172424835 8015.45849179 0.12756738756 1.62182923297 0.0994954699627 5.38999518301e-07
9.54474743754 -2.18888057869 -0.0453554189659 Norma 56.5267693415 -0.2271045962 294.335420452 20.7580416556 11442.6609279 0.0561969090794 1.49225333703 0.183737661126 2.71878780357e-08
-3.90873438854 -3.58633214318 0.00810207762497 Norma -38.501617521 0.0739345802798 229.162915249 -57.466751781 6278.72614237 0.157992459904 2.01193853073 0.35343590471 2.76804128912e-07
0.06539397435 10.223829306 -0.0106772911458 Perseus 0.200107757891 -0.0326727995585 266.555765484 -28.7823176146 18723.946546 0.120184961036 1.65033640083 0.324767112088 2.39940524174e-07
2.54962104999 0.819794367154 -0.0198988379441 "Crux Scutum" 15.3000790646 -0.117997097607 274.721221894 -15.6949485627 9662.27356828 0.221017890809 1.6729278323 0.463988083299 1.35685462103e-06
-2.07115372236 1.17010991861 -0.00635030019279 Norma -12.0890201577 -0.0367913597534 258.36979454 -39.0382662295 9889.42586331 0.161721821519 1.74142361612 0.43343045683 8.81598807576e-10
2.86054550577 -2.9333085587 0.0144815738492 "Carina Sagittarius" 27.1971885257 0.132573445364 280.11927209 -5.04136736422 6258.67269549 0.208632796211 1.92025617774 0.408075376133 2.31564391275e-05
-8.1737132954 2.68275427392 0.003582599743 "Carina Sagittarius" -36.1638648268 0.0148191958873 232.794891937 -56.2314336688 13851.4834953 0.0833580903264 1.6940549705 0.455725437675 9.86009870342e-08
14.8040274225 6.13135514972 -0.00409639889213 "Crux Scutum" 45.3361015935 -0.0112761983782 288.59666014 11.0161390878 20814.3171452 0.05 0.977541375204 0.138168576369 7.76094182966e-09
-4.76037910118 -1.96368496573 -0.0192030042487 Norma -36.0657415288 -0.136067116242 233.095392261 -56.2988501233 8086.09869897 0.0889950306797 1.94669421067 0.18476177007 1.61255088269e-07
7.72416043875 -4.27351769072 -0.0559523962646 Norma 61.313539028 -0.364092999646 297.046006603 24.8435842634 8805.05183772 0.128297958614 1.91854159857 0.189946951893 3.85147507194e-05
3.99250304367 2.15196231826 -0.0264669680755 "Carina Sagittarius" 20.5466941512 -0.133306569092 277.261722256 -11.0665012465 11375.6354672 0.167915173556 1.74072392235 0.280225294355 4.44182599889e-07
20.2686061853 -10.3864143444 0.0144936057839 "Carina Sagittarius" 95.3172434316 0.0407945600616 323.892705617 52.0855734538 20356.2070593 0.355930895069 1.50731011242 0.334109114771 2.03751921378e-07
-3.2971504087 1.78766887088 -0.0200511077895 Norma -17.7704149671 -0.106343618955 253.849284434 -43.5966117052 10803.1353625 0.125774284834 1.89498062988 0.14335834152 2.01095791849e-07
-1.81726031976 -8.15294204863 0.0530368238774 "Crux Scutum" -79.1879229373 1.64204519813 152.808294286 -54.2014400582 1850.86390533 0.05 1.90239359405 0.00973123365465 3.63602756056e-05
-3.04114504046 -0.313933505349 0.0212657196823 Norma -20.3801627637 0.139525231796 251.241107532 -45.4444400452 8732.73725946 0.0954018224301 1.67309112167 0.199611191829 4.87341738032e-08
-0.317440762405 7.00727218357 0.0199881302121 "Carina Sagittarius" -1.17270631854 0.0738360028944 265.627514131 -29.8964188636 15510.5337993 0.0836404025354 1.74148250294 0.154263979777 1.37564655516e-07
5.33408029376 6.86025226099 -0.0393520931948 Perseus 19.1503323399 -0.138665143531 276.603280141 -12.3050901173 16260.1141044 0.178148147377 1.54885774432 0.471092359509 1.21861046399e-06
5.48823108003 -1.81280467296 0.246305108358 Perseus 39.3759814692 1.63084991829 284.348920162 6.47806534616 8654.47444598 0.05 1.75178094514 0.444132520272 8.17107725157e-05
-7.49358542297 -10.2534437616 -0.0340031207285 "Carina Sagittarius" -103.169841551 -0.253147492112 126.287472875 -38.251039901 7696.07326684 0.13632619942 1.38138407683 0.430155339172 3.5748681048e-08
0.0946799270134 -5.14298180337 -0.0161576623376 Perseus 1.61551776918 -0.275658542038 267.621319296 -27.695467548 3358.39195615 0.145650653797 1.91267608168 0.326499880473 0.000118447871865
1.0956755106 7.61508648396 0.000137703421818 "Carina Sagittarius" 3.889592236 0.000488464744911 268.650521502 -25.5974679631 16152.2913925 0.15321810362 1.54502050748 0.172144582349 5.92617270219e-10
3.48988196926 0.201682040875 -0.031368203207 "Carina Sagittarius" 21.8536638466 -0.191698982525 277.930112085 -9.93527402362 9375.47494605 0.0702683931035 1.86428784991 0.2744246337 5.57507993485e-09
-0.278838199718 -10.4182211987 -0.0374550944581 "Crux Scutum" -171.729249246 -1.10698109267 90.0004572144 21.2519734331 1938.74345718 0.106207827026 1.42039001261 0.407612520358 1.98717453625e-07
-2.06061073731 0.0761335540149 -0.0588685535187 "Carina Sagittarius" -13.5105057937 -0.382402218342 257.642766074 -40.3900461385 8820.41092317 0.05 1.64068443562 0.0493051843614 5.51016617882e-08
2.92898137373 21.4721089157 0.0631900204739 "Crux Scutum" 5.58142558829 0.120223479996 269.47417859 -24.0749819914 30114.9504021 0.0806680116638 1.77016786063 0.400537440128 6.63360992762e-08
-7.24362518078 1.29986726899 0.0188915895511 "Crux Scutum" -36.4701608162 0.0888211897098 232.264991678 -56.3445556518 12186.3801492 0.0757138523983 1.3516110508 0.0205898956641 1.2597864148e-07
-0.589838154756 -10.4514149812 0.0156801597657 "Crux Scutum" -163.181939876 0.440687231066 95.7566254429 14.507899424 2038.66999411 0.171605004626 1.83108992575 0.408210515607 4.62921925776e-06
12.4899600214 -4.6610045692 -0.0557927530426 "Crux Scutum" 72.9143249584 -0.244643667115 304.032689805 34.7440660363 13066.7555301 0.05 1.69763015802 0.40378190208 3.08264259998e-08
-0.653689824613 9.80817228301 0.00512237031404 Perseus -2.04486629877 0.0160203482373 265.150580552 -30.6673814413 18319.8392179 0.208119810171 1.32956382659 0.0255036544144 2.60138250756e-07
-9.80627387904 1.65575873025 -0.0175304010818 "Carina Sagittarius" -43.9969978568 -0.071147222569 219.901257218 -60.1687489 14117.462594 0.279448454449 1.44812445639 0.313580355731 4.79844429052e-07
-3.19599065631 6.5935374344 -0.0337427490423 "Carina Sagittarius" -11.9555384114 -0.125310440699 258.562740852 -38.9819177035 15428.2327936 0.05 1.9633824227 0.251226537156 8.58032100482e-08
6.30131178829 5.05110697878 0.332315595822 Perseus 24.9385911977 1.27385347614 278.057066923 -6.52243495975 14948.2261242 0.172625873078 2.0418001161 0.0849097515859 3.23557992964e-07
-3.70031735604 0.809629314264 0.0137393126914 Norma -21.6764374402 0.0785784929724 250.080477171 -46.4607966666 10018.0704366 0.197690803503 1.76438466726 0.0741894688387 2.95010217032e-06
-10.3440494413 -3.50426386658 0.00584382783796 "Carina Sagittarius" -64.2214324314 0.029147695353 177.485400146 -61.985490313 11487.243904 0.0662562974448 1.90928568925 0.386629563034 1.8951263994e-05
-10.8126676794 -13.8210067507 -0.0473509920128 Perseus -116.202195492 -0.225126154555 117.886677284 -27.2825467865 12051.1052316 0.0902728185671 1.86043776209 0.283846374418 3.79915945353e-08
2.95105230306 -0.292186926525 -0.0102423886136 "Carina Sagittarius" 19.7756346316 -0.0672817476855 276.836493558 -11.718519679 8722.21359811 0.116711942241 1.88899820517 0.491499567458 9.70920523286e-07
-11.5029620537 -3.15984096051 0.00380115615928 "Carina Sagittarius" -65.0972879 0.0171730511176 175.679322854 -61.7785873058 12682.091666 0.10022091206 2.14721568191 0.491123888644 5.34080024529e-07
-9.66502272597 -6.94388187675 -0.0417514794827 "Carina Sagittarius" -80.8535803677 -0.244360880045 148.57101824 -54.719214356 9789.58176293 0.0990987030953 1.39311043248 0.496333496732 2.2959185245e-08
-0.0748306796146 6.04121701255 -0.0450581476076 "Carina Sagittarius" -0.294847691858 -0.177536669915 266.402593543 -29.2803430922 14541.4793633 0.05 1.98264439774 0.0593077591829 3.29390460365e-08
11.4673811561 -14.8401979472 -0.0207890948668 "Carina Sagittarius" 118.93775777 -0.0909021261681 4.17996887623 62.5112975125 13103.4107306 0.245233156478 1.69685758199 0.469128068482 7.6625573184e-07
1.98145261594 -0.976275254149 0.0852335589346 "Crux Scutum" 14.7544239011 0.627655385292 273.770122906 -15.8208649889 7780.73603717 0.237961859204 1.73945008775 0.12228480451 1.68997211988e-06
-3.92658489011 0.89097821806 0.0144977399163 Perseus -22.6909311667 0.0816065211651 249.086345489 -47.2136311621 10178.8383903 0.05 1.71839257278 0.229106129879 5.45802221677e-07
-6.81631871088 2.26898236262 0.00835838366463 "Crux Scutum" -32.3321119997 0.0375757360433 238.11448544 -53.9037683466 12744.9304336 0.05 1.6987102785 0.378703277911 1.84379668805e-07
7.19353861527 10.8129766802 0.00567245028047 Norma 20.428941961 0.0157700375256 277.071461035 -11.1015436085 20609.1750984 0.182106487645 1.46892702822 0.101810466039 7.50225241077e-09
-2.69419644969 -11.9231741274 0.207027716161 "Carina Sagittarius" -141.795617134 2.72090145362 107.692634758 -3.44237179197 4361.15536201 0.0724212030187 1.8495015838 0.283155802777 3.33793883764e-06
