sky_model/pwn/ctadc_skymodel_gps_sources_composite.ecsv
# %ECSV 0.9
# ---
# datatype:
# - {name: galactocentric_x, unit: kpc, datatype: float64, format: '%.5f', description: Galactocentric
#     x coordinate}
# - {name: galactocentric_y, unit: kpc, datatype: float64, format: '%.5f', description: Galactocentric
#     y coordinate}
# - {name: galactocentric_z, unit: kpc, datatype: float64, format: '%.5f', description: Galactocentric
#     z coordinate}
# - {name: size_physical, unit: pc, datatype: float64, format: '%.5f', description: physical
#     size}
# - {name: type, datatype: string, description: type of PWN}
# - {name: distance, unit: kpc, datatype: float64, format: '%.5f', description: Distance
#     observer to source center}
# - {name: GLON, unit: deg, datatype: float64, format: '%.5f', description: Galactic
#     longitude}
# - {name: GLAT, unit: deg, datatype: float64, format: '%.5f', description: Galactic
#     latitude}
# - {name: RA, unit: deg, datatype: float64, format: '%.5f'}
# - {name: DEC, unit: deg, datatype: float64, format: '%.5f'}
# - {name: sigma, unit: deg, datatype: float64, format: '%.5f'}
# - {name: galactocentric_r, unit: kpc, datatype: float64, format: '%0.4f', description: Galactocentric
#     radius in the xy plan}
# - {name: spec_alpha, datatype: float64, format: '%5g', description: Spectral model
#     parameter (log parabola)}
# - {name: spec_beta, datatype: float64, format: '%5g', description: Spectral model
#     parameter (log parabola)}
# - {name: spec_norm, unit: 1 / (cm2 MeV s), datatype: float64, format: '%5g', description: Spectral
#     model norm parameter (log parabola)}
# - {name: spec_norm_cu, unit: '%', datatype: float64, format: '%5g', description: Spectral
#     model norm parameter (log parabola) in crab units}
# - {name: int_flux_above_1TeV, unit: 1 / (cm2 s), datatype: float64, format: '%5g',
#   description: 'Integral flux above 1 TeV '}
# - {name: int_flux_above_1TeV_cu, unit: '%', datatype: float64, format: '%5g', description: Integral
#     flux above 1 TeV in crab units}
# - {name: luminosity, unit: erg / s, datatype: float64, description: Intrinsic source
#     luminosity}
# - {name: skip, datatype: int64, description: 'skip boolean: 0 take, 1 skip'}
# - {name: source_name, datatype: string, description: source name}
galactocentric_x galactocentric_y galactocentric_z size_physical type distance GLON GLAT RA DEC sigma galactocentric_r spec_alpha spec_beta spec_norm spec_norm_cu int_flux_above_1TeV int_flux_above_1TeV_cu luminosity skip source_name
[from data line 244]
10.72760 -7.08625 -0.06006 18.46257 composite 10.82052 82.49247 -0.31803 311.34587 42.44027 0.09772 12.8568 2.0781 0.28368 3.54306e-20 0.109692 2.47596e-14 0.13258 3.010392624e+33 0 composite_244
-1.27515 -0.78035 -0.15916 19.94115 composite 7.82588 -9.37956 -1.16534 261.52392 -37.46342 0.14594 1.4950 2.03961 0.354383 4.65197e-20 0.144024 3.19706e-14 0.171192 2.62696998117e+33 0 composite_245
-7.84014 -9.67069 0.18919 10.46146 composite 7.92932 -98.49266 1.36718 131.62047 -41.01585 0.07556 12.4495 2.45218 0.273135 9.65762e-20 0.298998 5.55126e-14 0.297252 2.61585473977e+33 0 composite_246
-8.91757 3.34737 0.08709 13.51092 composite 14.82872 -36.96895 0.33650 231.26793 -56.41798 0.05218 9.5251 2.05087 0.15569 2.50909e-20 0.0776809 1.92969e-14 0.103329 3.09746793779e+33 0 composite_247
-1.41322 -5.67855 0.01802 6.54492 composite 3.15565 -26.60557 0.32718 244.71724 -49.86420 0.11879 5.8518 1.99568 0.265192 7.89006e-19 2.44274 5.85076e-13 3.13289 6.12733821687e+33 0 composite_248
-6.22354 9.86113 0.11411 4.92780 composite 19.38754 -18.72419 0.33723 252.53564 -44.05296 0.01456 11.6608 1.98537 0.309335 3.66072e-20 0.113335 2.66051e-14 0.142462 1.22023806707e+34 0 composite_249
-2.00082 -2.00612 0.17117 5.89523 composite 6.79728 -17.12451 1.44298 252.77030 -42.11606 0.04967 2.8333 2.03312 0.305232 1.9017e-19 0.58876 1.34738e-13 0.72148 7.183731369e+33 0 composite_250
-6.67699 -4.53750 -0.00300 3.37021 composite 7.76425 -59.31273 -0.02214 187.94267 -62.80814 0.02486 8.0729 2.02481 0.283635 1.02495e-19 0.317322 7.38809e-14 0.395609 4.83938783888e+33 0 composite_251
3.40327 -7.13159 -0.06607 6.07984 composite 3.66867 68.09559 -1.03191 301.68051 30.28234 0.09492 7.9020 2.23919 0.214773 5.50546e-19 1.70448 3.64698e-13 1.95284 3.70015984254e+33 0 composite_252
0.12508 -6.70486 0.03604 29.15598 composite 1.79985 3.98576 1.14736 267.61299 -24.93099 0.92778 6.7060 2.07479 0.136424 1.63107e-18 5.04975 1.25183e-12 6.70312 2.76369909587e+33 0 composite_253
-0.90164 -6.12749 0.10210 9.00520 composite 2.54011 -20.80861 2.30363 248.55761 -44.32527 0.20305 6.1935 1.92744 0.121418 7.20445e-19 2.23048 6.16762e-13 3.30256 2.84752567548e+33 0 composite_254
2.42735 -1.81797 -0.17117 17.84128 composite 7.11132 19.96433 -1.37925 278.11415 -12.15933 0.14369 3.0327 1.84249 0.283452 4.86363e-20 0.150577 3.91869e-14 0.209833 2.52370997367e+33 0 composite_255
-3.97788 4.40757 0.06306 16.98639 composite 13.50677 -17.12835 0.26750 254.00228 -42.86205 0.07203 5.9372 1.9489 0.208758 7.06011e-20 0.218579 5.58934e-14 0.299291 9.35020626746e+33 0 composite_256
-0.03709 0.07743 0.09309 28.01066 composite 8.57802 -0.24775 0.62180 265.65188 -28.82157 0.18702 0.0859 2.10336 0.100617 1.00789e-19 0.31204 7.7871e-14 0.416974 3.48782261081e+33 0 composite_257
1.18002 3.79305 0.11712 2.95175 composite 12.35011 5.48307 0.54336 269.01946 -23.94774 0.01369 3.9724 2.12676 0.144826 3.92211e-20 0.121427 2.89648e-14 0.155097 2.98197598027e+33 0 composite_258
-0.03015 -0.08039 -0.54955 11.09966 composite 8.43758 -0.20517 -3.73439 269.99918 -31.00899 0.07534 0.0859 1.75724 0.309392 3.06489e-20 0.0948883 2.5626e-14 0.137219 2.747561947e+33 0 composite_259
-3.99969 -0.68419 0.10210 4.56682 composite 8.78037 -27.10080 0.66626 243.79843 -49.96502 0.02979 4.0578 2.41557 0.327436 1.66312e-19 0.514897 9.50874e-14 0.509163 6.49065066734e+33 0 composite_260
-1.47480 6.54185 -0.08709 0.53478 composite 15.11423 -5.59975 -0.33015 263.23518 -33.85091 0.01000 6.7060 2.1422 0.274845 2.47271e-20 0.0765546 1.67421e-14 0.0896486 3.66746820875e+33 0 composite_261
6.36574 -5.88736 0.07508 27.20636 composite 6.88144 67.68567 0.62514 299.79771 30.81602 0.22644 8.6709 2.46162 0.28151 1.94909e-19 0.603433 1.11102e-13 0.594914 3.99685381976e+33 0 composite_262
5.90836 -5.62574 -0.07207 22.78747 composite 6.57079 64.05831 -0.62845 298.86012 27.06689 0.19863 8.1583 2.01231 0.182127 1.24672e-19 0.385981 9.65163e-14 0.516814 3.36843688735e+33 0 composite_263
1.91890 9.85256 0.06907 34.27310 composite 18.45273 5.96902 0.21446 269.59686 -23.69219 0.10638 10.0377 1.86952 0.246566 2.17502e-20 0.0673381 1.76575e-14 0.0945501 6.61860887073e+33 0 composite_264
-14.26190 1.16106 -0.03003 13.40458 composite 17.22611 -55.88615 -0.09988 195.45894 -62.94777 0.04457 14.3091 1.82084 0.381396 7.20337e-21 0.0223015 5.5323e-15 0.0296237 3.00358812455e+33 0 composite_265
-1.81692 2.39356 -0.19520 7.30170 composite 11.04577 -9.46911 -1.01258 261.30131 -37.45206 0.03786 3.0051 1.91011 0.215436 5.74332e-20 0.177812 4.64045e-14 0.248481 5.46025832709e+33 0 composite_266
5.68808 12.38160 0.12312 0.81134 composite 21.64280 15.23749 0.32594 274.28453 -15.53965 0.01000 13.6256 2.39325 0.282993 3.49959e-20 0.108346 2.06312e-14 0.110473 7.76053434226e+33 0 composite_267
9.49364 -1.97049 0.08108 8.13821 composite 11.52260 55.48069 0.40317 293.20482 20.15027 0.04045 9.6960 1.93135 0.209587 1.53978e-19 0.476713 1.23212e-13 0.659763 1.52407774831e+34 0 composite_268
-1.44329 -7.15384 -0.00901 34.20410 composite 1.97365 -46.99426 -0.26156 214.32262 -61.44274 0.99257 7.2980 2.19513 0.234954 1.44226e-18 4.46521 9.68676e-13 5.18695 3.10093513324e+33 0 composite_269
-0.73028 10.01890 -0.31532 12.30000 composite 18.53598 -2.25825 -0.97472 266.00183 -31.37088 0.03801 10.0455 2.17335 0.334855 1.01375e-20 0.0313855 6.54069e-15 0.0350233 2.50504351308e+33 0 composite_270
-1.12054 5.13288 -0.13213 19.24776 composite 13.67949 -4.69880 -0.55343 264.04604 -33.21478 0.08059 5.2538 2.70001 0.217609 4.25171e-19 1.31632 2.21834e-13 1.18785 2.33500491143e+34 0 composite_271
-10.62420 -0.49465 -0.05706 28.00157 composite 13.30273 -53.00192 -0.24576 201.79426 -62.83501 0.12056 10.6357 2.22911 0.231247 2.69952e-20 0.0835765 1.7823e-14 0.0954366 2.50218054404e+33 0 composite_272
1.14799 -0.58374 -0.13514 10.85105 composite 8.00021 8.25133 -0.96789 271.93600 -22.28862 0.07768 1.2879 2.47373 0.186135 1.33593e-19 0.413601 7.90633e-14 0.423359 3.0495044749e+33 0 composite_273
-3.23889 -4.77076 0.02102 14.12054 composite 4.93944 -40.97471 0.24383 224.95938 -58.55731 0.16373 5.7663 2.2646 0.346676 4.35342e-19 1.34781 2.66248e-13 1.42567 6.90795506175e+33 0 composite_274
-1.98421 -6.66548 -0.43243 20.80309 composite 2.73670 -47.24478 -9.09148 221.93128 -69.71397 0.43537 6.9545 2.70223 0.190926 3.07885e-18 9.53205 1.62213e-12 8.68597 6.47766647881e+33 0 composite_275
-9.69729 -7.49937 -0.24024 8.13243 composite 9.75174 -84.10870 -1.41166 143.06096 -53.48406 0.04776 12.2588 1.95492 0.319283 5.37387e-20 0.166374 3.95322e-14 0.211682 4.87159929984e+33 0 composite_276
6.20918 6.29459 0.15015 4.99829 composite 16.04545 22.76743 0.53617 277.70454 -8.78845 0.01784 8.8417 2.27474 0.378275 2.89328e-20 0.0895752 1.73563e-14 0.0929374 5.16464603253e+33 0 composite_277
-0.04425 -3.17646 0.23123 28.35429 composite 5.32874 -0.47624 2.48702 263.71932 -28.01996 0.30475 3.1768 2.17094 0.330598 5.03327e-19 1.55829 3.25852e-13 1.74484 1.02053273297e+34 0 composite_278
-1.06427 4.97025 0.06907 13.74209 composite 13.51240 -4.51749 0.29287 263.31563 -32.60396 0.05825 5.0829 1.91998 0.360899 9.74457e-20 0.301689 7.1436e-14 0.382517 2.00921081072e+34 0 composite_279
-4.04646 3.86465 -0.12913 36.57007 composite 13.01058 -18.12122 -0.56867 254.04387 -44.15976 0.16098 5.5955 2.2654 0.142521 4.70893e-20 0.145787 3.20234e-14 0.171475 3.34303984778e+33 0 composite_280
-3.96422 -8.47274 0.14414 7.65951 composite 3.96693 -89.60601 2.08232 140.63051 -47.15767 0.11059 9.3543 2.38214 0.22077 5.0384e-19 1.55987 3.07673e-13 1.64749 3.35548828573e+33 0 composite_281
-0.40397 -2.83315 -0.10210 5.90248 composite 5.68215 -4.07752 -1.02958 264.92288 -32.94490 0.05949 2.8618 1.77757 0.107691 1.1466e-19 0.354983 1.10612e-13 0.592294 2.68759871666e+33 0 composite_282
-1.36804 5.16096 0.12012 20.30867 composite 13.72981 -5.71867 0.50128 262.32166 -33.49394 0.08472 5.3392 2.12014 0.256785 2.43582e-20 0.0754125 1.6869e-14 0.0903283 2.94544906511e+33 0 composite_283
6.74161 -5.58777 -0.12012 2.59777 composite 7.34471 66.63670 -0.93709 300.69023 29.10051 0.02026 8.7563 1.76777 0.399618 3.34633e-20 0.103602 2.62453e-14 0.140535 2.92654251004e+33 0 composite_284
-7.40646 -1.00902 0.21321 28.50439 composite 10.53641 -44.67494 1.15949 217.71148 -59.29913 0.15494 7.4749 2.44213 0.261548 7.11864e-20 0.220391 4.13386e-14 0.221355 3.36799636321e+33 0 composite_285
3.78924 0.30512 0.20420 8.48569 composite 9.58802 23.28439 1.22034 277.33366 -8.01342 0.05069 3.8015 2.09158 0.358502 4.56491e-20 0.141328 3.04215e-14 0.162897 3.61778585737e+33 0 composite_286
-2.96169 -3.45478 -0.17417 6.50050 composite 5.85288 -30.41417 -1.70526 242.51560 -53.96212 0.06361 4.5505 2.48552 0.396945 1.52659e-19 0.472627 8.21159e-14 0.439704 2.82308087024e+33 0 composite_287
-9.29596 2.43881 0.03303 29.02744 composite 14.35526 -40.35837 0.13183 226.09559 -58.35944 0.11581 9.6105 2.12003 0.199427 1.05219e-19 0.325756 7.53718e-14 0.403592 1.22221728817e+34 0 composite_288
-5.85038 5.80792 -0.03003 12.10420 composite 15.45783 -22.23921 -0.11131 249.74135 -47.00738 0.04485 8.2437 2.03573 0.228443 7.37535e-20 0.228339 5.46046e-14 0.29239 1.18816207994e+34 0 composite_289
0.07020 -6.53480 -0.08408 5.69935 composite 1.96825 2.04582 -2.44831 269.99332 -28.41940 0.16584 6.5352 2.28608 0.26403 1.32474e-18 4.10135 8.33399e-13 4.46259 2.67916234891e+33 0 composite_290
9.38612 -8.27816 0.12012 42.88528 composite 9.38951 88.64607 0.73300 315.82646 47.82645 0.26159 12.5151 2.36747 0.319082 9.68447e-20 0.299829 5.69146e-14 0.30476 4.52139741183e+33 0 composite_291
2.93947 -1.93683 -0.16216 14.08899 composite 7.19319 24.12634 -1.29176 279.97835 -8.42335 0.11218 3.5202 2.05001 0.252932 1.17012e-19 0.362267 8.46179e-14 0.453102 4.24166725445e+33 0 composite_292
10.59990 2.10296 0.00601 32.27239 composite 14.99269 44.99173 0.02297 288.40296 10.72704 0.12328 10.8065 2.22422 0.155427 5.3451e-20 0.165483 3.6957e-14 0.197893 5.42478018337e+33 0 composite_293
3.96432 1.40841 0.35135 3.48737 composite 10.67782 21.80617 1.88564 276.04296 -9.01179 0.01871 4.2071 2.11178 0.250682 5.61876e-20 0.173955 3.92365e-14 0.210099 4.09800147693e+33 0 composite_294
-10.21510 7.52232 0.14414 0.96168 composite 19.00220 -32.51973 0.43462 237.44478 -53.71283 0.01000 12.6860 1.78827 0.316364 7.08967e-21 0.0219494 5.78465e-15 0.030975 3.13146215028e+33 0 composite_295
5.05080 -10.32030 -0.15916 28.02480 composite 5.37116 109.81908 -1.69805 347.11560 58.52733 0.29883 11.4900 2.2196 0.325929 8.64112e-18 26.7527 5.46338e-12 29.2546 1.64224875517e+35 1 composite_296
-9.31707 -8.35580 0.17417 37.38884 composite 9.31981 -89.11331 1.07081 140.08700 -48.22157 0.22977 12.5151 2.29646 0.22568 6.50704e-20 0.201456 4.15106e-14 0.222276 2.68499743709e+33 0 composite_297
-9.38771 -8.01565 -0.10210 13.29432 composite 9.40075 -87.04650 -0.62229 140.49632 -50.88004 0.08100 12.3442 1.8585 0.282461 2.90029e-20 0.0897924 2.31482e-14 0.123951 2.55995783039e+33 0 composite_298
-8.59888 -1.12160 -0.24024 22.11383 composite 11.33310 -49.36825 -1.21465 210.05302 -63.05367 0.11176 8.6717 2.04534 0.397965 1.92794e-20 0.0596885 1.29163e-14 0.0691629 2.55353043574e+33 0 composite_299
-3.89183 -2.05165 -0.02703 9.09904 composite 7.53182 -31.11261 -0.20562 239.95340 -53.30716 0.06919 4.3995 2.05282 0.201567 2.03258e-19 0.629282 1.51468e-13 0.81106 7.13939768191e+33 0 composite_300
-1.85468 7.32928 -0.18619 14.94160 composite 15.93865 -6.68274 -0.66933 262.86189 -34.94314 0.05369 7.5603 1.85314 0.133251 2.40951e-20 0.0745979 2.15245e-14 0.115257 4.25088469474e+33 0 composite_301
-7.47037 0.25947 -0.13213 2.92142 composite 11.51313 -40.45866 -0.65757 226.67486 -59.09619 0.01453 7.4749 2.06585 0.142334 5.37776e-20 0.166494 4.13419e-14 0.221373 3.81714364199e+33 0 composite_302
1.11727 -4.05600 -0.90090 20.66526 composite 4.67002 14.11230 -11.12275 284.54661 -21.69544 0.25344 4.2071 2.28112 0.342323 2.41355e-19 0.74723 1.46654e-13 0.785287 3.30981419805e+33 0 composite_303
2.32950 -6.92258 0.00601 4.29346 composite 2.81334 55.89612 0.12240 293.68117 20.37771 0.08741 7.3040 2.0893 0.291581 2.02934e-17 62.828 1.4029e-11 75.1208 1.16975222919e+35 1 composite_304
-3.20882 0.72153 0.18318 1.12802 composite 9.76559 -19.18639 1.07480 251.33803 -43.92955 0.01000 3.2889 2.24766 0.209983 5.97064e-20 0.184849 3.94664e-14 0.21133 2.78513523004e+33 0 composite_305
1.60250 -5.18252 0.05105 1.16232 composite 3.68460 25.78274 0.79386 278.87687 -5.99454 0.01807 5.4246 1.76664 0.115866 5.93049e-19 1.83606 5.72617e-13 3.06618 6.0462652767e+33 0 composite_306
4.83369 3.42522 0.24024 46.61297 composite 12.86985 22.06436 1.06960 276.89595 -9.16377 0.20744 5.9242 1.58189 0.129321 1.76944e-20 0.0547814 1.9463e-14 0.104218 2.95767836677e+33 0 composite_307
4.82629 13.19800 -0.21622 1.05660 composite 22.22933 12.54016 -0.55731 273.75421 -18.33218 0.01000 14.0528 1.91298 0.273857 1.50418e-20 0.0465691 1.16687e-14 0.0624819 6.68726215749e+33 0 composite_308
-3.90976 -2.64824 0.23724 33.74839 composite 7.04170 -33.74823 1.93070 234.27743 -53.26956 0.27449 4.7222 2.14185 0.271068 8.44442e-20 0.261437 5.73039e-14 0.306844 2.6957468376e+33 0 composite_309
-3.58868 -1.84538 0.20120 4.48997 composite 7.56327 -28.33694 1.52438 241.47723 -50.17560 0.03400 4.0354 2.36799 0.267689 4.78613e-19 1.48178 2.87865e-13 1.54143 1.29620233613e+34 0 composite_310
1.64276 2.09417 -0.31832 1.37907 composite 10.72550 8.81424 -1.70072 272.92280 -22.15001 0.01000 2.6616 1.84944 0.30452 2.22916e-20 0.0690141 1.76388e-14 0.0944503 2.75811646481e+33 0 composite_311
-0.54163 -5.91243 0.00901 3.93054 composite 2.64366 -11.82246 0.19527 258.32931 -38.68625 0.08515 5.9372 1.72949 0.35608 2.67197e-19 0.827234 2.20456e-13 1.18047 2.82190309255e+33 0 composite_312
2.36975 2.36572 -0.13514 13.08249 composite 11.12195 12.30322 -0.69620 273.76372 -18.60667 0.06737 3.3485 2.25278 0.262499 7.01689e-20 0.217241 4.49795e-14 0.240851 4.71781361784e+33 0 composite_313
-6.93228 9.58810 0.00601 9.31776 composite 19.37101 -20.96937 0.01778 250.82080 -45.96965 0.02755 11.8317 2.34292 0.24089 4.3063e-20 0.133322 2.6585e-14 0.142354 7.47067493563e+33 0 composite_314
-7.72699 -2.61213 -0.18619 25.46814 composite 9.71638 -52.69305 -1.09800 202.74822 -63.63324 0.15012 8.1566 2.32573 0.366563 4.39956e-20 0.136209 2.58596e-14 0.13847 2.60181786329e+33 0 composite_315
-10.73460 -2.67464 0.12012 19.72181 composite 12.21396 -61.51258 0.56349 183.36517 -61.98009 0.09248 11.0628 2.00152 0.336716 7.60243e-20 0.235369 5.38958e-14 0.288595 1.056109532e+34 0 composite_316
-12.57820 4.77707 0.13814 22.96602 composite 18.28964 -43.45167 0.43275 220.48184 -59.48599 0.07192 13.4548 1.83503 0.25265 1.89466e-20 0.0586581 1.56623e-14 0.0838669 6.05634171554e+33 0 composite_317
-4.84108 -0.83201 -0.04505 35.31829 composite 9.06842 -32.26570 -0.28463 238.54970 -54.11068 0.22306 4.9121 2.29067 0.12354 8.22749e-20 0.254721 5.5755e-14 0.29855 2.66185864972e+33 0 composite_318
9.82802 7.18337 0.16817 5.47315 composite 18.50909 32.07341 0.52059 282.00466 -0.52664 0.01694 12.1734 2.05236 0.187749 1.28976e-20 0.0399307 9.70013e-15 0.0519411 2.65425915362e+33 0 composite_319
-0.07650 1.97327 -0.38739 4.64725 composite 10.48071 -0.41850 -2.11826 268.24812 -30.38434 0.02540 1.9748 2.3659 0.357651 1.08333e-19 0.335396 6.26618e-14 0.335534 6.90070596101e+33 0 composite_320
7.19979 2.00918 0.06607 5.02125 composite 12.73908 34.41486 0.29716 283.27126 1.45529 0.02258 7.4749 2.30012 0.285453 1.19789e-19 0.370864 7.40185e-14 0.396346 1.04430763926e+34 0 composite_321
-6.06865 2.64648 -0.12012 10.58938 composite 12.69200 -28.56588 -0.54227 243.43623 -51.85044 0.04779 6.6206 2.11595 0.115649 6.28406e-20 0.194553 4.76533e-14 0.255168 4.82667323479e+33 0 composite_322
1.79001 5.66092 -0.17117 14.06806 composite 14.27463 7.20426 -0.68706 271.11640 -23.06521 0.05644 5.9372 1.70784 0.324955 9.16779e-21 0.0283833 7.83046e-15 0.0419296 2.66371865061e+33 0 composite_323
