sky_model/pwn/ctadc_skymodel_gps_sources_pwn.ecsv
# %ECSV 0.9
# ---
# datatype:
# - {name: spiralarm, datatype: string, description: 'Which spiralarm?'}
# - {name: galactocentric_x, unit: kpc, datatype: float64, format: '%.5f', description: Galactocentric
#     x coordinate}
# - {name: galactocentric_y, unit: kpc, datatype: float64, format: '%.5f', description: Galactocentric
#     y coordinate}
# - {name: galactocentric_z, unit: kpc, datatype: float64, format: '%.5f', description: Galactocentric
#     z coordinate}
# - {name: type, datatype: string, description: type of PWN}
# - {name: size_physical, unit: pc, datatype: float64, format: '%.5f', description: Physical
#     size}
# - {name: distance, unit: kpc, datatype: float64, format: '%.5f', description: Distance
#     observer to source center}
# - {name: GLON, unit: deg, datatype: float64, format: '%.5f', description: Galactic
#     longitude}
# - {name: GLAT, unit: deg, datatype: float64, format: '%.5f', description: Galactic
#     latitude}
# - {name: RA, unit: deg, datatype: float64, format: '%.5f'}
# - {name: DEC, unit: deg, datatype: float64, format: '%.5f'}
# - {name: sigma, unit: deg, datatype: float64, format: '%.5f'}
# - {name: galactocentric_r, unit: kpc, datatype: float64, format: '%0.4f', description: Galactocentric
#     radius in the xy plan}
# - {name: spec_alpha, datatype: float64, format: '%5g', description: Spectral model
#     parameter (log parabola)}
# - {name: spec_beta, datatype: float64, format: '%5g', description: Spectral model
#     parameter (log parabola)}
# - {name: spec_norm, unit: 1 / (cm2 MeV s), datatype: float64, format: '%5g', description: Spectral
#     model norm parameter (log parabola)}
# - {name: spec_norm_cu, unit: '%', datatype: float64, format: '%5g', description: Spectral
#     model norm parameter (log parabola) in crab units}
# - {name: int_flux_above_1TeV, unit: 1 / (cm2 s), datatype: float64, format: '%5g',
#   description: 'Integral flux above 1 TeV '}
# - {name: int_flux_above_1TeV_cu, unit: '%', datatype: float64, format: '%5g', description: Integral
#     flux above 1 TeV in crab units}
# - {name: luminosity, unit: erg / s, datatype: float64, description: Intrinsic source
#     luminosity}
# - {name: skip, datatype: int64, description: 'skip boolean: 0 take, 1 skip'}
# - {name: source_name, datatype: string, description: source name}
# schema: astropy-2.0
spiralarm galactocentric_x galactocentric_y galactocentric_z type size_physical distance GLON GLAT RA DEC sigma galactocentric_r spec_alpha spec_beta spec_norm spec_norm_cu int_flux_above_1TeV int_flux_above_1TeV_cu luminosity skip source_name
[from data line 159]
Perseus 7.23160 2.26457 0.09351 isolated 7.92566 12.96845 33.89306 0.41316 282.93002 1.04379 0.03500 7.5779 2.37397 0.257915 6.04563e-20 0.187171 3.64168e-14 0.195 4.68170149706e+33 0 pwn_159
"Carina Sagittarius" -0.74644 -3.10880 -0.07799 isolated 22.34320 5.44319 -7.88273 -0.82100 262.20571 -36.02816 0.23510 3.1972 2.04037 0.278464 1.49547e-19 0.462993 1.07139e-13 0.573697 3.34981057121e+33 0 pwn_160
"Crux Scutum" -2.80295 3.69258 0.16721 isolated 26.57203 12.51174 -12.94676 0.76576 256.88065 -39.25273 0.12164 4.6359 1.99967 0.215245 3.21608e-20 0.0995691 2.45509e-14 0.131462 3.4586499e+33 0 pwn_161
Perseus 5.60654 -3.50055 0.06942 isolated 8.91512 7.51217 48.27605 0.52950 289.50966 13.86935 0.06797 6.6096 1.7008 0.160745 8.53495e-20 0.26424 8.31877e-14 0.445443 4.42540048259e+33 0 pwn_162
Perseus 0.85155 1.27737 -0.09564 isolated 13.48195 9.81485 4.97757 -0.55835 269.78889 -24.93701 0.07867 1.5352 2.15044 0.36066 1.15961e-19 0.359013 7.47875e-14 0.400463 8.87350254329e+33 0 pwn_163
Perseus 5.12372 -3.51662 -0.00093 isolated 20.00017 7.14749 45.79548 -0.00743 288.81091 11.42464 0.16026 6.2144 2.05463 0.230461 1.71439e-19 0.53077 1.25327e-13 0.671087 5.78046317058e+33 0 pwn_164
"Crux Scutum" -6.92365 0.44100 0.02853 isolated 7.54486 11.30837 -37.75315 0.14456 230.26282 -57.00749 0.03821 6.9377 1.71237 0.354097 1.45449e-20 0.0450307 1.21469e-14 0.0650426 2.87327071238e+33 0 pwn_165
"Crux Scutum" -0.54186 4.62032 0.03232 isolated 10.89625 13.13154 -2.36491 0.14100 264.82939 -30.87205 0.04752 4.6520 2.20338 0.353619 2.40596e-20 0.0744878 1.51403e-14 0.0810712 2.99580131993e+33 0 pwn_166
Norma 4.04536 -7.01548 0.08373 isolated 18.84732 4.30996 69.84846 1.11311 300.65297 32.91057 0.25046 8.0983 2.10131 0.268262 2.17102e-19 0.672143 1.51008e-13 0.808599 2.72834378405e+33 0 pwn_167
Norma 9.55640 -2.36035 0.04574 isolated 38.05760 11.35879 57.28067 0.23073 294.30256 21.63954 0.19190 9.8436 1.81667 0.33326 5.00504e-20 0.154955 3.96853e-14 0.212502 7.92825108655e+33 0 pwn_168
Perseus 0.43287 -4.07159 -0.02376 isolated 20.47044 4.44958 5.58282 -0.30601 269.87982 -24.28651 0.26349 4.0945 2.10645 0.258398 6.59278e-19 2.04111 4.59774e-13 2.46194 8.56477661017e+33 0 pwn_169
"Carina Sagittarius" -4.87927 5.98393 -0.00017 isolated 26.05181 15.28371 -18.61738 -0.00063 252.99296 -44.18628 0.09763 7.7211 2.00839 0.354024 2.41066e-20 0.0746334 1.68631e-14 0.0902966 5.43940146694e+33 0 pwn_170
"Carina Sagittarius" -6.46547 1.80640 0.02582 isolated 0.10000 12.16655 -32.10112 0.12159 238.32708 -53.69247 0.01000 6.7131 1.964 0.255623 3.12126e-20 0.0966334 2.37362e-14 0.1271 3.68199590536e+33 0 pwn_171
"Crux Scutum" 16.16569 1.31320 -0.06422 isolated 8.94795 18.91118 58.74062 -0.19457 295.47842 22.70095 0.02710 16.2189 2.15595 0.119271 5.57563e-20 0.17262 4.11216e-14 0.220193 9.12086862103e+33 0 pwn_172
"Crux Scutum" 0.64401 -10.32800 -0.04735 isolated 18.34562 1.93871 160.59259 -1.39951 70.79648 43.88443 0.54197 10.3481 2.30678 0.25293 2.9325e-18 9.07894 1.83464e-12 9.82392 5.47007410515e+33 1 pwn_173
Norma 9.84403 6.26717 -0.00195 isolated 14.13546 17.74751 33.68806 -0.00629 283.20987 0.67008 0.04562 11.6697 1.94169 0.362754 9.74425e-21 0.030168 7.04682e-15 0.0377335 3.36776381769e+33 0 pwn_174
Norma -0.61594 -6.95624 -0.02585 isolated 12.50678 1.66230 -21.75127 -0.89095 251.07433 -47.15570 0.43092 6.9835 2.50297 0.236325 3.37958e-18 10.4631 1.925e-12 10.3078 3.52480372406e+33 1 pwn_175
"Crux Scutum" 3.66686 2.25591 0.06451 isolated 21.22513 11.36396 18.82504 0.32523 276.02786 -12.37601 0.10697 4.3052 1.86988 0.338897 1.86234e-20 0.0576576 1.42455e-14 0.0762802 2.75953794353e+33 0 pwn_176
"Carina Sagittarius" 15.05397 -10.20873 0.00946 isolated 30.57150 15.15064 96.47577 0.03577 325.32018 52.85112 0.11557 18.1890 2.06282 0.101935 2.68171e-20 0.083025 2.12582e-14 0.113831 3.0495064184e+33 0 pwn_177
Norma -1.86158 2.80851 -0.01804 isolated 21.68250 11.46072 -9.34808 -0.09018 260.43211 -36.83125 0.10836 3.3695 2.15349 0.384549 5.62276e-20 0.174079 3.57931e-14 0.191661 6.22053544472e+33 0 pwn_178
Norma -0.78539 -6.79061 0.05975 isolated 22.23948 1.88213 -24.67655 1.81933 245.20852 -47.44741 0.67675 6.8359 1.76698 0.329913 6.16472e-19 1.90858 5.05296e-13 2.7057 2.87346745458e+33 0 pwn_179
Perseus -0.09487 2.25599 0.04701 isolated 23.66010 10.75651 -0.50534 0.25040 265.85833 -29.23593 0.12598 2.2580 2.06245 0.135395 4.99828e-20 0.154745 3.86945e-14 0.207197 3.06593977177e+33 0 pwn_180
"Carina Sagittarius" -0.27416 -14.39705 0.27955 isolated 20.57807 5.91003 -177.33816 2.71119 90.59763 28.01411 0.19942 14.3997 2.28826 0.303448 1.4981e-19 0.463808 9.23478e-14 0.494493 2.97401042125e+33 0 pwn_181
Perseus -13.32018 -6.89910 0.05925 isolated 12.92455 13.41616 -83.14671 0.25305 146.10623 -52.87855 0.05518 15.0008 2.11143 0.144844 3.31345e-20 0.102584 2.47051e-14 0.132288 3.03055081076e+33 0 pwn_182
Norma 9.71640 -2.82721 -0.00940 isolated 16.37548 11.25118 59.72207 -0.04784 295.87035 23.62558 0.08336 10.1194 2.39008 0.342376 1.18152e-19 0.365795 6.79719e-14 0.363968 8.10030653916e+33 0 pwn_183
Norma -2.95580 -3.81236 -0.06833 isolated 3.88161 5.54215 -32.23356 -0.70645 239.05393 -54.41438 0.04011 4.8240 2.11306 0.12107 2.52951e-19 0.78313 1.91455e-13 1.02518 3.75729222061e+33 0 pwn_184
Norma -4.75591 0.12840 0.05712 isolated 24.73019 9.85247 -28.86323 0.33217 242.12606 -51.41257 0.14376 4.7576 2.05273 0.157898 6.37727e-20 0.197439 4.89142e-14 0.26192 3.48337937149e+33 0 pwn_185
Norma -5.35430 -0.05918 -0.10621 isolated 13.80481 9.99636 -32.38834 -0.60879 238.74210 -54.43855 0.07909 5.3546 1.78712 0.264086 1.69317e-19 0.5242 1.43266e-13 0.767144 1.79193801751e+34 0 pwn_186
"Crux Scutum" 1.81830 2.80100 -0.01781 isolated 2.41015 11.44636 9.14038 -0.08914 271.57604 -21.08419 0.01206 3.3394 2.00478 0.214318 3.60509e-20 0.111613 2.74498e-14 0.146985 3.21508008139e+33 0 pwn_187
"Carina Sagittarius" -3.03503 6.47579 0.09134 isolated 30.60660 15.28051 -11.45654 0.34250 258.45105 -38.30351 0.11472 7.1517 2.08347 0.206647 1.84032e-20 0.0569759 1.34167e-14 0.071842 2.58292579109e+33 0 pwn_188
"Carina Sagittarius" 2.13089 -3.15097 0.12699 isolated 12.26023 5.75924 21.72084 1.26344 276.56015 -9.37752 0.12192 3.8039 2.22501 0.204605 3.95161e-19 1.22341 2.65381e-13 1.42103 6.52457112676e+33 0 pwn_189
"Carina Sagittarius" 3.43841 4.28913 0.01649 isolated 9.73406 13.24329 15.04836 0.07133 274.42407 -15.82695 0.04210 5.4972 1.85715 0.121326 3.24212e-20 0.100375 2.91641e-14 0.156164 3.82306941354e+33 0 pwn_190
"Carina Sagittarius" -5.16089 6.91011 0.02366 isolated 0.10000 16.25136 -18.51585 0.08343 252.99252 -44.05447 0.01000 8.6246 2.064 0.147229 2.70707e-20 0.0838102 2.07655e-14 0.111192 3.87686273219e+33 0 pwn_191
Perseus 3.44379 9.31882 -0.12330 isolated 16.91713 18.14897 10.93853 -0.38925 272.78613 -19.65711 0.05339 9.9348 1.94451 0.220781 1.54262e-20 0.0477592 1.21476e-14 0.0650465 3.82054459966e+33 0 pwn_192
Perseus 0.16493 1.69576 0.00146 isolated 16.23150 10.19709 0.92676 0.00821 266.94462 -28.13980 0.09117 1.7038 2.1241 0.24894 6.11594e-20 0.189348 4.24471e-14 0.227291 3.98393920623e+33 0 pwn_193
Perseus 5.96264 -2.04924 0.00491 isolated 20.68275 8.78439 42.74817 0.03205 287.34173 8.74216 0.13485 6.3050 2.23961 0.111288 3.17102e-19 0.981741 2.23247e-13 1.19542 9.98908930419e+33 0 pwn_194
Norma 6.21334 -6.11313 -0.01928 isolated 22.43302 6.65606 68.98557 -0.16598 301.38720 31.49826 0.19303 8.7164 1.88424 0.364979 8.19452e-20 0.2537 6.11992e-14 0.327702 4.38900153302e+33 0 pwn_195
"Crux Scutum" 6.98884 -9.66851 -0.09932 isolated 31.08776 7.08654 99.49184 -0.80303 330.14279 54.10300 0.25125 11.9300 2.11147 0.248859 1.04204e-19 0.322612 7.28565e-14 0.390123 3.33475780088e+33 0 pwn_196
"Carina Sagittarius" 1.07450 6.88896 -0.03908 isolated 8.57553 15.42648 3.99406 -0.14514 268.84837 -25.58084 0.03184 6.9723 2.33617 0.107145 3.1152e-20 0.0964458 2.07562e-14 0.111143 2.6927819443e+33 0 pwn_197
"Crux Scutum" 13.97568 8.87443 -0.01672 isolated 13.61027 22.29777 38.81258 -0.04296 285.58679 5.21212 0.03496 16.5552 1.88963 0.264374 1.06014e-20 0.0328216 8.39623e-15 0.0449591 4.78907273314e+33 0 pwn_198
"Carina Sagittarius" 3.62586 3.02687 -0.00696 isolated 15.70878 12.08369 17.46136 -0.03301 275.69660 -13.74853 0.07446 4.7232 2.10037 0.31628 2.36616e-20 0.0732556 1.60397e-14 0.0858876 2.63443630764e+33 0 pwn_199
"Carina Sagittarius" 0.21324 1.39024 0.01003 isolated 12.83776 9.89254 1.23514 0.05807 267.07674 -27.85001 0.07433 1.4065 1.835 0.18858 5.59463e-20 0.173208 4.84542e-14 0.259456 4.44484557855e+33 0 pwn_200
Perseus 6.18649 -1.89003 0.02940 isolated 5.82558 9.05346 43.10460 0.18603 287.36986 9.12943 0.03685 6.4688 1.82245 0.345451 2.58666e-20 0.0800825 2.02823e-14 0.108605 2.67185484313e+33 0 pwn_201
Norma -4.75430 -0.02516 -0.02270 isolated 20.58451 9.71735 -29.29201 -0.13384 242.12229 -52.04582 0.12132 4.7544 2.09039 0.333717 6.60706e-20 0.204553 4.46252e-14 0.238954 5.04776461187e+33 0 pwn_202
Norma 11.43104 3.80329 -0.02095 isolated 0.10000 16.79405 42.89531 -0.07147 287.50336 8.82493 0.01000 12.0471 2.09086 0.365688 1.51252e-20 0.0468273 1.00472e-14 0.0537997 3.75310972237e+33 0 pwn_203
"Crux Scutum" 1.27107 4.46189 -0.16168 isolated 10.68352 13.02506 5.60063 -0.71123 270.27568 -24.47229 0.04698 4.6394 1.93732 0.270853 1.7281e-20 0.0535017 1.32311e-14 0.0708485 2.52484755579e+33 0 pwn_204
Norma -2.83356 -4.49057 -0.12519 isolated 11.47262 4.91124 -35.24983 -1.46071 235.71175 -56.88662 0.13379 5.3098 1.96477 0.211041 2.52187e-19 0.780766 1.97336e-13 1.05667 4.34268528934e+33 0 pwn_205
Perseus -2.46053 10.82050 -0.03313 isolated 22.03812 19.47658 -7.25775 -0.09746 261.89196 -35.10677 0.06481 11.0967 2.28702 0.201026 2.21038e-20 0.0684329 1.43614e-14 0.0769008 3.83435285245e+33 0 pwn_206
"Carina Sagittarius" -8.46415 1.42073 0.03272 isolated 3.95308 13.04085 -40.47009 0.14374 225.89836 -58.40339 0.01736 8.5826 1.81014 0.107636 2.53999e-20 0.0786375 2.39184e-14 0.128075 3.00015667845e+33 0 pwn_207
"Crux Scutum" -7.29327 -2.46993 0.01481 isolated 11.45173 9.46329 -50.41608 0.08970 207.16386 -62.04081 0.06931 7.7002 2.04553 0.103296 1.01717e-19 0.314913 8.14827e-14 0.436314 4.62246426521e+33 0 pwn_208
Perseus 4.05714 8.23302 0.03875 isolated 11.31721 17.21789 13.62909 0.12894 273.66695 -17.04774 0.03765 9.1784 2.12508 0.113524 1.98171e-20 0.0613532 1.49621e-14 0.0801175 2.75886713788e+33 0 pwn_209
"Carina Sagittarius" 3.23805 5.14499 0.03856 isolated 6.40380 14.02399 13.34975 0.15753 273.50092 -17.27944 0.02615 6.0791 1.99925 0.185317 2.4645e-20 0.0763004 1.9197e-14 0.102794 3.1091865905e+33 0 pwn_210
Norma -0.88755 -0.45590 0.06238 isolated 14.23245 8.09316 -6.29627 0.44160 261.99662 -34.00787 0.10072 0.9978 2.10549 0.33489 3.51427e-19 1.08801 2.35246e-13 1.25967 1.827042485e+34 0 pwn_211
"Crux Scutum" -1.23970 0.39394 0.02903 isolated 15.44374 8.97997 -7.93516 0.18519 261.14054 -35.51021 0.09850 1.3008 1.68042 0.126433 3.60558e-20 0.111628 3.68092e-14 0.197101 2.52641578572e+33 0 pwn_212
"Crux Scutum" -7.13685 -1.13866 0.15802 isolated 26.40884 10.25421 -44.11291 0.88297 218.93634 -59.33953 0.14750 7.2271 2.29012 0.209814 5.45661e-20 0.168935 3.52249e-14 0.188618 2.66015010952e+33 0 pwn_213
"Carina Sagittarius" 1.88724 -1.92760 0.07979 isolated 15.76723 6.83846 16.02123 0.66857 274.35750 -14.68722 0.13205 2.6976 2.03309 0.253748 1.363e-19 0.421981 9.95163e-14 0.532878 4.58202365873e+33 0 pwn_214
Norma 2.03134 0.82961 0.00951 isolated 7.88651 9.54820 12.28335 0.05708 273.05659 -18.26344 0.04731 2.1942 2.2661 0.193483 2.67045e-19 0.826764 1.76288e-13 0.943966 1.1254184874e+34 0 pwn_215
"Crux Scutum" 14.49319 7.83316 0.00969 isolated 16.91490 21.83632 41.58418 0.02542 286.80590 7.70597 0.04437 16.4746 2.26391 0.178596 2.31567e-20 0.0716927 1.54343e-14 0.0826459 4.96951952675e+33 0 pwn_216
Norma 11.08076 7.29631 -0.13401 isolated 12.75609 19.29572 35.04880 -0.39791 284.17933 1.70233 0.03786 13.2672 2.01916 0.169967 1.33719e-20 0.0413991 1.03925e-14 0.0556485 3.00493369241e+33 0 pwn_217
Norma -1.34171 3.47116 0.28441 isolated 2.36456 12.04947 -6.39496 1.35249 261.02154 -33.58027 0.01124 3.7214 2.04843 0.367131 3.44802e-20 0.10675 2.34246e-14 0.125431 4.7153353765e+33 0 pwn_218
"Carina Sagittarius" -0.32535 0.29964 -0.06676 isolated 18.04660 8.80591 -2.11742 -0.43437 265.55103 -30.96712 0.11738 0.4423 2.12135 0.184718 1.72271e-19 0.533348 1.24429e-13 0.66628 7.28272450641e+33 0 pwn_219
Perseus -15.33809 -2.67008 0.03274 isolated 12.40426 16.40872 -69.18849 0.11431 167.72817 -60.37014 0.04330 15.5688 1.89283 0.264724 1.97119e-20 0.0610275 1.55767e-14 0.0834082 4.80373542968e+33 0 pwn_220
Norma -3.47927 -3.63178 0.05132 isolated 15.47124 5.98394 -35.55300 0.49139 233.19923 -55.49063 0.14808 5.0294 2.11874 0.152862 2.27112e-19 0.703132 1.67676e-13 0.897851 4.16203311155e+33 0 pwn_221
"Crux Scutum" 3.58797 2.26826 -0.01466 isolated 16.90456 11.35029 18.42799 -0.07399 276.19911 -12.91369 0.08530 4.2448 2.11499 0.253567 4.08932e-20 0.126604 2.84563e-14 0.152374 3.37787566639e+33 0 pwn_222
"Crux Scutum" -4.29753 -7.83961 -0.04662 isolated 22.97831 4.34823 -81.26385 -0.61428 147.61576 -54.75033 0.30266 8.9403 1.99808 0.348003 2.9892e-19 0.925448 2.11016e-13 1.12992 5.45526956525e+33 0 pwn_223
"Crux Scutum" 3.04969 1.07779 -0.08110 isolated 18.05100 10.05193 17.66214 -0.46228 276.18390 -13.77222 0.10285 3.2345 1.70847 0.191923 3.49278e-20 0.108136 3.29676e-14 0.176531 3.47247389197e+33 0 pwn_224
"Crux Scutum" 1.48169 4.53213 0.03435 isolated 4.95695 13.11613 6.48641 0.15006 269.93897 -23.27580 0.02165 4.7682 2.36221 0.106843 4.38038e-20 0.135616 2.8752e-14 0.153958 2.6582836389e+33 0 pwn_225
"Carina Sagittarius" 7.00484 -15.74632 -0.00499 isolated 30.59570 10.07854 135.97077 -0.02836 39.76139 60.09072 0.17387 17.2341 2.15856 0.258484 1.04337e-19 0.323025 7.06224e-14 0.37816 6.47625798265e+33 0 pwn_226
Norma 7.17174 -5.12404 0.02786 isolated 9.91922 7.92665 64.79221 0.20138 298.48598 28.12389 0.07167 8.8142 2.53977 0.333962 1.09754e-19 0.339796 5.89697e-14 0.315764 3.01588842824e+33 0 pwn_227
"Carina Sagittarius" 0.14720 7.25649 0.08872 isolated 0.41975 15.75743 0.53525 0.32261 266.40898 -28.31124 0.01000 7.2580 2.14119 0.354997 1.30728e-20 0.040473 8.49635e-15 0.0454953 2.57553637364e+33 0 pwn_228
Perseus 3.75026 -5.60475 -0.06136 isolated 17.96346 4.73821 52.33133 -0.74199 292.66292 16.83886 0.21714 6.7437 2.2433 0.285069 4.00214e-19 1.23905 2.54933e-13 1.36509 5.20303234935e+33 0 pwn_229
Norma 10.12936 1.23305 0.09099 isolated 7.75577 14.04794 46.14306 0.37113 288.63371 11.90838 0.03162 10.2041 2.20554 0.196413 4.46338e-20 0.138185 3.0455e-14 0.163077 4.4185678165e+33 0 pwn_230
Norma -2.84914 2.04556 -0.00974 isolated 29.85229 10.92367 -15.11889 -0.05108 256.01375 -41.47737 0.15652 3.5074 1.73441 0.319371 2.60399e-19 0.80619 2.19459e-13 1.17513 4.17636893196e+34 0 pwn_231
Norma -4.19651 16.97705 -0.02468 isolated 21.50999 25.82036 -9.35361 -0.05477 260.39180 -36.81567 0.04771 17.4880 2.0968 0.397635 4.27778e-21 0.0132439 2.78836e-15 0.0149308 2.71320842585e+33 0 pwn_232
Perseus -7.79634 9.41075 0.10845 isolated 15.34043 19.53432 -23.52291 0.31810 247.99533 -47.66484 0.04498 12.2207 2.18109 0.257609 1.70437e-20 0.0527669 1.13961e-14 0.0610226 3.84720429276e+33 0 pwn_233
"Carina Sagittarius" -6.04253 5.67510 0.19781 isolated 24.37914 15.41054 -23.08747 0.73548 247.98456 -47.06173 0.09061 8.2897 1.95417 0.11544 3.0675e-20 0.0949689 2.59013e-14 0.138693 4.25494384229e+33 0 pwn_234
Norma -1.46900 1.59529 -0.04610 isolated 17.94826 10.20171 -8.27919 -0.25893 261.35536 -36.04428 0.10076 2.1686 1.95322 0.363848 2.6283e-20 0.0813716 1.88702e-14 0.101044 2.95705840952e+33 0 pwn_235
Norma 9.12525 -3.29736 0.01880 isolated 0.10000 10.50419 60.31093 0.10257 296.04891 24.21101 0.01000 9.7027 2.324 0.244404 1.23399e-19 0.38204 7.6819e-14 0.411341 6.49338793412e+33 0 pwn_236
