sky_model/pwn/ctadc_skymodel_gps_sources_pwn.ecsv
# %ECSV 0.9
# ---
# datatype:
# - {name: x, unit: kpc, datatype: float64, description: Galactocentric x coordinate}
# - {name: y, unit: kpc, datatype: float64, description: Galactocentric y coordinate}
# - {name: z, unit: kpc, datatype: float64, description: Galactocentric z coordinate}
# - {name: spiralarm, datatype: string}
# - {name: GLON, unit: deg, datatype: float64, description: Galactic longitude}
# - {name: GLAT, unit: deg, datatype: float64, description: Galactic latitude}
# - {name: RA, unit: deg, datatype: float64}
# - {name: DEC, unit: deg, datatype: float64}
# - {name: distance, unit: pc, datatype: float64, description: Distance observer to
#     source center}
# - {name: sigma, unit: deg, datatype: float64, description: Angular size}
# - {name: size_physical, unit: pc, datatype: float64, description: Physical size}
# - {name: spec_alpha, datatype: float64, description: Spectral model parameter (log
#     parabola)}
# - {name: spec_beta, datatype: float64, description: Spectral model parameter (log
#     parabola)}
# - {name: spec_norm, unit: 1 / (cm2 MeV s), datatype: float64, description: Spectral
#     model norm parameter (log parabola)}
# - {name: spec_norm_cu, unit: '%', datatype: float64, description: Spectral model norm
#     parameter (log parabola) in crab units}
# - {name: int_flux_above_1TeV, unit: 1 / (cm2 s), datatype: float64, description: 'Integral
#     flux above 1 TeV '}
# - {name: int_flux_above_1TeV_cu, unit: '%', datatype: float64, description: Integral
#     flux above 1 TeV in crab units}
# - {name: source_name, datatype: string, description: source name}
x y z spiralarm GLON GLAT RA DEC distance sigma size_physical spec_alpha spec_beta spec_norm spec_norm_cu int_flux_above_1TeV int_flux_above_1TeV_cu source_name
[from data line 427]
5.60267067783 -4.33038313532 0.0616419001781 Perseus 53.3426574097 0.505691854468 292.022066501 18.3242082714 6984.22674649 0.182532080789 22.2503256696 1.7723346176 0.250405849124 2.04487515057e-21 0.0063308828191 1.76452388362e-15 0.00944846098149 pwn_427
10.7131390538 -7.1952784021 0.0257007220753 "Crux Scutum" 83.056311114 0.136443640947 311.340046163 43.1644506218 10792.3263184 0.0861153075544 16.2208317586 2.30959507029 0.2630481742 4.94855237131e-20 0.153205955768 3.07582303249e-14 0.164700484807 pwn_428
3.70742680222 -4.9322114901 0.0840597679065 Perseus 46.0995829268 0.935968752939 288.101461819 12.131837804 5145.988184 0.263219456516 23.6410736326 2.25648756817 0.106641002019 1.85812768178e-18 5.75271728105 1.29863737364e-12 6.95378774289 pwn_429
1.21387255835 11.0085856367 -0.00627321641946 Perseus 3.56049518536 -0.0183885722989 268.483665192 -25.890849686 19546.3152406 0.0146819022676 5.00869520887 2.24906794345 0.246130583161 6.95461646792e-20 0.215313203341 4.50514105639e-14 0.241235893051 pwn_430
3.0809581803 5.121877745 -0.0022935393025 "Carina Sagittarius" 12.7445658775 -0.00940931968494 273.350736853 -17.8906831995 13965.9536684 0.0604397947934 14.7323187516 1.90048751455 0.0264099488 2.29569002048e-20 0.0710739944422 2.17367443247e-14 0.116393312963 pwn_431
8.14490503967 7.94545823087 -0.11315089967 Norma 26.3477303321 -0.353259530012 280.162387753 -6.01899932614 18352.2581078 0.0151974633658 4.86785901483 2.31946547456 3.62248192461e-05 2.00622525054e-20 0.0621122368589 1.44758175295e-14 0.0775133725152 pwn_432
2.15483844471 4.31070936822 -0.0520955103415 "Carina Sagittarius" 9.54811547209 -0.229767673487 271.920213978 -20.7966196973 12990.7781592 0.0359675230597 8.15498416029 2.19589493494 0.440160965832 3.39511805648e-19 1.05112014132 2.0625429914e-13 1.10442579768 pwn_433
-1.64901936627 2.87826714596 -0.00187564784636 Perseus -8.24629685611 -0.00934725544981 261.123064139 -35.8768892652 11497.1401502 0.0276139038151 5.54108783467 1.97704363847 0.207794351043 3.65090527508e-19 1.13031123068 2.8408669172e-13 1.52119336383 pwn_434
3.19893786596 5.74406225248 -0.0552503660532 "Carina Sagittarius" 12.6575011292 -0.216838791933 273.498376445 -18.0664286668 14598.9576863 0.0463375331627 11.8068004165 1.96399877036 0.453709899477 1.81052343199e-22 0.000560533570276 1.23300083968e-16 0.00066023250986 pwn_435
4.98372315052 -3.32247483068 0.0155678101781 Perseus 43.9073496427 0.12411904837 287.801404591 9.81284329732 7186.41118199 0.0986391420814 12.3719781802 2.36781244586 0.248153679864 2.73343046625e-21 0.00846263302246 1.65954863895e-15 0.00888635212459 pwn_436
1.29314282981 -15.542037314 -0.0136954978964 "Carina Sagittarius" 169.594591641 -0.109597337465 79.4662003151 37.5836266122 7159.79716725 0.227968012455 28.4874969283 1.95791878291 0.215554147294 9.58267888574e-21 0.0296677364884 7.50833179337e-15 0.0402047150761 pwn_437
0.16201059085 -0.597920791565 0.00352019940837 "Carina Sagittarius" 1.17452920428 0.0255186228584 267.072875698 -27.9187283833 7903.74061061 0.0654175971563 9.02411919969 2.19109694206 0.147956070329 1.39612541726e-20 0.0432236971287 9.89154458471e-15 0.0529660572595 pwn_438
0.370549546644 -10.4627946904 -0.0091518426931 "Crux Scutum" 169.309142256 -0.262511763429 79.1000790069 37.728010786 1997.48685087 0.42906785253 14.9587530253 2.41018709604 0.0408444687965 1.99375143205e-19 0.617260505277 1.32381964767e-13 0.708863076531 pwn_439
3.61324618582 8.25650884015 -0.0352294973263 Perseus 12.168508508 -0.117754053205 273.160054281 -18.4481382857 17141.6853788 0.0822747107192 24.6148701899 2.67280278767 0.154847324632 7.34187326704e-20 0.227302577927 3.98424347168e-14 0.213343493576 pwn_440
-0.959445833391 -2.17865176972 0.00816511199955 "Carina Sagittarius" -8.6304073262 0.0731693516103 260.770953614 -36.1474963401 6393.75057574 0.22166100858 24.7357184757 2.59916193733 0.304235132587 6.94538767586e-20 0.215027482225 3.67178990661e-14 0.196612604607 pwn_441
-7.10337148901 -2.84236337843 0.217033749456 "Crux Scutum" -51.4636592228 1.36907685662 204.475775114 -60.9960539329 9083.71302392 0.14429095664 22.8760377129 2.37024682926 0.381393173611 1.00975488937e-18 3.12617612807 5.77081523365e-13 3.09008696753 pwn_442
-0.519406412823 -4.78783072955 0.0634105510365 Perseus -7.96511007982 0.969180850982 260.327748729 -35.0912685449 3748.8671105 0.148242756776 9.69955623371 1.64822659453 0.270412758827 4.7724245466e-18 14.7753081938 4.41441356974e-12 23.6377726349 pwn_443
6.81606906997 -0.434055272325 -0.0222094873125 Perseus 40.1992428722 -0.120500133875 286.295131573 6.40889327904 10560.244087 0.0846433103792 15.6007069944 1.89328547117 0.379127921848 2.13752658253e-20 0.0661772935769 1.57517261122e-14 0.0843454548529 pwn_444
-1.87843594997 0.584534771785 -0.0267307813206 "Carina Sagittarius" -11.6825772251 -0.165097022699 258.808928559 -38.7835132194 9276.74555933 0.0420259761554 6.80441667617 1.93557384376 0.0788757958295 7.27175793678e-20 0.225131824668 6.40662412251e-14 0.343054229 pwn_445
-2.00825560155 0.729655409784 0.0556725283684 "Carina Sagittarius" -12.2754950792 0.337697885165 257.839007379 -38.9684386577 9445.77836787 0.0416520091655 6.86674864719 2.59594494977 0.29161996584 9.98801031988e-20 0.309226325693 5.31427484265e-14 0.284562419143 pwn_446
6.84535134974 4.4339443496 -0.00152524541959 Perseus 27.8902432886 -0.00597183264991 280.561169612 -4.48856137637 14633.719755 0.0544861680348 13.9161306587 1.89020461771 0.441301613513 3.60439357137e-21 0.011159113224 2.57238936899e-15 0.0137743222451 pwn_447
8.90681251008 9.97005798387 -0.0487954044364 Norma 25.7447504545 -0.136342414334 279.690484101 -6.45553960613 20505.5293033 0.0629838173516 22.5412245638 2.21584991313 0.10898010382 2.08907013087e-20 0.064677093835 1.49451330472e-14 0.0800264069931 pwn_448
2.13691028059 0.440375220982 0.079299783879 Perseus 13.4425193459 0.494269716576 273.238058329 -17.036711866 9192.55041297 0.102850173754 16.5013275107 2.13026011898 0.113834469196 7.05874016111e-19 2.18536847093 5.31070995197e-13 2.8437153065 pwn_449
-1.8261478828 7.57621874026 0.046779235911 "Carina Sagittarius" -6.48062772483 0.165655792078 262.150518116 -34.3143218463 16179.672845 0.094763708878 26.7602119795 1.81946183717 0.374216256534 2.12932553298e-22 0.000659233911139 1.64369470828e-16 0.000880145939699 pwn_450
-1.77251573878 4.74191514879 -0.0272256054945 "Crux Scutum" -7.6240901297 -0.116759567309 261.661617126 -35.4217377143 13360.0475331 0.107949098139 25.1712569584 2.21454720289 0.406028392424 1.34626764055e-20 0.0416801127104 8.22379703618e-15 0.0440358025967 pwn_451
-6.20264374852 2.27477323163 0.00106974535986 "Crux Scutum" -29.9274638046 0.00492994992061 241.200528564 -52.3683022563 12432.559222 0.0110596934073 2.39983286971 2.21948882586 0.124023164847 9.48486836536e-20 0.293649175398 6.70544740473e-14 0.359055259922 pwn_452
-0.119278556103 -4.35017845747 0.0433228927898 Perseus -1.64640254285 0.597882126793 264.824868917 -30.020604992 4151.76144327 0.244171645643 17.6932501751 1.72326753548 0.165784902094 4.69936504636e-19 1.45491177906 4.48575577821e-13 2.40197873412 pwn_453
-8.23645177431 -0.872926143466 -0.0397098503333 "Crux Scutum" -47.1998656029 -0.202681525344 213.875702217 -61.453293257 11225.5498892 0.0962310141351 18.8538680335 2.46686323412 0.315884700225 2.32580311094e-20 0.0720062882645 1.30319342116e-14 0.0697818392004 pwn_454
3.56385145052 -10.5484328367 -0.0635529550235 "Crux Scutum" 119.889455687 -0.885762950669 6.40423194969 61.8333561244 4111.10121818 0.402688230275 28.8942631886 1.47404699134 0.199215856595 4.01326865213e-19 1.24249803472 4.49152210305e-13 2.40506641663 pwn_455
1.56679425378 -2.4853233666 0.0822391949222 "Carina Sagittarius" 14.6007880649 0.758066242259 273.57474983 -15.8935747917 6215.94260939 0.0199229404735 2.16141329496 1.92277285413 0.312005485065 1.63408093098e-19 0.505907408973 1.23061561935e-13 0.658955300669 pwn_456
-7.40798152664 -2.30598806055 -0.0847933658854 "Crux Scutum" -50.1001003421 -0.503110008999 208.115221964 -62.5464110868 9656.66423358 0.0986709895669 16.630082807 2.39159108816 0.248215016048 1.96499455062e-20 0.0608357446012 1.17825627688e-14 0.0630918547583 pwn_457
-3.36279789129 -2.56036240388 -0.0326464943438 Norma -29.5168962128 -0.274043949215 242.005355916 -52.3009423367 6825.59669366 0.0615588323582 7.3334533164 1.74202264996 0.386825654539 9.77076107835e-19 3.02500342983 7.84477618207e-13 4.20062671597 pwn_458
-0.303435907845 -6.23020853313 0.189791088544 Norma -7.61441064705 4.73777658461 256.88623897 -32.6094041998 2297.83535322 0.0755079095216 3.0282308028 2.20507977587 0.422944323457 1.90637775678e-18 5.90209831821 1.16144293433e-12 6.21915540457 pwn_459
-3.70605112096 5.11941780171 -0.0805651332364 "Crux Scutum" -15.2224743613 -0.327035516079 256.222998945 -41.7271659598 14114.8803363 0.0740261029598 18.2364246601 1.71109188352 0.431913604653 3.74653891104e-21 0.0115991916751 2.9823763412e-15 0.0159696713395 pwn_460
13.4624465666 -2.52249865631 -0.000852370232262 "Crux Scutum" 66.0581565592 -0.0033155308515 299.433070921 29.1002455621 14729.8333528 0.091449388653 23.5102028523 2.07209275667 0.305762538865 5.0515307552e-21 0.0156394141028 3.49908509287e-15 0.0187364814259 pwn_461
8.81885719219 -3.03699448831 0.0192009605147 Norma 58.2230834682 0.106048691298 294.918560033 22.3995152919 10373.8633148 0.130204664226 23.5746459212 1.40586806605 0.30629205226 1.41611582903e-19 0.438425953261 1.51423827148e-13 0.810826158696 pwn_462
-7.82543416461 0.786616444765 -0.0168442309843 "Crux Scutum" -40.1194050037 -0.079471048615 226.690850715 -58.4259580886 12144.0910975 0.0111453789823 2.36231185848 1.84722848949 0.22482344941 3.10580375809e-20 0.0961549151111 2.59748003809e-14 0.139086747524 pwn_463
14.4961533876 -0.191640158754 -0.0699018884642 "Crux Scutum" 60.1811502204 -0.239704799255 296.302513785 23.9275022717 16708.446743 0.0448976647879 13.0929433357 1.63712356585 0.0138070224817 1.4968875816e-20 0.0463432687803 1.77895206284e-14 0.095257192661 pwn_464
3.573442873 3.62088842122 -0.0398104351563 "Carina Sagittarius" 16.4264083012 -0.180503436343 275.329095112 -14.7313820641 12636.7327643 0.0125478497758 2.76746085429 1.97947087736 0.149590109732 1.19325762535e-20 0.0369429605372 9.65419213326e-15 0.0516951108035 pwn_465
3.85823049896 -0.0682645311897 0.0145240406175 "Carina Sagittarius" 24.5880927049 0.0897450998157 278.953037425 -7.3791432436 9272.5571741 0.0528935290849 8.5601141319 1.97543058125 0.0318488592504 4.36980489512e-21 0.0135288077248 3.89346407105e-15 0.0208482547047 pwn_466
3.43616703484 4.62782678893 0.022641459585 "Carina Sagittarius" 14.6679247827 0.0955969928812 274.213977985 -16.1502625714 13570.0992158 0.0295318613102 6.99441262343 1.89790074861 0.21889262443 2.01474564328e-20 0.0623760261077 1.63686102708e-14 0.0876486722005 pwn_467
-3.95581724373 6.42433977753 0.0342756521212 "Carina Sagittarius" -14.8453378198 0.1271946142 256.046565103 -41.1517857479 15439.7403696 0.0283135392289 7.62977192977 2.33937395897 0.424742624491 2.79268531551e-20 0.0864608456814 1.59173451516e-14 0.0852322918324 pwn_468
-9.43826767087 -7.76795427275 -0.101292398779 "Carina Sagittarius" -85.5649354879 -0.61303917672 142.210136371 -51.9054740191 9467.15626384 0.0675445126369 11.1605908421 1.83393611884 0.298401008852 2.47999912465e-22 0.000767801586578 1.98934022107e-16 0.00106522805569 pwn_469
2.73103622308 -3.96645932014 0.0408617592567 Perseus 31.0650500922 0.44234639716 281.614207859 -1.4596102145 5292.75161245 0.101788413549 9.40281049131 2.29031600196 0.337766299135 9.02109473663e-20 0.279290858719 5.4670745434e-14 0.29274435436 pwn_470
13.6197743154 -11.9287009355 -0.109724805522 "Carina Sagittarius" 104.130268459 -0.447615833331 336.550547541 57.025224495 14045.1515492 0.117951199112 28.9139064221 2.58878273099 0.0940039858885 2.51171667883e-20 0.0777621262796 1.46415702351e-14 0.0784009252347 pwn_471
-10.1046326076 1.54165747277 -0.0964784641786 "Carina Sagittarius" -45.1790998577 -0.388028984507 217.940570453 -60.9226864572 14245.9746254 0.0464092952578 11.5391708226 2.14171924509 0.130976574851 1.40019708959e-20 0.0433497550957 1.03384519548e-14 0.0553591032748 pwn_472
7.85266409982 -0.333292983507 0.0457282935345 Perseus 43.8769203811 0.231255125572 287.690712302 9.83538210125 11329.6746659 0.136409089064 26.9736014361 1.84269893863 0.0815660764864 9.19013884201e-21 0.0284524422353 8.64419464594e-15 0.0462868973251 pwn_473
-6.28381175576 5.71113305604 -0.015855753338 "Carina Sagittarius" -23.8538296426 -0.0584658703906 248.068661992 -48.1637355655 15538.4312053 0.0245472276962 6.65712964233 1.72519844554 0.42134438113 3.1868704617e-22 0.000986647201766 2.53130380894e-16 0.0013554322213 pwn_474
-9.34590856218 -0.196008690327 -0.0645037641173 "Carina Sagittarius" -48.3783908697 -0.295611403198 211.567169673 -61.8982973309 12502.2573665 0.106586871663 23.257874314 1.88706446996 0.140156506494 1.72007942534e-19 0.532532329827 1.49217404054e-13 0.799011468789 pwn_475
1.85407983553 3.83817112909 -0.0643855432097 "Crux Scutum" 8.54599827069 -0.295670066235 271.457803889 -21.7037205637 12476.8675694 0.0149112041067 3.24709995609 2.31139281622 0.281163154851 1.01013612794e-20 0.0312735643324 6.21763791683e-15 0.0332934622193 pwn_476
10.4212511217 -2.19677250602 -0.0647825095861 Norma 58.8326204006 -0.304759457814 295.631623167 22.7261593093 12179.3821089 0.0690738588731 14.6830593051 2.14667722049 0.0705643065095 4.77740815732e-21 0.0147907373292 3.66635240094e-15 0.0196321443571 pwn_477
3.34989140585 -2.55728128644 -0.0338153536771 "Carina Sagittarius" 29.4098160432 -0.284008052437 281.504923664 -3.26389036289 6821.93679372 0.0139117908363 1.65641100347 2.38103856488 0.0619944541637 3.66997467815e-20 0.113621507063 2.44729728267e-14 0.131044941359 pwn_478
1.77903139871 6.56021653479 0.0175670028917 "Carina Sagittarius" 6.73700801949 0.066371208671 270.15343448 -23.0999071552 15164.9392809 0.092882021388 24.5838604601 2.3310992638 0.173791681608 1.12664216711e-20 0.0348805624491 7.24831041843e-15 0.0388123837859 pwn_479
1.67699538726 19.3186795948 0.0315120982642 "Crux Scutum" 3.44979058164 0.0647851641799 268.341542098 -25.9440767841 27869.1987854 0.0587527222633 28.5778792742 2.14224319556 0.16517657903 1.02615795306e-20 0.0317695960701 7.40857563681e-15 0.0396705527666 pwn_480
-12.4539144973 6.27202536599 -0.0890820644271 Perseus -40.1333761812 -0.264163879678 226.843179654 -58.5932162874 19321.5075844 0.01 3.37223927221 2.2420464785 0.164426616906 8.77833044998e-20 0.271774936532 5.9740747233e-14 0.319892592261 pwn_481
-0.400320179538 3.92406341213 0.224734502136 "Crux Scutum" -1.84550924995 1.03575272686 264.274760044 -29.9546879858 12432.54252 0.129517378487 28.1038685834 2.65657386283 0.30046639351 6.41585005406e-21 0.0198633128609 3.30807134021e-15 0.0177136638796 pwn_482
0.828470538062 6.02852689031 -0.245955659746 "Carina Sagittarius" 3.26368360051 -0.968303650381 269.231526 -26.6261170616 14554.2073374 0.0926930742587 23.545807561 2.52469686785 0.15799507802 1.53987556588e-20 0.0476741661264 8.99554010314e-15 0.0481682398641 pwn_483
6.1972255301 -9.9107344851 0.00205602504216 "Crux Scutum" 102.824257094 0.0185345923803 334.080416531 56.7085416586 6355.76748202 0.105680592175 11.7230630012 2.00917619493 0.384367934487 3.36529536558e-21 0.0104188711009 2.31562799033e-15 0.0123994471922 pwn_484
7.22012168034 10.9491190564 0.0641918002571 Norma 20.3665018552 0.177282343268 276.896163313 -11.0817202726 20746.1444548 0.0756512631639 27.3924704258 2.39690383258 0.0453353841233 9.64412692134e-24 2.98579780847e-05 6.43654889019e-18 3.4465660459e-05 pwn_485
