sky_model/pwn/ctadc_skymodel_gps_sources_pwn.ecsv
# %ECSV 0.9
# ---
# datatype:
# - {name: galactocentric_x, unit: kpc, datatype: float64, format: '%.5f', description: Galactocentric
#     x coordinate}
# - {name: galactocentric_y, unit: kpc, datatype: float64, format: '%.5f', description: Galactocentric
#     y coordinate}
# - {name: galactocentric_z, unit: kpc, datatype: float64, format: '%.5f', description: Galactocentric
#     z coordinate}
# - {name: spiralarm, datatype: string}
# - {name: GLON, unit: deg, datatype: float64, format: '%.5f', description: Galactic
#     longitude}
# - {name: GLAT, unit: deg, datatype: float64, format: '%.5f', description: Galactic
#     latitude}
# - {name: RA, unit: deg, datatype: float64, format: '%.5f'}
# - {name: DEC, unit: deg, datatype: float64, format: '%.5f'}
# - {name: distance, unit: kpc, datatype: float64, format: '%.5f'}
# - {name: sigma, unit: deg, datatype: float64, format: '%.5f', description: Angular
#     size}
# - {name: size_physical, unit: pc, datatype: float64, format: '%.5f', description: Physical
#     size}
# - {name: spec_alpha, datatype: float64, format: '%5g', description: Spectral model
#     parameter (log parabola)}
# - {name: spec_beta, datatype: float64, format: '%5g', description: Spectral model
#     parameter (log parabola)}
# - {name: spec_norm, unit: 1 / (cm2 MeV s), datatype: float64, format: '%5g', description: Spectral
#     model norm parameter (log parabola)}
# - {name: spec_norm_cu, unit: '%', datatype: float64, format: '%5g', description: Spectral
#     model norm parameter (log parabola) in crab units}
# - {name: int_flux_above_1TeV, unit: 1 / (cm2 s), datatype: float64, format: '%5g',
#   description: 'Integral flux above 1 TeV '}
# - {name: int_flux_above_1TeV_cu, unit: '%', datatype: float64, format: '%5g', description: Integral
#     flux above 1 TeV in crab units}
# - {name: source_name, datatype: string, description: source name}
# - {name: galactocentric_r, unit: kpc, datatype: float64, format: '%0.4f', description: Galactocentric
#     radius in the xy plan}
galactocentric_x galactocentric_y galactocentric_z spiralarm GLON GLAT RA DEC distance sigma size_physical spec_alpha spec_beta spec_norm spec_norm_cu int_flux_above_1TeV int_flux_above_1TeV_cu source_name galactocentric_r
[from data line 456]
-0.00280 6.67512 -0.03877 "Carina Sagittarius" -0.01057 -0.14637 266.54156 -29.02139 15.17517 0.01000 2.64857 1.92277 0.312005 2.7417e-20 0.0848825 2.06476e-14 0.110561 pwn_456 6.6751
-10.53780 -4.86775 -0.01154 "Carina Sagittarius" -70.98155 -0.05933 164.29522 -59.80828 11.14623 0.08548 16.63008 2.39159 0.248215 1.47489e-20 0.0456622 8.84378e-15 0.0473556 pwn_457 11.6078
-3.54554 -1.53776 0.04919 Norma -26.98759 0.36070 244.25526 -50.10674 7.81320 0.05378 7.33345 1.74202 0.386826 7.45679e-19 2.3086 5.98693e-13 3.20581 pwn_458 3.8647
0.87825 -14.94097 -0.02268 "Carina Sagittarius" 172.23543 -0.19992 81.24327 35.36084 6.50061 0.02669 3.02823 2.20508 0.422944 2.38198e-19 0.737455 1.4512e-13 0.777071 pwn_459 14.9668
1.29014 2.40460 -0.01409 Perseus 6.74741 -0.07352 270.29114 -23.16023 10.98066 0.09516 18.23643 1.71109 0.431914 6.19053e-21 0.0191657 4.92788e-15 0.0263872 pwn_460 2.7288
-4.95835 3.05428 -0.00543 "Crux Scutum" -23.22588 -0.02473 248.66859 -47.68018 12.57326 0.10713 23.51021 2.07209 0.305763 6.93303e-21 0.0214645 4.80236e-15 0.0257151 pwn_461 5.8236
2.18009 -0.86195 0.00040 "Carina Sagittarius" 15.93008 0.00290 274.91958 -15.08263 7.94308 0.17005 23.57467 1.40587 0.306292 2.41547e-19 0.747823 2.58284e-13 1.38303 pwn_462 2.3443
-1.06257 10.34277 -0.02922 Perseus -3.22756 -0.08870 264.51766 -31.72409 18.87272 0.01000 3.29391 1.84723 0.224823 1.28598e-20 0.0398137 1.07551e-14 0.0575899 pwn_463 10.3972
-3.28564 -4.46329 0.02771 Norma -39.14348 0.30505 227.91738 -57.60241 5.20492 0.14413 13.09297 1.63712 0.013807 1.54253e-19 0.477562 1.83319e-13 0.981615 pwn_464 5.5422
0.92687 6.20829 0.06648 "Carina Sagittarius" 3.60582 0.25845 268.24426 -25.71130 14.73761 0.01076 2.76746 1.97947 0.14959 8.77303e-21 0.0271611 7.09792e-15 0.0380071 pwn_465 6.2771
2.61351 -11.19533 0.05983 "Crux Scutum" 135.88297 0.91301 40.37728 60.98635 3.75484 0.13062 8.56013 1.97543 0.0318489 2.66488e-20 0.082504 2.37439e-14 0.127141 pwn_466 11.4963
-0.72482 1.10911 0.01979 "Crux Scutum" -4.31367 0.11768 263.62156 -32.52804 9.63642 0.04159 6.99441 1.8979 0.218893 3.99535e-20 0.123695 3.24598e-14 0.173812 pwn_467 1.3249
-5.72774 -13.12733 0.01698 "Carina Sagittarius" -128.93409 0.13214 111.47415 -16.01850 7.36339 0.05937 7.62977 2.33937 0.424743 1.22785e-19 0.38014 6.99834e-14 0.374739 pwn_468 14.3225
0.43688 3.35910 0.10719 Norma 2.10979 0.51749 267.14179 -26.86375 11.86763 0.05388 11.16059 1.83394 0.298401 1.5782e-22 0.000488607 1.26596e-16 0.000677881 pwn_469 3.3874
0.83850 7.40316 -0.03240 "Carina Sagittarius" 3.01815 -0.11659 268.27137 -26.40802 15.92528 0.03383 9.40280 2.29032 0.337766 9.96433e-21 0.0308493 6.0387e-15 0.0323353 pwn_470 7.4505
-6.31220 5.34620 0.00627 "Carina Sagittarius" -24.50726 0.02360 247.30386 -48.58279 15.21714 0.10887 28.91390 2.58878 0.094004 2.13972e-20 0.0662453 1.24731e-14 0.0667895 pwn_471 8.2720
8.76370 -2.86070 -0.02220 Norma 57.23938 -0.12205 294.61146 21.43074 10.42135 0.06344 11.53917 2.14172 0.130977 2.61653e-20 0.0810071 1.93193e-14 0.103449 pwn_472 9.2188
-4.49229 -0.20333 0.03110 Norma -28.43367 0.18889 242.78683 -51.22679 9.43485 0.16380 26.97362 1.8427 0.0815661 1.32522e-20 0.0410284 1.24649e-14 0.0667457 pwn_473 4.4969
1.14498 -2.95808 -0.01627 "Carina Sagittarius" 11.67325 -0.16472 272.95234 -18.90505 5.65899 0.06740 6.65713 1.7252 0.421344 2.40271e-21 0.00743873 1.90845e-15 0.0102191 pwn_474 3.1719
-3.27330 -0.97871 -0.00821 Perseus -23.51888 -0.05737 248.40856 -47.91768 8.20270 0.16246 23.25791 1.88706 0.140157 3.99587e-19 1.23711 3.46643e-13 1.85616 pwn_475 3.4165
0.13213 2.14866 0.01294 Perseus 0.71091 0.06960 266.75817 -28.29267 10.64949 0.01747 3.24710 2.31139 0.281163 1.38654e-20 0.042927 8.53451e-15 0.0456996 pwn_476 2.1527
-2.63509 -5.61868 -0.08967 Norma -42.44425 -1.31562 223.82406 -60.62157 3.90560 0.21540 14.68312 2.14668 0.0705643 4.64587e-20 0.143835 3.56541e-14 0.190916 pwn_477 6.2059
-4.45249 -3.56831 -0.03391 Norma -42.07676 -0.29243 223.54404 -59.54341 6.64435 0.01428 1.65641 2.38104 0.0619945 3.86877e-20 0.119776 2.57986e-14 0.138143 pwn_478 5.7059
7.59994 -5.14385 0.00403 Norma 66.17361 0.02780 299.47170 29.21496 8.30800 0.16954 24.58391 2.3311 0.173792 3.75383e-20 0.116218 2.41505e-14 0.129318 pwn_479 9.1770
3.11144 -2.27426 -0.03523 "Carina Sagittarius" 26.55450 -0.29001 280.20103 -5.80622 6.96003 0.23526 28.57803 2.14224 0.165177 1.64528e-19 0.509375 1.18785e-13 0.636055 pwn_480 3.8540
-1.56931 8.33712 -0.00685 "Carina Sagittarius" -5.32488 -0.02320 263.10639 -33.45307 16.91010 0.01000 2.95137 2.24205 0.164427 1.14604e-19 0.354813 7.79938e-14 0.417632 pwn_481 8.4835
6.51097 4.98327 0.01874 Perseus 25.77554 0.07172 279.51867 -6.33273 14.97303 0.10754 28.10385 2.65657 0.300466 4.42338e-21 0.0136947 2.28074e-15 0.0122126 pwn_482 8.1991
7.31643 0.16706 0.00588 Perseus 40.16988 0.02969 286.14729 6.45174 11.34232 0.11894 23.54582 2.5247 0.157995 2.53547e-20 0.0784976 1.48116e-14 0.0793111 pwn_483 7.3183
-4.06202 -13.27509 -0.05100 "Carina Sagittarius" -139.61323 -0.46610 105.85697 -6.84460 6.26930 0.10714 11.72306 2.00918 0.384368 3.45877e-21 0.0107083 2.37995e-15 0.0127438 pwn_484 13.8827
0.70102 7.32087 -0.03699 "Carina Sagittarius" 2.53710 -0.13382 268.01410 -26.83088 15.83644 0.09911 27.39248 2.3969 0.0453354 1.65509e-23 5.12413e-05 1.10462e-17 5.91488e-05 pwn_485 7.3544
-10.82648 -5.02329 -0.01953 "Carina Sagittarius" -72.19660 -0.09841 162.10807 -59.30822 11.37104 0.05008 9.93951 2.27576 0.162393 8.14146e-20 0.252058 5.4397e-14 0.291279 pwn_486 11.9351
5.97153 -4.44351 -0.02306 Norma 55.81150 -0.18299 293.92177 20.15527 7.21906 0.10445 13.15987 2.44092 0.334597 2.66171e-19 0.824059 1.49862e-13 0.802461 pwn_487 7.4434
-2.12167 -9.74093 0.01593 "Crux Scutum" -120.32271 0.37127 116.15169 -23.42541 2.45798 0.09918 4.25464 2.30148 0.301466 3.13321e-18 9.70033 1.91993e-12 10.2806 pwn_488 9.9693
-3.97100 0.90640 -0.10963 Norma -22.88748 -0.61520 249.65720 -47.82646 10.21083 0.11343 20.21502 1.80775 0.0597578 1.50403e-20 0.0465645 1.48191e-14 0.0793515 pwn_489 4.0731
-6.91884 4.67828 0.07970 "Carina Sagittarius" -27.70031 0.30680 243.50690 -50.63876 14.88435 0.01000 2.59781 1.61409 0.219737 1.45747e-20 0.045123 1.4392e-14 0.0770644 pwn_490 8.3520
2.00264 -2.84043 -0.00351 "Carina Sagittarius" 19.48632 -0.03349 276.66827 -11.95881 6.00344 0.14615 15.31395 2.27179 0.154611 1.37792e-20 0.04266 9.26939e-15 0.0496346 pwn_491 3.4754
1.59688 19.32553 0.01198 "Crux Scutum" 3.28454 0.02462 268.28666 -26.10683 27.87132 0.04309 20.96292 2.67079 0.315935 8.54343e-21 0.0264502 4.35191e-15 0.0233031 pwn_492 19.3914
6.12381 -2.32315 0.01244 Perseus 44.75296 0.08194 288.23713 10.54284 8.69797 0.16399 24.89577 1.8673 0.0649351 2.65762e-20 0.0822792 2.49102e-14 0.133386 pwn_493 6.5497
-0.99655 -4.74019 0.05734 Perseus -14.84509 0.84454 255.29505 -40.71334 3.89006 0.08500 5.77112 2.04357 0.335283 3.36857e-20 0.10429 2.33355e-14 0.124954 pwn_494 4.8438
3.70598 0.07391 -0.00964 "Carina Sagittarius" 23.37589 -0.05913 278.52289 -8.52375 9.34058 0.14098 22.98279 1.78928 0.231916 9.52132e-20 0.294778 8.234e-14 0.440904 pwn_495 3.7067
-12.49103 4.79766 0.04156 Perseus -43.20846 0.13050 221.16731 -59.65917 18.24433 0.06904 21.98526 2.45335 0.137445 1.6965e-19 0.525233 1.04021e-13 0.557 pwn_496 13.3807
-4.18858 -8.87663 0.03697 "Crux Scutum" -95.13813 0.50361 133.60581 -44.15603 4.20564 0.23761 17.44116 1.40845 0.373722 3.1036e-19 0.960866 3.13303e-13 1.67764 pwn_497 9.8152
9.71873 5.03694 0.05657 Norma 35.67614 0.19450 283.93832 2.53089 16.66450 0.06242 18.15540 1.4209 0.0939549 8.25202e-21 0.0255481 1.08037e-14 0.0578502 pwn_498 10.9464
1.49850 6.05300 -0.01696 "Carina Sagittarius" 5.87892 -0.06642 269.81378 -23.91042 14.62995 0.01606 4.09964 2.21251 0.076119 2.85946e-19 0.885282 2.0952e-13 1.12192 pwn_499 6.2357
3.11038 0.25028 -0.04403 "Carina Sagittarius" 19.56832 -0.27167 276.92279 -11.99712 9.28676 0.11479 18.60630 2.0753 0.00767797 6.50993e-19 2.01546 5.50919e-13 2.94999 pwn_500 3.1204
2.60674 -4.48786 0.03968 Perseus 33.01225 0.47516 282.47321 0.28815 4.78476 0.14811 12.36866 1.95611 0.43065 2.37809e-20 0.0736251 1.64535e-14 0.0881035 pwn_501 5.1900
1.50463 6.54454 0.14333 "Carina Sagittarius" 5.71126 0.54315 269.14510 -23.75061 15.12028 0.09934 26.21601 2.00967 0.246183 8.35173e-20 0.258568 6.21313e-14 0.332693 pwn_502 6.7153
4.62594 -3.47430 -0.08142 Perseus 42.62825 -0.68295 287.92694 8.30552 6.83108 0.08739 10.41932 2.2611 0.258358 4.6078e-21 0.0142656 2.9466e-15 0.0157781 pwn_503 5.7853
-1.46266 -7.41505 -0.04282 Norma -53.43333 -1.34698 201.16743 -63.98396 1.82163 0.56383 17.92665 1.97586 0.0573813 2.95345e-19 0.91438 2.57397e-13 1.37828 pwn_504 7.5579
-2.34581 -4.40856 0.00760 Norma -29.82758 0.09234 241.22745 -52.23660 4.71622 0.16585 13.65208 1.77092 0.0538881 3.78966e-19 1.17327 3.86429e-13 2.0692 pwn_505 4.9938
10.10545 7.08406 -0.01816 Norma 32.96132 -0.05601 282.92273 0.00062 18.57373 0.08163 26.46331 1.82179 0.166892 4.49489e-21 0.0139161 3.99537e-15 0.0213939 pwn_506 12.3412
-7.42617 -2.95015 -0.05789 "Crux Scutum" -53.22788 -0.35779 201.33581 -62.97646 9.27104 0.05397 8.73327 2.3665 0.258115 3.25435e-20 0.100754 1.96776e-14 0.105367 pwn_507 7.9907
-0.34521 -9.65952 -0.13112 "Crux Scutum" -163.42079 -6.18552 89.67201 11.53612 1.21690 0.17630 3.74444 1.94258 0.350436 8.97203e-18 27.7772 6.53003e-12 34.9662 pwn_508 9.6657
-0.09957 1.32675 -0.05106 "Carina Sagittarius" -0.58055 -0.29770 266.34936 -29.58680 9.82739 0.13309 22.82796 1.68442 0.249635 1.13993e-20 0.0352921 1.04494e-14 0.0559531 pwn_509 1.3305
-5.35304 6.56557 0.20397 "Carina Sagittarius" -19.56093 0.73090 251.36184 -44.43770 15.98962 0.04752 13.26246 2.13065 0.415779 4.40685e-21 0.0136435 2.79785e-15 0.0149816 pwn_510 8.4712
4.51814 0.24873 -0.07702 "Carina Sagittarius" 27.31338 -0.44815 280.69108 -5.20378 9.84682 0.10638 18.28230 2.2515 0.188696 1.07597e-19 0.333119 7.18149e-14 0.384546 pwn_511 4.5250
-6.02569 2.84997 -0.00510 "Crux Scutum" -27.96378 -0.02273 243.56358 -51.05915 12.85032 0.01004 2.25123 2.49869 0.014044 6.30365e-21 0.0195159 4.03797e-15 0.021622 pwn_512 6.6657
-0.00142 10.39369 0.04650 Perseus -0.00431 0.14101 266.26499 -28.86631 18.89375 0.08680 28.62415 2.16537 0.213076 6.38016e-20 0.197528 4.41342e-14 0.236325 pwn_513 10.3937
11.19594 12.59781 -0.13556 "Crux Scutum" 27.95347 -0.32519 280.87496 -4.57827 23.88483 0.06357 26.50195 1.90209 0.0425013 4.3476e-22 0.00134601 4.05138e-16 0.00216939 pwn_514 16.8539
-5.33814 -12.00591 0.10668 "Carina Sagittarius" -123.29560 0.95699 115.10810 -20.55421 6.38737 0.17288 19.27289 2.2422 0.161027 7.28556e-19 2.25559 4.96766e-13 2.66002 pwn_515 13.1392
-3.22927 -4.96705 0.09326 Norma -42.42866 1.11626 221.72282 -58.43519 4.78734 0.02375 1.98459 2.31815 0.492577 1.07151e-19 0.331738 6.0084e-14 0.32173 pwn_516 5.9245
-3.94482 -2.26378 0.05914 Norma -32.31602 0.45916 237.68677 -53.56616 7.37940 0.09525 12.26763 2.08833 0.428677 1.43368e-19 0.443865 9.24967e-14 0.49529 pwn_517 4.5482
3.92107 -0.23533 0.03209 "Crux Scutum" 25.38145 0.20099 279.22098 -6.62345 9.14771 0.18405 29.38451 2.08662 0.118228 7.38918e-21 0.0228767 5.69987e-15 0.030521 pwn_518 3.9281
5.42901 8.95298 0.02037 Perseus 17.27909 0.06385 275.52039 -13.86397 18.27789 0.06555 20.90989 2.17804 0.187981 3.25972e-20 0.10092 2.27148e-14 0.12163 pwn_519 10.4704
-7.28627 -5.12873 0.10962 "Crux Scutum" -65.17060 0.78225 175.94845 -61.02088 8.02915 0.04343 6.08582 2.07904 0.215583 2.73565e-21 0.00846952 1.98873e-15 0.010649 pwn_520 8.9103
-0.21039 6.75414 0.07738 "Carina Sagittarius" -0.79018 0.29061 265.64729 -29.45708 15.25579 0.05491 14.62139 2.17503 0.381934 5.85406e-21 0.018124 3.68939e-15 0.0197555 pwn_521 6.7574
2.88236 -5.35748 0.00155 Perseus 42.52744 0.02085 287.24883 8.54114 4.26421 0.39021 29.04131 1.79343 0.0167286 6.1797e-19 1.91322 6.42337e-13 3.43951 pwn_522 6.0836
5.29258 -5.88831 -0.05834 Norma 63.73538 -0.56636 298.61328 26.82254 5.90218 0.16243 16.73280 1.75487 0.0193114 5.4684e-20 0.1693 5.84928e-14 0.31321 pwn_523 7.9173
-10.20536 -5.72501 0.07420 "Carina Sagittarius" -74.78820 0.40199 158.22228 -57.62292 10.57617 0.01192 2.20067 1.84917 0.0585589 2.75274e-19 0.852242 2.63075e-13 1.40868 pwn_524 11.7015
-7.07263 -5.55582 -0.17619 "Crux Scutum" -67.39909 -1.31751 170.13133 -62.35168 7.66298 0.14323 19.15618 2.29266 0.314162 2.51395e-19 0.778314 1.53835e-13 0.823739 pwn_525 8.9938
2.31325 5.04291 0.09116 "Carina Sagittarius" 9.69308 0.38016 271.42687 -20.37267 13.73935 0.03847 9.22613 2.17764 0.207273 3.05186e-21 0.00944848 2.10314e-15 0.0112616 pwn_526 5.5482
9.05043 9.81410 -0.09554 Norma 26.29758 -0.26796 280.06304 -6.02452 20.42855 0.01210 4.31545 2.41207 0.424463 6.2541e-22 0.00193625 3.44462e-16 0.00184448 pwn_527 13.3502
-0.65552 -3.01062 -0.06507 "Carina Sagittarius" -6.80976 -0.67435 262.78199 -35.05210 5.52877 0.13449 12.97793 2.04399 0.142029 2.12608e-19 0.658228 1.65795e-13 0.88778 pwn_528 3.0812
-6.48874 -0.10542 0.24630 "Crux Scutum" -37.70286 1.32980 229.19324 -55.97853 10.61289 0.09400 17.41123 1.75691 0.244626 9.18516e-21 0.028437 8.04254e-15 0.0430652 pwn_529 6.4896
11.52146 0.80739 0.00115 Norma 51.06767 0.00445 291.34994 16.08490 14.81120 0.01000 2.58504 2.44337 0.353393 2.66833e-20 0.0826109 1.48908e-14 0.0797355 pwn_530 11.5497
-11.44798 -1.12661 -0.07508 "Carina Sagittarius" -57.21534 -0.31592 192.53302 -63.18730 13.61722 0.07332 17.42615 2.09437 0.272601 3.96685e-20 0.122813 2.76346e-14 0.147975 pwn_531 11.5033
-6.86913 5.57451 -0.16401 "Carina Sagittarius" -26.01489 -0.59999 246.38680 -50.10096 15.66217 0.05876 16.06312 2.48504 0.1584 8.08422e-21 0.0250285 4.82122e-15 0.0258161 pwn_532 8.8465
-3.95357 -1.76248 0.00466 Norma -30.40435 0.03414 240.58122 -52.66196 7.81184 0.17689 24.11720 2.27938 0.0762714 4.40198e-19 1.36284 3.09338e-13 1.6564 pwn_533 4.3286
4.25932 -4.17053 0.10232 Perseus 44.53203 0.96519 287.33628 10.75526 6.07426 0.12796 13.56598 2.75659 0.270302 3.2925e-19 1.01935 1.64076e-13 0.878574 pwn_534 5.9611
-6.67700 -6.09839 0.08270 "Crux Scutum" -70.21715 0.66775 166.26571 -59.46071 7.09626 0.13941 17.26674 2.03407 0.0710783 1.27179e-20 0.0393744 1.05228e-14 0.0563462 pwn_535 9.0428
-1.34036 2.95968 0.01188 Norma -6.67117 0.05897 262.13018 -34.53205 11.53780 0.11242 22.63859 2.37022 0.469652 1.05398e-20 0.032631 5.81886e-15 0.0311581 pwn_536 3.2490
3.25797 0.35035 0.02183 "Carina Sagittarius" 20.20952 0.13259 276.86203 -11.24146 9.43099 0.16439 27.05833 2.36741 0.269945 6.6624e-20 0.206266 4.00412e-14 0.214408 pwn_537 3.2767
12.31139 -2.68913 0.01182 "Crux Scutum" 64.73310 0.04976 298.59866 27.99508 13.61384 0.05188 12.32625 1.93346 0.0874577 4.16796e-19 1.29039 3.65155e-13 1.95529 pwn_538 12.6017
-5.18744 -0.88970 0.04623 Norma -34.27966 0.28758 235.21392 -54.90679 9.21023 0.11595 18.63942 2.04826 0.360321 2.62434e-21 0.00812489 1.78936e-15 0.00958144 pwn_539 5.2632
-1.08568 -3.59628 -0.03051 Perseus -12.48389 -0.34810 258.39643 -39.54067 5.02256 0.24285 21.28836 1.66148 0.0517736 1.44143e-20 0.0446263 1.60919e-14 0.0861671 pwn_540 3.7566
7.35010 0.65802 0.01332 Perseus 38.75006 0.06500 285.46167 5.20597 11.74281 0.01333 2.73216 1.63536 0.385822 8.11486e-23 0.000251234 6.97008e-17 0.000373225 pwn_541 7.3795
3.98736 3.77827 -0.02398 "Carina Sagittarius" 17.99119 -0.10642 276.01872 -13.31492 12.90952 0.10790 24.31236 2.13797 0.228645 1.17245e-20 0.0362989 8.16679e-15 0.0437305 pwn_542 5.4931
11.74238 2.78898 0.02847 Norma 46.12778 0.10013 288.87157 11.76883 16.28882 0.04310 12.25205 2.3379 0.066331 1.68289e-19 0.521018 1.14848e-13 0.614976 pwn_543 12.0690
0.78702 -2.27050 0.09035 "Crux Scutum" 7.20044 0.82437 269.69062 -22.32078 6.27966 0.18790 20.59397 2.29141 0.0186055 2.81822e-18 8.72515 2.04351e-12 10.9423 pwn_544 2.4030
-10.43706 -3.53265 0.00493 "Carina Sagittarius" -64.54865 0.02446 176.80770 -61.91118 11.55884 0.07404 14.93669 2.20201 0.496689 5.03033e-20 0.155738 2.97582e-14 0.159346 pwn_545 11.0187
