sky_model/pwn/ctadc_skymodel_gps_sources_pwn.ecsv
# %ECSV 0.9
# ---
# datatype:
# - {name: spiralarm, datatype: unicode, description: 'Which spiralarm?'}
# - {name: galactocentric_x, unit: kpc, datatype: float64, format: '%.5f', description: Galactocentric
#     x coordinate}
# - {name: galactocentric_y, unit: kpc, datatype: float64, format: '%.5f', description: Galactocentric
#     y coordinate}
# - {name: galactocentric_z, unit: kpc, datatype: float64, format: '%.5f', description: Galactocentric
#     z coordinate}
# - {name: type, datatype: string, description: type of PWN}
# - {name: size_physical, unit: pc, datatype: float64, format: '%.5f', description: Physical
#     size}
# - {name: distance, unit: kpc, datatype: float64, format: '%.5f', description: Distance
#     observer to source center}
# - {name: GLON, unit: deg, datatype: float64, format: '%.5f', description: Galactic
#     longitude}
# - {name: GLAT, unit: deg, datatype: float64, format: '%.5f', description: Galactic
#     latitude}
# - {name: RA, unit: deg, datatype: float64, format: '%.5f'}
# - {name: DEC, unit: deg, datatype: float64, format: '%.5f'}
# - {name: sigma, unit: deg, datatype: float64, format: '%.5f'}
# - {name: galactocentric_r, unit: kpc, datatype: float64, format: '%0.4f', description: Galactocentric
#     radius in the xy plan}
# - {name: spec_alpha, datatype: float64, format: '%5g', description: Spectral model
#     parameter (log parabola)}
# - {name: spec_beta, datatype: float64, format: '%5g', description: Spectral model
#     parameter (log parabola)}
# - {name: spec_norm, unit: 1 / (cm2 MeV s), datatype: float64, format: '%5g', description: Spectral
#     model norm parameter (log parabola)}
# - {name: spec_norm_cu, unit: '%', datatype: float64, format: '%5g', description: Spectral
#     model norm parameter (log parabola) in crab units}
# - {name: int_flux_above_1TeV, unit: 1 / (cm2 s), datatype: float64, format: '%5g',
#   description: 'Integral flux above 1 TeV '}
# - {name: int_flux_above_1TeV_cu, unit: '%', datatype: float64, format: '%5g', description: Integral
#     flux above 1 TeV in crab units}
# - {name: luminosity, unit: erg / s, datatype: float64, description: Intrinsic source
#     luminosity}
# - {name: skip, datatype: int64, description: 'skip boolean: 0 take, 1 skip'}
# - {name: source_name, datatype: string, description: source name}
spiralarm galactocentric_x galactocentric_y galactocentric_z type size_physical distance GLON GLAT RA DEC sigma galactocentric_r spec_alpha spec_beta spec_norm spec_norm_cu int_flux_above_1TeV int_flux_above_1TeV_cu luminosity skip source_name
[from data line 475]
Perseus -1.99213 2.25341 -0.04969 isolated 26.10870 10.93649 -10.49538 -0.26033 259.78323 -37.87009 0.13673 3.0077 2.10555 0.157045 2.86196e-19 0.886054 2.12457e-13 1.13764 1.79679265314e+34 0 pwn_475
"Carina Sagittarius" -0.79830 7.24209 -0.21931 isolated 3.34282 15.76385 -2.90306 -0.79714 265.42640 -31.82586 0.01215 7.2860 2.27572 0.398219 6.52061e-20 0.201876 3.87602e-14 0.207548 1.1804389599e+34 0 pwn_476
Norma -4.18749 -1.24622 -0.19921 isolated 20.01219 8.37807 -29.99718 -1.36248 242.63912 -53.42742 0.13681 4.3690 2.0299 0.233828 5.22962e-19 1.61908 3.87257e-13 2.07364 2.52685295973e+34 0 pwn_477
Perseus 0.67852 -4.93555 0.00331 isolated 29.64655 3.62846 10.77776 0.05226 272.29327 -19.58461 0.46796 4.9820 1.88854 0.297254 2.84751e-17 88.1581 2.20951e-11 118.312 3.72352702399e+35 0 pwn_478
"Crux Scutum" -4.68578 -7.90934 0.10821 isolated 10.92851 4.72410 -82.81553 1.31250 147.64091 -52.27653 0.13249 9.1932 2.09073 0.311415 1.01874e-18 3.15398 6.96126e-13 3.72753 1.73642895698e+34 0 pwn_479
"Carina Sagittarius" -1.19884 1.51076 0.01701 isolated 22.52529 10.08231 -6.82892 0.09667 261.98576 -34.64238 0.12796 1.9286 2.06183 0.14011 2.26922e-19 0.702544 1.75167e-13 0.937966 1.23584986116e+34 0 pwn_480
Norma 7.34192 9.15603 0.02796 isolated 9.05991 19.12171 22.57904 0.08378 278.02240 -9.16471 0.02714 11.7361 1.94346 0.203404 4.60171e-20 0.142468 3.66926e-14 0.196477 1.21515520323e+34 0 pwn_481
Norma 0.99990 -6.38785 -0.00063 isolated 29.27277 2.33687 25.33298 -0.01547 279.39215 -6.76593 0.71744 6.4656 2.29653 0.356602 5.65354e-18 17.5032 3.38665e-12 18.1344 1.96671233613e+34 0 pwn_482
Perseus 6.90515 -1.93432 0.00893 isolated 14.99075 9.52834 46.44360 0.05372 289.06386 12.02669 0.09011 7.1710 2.16664 0.222383 6.13455e-19 1.89924 4.21769e-13 2.25844 3.10479317899e+34 0 pwn_483
"Crux Scutum" -7.44257 -0.08204 -0.06878 isolated 21.27607 11.23649 -41.48084 -0.35071 224.63647 -59.32012 0.10845 7.4430 1.82679 0.287729 8.2271e-20 0.254709 6.67604e-14 0.357481 1.10450346641e+34 0 pwn_484
Norma 6.09257 -5.15775 0.06998 isolated 16.69573 6.94945 61.25180 0.57693 296.11366 25.26304 0.13760 7.9826 1.57176 0.293572 4.29168e-19 1.32869 4.1125e-13 2.20211 3.35620802273e+34 0 pwn_485
Perseus 3.38960 -4.45580 0.03683 isolated 5.18087 5.27696 39.96764 0.39994 285.72284 6.44175 0.05623 5.5985 2.16623 0.238732 1.21311e-18 3.75577 8.26556e-13 4.42594 1.95354955387e+34 0 pwn_486
Norma -2.64773 1.68580 0.27550 isolated 24.51866 10.52791 -14.57115 1.49951 254.83938 -40.09398 0.13339 3.1388 1.77324 0.327884 1.87794e-19 0.581407 1.53524e-13 0.822069 2.69558625709e+34 0 pwn_487
"Carina Sagittarius" 3.53495 3.24975 -0.02594 isolated 9.54695 12.27001 16.74407 -0.12111 275.42936 -14.42313 0.04456 4.8017 2.08706 0.301696 1.84212e-19 0.570315 1.26803e-13 0.678988 2.07793975095e+34 0 pwn_488
Norma -2.91189 -1.95627 -0.03949 isolated 10.53707 7.16248 -23.98852 -0.31589 248.21371 -48.43778 0.08426 3.5080 2.21976 0.118885 7.93092e-19 2.45539 5.62424e-13 3.0116 1.72358666091e+34 0 pwn_489
Perseus 7.75546 1.62211 -0.06926 isolated 3.82168 12.75183 37.45897 -0.31119 285.20455 3.88584 0.01716 7.9233 2.19332 0.371295 9.49199e-20 0.29387 5.95492e-14 0.318867 1.18336089312e+34 0 pwn_490
Perseus 2.90556 -5.00848 0.13155 isolated 17.98810 4.54426 39.76644 1.65889 284.50294 6.83822 0.22671 5.7903 2.52871 0.176458 3.27586e-18 10.142 1.89291e-12 10.136 2.23242237003e+34 0 pwn_491
Perseus -14.59202 -5.81380 0.04122 isolated 17.51494 14.83727 -79.56939 0.15916 150.77258 -55.18142 0.06761 15.7076 2.41489 0.192718 1.21771e-18 3.76999 7.41015e-13 3.9679 1.03497294396e+35 0 pwn_492
"Crux Scutum" 12.93473 8.34651 -0.05504 isolated 7.96991 21.23947 37.51701 -0.14849 285.08613 4.01188 0.02149 15.3939 1.89292 0.363792 2.27932e-20 0.0705672 1.69476e-14 0.0907488 1.2218661605e+34 0 pwn_493
"Crux Scutum" -6.75273 -3.97135 0.00556 isolated 22.54666 8.13069 -56.15264 0.03916 194.86376 -62.81833 0.15882 7.8340 1.73656 0.217807 1.61008e-19 0.498477 1.4591e-13 0.781299 1.07485194564e+34 0 pwn_494
"Carina Sagittarius" -4.84510 7.43508 -0.00948 isolated 4.25556 16.65538 -16.91202 -0.03260 254.50645 -42.88031 0.01463 8.8744 1.83867 0.294883 3.98999e-20 0.123529 3.19841e-14 0.171265 1.17859292018e+34 0 pwn_495
Norma -11.32919 13.88896 -0.05971 isolated 24.17651 25.09222 -26.84019 -0.13635 244.96317 -50.35921 0.05518 17.9236 2.29476 0.269312 3.09557e-20 0.0958381 1.93336e-14 0.103525 1.01764358397e+34 0 pwn_496
"Crux Scutum" 10.91073 -6.94103 -0.05634 isolated 29.83038 11.02168 81.86838 -0.29287 310.79654 41.96642 0.15501 12.9314 2.14297 0.348254 1.50026e-19 0.464476 9.77377e-14 0.523354 1.417311287e+34 0 pwn_497
Norma 9.88258 -0.85666 0.13054 isolated 7.32251 12.49412 52.28109 0.59862 291.40521 17.43493 0.03357 9.9196 2.15814 0.171401 2.22674e-19 0.689394 1.58606e-13 0.849286 1.75835359084e+34 0 pwn_498
Norma -2.64197 -4.27710 -0.02473 isolated 11.49776 4.98132 -32.03131 -0.28449 238.85670 -53.96090 0.13220 5.0273 2.00406 0.241894 6.27096e-19 1.94147 4.69366e-13 2.5133 1.13226245152e+34 0 pwn_499
Perseus 2.78363 -5.00624 0.10705 isolated 10.89481 4.46838 38.54591 1.37284 284.19941 5.62190 0.13964 5.7281 2.03346 0.257172 1.22425e-18 3.79025 8.91819e-13 4.7754 1.77092521856e+34 0 pwn_500
Perseus -2.93410 -2.97323 -0.09445 isolated 17.73640 6.25804 -27.96332 -0.86479 244.49918 -51.66563 0.16232 4.1772 1.92961 0.237249 3.4758e-19 1.0761 2.7328e-13 1.46333 1.08867641641e+34 0 pwn_501
Norma 0.33569 -6.57777 -0.00410 isolated 5.70203 1.95132 9.90587 -0.12029 272.00376 -20.43076 0.16736 6.5863 2.19889 0.174384 7.6811e-18 23.7805 5.33002e-12 28.5406 1.41433027661e+34 0 pwn_502
Perseus -7.05632 -16.30216 -0.06751 isolated 16.52821 10.51998 -137.87360 -0.36767 106.75089 -8.34485 0.08998 17.7638 2.28963 0.217516 2.46213e-19 0.76227 1.58335e-13 0.847835 1.28398368554e+34 0 pwn_503
Norma 5.75650 12.35603 -0.23221 isolated 27.22664 21.63712 15.43010 -0.61492 275.24018 -15.81487 0.07207 13.6312 2.32909 0.18292 2.69428e-19 0.834141 1.72677e-13 0.924628 5.29123752154e+34 0 pwn_504
Norma 0.73382 3.20852 0.00568 isolated 15.05863 11.73149 3.58625 0.02774 268.45398 -25.84527 0.07352 3.2914 1.95783 0.377107 6.55175e-20 0.202841 4.65767e-14 0.249404 1.00494206985e+34 0 pwn_505
Perseus 1.01306 1.38899 -0.07397 isolated 21.23940 9.94102 5.84919 -0.42636 270.13946 -24.11521 0.12237 1.7192 2.15126 0.362261 3.20768e-19 0.993088 2.06623e-13 1.1064 2.52555126416e+34 0 pwn_506
"Crux Scutum" 11.38246 -8.18486 0.02933 isolated 25.40656 11.38686 88.41410 0.14758 316.24329 47.26310 0.12779 14.0197 2.09402 0.251658 3.39787e-19 1.05197 2.3961e-13 1.28303 2.89456938795e+34 0 pwn_507
Norma 2.60047 -7.23215 0.02521 isolated 21.00895 2.89319 64.00860 0.49923 297.74237 27.60374 0.41589 7.6855 1.83203 0.156054 1.82005e-18 5.63484 1.62016e-12 8.67542 1.14836577239e+34 0 pwn_508
"Crux Scutum" 3.77732 1.65172 -0.05212 isolated 11.39676 10.83181 20.40956 -0.27571 277.32542 -11.25406 0.06026 4.1227 2.20443 0.386769 1.22294e-19 0.378619 7.57417e-14 0.405572 1.12679853945e+34 0 pwn_509
"Crux Scutum" -6.75462 -6.30731 0.10731 isolated 11.82323 7.10241 -72.01548 0.86573 163.25733 -58.52694 0.09534 9.2416 2.13054 0.327733 4.31692e-19 1.33651 2.86083e-13 1.53189 1.63629213071e+34 0 pwn_510
Perseus 7.03221 5.06374 0.02915 isolated 20.88746 15.27834 27.40476 0.10933 280.23541 -4.86747 0.07830 8.6656 2.28717 0.230821 1.40488e-19 0.434947 8.98382e-14 0.481055 1.59309990096e+34 0 pwn_511
"Crux Scutum" 1.86748 2.85358 -0.02589 isolated 7.52930 11.50617 9.34057 -0.12894 271.71784 -20.92883 0.03748 3.4103 2.05826 0.271428 1.20442e-19 0.372886 8.57385e-14 0.459102 1.15492471737e+34 0 pwn_512
"Crux Scutum" -0.21585 4.82425 0.02708 isolated 4.17631 13.32602 -0.92808 0.11645 265.73411 -29.66599 0.01795 4.8291 1.93591 0.261046 1.30837e-19 0.40507 1.00888e-13 0.540225 1.95525884486e+34 0 pwn_513
"Crux Scutum" 0.93573 -2.20921 0.03114 isolated 3.67467 6.36008 8.46050 0.28056 270.87258 -21.49567 0.03309 2.3992 2.19064 0.107037 6.6956e-19 2.07294 4.87164e-13 2.60861 1.16169634819e+34 0 pwn_514
"Crux Scutum" 2.73165 2.96607 -0.01897 isolated 12.83946 11.78698 13.40021 -0.09222 273.75598 -17.35445 0.06239 4.0323 1.88377 0.18749 1.08776e-19 0.336767 9.1229e-14 0.488502 1.14214779488e+34 0 pwn_515
Norma -3.04941 1.66572 -0.01432 isolated 23.48923 10.61324 -16.69769 -0.07730 254.73556 -42.74000 0.12676 3.4747 1.99035 0.230345 3.85126e-19 1.19234 2.92832e-13 1.56802 3.12955032107e+34 0 pwn_516
Perseus -2.79170 -2.93139 -0.01656 isolated 22.68082 6.22923 -26.62593 -0.15233 245.21909 -50.21983 0.20854 4.0480 2.1112 0.214606 6.40744e-19 1.98373 4.57185e-13 2.44808 1.46608538314e+34 0 pwn_517
Perseus 4.96284 7.35845 0.01327 isolated 15.04965 16.61687 17.37731 0.04574 275.58438 -13.78577 0.05187 8.8756 2.09883 0.337887 7.56497e-20 0.23421 5.07474e-14 0.271736 1.68736393959e+34 0 pwn_518
Perseus 0.33196 2.29999 0.08058 isolated 10.69510 10.80539 1.76053 0.42728 267.02615 -27.20944 0.05669 2.3238 1.978 0.211067 1.60385e-19 0.496549 1.24453e-13 0.666407 1.31263615302e+34 0 pwn_519
Norma -0.05773 3.02992 -0.05302 isolated 4.37487 11.53019 -0.28688 -0.26347 266.49148 -29.31829 0.02173 3.0305 2.19788 0.373726 1.25613e-19 0.388896 7.85297e-14 0.420502 1.2798320931e+34 0 pwn_520
Norma -0.80436 3.08135 0.06932 isolated 3.38607 11.60946 -3.97300 0.34213 263.61693 -32.12010 0.01670 3.1846 2.23713 0.258233 1.65504e-19 0.512395 1.07238e-13 0.574225 1.22617371887e+34 0 pwn_521
"Carina Sagittarius" 3.80412 4.07772 -0.14472 isolated 3.32722 13.14121 16.82787 -0.63099 275.93505 -14.58842 0.01450 5.5767 1.9808 0.239028 1.51526e-19 0.469121 1.15253e-13 0.617144 1.95400374383e+34 0 pwn_522
Norma -4.62666 -0.96017 0.01932 isolated 18.38219 8.84621 -31.53447 0.12511 239.05673 -53.32801 0.11901 4.7252 1.98525 0.356035 1.49745e-19 0.463606 1.06017e-13 0.567687 1.17936015262e+34 0 pwn_523
Norma -4.52804 -1.16346 -0.00940 isolated 27.32039 8.62137 -31.68245 -0.06245 239.06863 -53.56681 0.18150 4.6751 1.97505 0.106917 8.36372e-19 2.58939 7.00784e-13 3.75248 3.47230581624e+34 0 pwn_524
"Crux Scutum" -1.45143 -10.28119 0.04364 isolated 26.08674 2.29808 -140.82448 1.08818 106.68644 -5.05512 0.65014 10.3831 2.28115 0.377045 5.02725e-18 15.5642 3.00769e-12 16.1052 1.81827754691e+34 0 pwn_525
Norma -15.87093 10.21294 0.02918 isolated 7.76604 24.53694 -40.30215 0.06814 226.24848 -58.38753 0.01813 18.8730 2.24944 0.255142 4.48993e-20 0.139007 2.89432e-14 0.154982 1.45212024362e+34 0 pwn_526
"Carina Sagittarius" -2.20373 6.67479 -0.00204 isolated 12.21306 15.33397 -8.26290 -0.00764 261.10979 -35.88965 0.04562 7.0292 2.00413 0.232122 6.55124e-20 0.202825 4.93351e-14 0.264174 1.09468366725e+34 0 pwn_527
"Carina Sagittarius" -1.80961 -15.94074 0.01695 isolated 9.43319 7.65765 -166.33087 0.12683 93.92211 17.13457 0.07055 16.0431 1.93883 0.139761 3.21906e-19 0.996613 2.69591e-13 1.44357 1.18567735537e+34 0 pwn_528
"Crux Scutum" -3.52258 3.77304 0.00017 isolated 13.65456 12.76856 -16.01441 0.00076 255.22399 -42.15429 0.06125 5.1618 1.91546 0.170357 2.7358e-19 0.846997 2.27488e-13 1.21813 3.09836500585e+34 0 pwn_529
Norma -1.72784 2.55316 0.04874 isolated 12.73878 11.18750 -8.88463 0.24961 260.41219 -36.25682 0.06522 3.0829 2.22839 0.191887 3.21472e-19 0.99527 2.17036e-13 1.16216 1.94299144723e+34 0 pwn_530
Norma 0.17610 -6.16853 -0.00246 isolated 15.80314 2.33812 4.31945 -0.06037 268.94889 -25.25707 0.38711 6.1710 2.46557 0.198473 5.21891e-18 16.1576 3.08347e-12 16.511 1.0497112454e+34 0 pwn_531
Perseus 1.92153 -4.41528 0.00236 isolated 29.51188 4.51412 25.19319 0.03000 279.28682 -6.86922 0.37444 4.8153 2.02634 0.115356 5.55281e-18 17.1914 4.46546e-12 23.9111 6.02600183653e+34 0 pwn_532
Norma -0.87949 -7.35644 -0.03456 isolated 24.25038 1.44306 -37.56298 -1.37246 232.12109 -58.16756 0.96247 7.4088 2.03371 0.169736 3.24658e-17 100.513 2.5003e-11 133.883 4.00090432058e+34 0 pwn_533
"Crux Scutum" -5.56252 -6.87260 0.01178 isolated 27.75350 5.79571 -73.69237 0.11646 159.75141 -58.41447 0.27426 8.8416 2.55325 0.320346 1.08354e-18 3.35462 5.8159e-13 3.11423 1.52182424237e+34 0 pwn_534
Perseus 5.86821 -2.84051 -0.02507 isolated 3.15440 8.15269 46.03726 -0.17621 289.07823 11.56003 0.02216 6.5195 2.00185 0.123784 4.1656e-19 1.28966 3.38393e-13 1.81199 1.54787111165e+34 0 pwn_535
Norma 2.47635 14.07090 0.00838 isolated 17.00013 22.70634 6.26111 0.02116 269.93867 -23.53537 0.04288 14.2871 1.7163 0.162205 3.03683e-20 0.0940194 2.92256e-14 0.156494 1.41180533588e+34 0 pwn_536
Perseus -11.28768 6.82357 -0.05405 isolated 26.36235 19.03225 -36.37618 -0.16270 232.66294 -56.49836 0.07933 13.1899 2.12051 0.15089 1.19928e-19 0.371296 8.85598e-14 0.47421 2.20943036474e+34 0 pwn_537
"Carina Sagittarius" -9.02395 2.62462 -0.05715 isolated 22.30824 14.32453 -39.04791 -0.22858 228.58739 -58.01043 0.08920 9.3979 2.20392 0.356747 7.39325e-20 0.228893 4.64425e-14 0.248685 1.10328971837e+34 0 pwn_538
"Crux Scutum" -6.47076 -1.82688 -0.00909 isolated 11.17810 9.29523 -44.11797 -0.05601 219.66631 -60.20365 0.06888 6.7237 2.27846 0.311064 2.16396e-19 0.669955 1.33595e-13 0.715358 1.09592092401e+34 0 pwn_539
"Carina Sagittarius" 1.64845 -3.29313 -0.00793 isolated 21.60109 5.46159 17.56737 -0.08316 275.79338 -13.67844 0.22652 3.6827 1.87503 0.168276 4.97166e-19 1.53921 4.25513e-13 2.27848 1.08388819243e+34 0 pwn_540
Norma -2.84377 -5.12222 -0.03117 isolated 18.04610 4.41559 -40.09423 -0.40450 227.04290 -58.69533 0.23407 5.8587 2.16322 0.336799 1.67566e-18 5.18782 1.08599e-12 5.81511 2.39597374897e+34 0 pwn_541
"Carina Sagittarius" -7.29447 4.26430 -0.06675 isolated 22.16299 14.70174 -29.74688 -0.26014 241.71099 -52.44512 0.08634 8.4495 1.83335 0.247609 5.20934e-20 0.16128 4.32624e-14 0.231657 1.06443674333e+34 0 pwn_542
"Carina Sagittarius" 4.94543 1.42407 -0.12727 isolated 15.82854 11.08876 26.48831 -0.65763 280.49921 -6.03329 0.08175 5.1464 1.83976 0.113706 1.34966e-19 0.417851 1.23722e-13 0.662494 1.12280624931e+34 0 pwn_543
Perseus -2.38347 -2.09579 -0.14930 isolated 28.86729 6.83499 -20.41391 -1.25161 252.73717 -46.36793 0.24189 3.1738 2.04122 0.263437 4.74938e-19 1.4704 3.43099e-13 1.83719 1.61443463149e+34 0 pwn_544
"Crux Scutum" 11.97686 -5.47189 -0.03053 isolated 29.82731 12.35377 75.81125 -0.14161 305.95393 37.19066 0.13828 13.1676 2.1175 0.235852 2.78535e-19 0.862337 1.95526e-13 1.04698 2.60742424662e+34 0 pwn_545
"Crux Scutum" -4.61315 -8.22583 -0.00398 isolated 29.51094 4.62129 -86.59873 -0.04938 141.63743 -50.78367 0.36574 9.4311 2.12987 0.292236 3.96991e-18 12.2908 2.68131e-12 14.3575 5.83884569959e+34 0 pwn_546
"Carina Sagittarius" -6.34216 4.40125 0.03009 isolated 16.80614 14.37589 -26.17838 0.11995 245.41337 -49.71109 0.06696 7.7197 1.97054 0.235601 9.33241e-20 0.288929 7.15939e-14 0.383362 1.44912498726e+34 0 pwn_547
Norma 9.83757 2.11519 -0.00259 isolated 25.35300 14.47274 42.82265 -0.01026 287.41448 8.78872 0.10033 10.0624 2.16029 0.384615 1.43003e-19 0.442733 9.07063e-14 0.485703 2.49778711429e+34 0 pwn_548
Norma 10.11564 6.19958 0.08244 isolated 28.42953 17.84406 34.53413 0.26471 283.35456 1.54664 0.09125 11.8643 2.17421 0.29629 6.48944e-20 0.200911 4.26742e-14 0.228507 1.35043584594e+34 0 pwn_549
"Carina Sagittarius" -1.95165 6.26424 -0.13263 isolated 26.70624 14.89326 -7.53013 -0.51026 262.12745 -35.56250 0.10270 6.5612 1.99849 0.150482 8.2415e-20 0.255155 6.58065e-14 0.352373 1.08651320504e+34 0 pwn_550
Norma 8.61605 9.32577 -0.05091 isolated 17.43862 19.79892 25.79672 -0.14733 279.72429 -6.41440 0.05045 12.6967 2.21767 0.310696 4.88629e-20 0.151278 3.11565e-14 0.166833 1.2196345821e+34 0 pwn_551
"Carina Sagittarius" -5.07293 -11.77761 -0.01951 isolated 29.88289 6.03968 -122.86641 -0.18512 114.26803 -21.48894 0.28338 12.8237 2.2049 0.232458 2.51336e-18 7.7813 1.68107e-12 9.00157 4.96887638687e+34 0 pwn_552
"Crux Scutum" 2.63187 4.20493 0.00841 isolated 10.81097 12.97467 11.70346 0.03714 272.78076 -18.78138 0.04772 4.9607 1.92311 0.339668 6.1259e-20 0.189656 4.53754e-14 0.242971 1.09150020741e+34 0 pwn_553
