sky_model/pwn/ctadc_skymodel_gps_sources_pwn.ecsv
# %ECSV 0.9
# ---
# datatype:
# - {name: galactocentric_x, unit: kpc, datatype: float64, format: '%.5f', description: Galactocentric
#     x coordinate}
# - {name: galactocentric_y, unit: kpc, datatype: float64, format: '%.5f', description: Galactocentric
#     y coordinate}
# - {name: galactocentric_z, unit: kpc, datatype: float64, format: '%.5f', description: Galactocentric
#     z coordinate}
# - {name: spiralarm, datatype: string}
# - {name: GLON, unit: deg, datatype: float64, format: '%.5f', description: Galactic
#     longitude}
# - {name: GLAT, unit: deg, datatype: float64, format: '%.5f', description: Galactic
#     latitude}
# - {name: RA, unit: deg, datatype: float64, format: '%.5f'}
# - {name: DEC, unit: deg, datatype: float64, format: '%.5f'}
# - {name: distance, unit: pc, datatype: float64, format: '%.5f', description: Distance
#     observer to source center}
# - {name: sigma, unit: deg, datatype: float64, format: '%.5f', description: Angular
#     size}
# - {name: size_physical, unit: pc, datatype: float64, format: '%.5f', description: Physical
#     size}
# - {name: spec_alpha, datatype: float64, format: '%5g', description: Spectral model
#     parameter (log parabola)}
# - {name: spec_beta, datatype: float64, format: '%5g', description: Spectral model
#     parameter (log parabola)}
# - {name: spec_norm, unit: 1 / (cm2 MeV s), datatype: float64, format: '%5g', description: Spectral
#     model norm parameter (log parabola)}
# - {name: spec_norm_cu, unit: '%', datatype: float64, format: '%5g', description: Spectral
#     model norm parameter (log parabola) in crab units}
# - {name: int_flux_above_1TeV, unit: 1 / (cm2 s), datatype: float64, format: '%5g',
#   description: 'Integral flux above 1 TeV '}
# - {name: int_flux_above_1TeV_cu, unit: '%', datatype: float64, format: '%5g', description: Integral
#     flux above 1 TeV in crab units}
# - {name: source_name, datatype: string, description: source name}
# - {name: galactocentric_r, unit: kpc, datatype: float64, format: '%0.4f', description: Galactocentric
#     radius in the xy plan}
galactocentric_x galactocentric_y galactocentric_z spiralarm GLON GLAT RA DEC distance sigma size_physical spec_alpha spec_beta spec_norm spec_norm_cu int_flux_above_1TeV int_flux_above_1TeV_cu source_name galactocentric_r
[from data line 359]
-11.00504 6.45335 0.00237 Perseus -36.35150 0.00731 232.52476 -56.34450 18566.46132 0.04890 15.84446 2.51912 0.0609665 2.06053e-20 0.0637934 1.26963e-14 0.0679845 pwn_359 12.7576
0.03188 6.73183 -0.05648 "Carina Sagittarius" 0.11993 -0.21245 266.68361 -28.94422 15231.96643 0.07217 19.18662 2.54931 0.315009 7.83122e-21 0.0242453 4.22e-15 0.0225967 pwn_360 6.7319
3.47825 1.90045 -0.01048 "Carina Sagittarius" 18.49160 -0.05477 276.21220 -12.84847 10966.66261 0.13182 25.23052 2.26958 0.13602 9.29702e-20 0.287834 6.33152e-14 0.339032 pwn_361 3.9636
-7.06918 1.59499 -0.00648 "Crux Scutum" -35.00228 -0.03014 234.52763 -55.59244 12324.04799 0.08175 17.58427 1.56007 0.478266 4.39258e-20 0.135993 3.72795e-14 0.19962 pwn_362 7.2469
6.77279 -1.63252 0.07452 Perseus 44.60229 0.44266 287.84093 10.57631 9645.64590 0.02430 4.09105 1.76859 0.197077 7.24479e-20 0.224297 6.52582e-14 0.349437 pwn_363 6.9668
-13.47865 -0.78959 -0.13492 Perseus -60.22845 -0.49782 185.83705 -63.19707 15528.76607 0.10865 29.44663 2.22214 0.303703 5.88863e-21 0.0182311 3.7588e-15 0.0201272 pwn_364 13.5018
3.76577 -0.30916 0.06797 "Crux Scutum" 24.69081 0.43195 278.69444 -7.13045 9015.29255 0.05404 8.50344 1.91143 0.107907 1.38896e-19 0.43002 1.2155e-13 0.650859 pwn_365 3.7784
-6.49731 -7.03980 -0.04232 "Crux Scutum" -77.33389 -0.36408 153.48718 -56.90587 6659.50916 0.18705 21.74112 1.95387 0.430738 6.37819e-19 1.97467 4.41818e-13 2.36579 pwn_366 9.5799
1.87572 5.34030 -0.04844 "Carina Sagittarius" 7.71802 -0.19873 270.92877 -22.37787 13966.91054 0.06518 15.88963 2.36969 0.402166 2.69516e-21 0.00834413 1.52776e-15 0.00818068 pwn_367 5.6601
1.11193 -6.54140 -0.06568 Norma 29.58422 -1.67041 282.82085 -3.74069 2253.17928 0.38497 15.13943 2.25326 0.122818 2.44839e-17 75.8015 1.69726e-11 90.8829 pwn_368 6.6352
-3.33724 7.05606 -0.00877 "Carina Sagittarius" -12.10813 -0.03158 258.34993 -39.05069 15910.00306 0.03043 8.44907 2.49425 0.455524 7.00617e-20 0.216909 3.67473e-14 0.19677 pwn_369 7.8055
4.65232 -9.92400 -0.08030 "Crux Scutum" 107.01850 -0.94550 341.68552 58.02079 4866.03642 0.25990 22.07297 1.97124 0.0200775 2.76273e-20 0.0855336 2.49491e-14 0.133594 pwn_370 10.9604
0.37559 -4.68396 0.01588 Perseus 5.62123 0.23730 269.38503 -23.98191 3834.51678 0.07042 4.71266 2.51257 0.376287 1.86687e-20 0.057798 9.9949e-15 0.0535195 pwn_371 4.6990
-2.22253 0.61053 -0.00250 Perseus -13.70964 -0.01527 257.10007 -40.33141 9377.70990 0.18156 29.71660 1.93376 0.228934 2.89723e-20 0.0896974 2.28456e-14 0.122331 pwn_372 2.3049
1.80760 5.63947 0.00338 "Carina Sagittarius" 7.28523 0.01359 270.49786 -22.64976 14254.54413 0.10283 25.58334 2.54985 0.41773 1.16848e-21 0.00361757 6.05855e-16 0.00324416 pwn_373 5.9221
-7.53269 -3.17710 -0.11619 "Crux Scutum" -54.75344 -0.72171 198.05223 -63.50007 9224.32385 0.10390 16.72709 2.13175 0.232743 1.02096e-20 0.0316087 7.12046e-15 0.0381278 pwn_374 8.1753
0.67265 -7.32597 0.05130 Norma 29.81028 2.17109 279.50245 -1.78541 1354.04884 0.57524 13.59499 1.84185 0.032791 2.05212e-18 6.35333 2.02047e-12 10.8189 pwn_375 7.3568
-7.61903 3.56265 0.05856 "Carina Sagittarius" -32.27741 0.23515 237.97508 -53.71601 14267.46390 0.03880 9.66053 1.61063 0.113273 5.48031e-21 0.0169669 5.98577e-15 0.0320519 pwn_376 8.4108
-2.61975 -9.29534 -0.12706 "Crux Scutum" -106.88805 -2.65708 121.17424 -36.49366 2740.76519 0.33008 15.78946 2.00956 0.497187 1.34673e-19 0.416946 8.77092e-14 0.469655 pwn_377 9.6575
-3.87008 -5.13368 0.14669 Norma -48.98222 1.63807 209.29229 -60.19769 5131.38478 0.29649 26.55343 2.02313 0.167089 9.45858e-21 0.0292835 7.34695e-15 0.0393406 pwn_378 6.4290
1.66392 -1.53607 0.11707 "Crux Scutum" 13.43798 0.93673 272.83015 -16.82809 7160.91678 0.07468 9.33410 2.3573 0.0801526 3.09499e-19 0.958201 2.07002e-13 1.10843 pwn_379 2.2645
9.17690 1.29489 -0.16947 Norma 43.13431 -0.72340 288.20007 8.73533 13423.26759 0.06727 15.75927 2.06682 0.402915 1.72147e-19 0.532964 1.13726e-13 0.608969 pwn_380 9.2678
7.38713 -5.01347 -0.04594 Norma 64.73394 -0.32224 298.95940 27.80339 8168.70654 0.05739 8.18153 1.97027 0.0225349 2.81771e-20 0.0872355 2.54082e-14 0.136053 pwn_381 8.9277
-2.53646 -9.31451 -0.02317 "Crux Scutum" -107.80282 -0.49830 122.79819 -34.55716 2664.13044 0.23882 11.10455 2.42311 0.0332044 8.02115e-18 24.8333 5.31014e-12 28.4341 pwn_382 9.6537
6.32340 -3.38406 0.03002 Perseus 51.02541 0.21145 291.13937 16.14582 8133.82491 0.04874 6.91977 2.03255 0.148759 1.15396e-20 0.0357264 9.02303e-15 0.0483154 pwn_383 7.1720
-14.18445 -0.92385 -0.00676 Perseus -61.89258 -0.02407 182.36423 -62.50192 16080.94512 0.10589 29.71898 1.92713 0.0237005 1.97021e-20 0.0609971 1.83281e-14 0.0981411 pwn_384 14.2145
2.74563 4.90256 0.08270 "Carina Sagittarius" 11.57734 0.34635 272.43046 -18.74258 13681.15296 0.07447 17.78085 2.27238 0.497856 7.8744e-20 0.243789 4.50218e-14 0.241077 pwn_385 5.6190
2.16334 5.76609 0.00203 "Carina Sagittarius" 8.62275 0.00804 271.21336 -21.48815 14429.18532 0.08885 22.37665 1.95305 0.345564 2.32584e-20 0.0720073 1.68718e-14 0.090343 pwn_386 6.1586
1.50124 -1.13487 0.01558 Norma 11.52083 0.11877 272.61213 -18.90200 7516.59078 0.03277 4.29847 2.29764 0.259793 1.02418e-18 3.17084 6.41695e-13 3.43607 pwn_387 1.8819
-4.80839 -3.30405 0.00267 Norma -42.78154 0.02161 222.02236 -59.57491 7079.44277 0.09655 11.92978 1.92092 0.402583 9.47382e-22 0.00293307 6.78341e-16 0.0036323 pwn_388 5.8342
7.18038 -6.21796 -0.11498 Norma 72.36890 -0.87428 304.29582 33.93989 7535.16485 0.20477 26.93000 2.03311 0.331243 5.58207e-21 0.0172819 3.89839e-15 0.0208746 pwn_389 9.4985
-2.10133 1.67001 -0.05671 Perseus -11.67421 -0.31289 258.96945 -38.86272 10384.98212 0.02154 3.90499 2.14565 0.0866325 9.36705e-20 0.290002 7.11136e-14 0.380791 pwn_390 2.6841
-1.71935 -6.45004 -0.01559 Norma -39.98741 -0.33380 227.15253 -58.58064 2675.57892 0.13307 6.21390 1.98776 0.109817 6.1586e-18 19.0669 5.10416e-12 27.3311 pwn_391 6.6753
-2.98407 4.36522 0.00396 "Crux Scutum" -13.05874 0.01718 257.57271 -39.78931 13206.76211 0.08380 19.31699 2.09596 0.433847 2.3205e-20 0.071842 1.48758e-14 0.0796551 pwn_392 5.2877
1.37210 11.27462 0.00519 Perseus 3.96921 0.01500 268.68126 -25.52144 19822.16873 0.05562 19.24210 2.34464 0.168481 4.34631e-22 0.00134561 2.78317e-16 0.0014903 pwn_393 11.3578
-0.27341 -2.89659 -0.02014 "Crux Scutum" -2.79342 -0.20565 264.90566 -31.41934 5610.11391 0.25920 25.37989 2.22318 0.22382 2.90303e-20 0.0898771 1.93089e-14 0.103393 pwn_394 2.9095
0.70037 4.74836 -0.03170 "Crux Scutum" 3.02612 -0.13689 268.29542 -26.41147 13266.89969 0.12157 28.15077 2.24429 0.195568 6.04342e-21 0.0187103 4.03463e-15 0.0216041 pwn_395 4.7997
9.78122 -0.26208 0.08312 Norma 49.89531 0.37241 290.43771 15.22568 12788.37015 0.02484 5.54448 1.90937 0.0260149 9.1839e-20 0.284331 8.64047e-14 0.462669 pwn_396 9.7847
-4.27210 -1.59553 0.00747 Norma -31.74693 0.05269 238.86109 -53.51982 8119.27194 0.06273 8.88874 2.35585 0.352287 1.42911e-20 0.0442449 8.32632e-15 0.0445848 pwn_397 4.5603
1.12379 9.97541 0.02713 Perseus 3.48079 0.08397 268.34066 -25.90763 18509.57483 0.04234 13.67740 2.30087 0.270037 3.71025e-21 0.0114868 2.30892e-15 0.0123635 pwn_398 10.0385
0.56506 -1.23016 -0.01896 Norma 4.44447 -0.14894 269.10304 -25.19360 7291.79343 0.01198 1.52516 2.40133 0.33807 1.36839e-18 4.23651 7.8432e-13 4.19978 pwn_399 1.3537
-9.33307 1.13915 0.03449 "Carina Sagittarius" -44.07571 0.14730 219.58051 -60.00044 13417.17570 0.01490 3.48837 1.88209 0.139116 5.61807e-19 1.73934 4.89459e-13 2.6209 pwn_400 9.4023
-3.67357 2.20542 -0.06949 Norma -18.93971 -0.35178 253.08582 -44.65830 11318.38721 0.04025 7.95195 2.04826 0.203457 1.52344e-20 0.0471653 1.13708e-14 0.0608871 pwn_401 4.2847
8.28142 -4.68686 -0.00441 Norma 65.27652 -0.02773 298.99293 28.42004 9117.12211 0.09556 15.20558 2.29006 0.0963249 2.69566e-19 0.834569 1.85816e-13 0.994983 pwn_402 9.5157
7.63479 0.45992 0.00057 Perseus 40.43449 0.00276 286.29362 6.67447 11771.57987 0.04218 8.66507 1.91736 0.209841 3.94065e-22 0.00122002 3.18138e-16 0.00170353 pwn_403 7.6486
1.42721 1.95730 -0.03930 Norma 7.77168 -0.21334 270.97105 -22.33832 10554.32090 0.14373 26.47531 2.03216 0.326746 5.17553e-20 0.160233 3.62533e-14 0.194125 pwn_404 2.4224
-6.19675 -6.46866 -0.01398 "Crux Scutum" -71.85053 -0.12284 162.69310 -59.48615 6521.21818 0.09434 10.73766 2.67774 0.472345 2.32372e-18 7.19419 1.11981e-12 5.99622 pwn_405 8.9579
11.96166 -6.37483 -0.01075 "Crux Scutum" 79.92564 -0.05071 308.96572 40.57370 12148.98234 0.13130 27.84110 2.68553 0.331729 1.97931e-19 0.61279 9.95949e-14 0.533299 pwn_406 13.5543
7.68562 -5.25697 -0.06300 Norma 67.12218 -0.43268 300.49484 29.77957 8342.06215 0.20104 29.27031 2.47198 0.26258 1.39279e-19 0.431204 7.96401e-14 0.426447 pwn_407 9.3115
7.94895 -8.42784 0.02834 "Crux Scutum" 89.47989 0.20430 317.24777 48.08876 7949.32773 0.10318 14.31557 2.38158 0.208184 4.94733e-20 0.153168 3.04104e-14 0.162838 pwn_408 11.5851
-0.20050 2.05244 0.02653 Perseus -1.08852 0.14404 265.60985 -29.78788 10554.37498 0.04327 7.97011 1.79422 0.0527748 1.01764e-20 0.031506 1.02001e-14 0.054618 pwn_409 2.0622
6.43028 -1.59153 -0.01716 Perseus 42.94683 -0.10418 287.55680 8.85553 9437.99954 0.05955 9.80872 2.25377 0.238537 4.56123e-20 0.141215 2.95887e-14 0.158438 pwn_410 6.6243
8.35741 5.91330 0.06041 Norma 30.10687 0.20774 281.38547 -2.41922 16661.12244 0.08121 23.61645 1.99227 0.077554 6.21292e-22 0.0019235 5.26458e-16 0.00281901 pwn_411 10.2378
1.89677 -10.81513 -0.04854 "Crux Scutum" 140.67238 -0.92919 47.03727 57.15703 2993.31184 0.17776 9.28693 1.78243 0.291094 2.53326e-21 0.0078429 2.1101e-15 0.0112989 pwn_412 10.9802
-0.72235 2.80163 -0.05724 Norma -3.65712 -0.28960 264.44658 -32.19445 11324.83389 0.06244 12.34187 1.9473 0.365124 8.25509e-20 0.255575 5.94282e-14 0.318219 pwn_413 2.8933
-7.15584 5.25450 0.04422 "Carina Sagittarius" -27.48592 0.16340 243.90739 -50.59457 15504.65237 0.05592 15.13360 2.1347 0.473248 9.33585e-21 0.0289035 5.76523e-15 0.0308709 pwn_414 8.8778
7.68047 -1.92753 -0.11744 Perseus 49.44513 -0.66563 291.16415 14.33865 10109.44427 0.10136 17.88381 1.93579 0.148426 1.15502e-20 0.0357593 9.62983e-15 0.0515647 pwn_415 7.9186
6.42118 -2.52012 0.11482 Perseus 47.03803 0.74970 288.71633 12.87673 8775.17715 0.19508 29.87750 1.93476 0.198453 4.83439e-20 0.149671 3.88986e-14 0.20829 pwn_416 6.8980
1.42181 3.92300 0.05843 "Crux Scutum" 6.52906 0.26772 269.85103 -23.18025 12504.23761 0.03718 8.11486 2.33761 0.091476 3.5938e-19 1.11263 2.41512e-13 1.29322 pwn_417 4.1727
1.54657 4.26495 -0.02479 "Crux Scutum" 6.90815 -0.11047 270.41256 -23.03886 12858.32707 0.05155 11.56813 2.14323 0.43897 1.97504e-19 0.611466 1.2328e-13 0.660126 pwn_418 4.5367
1.44085 -2.32630 0.08292 "Crux Scutum" 13.13683 0.74937 272.85031 -17.18222 6340.15216 0.08123 8.98895 2.17004 0.412039 1.1097e-20 0.034356 6.91548e-15 0.0370302 pwn_419 2.7364
1.95628 3.30339 0.06800 "Crux Scutum" 9.41059 0.32566 271.33010 -20.64572 11964.60176 0.05645 11.78721 2.13356 0.38748 2.68386e-21 0.00830917 1.72408e-15 0.00923188 pwn_420 3.8392
2.51860 -4.94591 0.02368 Perseus 35.32327 0.31141 283.67308 2.27021 4356.08498 0.05750 4.37125 1.89729 0.028645 2.23716e-20 0.0692618 2.11901e-14 0.113466 pwn_421 5.5503
10.25175 3.22500 -0.03192 Norma 41.16482 -0.11741 286.73924 7.26791 15574.82626 0.04323 11.75006 1.68883 0.27836 1.39113e-19 0.43069 1.24396e-13 0.666102 pwn_422 10.7471
3.43333 1.48539 -0.04086 "Crux Scutum" 18.97477 -0.22169 276.59469 -12.49911 10559.22931 0.14539 26.79391 2.19317 0.117507 3.32458e-19 1.02928 2.39859e-13 1.28437 pwn_423 3.7409
1.95502 -1.76074 0.05203 "Carina Sagittarius" 16.17713 0.42479 274.65577 -14.66547 7017.29025 0.08170 10.00597 1.94789 0.0598426 8.88258e-20 0.275003 7.88217e-14 0.422065 pwn_424 2.6310
2.64506 -1.03021 0.04517 "Carina Sagittarius" 19.49908 0.32660 276.34888 -11.77954 7924.39867 0.08745 12.09550 1.49677 0.390807 1.69105e-19 0.523546 1.58547e-13 0.848971 pwn_425 2.8386
2.03825 6.70915 0.04802 "Carina Sagittarius" 7.63300 0.17930 270.52790 -22.26553 15345.19337 0.10606 28.40663 1.98223 0.105791 1.29639e-21 0.00401359 1.08184e-15 0.00579291 pwn_426 7.0119
-2.58109 6.99913 0.03958 "Carina Sagittarius" -9.45477 0.14431 260.11550 -36.78529 15712.62612 0.08114 22.25027 1.77233 0.250406 4.04023e-22 0.00125084 3.48632e-16 0.00186681 pwn_427 7.4599
-1.90667 0.31586 -0.12533 "Crux Scutum" -12.20384 -0.79608 259.08026 -39.57446 9020.56171 0.10303 16.22084 2.3096 0.263048 7.08339e-20 0.2193 4.40275e-14 0.235753 pwn_428 1.9327
-13.18194 -10.19580 0.00031 Perseus -97.33060 0.00132 131.15851 -42.77582 13290.57317 0.10192 23.64093 2.25649 0.106641 2.78564e-19 0.862429 1.94687e-13 1.04249 pwn_429 16.6649
5.14435 2.42161 -0.02594 "Carina Sagittarius" 25.22162 -0.12309 279.43695 -6.91426 12072.55228 0.02377 5.00870 2.24907 0.246131 1.82308e-19 0.56442 1.18097e-13 0.632373 pwn_430 5.6858
-4.51435 -0.53840 0.03837 Norma -29.55390 0.24021 241.39937 -51.94401 9152.47894 0.09223 14.73233 1.90049 0.0264099 5.34536e-20 0.165491 5.06125e-14 0.271014 pwn_431 4.5463
-5.85586 -7.09597 0.14489 "Crux Scutum" -76.51703 1.37834 156.44454 -55.89311 6023.56420 0.04630 4.86786 2.31947 3.62248e-05 1.86231e-19 0.576566 1.34374e-13 0.719529 pwn_432 9.2002
-1.16028 -1.08849 0.16312 "Carina Sagittarius" -8.89750 1.24567 259.39430 -35.69664 7503.55349 0.06227 8.15499 2.19589 0.440161 1.01763e-18 3.15057 6.18215e-13 3.31034 pwn_433 1.5909
-3.40842 1.65620 0.11475 Norma -18.55177 0.61369 252.39444 -43.74344 10713.49472 0.02963 5.54109 1.97704 0.207794 4.20453e-19 1.30171 3.27166e-13 1.75187 pwn_434 3.7895
-6.30029 -4.90342 -0.01064 "Crux Scutum" -60.27968 -0.08407 185.82414 -62.78020 7254.59613 0.09325 11.80681 1.964 0.45371 7.33198e-22 0.00226996 4.99322e-16 0.00267371 pwn_435 7.9836
1.36062 1.59849 0.01382 Norma 7.67355 0.07769 270.64502 -22.28043 10189.74886 0.06957 12.37197 2.36781 0.248154 1.35958e-21 0.00420923 8.25443e-16 0.00441998 pwn_436 2.0992
9.20594 -2.75357 -0.05721 Norma 58.02724 -0.30204 295.19767 22.02786 10852.37250 0.15040 28.48741 1.95792 0.215554 4.17099e-21 0.0129133 3.2681e-15 0.0174996 pwn_437 9.6089
3.05440 4.08985 0.04321 "Carina Sagittarius" 13.63693 0.19110 273.61376 -17.01116 12955.13719 0.03991 9.02412 2.1911 0.147956 5.19644e-21 0.016088 3.68167e-15 0.0197142 pwn_438 5.1045
9.11182 -1.41665 -0.04171 Norma 52.13920 -0.20709 292.07606 16.92647 11541.26550 0.07426 14.95848 2.41019 0.0408445 5.97217e-21 0.0184897 3.96543e-15 0.0212336 pwn_439 9.2213
-5.84942 6.12164 0.02241 "Carina Sagittarius" -21.80400 0.08151 249.95422 -46.55423 15748.28745 0.08955 24.61487 2.6728 0.154847 8.69856e-20 0.269305 4.72048e-14 0.252767 pwn_440 8.4670
-2.55073 -0.73578 -0.01107 "Carina Sagittarius" -18.18660 -0.07761 253.45559 -43.90183 8172.48388 0.17342 24.73567 2.59916 0.304235 4.25108e-20 0.131613 2.2474e-14 0.120341 pwn_441 2.6547
-3.73854 -3.79438 0.14033 Norma -38.46659 1.33760 228.01441 -56.36894 6011.58853 0.21803 22.87610 2.37025 0.381393 2.3055e-18 7.13776 1.31761e-12 7.05536 pwn_442 5.3267
-2.37868 0.62906 0.05449 Perseus -14.60435 0.33095 256.02616 -40.83659 9434.02101 0.05891 9.69954 1.64823 0.270413 7.53608e-19 2.33315 6.97075e-13 3.73261 pwn_443 2.4605
-4.75743 3.35066 -0.06364 "Crux Scutum" -21.87292 -0.28555 250.28828 -46.84919 12770.09906 0.07000 15.60070 1.89329 0.379128 1.46174e-20 0.0452552 1.07718e-14 0.0576794 pwn_444 5.8189
6.66206 -5.58660 -0.01625 Norma 66.37969 -0.12805 299.74753 29.30905 7271.25877 0.05362 6.80442 1.93557 0.0788758 1.18362e-19 0.366445 1.0428e-13 0.558386 pwn_445 8.6944
2.32362 8.72087 -0.09822 Perseus 7.68455 -0.32384 271.02885 -22.46850 17377.20613 0.02264 6.86675 2.59594 0.29162 2.95117e-20 0.0913676 1.57022e-14 0.0840801 pwn_446 9.0251
-10.50760 -1.36751 0.00665 "Carina Sagittarius" -55.83157 0.02998 195.56683 -62.81576 12699.69029 0.06278 13.91613 1.8902 0.441302 4.78581e-21 0.0148167 3.41554e-15 0.0182891 pwn_447 10.5962
