sky_model/pwn/ctadc_skymodel_gps_sources_composite.ecsv
# %ECSV 0.9
# ---
# datatype:
# - {name: galactocentric_x, unit: kpc, datatype: float64, format: '%.5f', description: Galactocentric
#     x coordinate}
# - {name: galactocentric_y, unit: kpc, datatype: float64, format: '%.5f', description: Galactocentric
#     y coordinate}
# - {name: galactocentric_z, unit: kpc, datatype: float64, format: '%.5f', description: Galactocentric
#     z coordinate}
# - {name: size_physical, unit: pc, datatype: float64, format: '%.5f', description: physical
#     size}
# - {name: type, datatype: string, description: type of PWN}
# - {name: distance, unit: kpc, datatype: float64, format: '%.5f', description: Distance
#     observer to source center}
# - {name: GLON, unit: deg, datatype: float64, format: '%.5f', description: Galactic
#     longitude}
# - {name: GLAT, unit: deg, datatype: float64, format: '%.5f', description: Galactic
#     latitude}
# - {name: RA, unit: deg, datatype: float64, format: '%.5f'}
# - {name: DEC, unit: deg, datatype: float64, format: '%.5f'}
# - {name: sigma, unit: deg, datatype: float64, format: '%.5f'}
# - {name: galactocentric_r, unit: kpc, datatype: float64, format: '%0.4f', description: Galactocentric
#     radius in the xy plan}
# - {name: spec_alpha, datatype: float64, format: '%5g', description: Spectral model
#     parameter (log parabola)}
# - {name: spec_beta, datatype: float64, format: '%5g', description: Spectral model
#     parameter (log parabola)}
# - {name: spec_norm, unit: 1 / (cm2 MeV s), datatype: float64, format: '%5g', description: Spectral
#     model norm parameter (log parabola)}
# - {name: spec_norm_cu, unit: '%', datatype: float64, format: '%5g', description: Spectral
#     model norm parameter (log parabola) in crab units}
# - {name: int_flux_above_1TeV, unit: 1 / (cm2 s), datatype: float64, format: '%5g',
#   description: 'Integral flux above 1 TeV '}
# - {name: int_flux_above_1TeV_cu, unit: '%', datatype: float64, format: '%5g', description: Integral
#     flux above 1 TeV in crab units}
# - {name: luminosity, unit: erg / s, datatype: float64, description: Intrinsic source
#     luminosity}
# - {name: skip, datatype: int64, description: 'skip boolean: 0 take, 1 skip'}
# - {name: source_name, datatype: string, description: source name}
galactocentric_x galactocentric_y galactocentric_z size_physical type distance GLON GLAT RA DEC sigma galactocentric_r spec_alpha spec_beta spec_norm spec_norm_cu int_flux_above_1TeV int_flux_above_1TeV_cu luminosity skip source_name
[from data line 163]
4.11218 1.79011 0.00901 15.33912 composite 11.08136 21.78286 0.04659 277.68241 -9.88780 0.07928 4.4849 2.00414 0.275974 5.66172e-20 0.175285 4.15005e-14 0.222222 5.50313427522e+33 0 composite_163
14.64080 0.54106 0.01201 16.67114 composite 17.20738 58.30363 0.03999 295.02368 22.43706 0.05549 14.6508 1.77843 0.224777 2.62253e-20 0.0811929 2.29683e-14 0.122988 7.50305496793e+33 0 composite_164
-0.58815 3.47072 0.02703 6.28253 composite 11.98519 -2.81282 0.12922 264.56193 -31.25710 0.03002 3.5202 2.14538 0.309207 4.654e-20 0.144087 3.08858e-14 0.165384 4.69502591117e+33 0 composite_165
0.42414 -0.06632 0.45946 5.26233 composite 8.45683 2.87905 3.11442 265.12679 -24.85184 0.03564 0.4293 2.42069 0.248707 1.51938e-19 0.470396 8.97257e-14 0.480453 4.63476294255e+33 0 composite_166
10.05200 6.55870 -0.03604 4.77091 composite 18.10548 33.72395 -0.11405 283.32215 0.65287 0.01509 12.0025 2.32723 0.110794 2.14851e-20 0.0665174 1.43593e-14 0.0768892 2.59993578077e+33 0 composite_167
1.09845 -0.19803 0.21922 12.19120 composite 8.37719 7.53714 1.49953 269.24159 -21.69162 0.08335 1.1162 2.0317 0.293388 5.07859e-20 0.157232 3.62556e-14 0.194137 2.83282816146e+33 0 composite_168
-7.75004 -1.01775 0.04805 11.62418 composite 10.77263 -46.00718 0.25556 215.88194 -60.62325 0.06180 7.8166 1.93328 0.313416 3.83622e-20 0.118769 2.86848e-14 0.153598 4.31633648619e+33 0 composite_169
-7.28056 -2.03754 0.12613 2.62555 composite 9.73580 -48.40671 0.74230 210.90197 -60.91000 0.01545 7.5603 2.16322 0.29412 6.28235e-20 0.1945 4.16102e-14 0.222809 3.93138389889e+33 0 composite_170
-0.51672 6.77177 0.20721 8.17156 composite 15.28191 -1.93786 0.77691 264.47004 -30.17140 0.03063 6.7915 1.72986 0.374402 7.67412e-20 0.237589 6.2563e-14 0.335005 2.86210104242e+34 0 composite_171
-6.94247 -3.94460 -0.09009 4.87613 composite 8.30408 -56.72855 -0.62161 193.62015 -63.49135 0.03363 7.9848 1.87924 0.199934 4.98403e-20 0.154304 4.15474e-14 0.222473 2.69398195742e+33 0 composite_172
0.90030 6.47286 -0.00300 4.59862 composite 14.99990 3.44098 -0.01146 268.40965 -25.99035 0.01756 6.5352 2.19474 0.168411 4.08411e-20 0.126443 2.85123e-14 0.152674 4.41338029502e+33 0 composite_173
-7.04364 -4.28322 0.03003 3.45927 composite 8.20945 -59.09252 0.20959 188.45808 -62.59294 0.02413 8.2437 2.42686 0.253084 2.415e-19 0.747678 1.41879e-13 0.759716 6.94980417167e+33 0 composite_174
-4.86107 -1.48527 0.10511 2.44008 composite 8.53507 -34.72120 0.70562 234.16521 -54.83244 0.01637 5.0829 2.01998 0.342055 1.99662e-19 0.618149 1.39658e-13 0.747821 1.33626173809e+34 0 composite_175
0.76913 -1.24051 0.17117 13.43540 composite 7.30213 6.04782 1.34320 268.57699 -23.05670 0.10538 1.4596 2.36219 0.306038 1.36363e-18 4.22176 8.08217e-13 4.32774 3.76645090003e+34 0 composite_176
3.00324 3.77848 -0.14414 15.79166 composite 12.64125 13.74434 -0.65332 274.44451 -17.31864 0.07155 4.8266 1.94084 0.227426 4.82956e-20 0.149522 3.79504e-14 0.203212 5.92854433447e+33 0 composite_177
2.77915 -10.70800 -0.07808 5.61695 composite 3.55036 128.46670 -1.26016 24.37440 61.11565 0.09061 11.0628 2.38386 0.150271 1.25314e-18 3.87969 7.92898e-13 4.24571 5.85754109096e+33 0 composite_178
-0.92658 -5.86444 0.06306 9.07051 composite 2.79441 -19.37007 1.29308 250.94199 -43.92603 0.18591 5.9372 2.3637 0.150724 1.27747e-18 3.95501 8.17238e-13 4.37605 3.78802750442e+33 0 composite_179
3.67447 -3.87366 -0.07808 17.36825 composite 5.90854 38.45836 -0.75717 286.06101 4.57000 0.16836 5.3392 2.39417 0.231026 2.71641e-19 0.840994 1.64007e-13 0.878202 4.03507518476e+33 0 composite_180
-9.50690 2.64068 0.01802 5.19771 composite 14.64569 -40.47579 0.07050 225.95679 -58.47019 0.02033 9.8668 2.25723 0.369206 2.50216e-20 0.0774663 1.52045e-14 0.0814152 3.72990271779e+33 0 composite_181
0.45268 -3.49098 0.46547 2.80203 composite 5.05093 5.16396 5.28762 264.43271 -21.76820 0.03177 3.5202 2.3572 0.227527 3.8379e-18 11.882 2.36702e-12 12.6746 4.32899484227e+34 1 composite_182
2.51640 0.95340 0.14114 3.34536 composite 9.78361 14.90591 0.82659 273.66363 -15.59281 0.01958 2.6910 1.90034 0.380454 2.89909e-20 0.0897551 2.12607e-14 0.113844 3.42065136851e+33 0 composite_183
2.74820 -2.71571 0.25225 20.73978 composite 6.40892 25.41307 2.25570 277.40175 -5.64818 0.18534 3.8636 2.07382 0.240545 1.67114e-18 5.17381 1.20037e-12 6.42759 4.51762808959e+34 0 composite_184
-0.03328 -6.27881 -0.18919 14.26643 composite 2.22948 -0.85840 -4.86788 270.78362 -32.13258 0.36649 6.2789 2.36875 0.111015 2.76866e-18 8.57169 1.80606e-12 9.67086 4.85341261848e+33 1 composite_185
6.62496 -5.18796 0.14715 15.25206 composite 7.40820 63.43799 1.13815 296.79526 27.43567 0.11792 8.4146 1.78081 0.178373 6.73982e-20 0.208663 6.1094e-14 0.327139 3.16423059071e+33 0 composite_186
0.20180 -0.60810 -0.06006 6.19790 composite 7.89471 1.46476 -0.43589 267.68960 -27.90701 0.04496 0.6407 1.72947 0.103576 6.73474e-20 0.208506 6.76373e-14 0.362176 3.22430561473e+33 0 composite_187
1.83546 0.06706 -0.15015 14.80489 composite 8.76276 12.09259 -0.98181 273.92287 -18.92795 0.09677 1.8367 2.14464 0.159663 7.79655e-20 0.241379 5.64032e-14 0.302021 3.00720639481e+33 0 composite_188
3.17080 14.04090 0.06907 8.11339 composite 22.76293 8.00719 0.17385 270.73229 -21.94275 0.02041 14.3945 1.94598 0.238235 6.69857e-20 0.207386 5.2093e-14 0.278941 2.71819228716e+34 0 composite_189
5.31165 -8.72794 -0.07508 4.35389 composite 5.31707 92.45724 -0.80908 321.50781 49.51041 0.04690 10.2172 1.89146 0.24243 1.3581e-19 0.420465 1.0902e-13 0.583769 3.2876954673e+33 0 composite_190
-13.12210 3.97535 -0.04805 2.15336 composite 18.10597 -46.44734 -0.15205 215.32068 -61.15742 0.01000 13.7111 2.13735 0.397214 9.13044e-21 0.0282676 5.82675e-15 0.0312004 2.67327958969e+33 0 composite_191
-2.68159 -1.41637 -0.09009 10.88647 composite 7.57475 -20.73474 -0.68146 251.80634 -46.24738 0.08231 3.0327 2.01293 0.1418 1.31398e-19 0.406805 1.04578e-13 0.55998 4.31612806872e+33 0 composite_192
10.68610 3.17664 -0.09009 10.48861 composite 15.82861 42.46379 -0.32611 287.53032 8.32459 0.03795 11.1483 1.83102 0.276038 1.22324e-20 0.0378712 9.9773e-15 0.0534253 3.13632929855e+33 0 composite_193
-0.72350 4.66647 0.47748 3.05063 composite 13.19498 -3.14525 2.07379 262.44902 -30.48066 0.01324 4.7222 1.89695 0.133645 4.73227e-20 0.14651 4.09814e-14 0.219443 5.39846560388e+33 0 composite_194
10.66470 1.09875 0.11111 11.46049 composite 14.34866 48.01124 0.44368 289.46037 13.59514 0.04575 10.7212 2.55202 0.20583 1.00752e-19 0.311925 5.6762e-14 0.303943 7.01098498429e+33 0 composite_195
0.97348 2.96223 0.09009 6.92820 composite 11.50385 4.85445 0.44870 268.76166 -24.53837 0.03449 3.1181 2.2424 0.297244 4.43318e-20 0.13725 2.80821e-14 0.150371 3.49812831024e+33 0 composite_196
-3.42426 10.51950 -0.05405 5.59355 composite 19.32537 -10.20616 -0.16025 259.88934 -37.57579 0.01658 11.0628 1.9903 0.270955 2.28533e-20 0.0707534 1.6942e-14 0.090719 6.80577114082e+33 0 composite_197
-0.66564 -3.80587 0.32432 3.79008 composite 4.75217 -8.07088 3.91329 257.35408 -33.46564 0.04568 3.8636 2.46271 0.199182 4.01334e-19 1.24252 2.37391e-13 1.27116 3.34985211442e+33 0 composite_198
-5.62992 -6.48178 -0.00901 1.09391 composite 5.98074 -70.27820 -0.08632 165.55008 -60.12609 0.01048 8.5854 2.12594 0.301355 1.15115e-19 0.356394 7.75419e-14 0.415212 2.91584871424e+33 0 composite_199
0.18253 0.57262 -0.54054 6.77805 composite 9.09054 1.15257 -3.40892 270.44489 -29.66950 0.04270 0.6010 2.63928 0.305266 1.18309e-18 3.66281 6.13748e-13 3.28642 3.57582183279e+34 1 composite_200
2.32472 2.64339 0.55255 6.15689 composite 11.39670 11.78396 2.77898 270.30414 -17.37369 0.03094 3.5202 1.80013 0.16467 2.67782e-20 0.0829046 2.42104e-14 0.129639 2.79880554248e+33 0 composite_201
-4.60421 3.72799 0.10811 3.57295 composite 13.06653 -20.63288 0.47406 250.64504 -45.41616 0.01566 5.9242 2.25338 0.218285 5.19123e-20 0.160719 3.40496e-14 0.182325 4.3786915459e+33 0 composite_202
10.24170 -1.03635 0.02102 2.68415 composite 12.67276 53.91726 0.09504 292.69235 18.63187 0.01213 10.2940 2.12989 0.22144 1.59094e-19 0.492551 1.11813e-13 0.598721 1.49213818056e+34 0 composite_203
-3.78844 6.83715 -0.00901 5.76099 composite 15.79812 -13.87493 -0.03268 256.98849 -40.47425 0.02089 7.8166 2.2607 0.364316 2.86124e-20 0.0885834 1.73939e-14 0.093139 4.87801008933e+33 0 composite_204
-0.33878 7.46201 0.30931 18.52246 composite 15.96860 -1.21587 1.10988 264.59072 -29.38335 0.06643 7.4697 1.87351 0.295144 1.27355e-20 0.0394288 9.98752e-15 0.05348 3.2811263371e+33 0 composite_205
1.13599 3.87216 -0.30330 8.80775 composite 12.42790 5.24609 -1.39843 270.74107 -25.11991 0.04059 4.0354 2.07597 0.309983 3.01348e-20 0.0932967 2.078e-14 0.11127 3.61856353949e+33 0 composite_206
-2.16022 5.14576 0.14114 0.60409 composite 13.81641 -8.99567 0.58531 259.99198 -36.15651 0.01000 5.5808 2.13951 0.152246 7.42121e-20 0.229759 5.41131e-14 0.289758 7.05505131246e+33 0 composite_207
-4.41235 -2.15859 -0.04805 17.28726 composite 7.72558 -34.83018 -0.35636 235.11714 -55.75219 0.12816 4.9121 2.18821 0.396197 7.59658e-20 0.235188 4.72394e-14 0.252952 3.73988709924e+33 0 composite_208
-2.34582 0.83471 0.32432 18.69940 composite 9.63041 -14.10637 1.92989 254.77322 -39.46273 0.11121 2.4899 1.82149 0.192772 6.80536e-20 0.210692 5.92972e-14 0.317518 5.27825875853e+33 0 composite_209
3.92681 4.66272 -0.20120 4.42067 composite 13.73745 16.61132 -0.83919 276.02047 -14.87723 0.01843 6.0960 1.96119 0.252327 1.67217e-20 0.05177 1.2765e-14 0.0683526 2.50431527523e+33 0 composite_210
-0.57012 -5.99557 0.04505 18.19732 composite 2.56890 -12.82453 1.00483 256.72881 -39.01144 0.40571 6.0226 2.23184 0.132814 1.25825e-18 3.89552 8.78082e-13 4.70185 3.55859160538e+33 0 composite_211
-6.29793 9.81378 0.03003 10.23033 composite 19.36645 -18.97759 0.08884 252.57567 -44.40664 0.03025 11.6608 2.06132 0.174162 1.49391e-20 0.0462509 1.12729e-14 0.0603627 3.22869270187e+33 0 composite_212
1.98304 -10.53610 -0.04204 2.67847 composite 2.84252 135.75637 -0.84742 38.72723 59.42323 0.05397 10.7211 1.96477 0.150251 8.94666e-19 2.76986 7.30583e-13 3.91204 4.48969092463e+33 0 composite_213
-5.38607 -6.12535 0.13213 5.04165 composite 5.88780 -66.20793 1.28590 174.19224 -60.25409 0.04904 8.1566 1.96067 0.334189 1.10185e-19 0.341131 8.00918e-14 0.428866 3.75879787306e+33 0 composite_214
-8.48094 -4.34746 -0.12312 8.59360 composite 9.44379 -63.91215 -0.74699 177.74234 -62.81246 0.05212 9.5303 1.73115 0.378012 2.1225e-20 0.0657121 1.72504e-14 0.0923704 3.05029025683e+33 0 composite_215
1.67793 -10.58900 -0.09910 12.62471 composite 2.68127 141.22782 -2.11814 46.83453 55.84960 0.26967 10.7211 1.85596 0.30321 5.75576e-17 178.197 4.53982e-11 243.093 4.39033075819e+35 1 composite_216
-2.42757 6.88880 0.09910 24.23950 composite 15.57941 -8.96449 0.36446 260.23872 -36.25706 0.08911 7.3040 2.52273 0.337982 4.22671e-20 0.130858 2.28559e-14 0.122386 4.62377884944e+33 0 composite_217
4.60521 -6.52620 0.04204 23.64551 composite 5.01055 66.79995 0.48073 299.40330 29.98562 0.27028 7.9874 1.86981 0.149267 2.35679e-19 0.729655 2.05438e-13 1.10005 4.16698347709e+33 0 composite_218
3.36661 13.90740 -0.22823 13.25157 composite 22.66005 8.54452 -0.57709 271.72153 -21.84234 0.03349 14.3091 2.15013 0.231996 4.28757e-19 1.32742 2.9598e-13 1.58488 1.28135792293e+35 0 composite_219
-6.77440 2.71441 0.28829 4.87343 composite 13.10491 -31.13533 1.26053 238.36587 -52.19941 0.02130 7.2980 2.31811 0.130903 8.44342e-20 0.261406 5.60627e-14 0.300198 5.60095090871e+33 0 composite_220
-1.72450 -14.63490 0.02703 6.65447 composite 6.37273 -164.29950 0.24302 95.03195 15.40110 0.05981 14.7362 2.43825 0.377282 1.96374e-19 0.607969 1.08811e-13 0.58265 4.38584234711e+33 0 composite_221
2.64473 2.32319 0.21922 19.03165 composite 11.14379 13.73158 1.12719 272.80341 -16.47911 0.09781 3.5202 1.86403 0.305856 5.65407e-20 0.175048 4.42992e-14 0.237208 7.41181155029e+33 0 composite_222
3.58437 1.26641 -0.12012 11.47718 composite 10.40408 20.15364 -0.66152 277.55317 -11.65967 0.06318 3.8015 1.82462 0.130301 3.88402e-20 0.120248 3.54964e-14 0.190072 3.01486481475e+33 0 composite_223
7.22117 1.91078 0.15015 31.68851 composite 12.67092 34.74612 0.67897 283.08239 1.92418 0.14324 7.4697 2.1648 0.321391 3.86623e-20 0.119697 2.52292e-14 0.135094 4.37018891723e+33 0 composite_224
-0.09315 -2.51838 0.05405 18.68380 composite 5.98259 -0.89218 0.51765 265.36402 -29.42394 0.17887 2.5201 2.19347 0.191027 3.02106e-19 0.935312 2.08241e-13 1.11507 5.44664683646e+33 0 composite_225
10.19900 -0.44197 -0.15916 8.45323 composite 12.99911 51.68843 -0.70154 292.30428 16.29413 0.03724 10.2086 1.81703 0.376108 1.62217e-20 0.0502219 1.25262e-14 0.0670736 3.81461321614e+33 0 composite_226
2.73974 5.07390 0.03604 1.09148 composite 13.84768 11.41120 0.14912 272.52806 -18.98335 0.01000 5.7663 2.14354 0.119095 4.22607e-20 0.130838 3.14163e-14 0.168224 3.76153418639e+33 0 composite_227
-0.39385 10.72510 0.13814 5.66040 composite 19.22963 -1.17361 0.41160 265.29637 -29.71887 0.01686 10.7323 1.73913 0.193405 7.92545e-21 0.024537 7.30977e-15 0.0391415 2.76662990281e+33 0 composite_228
0.41316 6.17967 -0.00901 8.33818 composite 14.68549 1.61217 -0.03515 267.38639 -27.57490 0.03252 6.1935 2.46377 0.355764 7.12034e-20 0.220444 3.93133e-14 0.21051 7.76833780388e+33 0 composite_229
-2.29951 7.02255 0.03904 13.39642 composite 15.69200 -8.42651 0.14255 260.84273 -35.94009 0.04890 7.3894 1.65271 0.130993 1.43413e-20 0.0444004 1.48938e-14 0.0797518 3.22876455321e+33 0 composite_230
-8.63958 8.81688 0.02703 16.80267 composite 19.35245 -26.51511 0.08003 245.08671 -49.97680 0.04973 12.3442 2.16895 0.182147 8.60067e-20 0.266275 6.04671e-14 0.323782 1.64328149292e+34 0 composite_231
0.23465 -1.47645 0.08408 1.76882 composite 7.02797 1.91348 0.68548 266.86678 -26.94501 0.01441 1.4950 2.03907 0.152417 1.39892e-18 4.33103 1.08648e-12 5.81776 3.9114651369e+34 0 composite_232
-1.28724 0.68806 -0.37237 9.11721 composite 9.28526 -7.97519 -2.29837 263.68071 -36.91379 0.05624 1.4596 2.03735 0.367758 5.40611e-20 0.167372 3.69406e-14 0.197805 4.47283626345e+33 0 composite_233
4.92211 1.57626 0.02703 4.76352 composite 11.21423 26.03485 0.13810 279.57903 -6.07187 0.02433 5.1683 2.13495 0.243959 3.92266e-20 0.121445 2.71316e-14 0.145281 3.01055267506e+33 0 composite_234
0.60402 -0.72604 -0.38739 18.04755 composite 7.80701 4.44283 -2.84423 271.70619 -26.52703 0.13240 0.9444 2.03849 0.356814 9.54863e-20 0.295623 6.55799e-14 0.351159 5.41090178119e+33 0 composite_235
-9.11519 3.79525 0.36937 2.55243 composite 15.31001 -36.55171 1.38246 230.86242 -55.31513 0.01000 9.8737 2.25547 0.197933 2.29394e-20 0.0710197 1.51972e-14 0.0813762 2.54113159998e+33 0 composite_236
9.98388 -1.67322 0.03904 10.51545 composite 12.09481 55.63645 0.18494 293.48857 20.18098 0.04979 10.1231 2.35604 0.300715 5.25083e-20 0.162564 3.12943e-14 0.167571 3.96442044285e+33 0 composite_237
2.63630 -6.99454 -0.18619 7.10624 composite 3.04157 60.27146 -3.50956 299.41122 22.33731 0.13381 7.4749 2.13732 0.130189 9.82773e-19 3.04264 7.28021e-13 3.89832 4.34494880134e+33 0 composite_238
-1.94133 2.29381 -0.23423 12.70294 composite 10.96950 -10.19597 -1.22352 261.00503 -38.17167 0.06632 3.0051 2.06791 0.229114 7.44651e-20 0.230542 5.4048e-14 0.28941 5.78905892699e+33 0 composite_239
0.68812 6.92822 0.05105 3.05764 composite 15.44364 2.55378 0.18940 267.71250 -26.65143 0.01134 6.9623 2.14535 0.177349 4.62984e-20 0.143339 3.31105e-14 0.177296 5.74746968656e+33 0 composite_240
3.02402 4.08550 -0.01201 18.42118 composite 12.94371 13.51080 -0.05316 273.77531 -17.23862 0.08151 5.0829 1.83447 0.181516 3.05241e-20 0.0945019 2.65893e-14 0.142377 4.08372894215e+33 0 composite_241
7.37889 2.82731 -0.09610 4.71634 composite 13.51907 33.08122 -0.40729 283.29003 -0.05285 0.01998 7.9020 2.75962 0.135752 1.6294e-19 0.504459 8.54581e-14 0.457601 7.30627541778e+33 0 composite_242
