sky_model/pwn/ctadc_skymodel_gps_sources_pwn.ecsv
# %ECSV 0.9
# ---
# datatype:
# - {name: galactocentric_x, unit: kpc, datatype: float64, format: '%.5f', description: Galactocentric
#     x coordinate}
# - {name: galactocentric_y, unit: kpc, datatype: float64, format: '%.5f', description: Galactocentric
#     y coordinate}
# - {name: galactocentric_z, unit: kpc, datatype: float64, format: '%.5f', description: Galactocentric
#     z coordinate}
# - {name: spiralarm, datatype: string}
# - {name: GLON, unit: deg, datatype: float64, format: '%.5f', description: Galactic
#     longitude}
# - {name: GLAT, unit: deg, datatype: float64, format: '%.5f', description: Galactic
#     latitude}
# - {name: RA, unit: deg, datatype: float64, format: '%.5f'}
# - {name: DEC, unit: deg, datatype: float64, format: '%.5f'}
# - {name: distance, unit: pc, datatype: float64, format: '%.5f', description: Distance
#     observer to source center}
# - {name: sigma, unit: deg, datatype: float64, format: '%.5f', description: Angular
#     size}
# - {name: size_physical, unit: pc, datatype: float64, format: '%.5f', description: Physical
#     size}
# - {name: spec_alpha, datatype: float64, format: '%5g', description: Spectral model
#     parameter (log parabola)}
# - {name: spec_beta, datatype: float64, format: '%5g', description: Spectral model
#     parameter (log parabola)}
# - {name: spec_norm, unit: 1 / (cm2 MeV s), datatype: float64, format: '%5g', description: Spectral
#     model norm parameter (log parabola)}
# - {name: spec_norm_cu, unit: '%', datatype: float64, format: '%5g', description: Spectral
#     model norm parameter (log parabola) in crab units}
# - {name: int_flux_above_1TeV, unit: 1 / (cm2 s), datatype: float64, format: '%5g',
#   description: 'Integral flux above 1 TeV '}
# - {name: int_flux_above_1TeV_cu, unit: '%', datatype: float64, format: '%5g', description: Integral
#     flux above 1 TeV in crab units}
# - {name: source_name, datatype: string, description: source name}
# - {name: galactocentric_r, unit: kpc, datatype: float64, format: '%0.4f', description: Galactocentric
#     radius in the xy plan}
galactocentric_x galactocentric_y galactocentric_z spiralarm GLON GLAT RA DEC distance sigma size_physical spec_alpha spec_beta spec_norm spec_norm_cu int_flux_above_1TeV int_flux_above_1TeV_cu source_name galactocentric_r
12.70925 -4.53426 -0.00340 "Crux Scutum" 72.67023 -0.01463 303.63501 34.66916 13313.60341 0.08545 19.85490 2.21135 0.0910988 2.58907e-21 0.0080157 1.87937e-15 0.0100634 pwn_0 13.4939
-7.84839 -2.00778 0.01471 "Crux Scutum" -50.40231 0.08273 207.19579 -62.04457 10185.59176 0.12291 21.84918 1.80305 0.0628322 3.7099e-19 1.14858 3.65795e-13 1.95872 pwn_1 8.1011
-2.11325 1.30337 0.04191 Perseus -12.16471 0.23945 258.02508 -38.93704 10028.64486 0.08895 15.56920 2.29309 0.272036 1.81852e-20 0.0563008 1.13525e-14 0.0607891 pwn_2 2.4829
-3.65087 7.17570 -0.02095 "Carina Sagittarius" -13.11048 -0.07459 257.62893 -39.88541 16095.24557 0.06435 18.07690 2.30667 0.348685 1.6353e-20 0.0506284 9.78023e-15 0.05237 pwn_3 8.0511
9.76920 -15.84928 0.01946 "Carina Sagittarius" 126.95382 0.09118 21.65216 62.68796 12224.95621 0.02390 5.09951 2.18239 0.477494 2.73959e-20 0.084817 1.6492e-14 0.0883092 pwn_4 18.6182
7.34158 -1.56181 -0.03962 Perseus 46.61816 -0.22471 289.39893 12.05118 10101.42726 0.15019 26.47927 1.91891 0.185767 5.71225e-21 0.017685 4.68608e-15 0.0250925 pwn_5 7.5059
0.32592 6.01843 0.00169 "Carina Sagittarius" 1.28601 0.00667 267.15622 -27.83296 14522.08508 0.09143 23.17370 2.31266 0.173278 1.6569e-21 0.00512973 1.07737e-15 0.00576899 pwn_6 6.0272
-10.34962 0.06381 -0.00613 "Carina Sagittarius" -50.39388 -0.02616 207.26476 -62.14892 13433.29641 0.12769 29.93721 2.22685 0.257927 7.33976e-20 0.227237 4.78352e-14 0.256142 pwn_7 10.3498
3.76919 -7.18550 0.01526 Norma 70.77384 0.21908 302.14557 33.21169 3991.86282 0.14326 9.98129 1.16494 0.342469 2.12815e-21 0.00658871 2.65203e-15 0.0142008 pwn_8 8.1141
6.23764 -0.21340 0.00459 Perseus 36.97017 0.02534 284.68068 3.60495 10371.87549 0.04401 7.96695 2.29334 0.283012 1.45012e-22 0.000448953 9.0031e-17 0.000482087 pwn_9 6.2413
3.17830 3.25524 0.00476 "Crux Scutum" 15.12948 0.02241 274.50881 -15.77873 12177.32954 0.02383 5.06516 1.52588 0.361515 1.43958e-21 0.00445691 1.35203e-15 0.00723969 pwn_10 4.5495
-9.25866 4.19191 0.01011 "Carina Sagittarius" -36.11049 0.03688 232.85096 -56.18282 15710.10241 0.10565 28.96888 2.29907 0.190157 6.22665e-20 0.192776 4.04223e-14 0.216448 pwn_11 10.1634
-1.03997 -4.02451 -0.05931 Perseus -13.08171 -0.73953 258.35274 -40.25442 4595.11180 0.29609 23.74631 2.05378 0.431099 7.18844e-20 0.222552 4.71745e-14 0.252604 pwn_12 4.1567
4.07957 8.31569 0.06120 Perseus 13.63678 0.20264 273.60309 -17.00578 17303.58873 0.02065 6.23785 2.45808 0.0914878 6.28791e-19 1.94672 3.94192e-13 2.11077 pwn_13 9.2625
2.35853 -14.90551 -0.00335 "Carina Sagittarius" 159.78612 -0.02810 71.51583 45.39078 6825.92580 0.14475 17.24497 2.07055 0.157952 1.88406e-19 0.583301 1.4288e-13 0.765079 pwn_14 15.0910
-9.38636 9.31305 -0.03383 Perseus -27.78642 -0.09628 243.84834 -50.98997 20134.78427 0.03781 13.28729 1.83402 0.386839 9.55582e-22 0.00295846 7.25863e-16 0.00388676 pwn_15 13.2226
-2.74623 7.29148 -0.12871 "Carina Sagittarius" -9.86542 -0.46009 260.44498 -37.46714 16029.01170 0.02079 5.81512 2.05579 0.167836 7.81273e-21 0.024188 5.94086e-15 0.0318114 pwn_16 7.7915
4.05899 8.43357 0.01611 Perseus 13.47952 0.05302 273.66199 -17.21542 17413.25487 0.02013 6.11673 2.41794 0.334077 7.45272e-22 0.00230734 4.24418e-16 0.00227262 pwn_17 9.3595
-1.23870 10.05094 0.11352 Perseus -3.82014 0.34982 263.70702 -31.98745 18592.60031 0.08921 28.94779 2.10787 0.143899 2.1879e-19 0.677369 1.63598e-13 0.876013 pwn_18 10.1270
-9.87039 -3.54498 0.00072 "Carina Sagittarius" -63.34294 0.00372 179.30353 -62.20560 11044.31649 0.05285 10.18757 2.0657 0.0935522 2.21977e-21 0.00687236 1.76716e-15 0.0094626 pwn_19 10.4877
-5.70017 3.49597 0.00701 "Crux Scutum" -25.41584 0.03025 246.33677 -49.23205 13281.38956 0.12217 28.32018 2.32307 0.150366 5.41445e-21 0.016763 3.54503e-15 0.0189825 pwn_20 6.6868
-7.51924 -9.78066 -0.20089 "Carina Sagittarius" -99.66575 -1.50869 127.62276 -41.82982 7630.17018 0.02743 3.65350 2.16311 0.443497 3.8462e-20 0.119077 2.37193e-14 0.12701 pwn_21 12.3370
3.74866 -2.35636 -0.04213 "Carina Sagittarius" 31.39025 -0.33536 282.45491 -1.52498 7197.11813 0.11645 14.62729 2.09822 0.230442 9.87051e-20 0.305589 7.03032e-14 0.376451 pwn_22 4.4277
1.96397 -6.65615 0.08874 Norma 46.80681 1.88678 287.57188 13.19811 2695.34145 0.11037 5.19215 2.50982 0.112708 4.49794e-20 0.139255 2.70933e-14 0.145076 pwn_23 6.9398
-6.48093 -2.75470 -0.01414 "Crux Scutum" -48.44324 -0.09353 211.31420 -61.72290 8660.89480 0.01082 1.63581 2.56653 0.160719 1.69671e-20 0.0525298 9.68697e-15 0.0518706 pwn_24 7.0421
-3.14914 -0.11323 -0.03179 Perseus -20.58061 -0.20334 251.42633 -45.81989 8958.57498 0.11049 17.27572 2.284 0.00138548 2.23418e-19 0.691697 1.64788e-13 0.882389 pwn_25 3.1512
0.04485 6.71733 -0.00741 "Carina Sagittarius" 0.16885 -0.02788 266.53255 -28.80653 15217.39585 0.01786 4.74416 2.01421 0.377904 1.79976e-19 0.557201 1.2391e-13 0.663501 pwn_26 6.7175
10.51112 -7.82369 0.00597 "Crux Scutum" 86.31854 0.03245 314.36103 45.61306 10532.85729 0.12005 22.06925 2.54907 0.112839 2.17894e-19 0.674594 1.28501e-13 0.688081 pwn_27 13.1032
2.01253 -6.68992 0.02485 Norma 48.03163 0.52605 289.39523 13.65164 2706.89184 0.45271 21.38854 2.45494 0.298961 8.98502e-19 2.78174 5.10012e-13 2.73095 pwn_28 6.9861
-3.20756 -15.05664 0.16370 "Carina Sagittarius" -153.93178 1.28478 100.86737 6.69349 7301.01536 0.05119 6.52298 2.31567 0.0125548 5.08493e-21 0.0157428 3.6458e-15 0.0195221 pwn_29 15.3945
-6.43672 -6.19689 0.00588 "Crux Scutum" -70.31237 0.04928 165.59842 -59.98834 6836.35068 0.23742 28.32893 1.73518 0.417249 9.02377e-21 0.0279374 7.14198e-15 0.038243 pwn_30 8.9349
1.87113 -0.02720 -0.00786 Perseus 12.45332 -0.05189 273.24313 -18.16665 8676.95738 0.14554 22.04131 2.1422 0.0937224 3.14954e-19 0.975091 2.38452e-13 1.27683 pwn_31 1.8713
-0.01460 -7.51694 0.03077 Norma -0.85083 1.79275 264.15486 -28.70934 983.64821 0.58180 9.98866 1.8769 0.00238419 7.68179e-17 237.826 7.5793e-11 405.847 pwn_32 7.5170
1.30649 -5.06113 -0.12111 Perseus 20.80269 -1.88565 278.96776 -11.64837 3680.68528 0.33787 21.70507 2.0523 0.150594 3.26383e-18 10.1047 2.51662e-12 13.4757 pwn_33 5.2270
-10.03129 8.53997 0.07564 Perseus -30.48497 0.21916 240.28091 -52.57543 19773.54782 0.06477 22.35143 2.17202 0.460244 1.10049e-20 0.0340707 6.70759e-15 0.035917 pwn_34 13.1741
-1.32545 1.97622 0.01408 Norma -7.21076 0.07641 261.74753 -34.97093 10559.74472 0.06104 11.24913 2.13005 0.131307 9.39992e-19 2.91019 6.98993e-13 3.74288 pwn_35 2.3796
-0.57445 7.28073 -0.00086 "Carina Sagittarius" -2.08476 -0.00313 265.14486 -30.71136 15791.18350 0.04426 12.19959 1.95745 0.251739 3.46617e-21 0.0107312 2.65311e-15 0.0142066 pwn_36 7.3034
1.65607 -0.22651 0.02017 Perseus 11.31907 0.13696 272.49224 -19.06989 8437.63163 0.07965 11.73004 2.48189 0.203615 3.10505e-20 0.0961314 1.81466e-14 0.0971693 pwn_37 1.6715
-5.56608 -6.97839 0.03823 "Crux Scutum" -74.71050 0.37959 158.32646 -57.68151 5770.43812 0.18931 19.06637 1.59116 0.147125 1.5723e-20 0.0486781 1.68711e-14 0.0903396 pwn_38 8.9263
-7.69319 -2.51724 0.07449 "Crux Scutum" -52.12890 0.43790 203.43630 -62.02745 9745.98149 0.15962 27.15132 2.31906 0.463677 7.33802e-21 0.0227183 4.15874e-15 0.0222687 pwn_39 8.0945
-2.85182 -8.78875 -0.06099 "Crux Scutum" -95.78155 -1.21902 131.16666 -44.74772 2867.04950 0.12857 6.43355 1.54276 0.394497 2.83155e-19 0.876641 2.56779e-13 1.37497 pwn_40 9.2399
0.12147 -2.27439 -0.01030 "Crux Scutum" 1.11776 -0.09480 267.15641 -28.02944 6226.80783 0.24322 26.43319 2.21478 0.380957 1.38663e-19 0.429297 8.56509e-14 0.458633 pwn_41 2.2776
-14.13810 -3.82401 0.00391 Perseus -71.69904 0.01505 163.08076 -59.43000 14891.30340 0.01000 2.59902 1.83393 0.263054 3.57719e-20 0.110749 2.93808e-14 0.157325 pwn_42 14.6461
7.38141 1.08371 -0.04836 Perseus 37.60359 -0.22908 285.19767 4.05201 12096.90544 0.09621 20.31186 2.36349 0.412431 7.19894e-21 0.0222877 4.07609e-15 0.0218262 pwn_43 7.4605
1.81576 5.03144 0.26020 "Carina Sagittarius" 7.64275 1.09182 269.67856 -21.80406 13655.20215 0.05583 13.30640 2.12594 0.229214 2.62024e-21 0.00811219 1.83741e-15 0.00983872 pwn_44 5.3491
-2.28474 6.67119 -0.00673 "Carina Sagittarius" -8.56422 -0.02514 260.91771 -36.14843 15342.26580 0.08979 24.04230 2.17431 0.232595 3.9765e-21 0.0123112 2.70619e-15 0.0144908 pwn_45 7.0516
-2.34632 -4.03951 -0.02488 Perseus -27.74545 -0.28285 244.10090 -51.09613 5040.01849 0.25062 22.04581 1.79452 0.246887 2.19327e-18 6.7903 1.86958e-12 10.011 pwn_46 4.6715
7.37255 4.09894 0.05929 Perseus 30.33499 0.23273 281.46744 -2.20485 14597.64749 0.05957 15.17725 1.90363 0.118455 8.64626e-22 0.00267686 7.54354e-16 0.00403932 pwn_47 8.4354
2.24636 14.51368 0.14680 Norma 5.57498 0.36375 269.23992 -23.95853 23123.52086 0.04917 19.84250 2.16217 0.461826 1.80928e-20 0.0560149 1.10747e-14 0.0593012 pwn_48 14.6865
0.99320 0.85156 0.00795 Norma 6.06249 0.04842 269.80493 -23.69404 9404.16064 0.09623 15.79448 2.27507 0.129375 2.44591e-20 0.0757248 1.66698e-14 0.0892616 pwn_49 1.3083
1.91034 -0.90877 -0.10103 "Crux Scutum" 14.12526 -0.73942 274.71267 -17.02394 7828.55891 0.18018 24.61890 2.97873 0.0990797 1.18265e-19 0.366147 5.68225e-14 0.304266 pwn_50 2.1155
-0.32171 15.30822 -0.04252 Norma -0.77416 -0.10232 266.04136 -29.64977 23810.43195 0.03625 15.06261 2.16686 0.121876 6.8023e-20 0.210598 4.97417e-14 0.266351 pwn_51 15.3116
-2.68236 0.71726 0.05411 Perseus -16.22580 0.32295 254.70620 -42.12161 9599.78456 0.09790 16.40366 2.39281 0.408676 3.79191e-19 1.17396 2.12042e-13 1.13542 pwn_52 2.7766
3.74868 3.73512 0.01446 "Carina Sagittarius" 17.03439 0.06475 275.40102 -14.07952 12796.52302 0.03867 8.63652 1.63292 0.384273 2.19597e-20 0.0679868 1.89109e-14 0.101262 pwn_53 5.2919
-4.75794 -7.86452 0.01207 "Crux Scutum" -82.39249 0.14403 146.95183 -53.44752 4800.20528 0.22364 18.73662 1.70103 0.213553 1.74524e-21 0.00540322 1.62703e-15 0.00871223 pwn_54 9.1918
1.00436 1.79185 0.07552 Perseus 5.57372 0.41844 269.18747 -23.93217 10341.02052 0.05612 10.12890 1.99335 0.00689095 6.49427e-20 0.201061 5.83761e-14 0.312585 pwn_55 2.0541
5.06455 -5.83908 0.02416 Norma 62.28252 0.24195 297.00913 25.98599 5721.08317 0.17972 17.94576 1.74077 0.487868 8.74351e-19 2.70697 6.62481e-13 3.54738 pwn_56 7.7295
2.73398 9.68751 -0.00668 Perseus 8.54881 -0.02082 271.20144 -21.56674 18391.84869 0.01973 6.33339 2.54592 0.0662655 4.20929e-20 0.130319 2.54789e-14 0.136431 pwn_57 10.0659
7.63335 3.43062 -0.01687 Perseus 32.61158 -0.06824 282.77414 -0.31622 14163.61661 0.02444 6.04255 1.97693 0.425711 1.29557e-20 0.0401104 8.88431e-15 0.0475726 pwn_58 8.3688
0.67761 5.45820 0.13207 "Carina Sagittarius" 2.77928 0.54148 267.50390 -26.27734 13975.26067 0.05486 13.38021 2.51465 0.390862 1.76977e-18 5.47915 9.41444e-13 5.04113 pwn_59 5.5001
-6.18552 -6.75916 0.03123 "Crux Scutum" -74.28140 0.27844 158.92902 -57.98390 6425.89719 0.12179 13.65913 2.54603 0.469038 1.14862e-18 3.5561 5.86113e-13 3.13845 pwn_60 9.1623
-0.52999 -2.87848 -0.02036 "Carina Sagittarius" -5.38582 -0.20659 263.25085 -33.60421 5646.48326 0.09272 9.13761 2.11283 0.386699 1.02923e-19 0.318647 6.68705e-14 0.35807 pwn_61 2.9269
-4.74466 -2.45057 0.00606 Norma -38.10762 0.04520 229.81048 -57.28190 7688.13817 0.03911 5.24849 2.25054 0.165686 6.11774e-20 0.189404 4.1398e-14 0.221673 pwn_62 5.3401
-8.05857 3.52337 0.04840 "Carina Sagittarius" -33.83166 0.19159 235.93420 -54.71285 14474.25804 0.01036 2.61649 2.08317 0.115957 1.94617e-20 0.060253 1.50701e-14 0.0806957 pwn_63 8.7951
3.06135 -6.36109 0.02618 Norma 55.05870 0.40159 292.98962 19.77992 3734.63411 0.03403 2.21825 2.26153 0.188845 7.40306e-18 22.9197 4.91248e-12 26.3048 pwn_64 7.0594
-1.60236 -0.03307 -0.04177 "Carina Sagittarius" -10.71645 -0.27770 259.64011 -38.06099 8617.31706 0.06141 9.23564 2.245 0.101544 1.17113e-18 3.62579 8.2692e-13 4.42789 pwn_65 1.6027
3.90073 2.36759 -0.09669 "Carina Sagittarius" 19.74469 -0.47976 277.19492 -11.93767 11546.83564 0.07273 14.65720 2.06291 0.359787 6.39529e-22 0.00197997 4.32658e-16 0.00231675 pwn_66 4.5630
9.66313 -1.52713 -0.01502 Norma 54.18594 -0.07220 292.98366 18.78687 11916.25853 0.10669 22.18943 2.25149 0.413259 8.2663e-20 0.255923 4.94129e-14 0.26459 pwn_67 9.7831
4.81358 -9.57591 0.16511 "Crux Scutum" 102.59936 1.91721 331.72167 58.13803 4935.11462 0.17447 15.02811 2.61711 0.323219 2.44222e-18 7.56104 1.27128e-12 6.8073 pwn_68 10.7177
-5.62385 10.37207 0.16192 Perseus -16.59397 0.47109 254.24035 -42.31773 19692.86532 0.07930 27.25499 2.3139 0.0930464 6.98771e-22 0.00216338 4.75802e-16 0.00254777 pwn_69 11.7986
-4.46655 5.98211 -0.04643 "Carina Sagittarius" -17.14072 -0.17553 254.46500 -43.14829 15155.31848 0.01000 2.64510 2.19774 0.0186924 3.74343e-20 0.115896 2.8857e-14 0.15452 pwn_70 7.4656
1.21512 -2.65369 0.08223 "Crux Scutum" 11.74137 0.78896 272.10579 -18.38470 5971.81681 0.06377 6.64628 2.13743 0.290201 2.18518e-21 0.00676527 1.47125e-15 0.0078781 pwn_71 2.9187
9.21539 -8.81820 -0.01220 "Crux Scutum" 91.97762 -0.07584 320.18672 49.69659 9220.88557 0.06924 11.14339 1.7962 0.231337 5.23446e-20 0.162058 4.50765e-14 0.24137 pwn_72 12.7548
-9.95489 1.68657 0.03232 "Carina Sagittarius" -44.34099 0.13000 219.10638 -60.12161 14243.14050 0.07221 17.95175 1.79181 0.099852 1.83965e-22 0.000569551 1.76826e-16 0.000946848 pwn_73 10.0968
-9.89699 -5.34927 -0.01204 "Carina Sagittarius" -72.34102 -0.06642 161.88525 -59.21383 10386.41366 0.14229 25.79312 2.19701 0.184042 1.23399e-20 0.038204 8.52325e-15 0.0456393 pwn_74 11.2501
-3.01114 1.34409 -0.04418 Perseus -17.00800 -0.24588 254.65347 -43.08799 10294.42236 0.06387 11.47635 1.68918 0.270733 5.82127e-21 0.0180225 5.23387e-15 0.0280257 pwn_75 3.2975
0.66023 -0.88955 0.18318 Perseus 4.95817 1.37367 267.94511 -23.97969 7641.22986 0.06849 9.13417 1.8701 0.316459 9.83206e-21 0.0304398 7.6238e-15 0.040823 pwn_76 1.1078
-5.89012 2.80568 -0.01794 "Crux Scutum" -27.51898 -0.08065 244.13686 -50.79338 12748.02696 0.01466 3.26259 2.48445 0.238322 1.42138e-18 4.40055 8.16452e-13 4.37184 pwn_77 6.5242
-5.92964 6.77437 0.03825 "Carina Sagittarius" -21.21663 0.13376 250.46069 -46.07950 16385.00829 0.08706 24.89760 2.67427 0.485696 7.86531e-20 0.243508 3.78021e-14 0.202418 pwn_78 9.0029
-2.92861 7.25657 0.02401 "Carina Sagittarius" -10.52918 0.08585 259.40047 -37.69841 16026.44504 0.04403 12.31576 1.60021 0.0231132 6.43572e-21 0.0199248 7.8142e-15 0.0418426 pwn_79 7.8253
-3.84275 -4.29063 -0.03837 Norma -42.39314 -0.38569 223.06833 -59.76933 5699.73617 0.17875 17.78240 2.58799 0.329104 2.78547e-20 0.0862374 1.46621e-14 0.0785111 pwn_80 5.7599
-3.63222 -0.39644 -0.02019 Norma -24.14311 -0.13029 247.85026 -48.42399 8880.37207 0.19046 29.52009 2.03657 0.454779 1.87537e-20 0.058061 1.22811e-14 0.0657615 pwn_81 3.6538
-7.86805 4.73591 -0.01653 "Carina Sagittarius" -30.72925 -0.06152 240.27996 -52.94753 15397.91540 0.01000 2.68744 2.0955 0.118282 2.53795e-21 0.00785743 1.94646e-15 0.0104227 pwn_82 9.1834
3.28439 1.20404 -0.09421 "Carina Sagittarius" 18.69870 -0.52685 276.73961 -12.88556 10245.22033 0.03156 5.64316 2.06598 0.106854 5.68272e-19 1.75935 4.47928e-13 2.39851 pwn_83 3.4981
-0.07147 -11.13996 0.02557 "Crux Scutum" -178.44929 0.55481 87.85497 27.89397 2641.04780 0.51406 23.69619 2.42416 0.381116 9.15798e-18 28.3529 5.10074e-12 27.3128 pwn_84 11.1402
2.34893 -2.45705 -0.07168 "Crux Scutum" 21.24140 -0.63339 278.04062 -10.68235 6483.81752 0.21594 24.43686 1.6177 0.243187 6.54693e-19 2.02691 6.32301e-13 3.38577 pwn_85 3.3992
0.90348 0.25753 0.07809 "Crux Scutum" 5.89012 0.50818 269.27615 -23.61347 8804.36137 0.15237 23.41460 2.23685 0.496089 8.65791e-20 0.268047 5.03789e-14 0.269763 pwn_86 0.9395
-9.95565 2.04364 -0.04583 "Carina Sagittarius" -43.35701 -0.18106 221.16097 -60.00431 14501.22408 0.06637 16.79802 1.81654 0.294562 9.32982e-21 0.0288849 7.58579e-15 0.0406195 pwn_87 10.1632
0.55561 5.97704 -0.00684 "Crux Scutum" 2.19785 -0.02705 267.71672 -27.06798 14487.70349 0.11622 29.38617 2.27124 0.461721 6.81884e-21 0.021111 3.95664e-15 0.0211866 pwn_88 6.0028
