sky_model/pwn/ctadc_skymodel_gps_sources_pwn.ecsv
# %ECSV 0.9
# ---
# datatype:
# - {name: x, unit: kpc, datatype: float64, description: Galactocentric x coordinate}
# - {name: y, unit: kpc, datatype: float64, description: Galactocentric y coordinate}
# - {name: z, unit: kpc, datatype: float64, description: Galactocentric z coordinate}
# - {name: spiralarm, datatype: string}
# - {name: GLON, unit: deg, datatype: float64, description: Galactic longitude}
# - {name: GLAT, unit: deg, datatype: float64, description: Galactic latitude}
# - {name: RA, unit: deg, datatype: float64}
# - {name: DEC, unit: deg, datatype: float64}
# - {name: distance, unit: pc, datatype: float64, description: Distance observer to
#     source center}
# - {name: sigma, unit: deg, datatype: float64, description: Angular extension (deg)}
# - {name: spec_alpha, datatype: float64, description: Spectral model parameter (log
#     parabola)}
# - {name: spec_beta, datatype: float64, description: Spectral model parameter (log
#     parabola)}
# - {name: spec_norm, unit: 1 / (cm2 MeV s), datatype: float64, description: Spectral
#     model norm parameter (log parabola)}
# - {name: spec_norm_cu, unit: '%', datatype: float64, description: Spectral model norm
#     parameter (log parabola) in crab units}
# - {name: int_flux_above_1TeV, unit: 1 / (cm2 s), datatype: float64, description: 'Integral
#     flux above 1 TeV '}
# - {name: int_flux_above_1TeV_cu, unit: '%', datatype: float64, description: Integral
#     flux above 1 TeV in crab units}
# - {name: source_name, datatype: string, description: source name}
x y z spiralarm GLON GLAT RA DEC distance sigma spec_alpha spec_beta spec_norm spec_norm_cu int_flux_above_1TeV int_flux_above_1TeV_cu source_name
[from data line 388]
-5.00783674485 0.520573185446 -0.123968054095 Norma -29.0371629764 -0.688399235827 243.041139602 -52.2799065006 10318.1654152 0.303749398617 2.07321594985 0.424844938211 5.671162129e-20 0.175577774892 8.17906687528e-14 0.320485258879 pwn_388
7.3682859088 -0.888705016221 -0.0270858370874 Perseus 44.0705899424 -0.146494777651 288.121534116 9.83230878218 10593.5915631 0.175511976685 1.78359584094 0.0164727242656 3.3583134351e-19 1.0397255217 3.64397602652e-13 1.42784087478 pwn_389
-6.5173261131 -5.66524293484 0.0806877619763 "Crux Scutum" -66.4930281753 0.650454609743 173.261578018 -60.7787416165 7107.59437489 0.310312564807 1.8252610134 0.155097749122 2.08935662283e-19 0.64685963555 2.57892790607e-13 1.01051671323 pwn_390
1.71833943915 4.49745884683 0.0113942737032 "Crux Scutum" 7.53115952643 0.0497952739511 270.595281188 -22.4180401148 13110.5589787 0.116464250545 2.12750673052 0.257716543343 2.01586927775e-19 0.624108135527 2.15052410435e-13 0.842652694762 pwn_391
-3.93735016962 -4.31444603173 -0.234046020948 Norma -43.2498123289 -2.33230286294 223.293875515 -61.8931575889 5751.20560573 0.24596191345 2.25121029395 0.207976657315 1.76455602042e-18 5.46302173506 1.60014997039e-12 6.26996313057 pwn_392
-10.1198857741 -7.0632235913 -0.0887717706204 "Carina Sagittarius" -81.9194047299 -0.497596670594 146.872560427 -54.2433279104 10221.7559625 0.0322341415565 1.95266457137 0.11562747649 2.05930430475e-19 0.637555512306 2.1621165129e-13 0.847195017391 pwn_393
0.282072203872 -2.88381969358 0.0448996791075 "Carina Sagittarius" 2.87525988363 0.457476220752 267.639188995 -26.2380185811 5623.43862273 0.260960201234 1.61608163466 0.15393704898 9.15314330267e-20 0.283379049618 1.38555625344e-13 0.542910776188 pwn_394
-3.12140403412 -3.92380977378 -0.126776706393 Norma -34.2977674018 -1.31106881623 236.910376035 -56.1855471213 5540.82597309 0.192030959369 2.53944814153 0.472715485196 5.02738818082e-19 1.55646692905 4.86644084641e-13 1.90684656118 pwn_395
-3.74387378923 4.04707007086 -0.049306719872 "Crux Scutum" -16.6143824645 -0.215756343106 254.953883982 -42.7601985043 13093.8149317 0.187513044606 1.76873168678 0.147090439936 6.05371071704e-20 0.187421384428 7.79889623827e-14 0.305588805912 pwn_396
4.05912570771 -0.724853454966 0.200394171084 "Carina Sagittarius" 27.5674498445 1.30883824949 279.240831883 -4.17303424759 8773.22991444 0.307588100264 1.58377140209 0.17695205509 7.69913103876e-19 2.38363190055 1.24979894487e-12 4.8971617973 pwn_397
-4.58472212389 0.95074396769 -0.0319661407976 Norma -25.8788393081 -0.174362229141 246.062689633 -49.7058807025 10504.1544319 0.283522146201 2.7004946387 0.00185488687501 5.04111367427e-20 0.156071630782 2.9082714878e-14 0.113956537447 pwn_398
-1.57968346394 7.00647793599 0.0226253789937 "Carina Sagittarius" -5.81679666556 0.0831693070731 262.675774502 -33.8062636249 15586.749813 0.157226235456 1.89091128066 0.422538813639 1.97230792767e-20 0.0610621649433 3.4919191191e-14 0.136825950923 pwn_399
13.6778156131 0.535432233379 -0.108737892075 "Crux Scutum" 56.5516361836 -0.380054451012 294.491037638 20.7048454771 16393.0930431 0.0734398047583 1.60533217417 0.0774203517008 1.75770983556e-20 0.0544182611628 2.40967439528e-14 0.0944197099939 pwn_400
-2.86918084369 -1.39781000582 0.00730293791022 Perseus -21.9979875368 0.0546260560773 249.79548503 -46.7169397366 7659.85344247 0.0991583817575 1.81547126297 0.102072137757 2.92377999453e-19 0.905195044747 3.40498838582e-13 1.33419692118 pwn_401
2.55980250048 -7.01186406875 -0.155140386997 Norma 59.8285097725 -2.99931199095 298.692149363 22.2224651166 2964.99678432 0.801639454061 2.09923712193 0.127632258546 1.09554860417e-19 0.339179134417 1.03256603887e-13 0.404596513664 pwn_402
-2.94246111627 -9.19697813538 -0.0353380569594 "Crux Scutum" -103.325996136 -0.669546650542 125.738858758 -38.3625844104 3024.08741941 0.66939418855 2.05138412055 0.442311028422 2.7005619463e-18 8.36087289875 4.11592312893e-12 16.1276672463 pwn_403
-7.44758339321 -16.7395916539 0.0259300539452 Perseus -137.890273908 0.133765067974 107.192882508 -8.09917667621 11106.6665292 0.0179036732365 1.77003311674 0.103225705623 9.0105660386e-20 0.278964892836 1.09489881797e-13 0.429020738518 pwn_404
-2.71483679421 -3.38065575834 -0.0139240375937 Perseus -27.9374313542 -0.137676372378 243.72015931 -51.124234668 5794.6715319 0.349219067283 2.49213537203 0.398763180434 5.26502514653e-20 0.163003874506 4.83949830366e-14 0.189628950385 pwn_405
-7.992227139 -1.756549135 0.0546242654892 "Crux Scutum" -49.8439617795 0.299292096135 208.244136401 -61.706278329 10457.1892983 0.231225837758 1.85917348694 0.404024670161 3.39135507199e-20 0.104995513065 6.01711879017e-14 0.235772356747 pwn_406
7.85827283328 -4.60912058635 -0.00478815744785 Norma 63.6585328655 -0.0312861514466 298.054206939 27.0316988379 8768.77514025 0.201719896853 1.68013462059 0.463510284393 9.00357667438e-20 0.278748503851 2.2730135724e-13 0.890648474078 pwn_407
-4.20135998397 -8.26623279721 -0.0363638165611 "Crux Scutum" -86.8152984434 -0.495131043847 140.898926557 -50.9520975582 4208.01558304 0.370538609145 2.25938721758 0.0577806568002 1.97220405808e-19 0.610589491665 1.5475134898e-13 0.606371446718 pwn_408
5.04447361044 -3.83816840501 -0.0652735655221 Perseus 47.2575455294 -0.544465975565 289.994365285 12.4665041149 6869.03548286 0.149126754689 2.35884696857 0.108639486169 4.75813878102e-19 1.47310798174 3.63161618526e-13 1.42299784441 pwn_409
1.91169478738 -6.50582890549 0.0626261335392 Norma 43.7903214581 1.2986876725 286.68807311 10.2503531472 2763.18970519 0.172078541116 1.77927686364 0.37144914604 2.11009984895e-19 0.653281686982 3.86758442712e-13 1.51545868895 pwn_410
-7.07112919532 -2.54103026254 0.0288105159865 "Crux Scutum" -49.8785488646 0.178510321385 208.233352659 -61.8318110428 9247.21679613 0.260159819441 1.62163623088 0.0980003771404 5.55634175285e-20 0.172022964484 7.71248904782e-14 0.302203061399 pwn_411
-5.79347593269 6.30147679844 0.0520593480332 "Carina Sagittarius" -21.3759720514 0.187655718936 250.25042231 -46.1634796242 15894.9925754 0.0913904686491 2.2782183322 0.143164773437 7.83902377857e-20 0.242694234631 6.53238132846e-14 0.255962196308 pwn_412
-5.58318785088 3.48230792189 -0.0619272197087 "Crux Scutum" -24.9832890992 -0.268407913713 247.125206623 -49.1287385876 13219.3617355 0.114804357086 1.44722262447 0.0833707900557 5.13337001962e-20 0.158927864385 8.31102675447e-14 0.325655921583 pwn_413
4.7124064284 13.335254877 -0.0657464612347 Norma 12.1785830579 -0.168635870469 273.212211878 -18.4637164657 22338.0718167 0.143557831209 1.66881215196 0.0863483430775 1.15384375828e-20 0.0357227169745 1.5070036158e-14 0.0590498221016 pwn_414
7.98300366872 -0.575343694283 0.197389486722 Perseus 45.2101530118 1.00532817701 287.618712075 11.3753354103 11250.2216755 0.204997954271 2.26121046051 0.240776677314 1.67531697355e-19 0.518673985618 1.56088591429e-13 0.611611243616 pwn_415
-2.93906124802 -4.97834115906 -0.0491753710849 Norma -39.847270409 -0.614227279847 227.657333748 -58.7520094427 4587.21922614 0.444014366396 1.98505481203 0.0548415310565 1.94730585166e-18 6.02881068625 1.86709296497e-12 7.31594179819 pwn_416
-6.39734396049 -16.8023588789 -0.00982052737206 Perseus -142.384118362 -0.0536842710197 104.951188677 -4.19224048239 10481.1864379 0.175577382743 1.92873691588 0.160848809232 7.85761909262e-20 0.243269940948 8.88517105309e-14 0.348152960302 pwn_417
4.38622037008 2.21252813768 0.0417735473804 "Carina Sagittarius" 22.2665350321 0.206763683873 277.765483311 -9.38491490486 11575.7908268 0.261239220104 2.09526048375 0.213296954799 5.1299666056e-19 1.58822495529 5.33383197355e-13 2.08998721606 pwn_418
5.35153646355 -1.76011846273 -0.00515813234028 Perseus 38.449942874 -0.0343406654499 285.412426956 4.89366973049 8606.10087458 0.371309087187 1.95875090564 0.012274058262 1.21938511921e-18 3.77518612757 1.14507834394e-12 4.48682881667 pwn_419
-0.0609776659884 -4.78631184031 0.0216608721882 Perseus -0.940695294163 0.334140931623 265.513620154 -29.5620459729 3714.25190537 0.677594582366 1.64935458502 0.194166583237 3.25111249348e-19 1.00653637569 5.05938315182e-13 1.98244829625 pwn_420
8.33690180783 -3.09287867509 -0.164271246958 Norma 57.0334925972 -0.947100581176 295.272600051 20.8452248187 9938.20294712 0.223220034664 2.34454034342 0.0470612180428 1.18105933319e-19 0.365653044331 8.67539968646e-14 0.339933363645 pwn_421
-2.8989769345 1.46203202955 -0.100029163245 Norma -16.2251316915 -0.552378241432 255.640800947 -42.6599050045 10375.7484192 0.01 2.35775379428 0.246789265573 2.36460133472e-20 0.0732074716631 2.05032403213e-14 0.0803390702439 pwn_422
-9.21870647943 -8.64743729226 -0.00149740581308 "Carina Sagittarius" -90.9162689438 -0.00930543371973 137.061196237 -47.6653200229 9219.8855281 0.197887854159 2.05543979222 0.412869094279 7.62724959055e-20 0.236137758221 1.09888206147e-13 0.430581516595 pwn_423
-5.99726757972 4.98989402723 -0.103103731514 "Carina Sagittarius" -23.9687277968 -0.400144672171 248.327105839 -48.4806167842 14763.3021262 0.108812873356 2.01218618417 0.409211081091 2.13780236494e-20 0.066185831732 3.21062601934e-14 0.125803875511 pwn_424
-4.0018631125 -3.50435897425 -0.0306060424927 Norma -38.6972053729 -0.27395953983 229.195033595 -57.8654867802 6400.95886249 0.281040533125 2.63169869763 0.0402242577687 1.94626613201e-18 6.02559173996 1.19213740306e-12 4.67122313666 pwn_425
-5.18651048323 -2.17407201247 0.0924197598743 Norma -39.3476880542 0.647291538017 227.266707572 -57.4109780974 8180.81886538 0.309063206384 1.92536313185 0.300613878837 2.20178206242e-20 0.0681666273194 3.03362729724e-14 0.118868428945 pwn_426
2.74538795288 9.13267807222 -0.00848327829805 Perseus 8.84983138822 -0.0272374669652 271.365821592 -21.307430194 17845.1271493 0.01 1.9299142149 0.417293190986 1.38259894399e-20 0.0428049208664 2.31452039584e-14 0.0906912340433 pwn_427
-4.84195303669 0.441685863565 -0.143300988425 Norma -28.4356943753 -0.807395760794 243.885372448 -51.9526135982 10169.5029606 0.120862677447 2.09840993729 0.118986271467 4.77800883667e-19 1.47925970176 4.46669875636e-13 1.75021323226 pwn_428
-1.708096204 5.04510216514 0.00355355514984 "Crux Scutum" -7.18730857907 0.0149134260321 261.825797279 -34.9857114462 13652.3770067 0.14283883686 2.39725692816 0.380963255725 3.1319939149e-20 0.0969657558793 3.0623500106e-14 0.119993888165 pwn_429
7.82874462114 0.679074582082 0.204930245469 Perseus 40.4605434669 0.973170195557 285.43683579 7.14236450009 12065.929261 0.109162168382 2.43004810369 0.445382173225 3.45302524465e-20 0.106904806336 3.56730340553e-14 0.139779778409 pwn_430
-7.04468699357 -5.16481971761 0.017297795391 "Crux Scutum" -64.6656274247 0.127155692721 176.621349524 -61.7827208325 7794.31469516 0.064269892216 1.93018538945 0.40306207572 1.9679122143e-20 0.060926074746 3.20768245632e-14 0.125688536124 pwn_431
1.85006989348 4.49654041154 -0.035656164624 "Crux Scutum" 8.10167776495 -0.155622429731 271.091770852 -22.022516516 13127.608032 0.187752807492 2.08324943641 0.0536505157578 2.13435332845e-18 6.60790504165 1.89527290248e-12 7.42636092919 pwn_432
1.31550986274 2.70865699407 0.00960927613125 Norma 6.69392555115 0.0487852915543 270.146788944 -23.1460375061 11285.594807 0.173324982328 1.62791746389 0.00452999976119 3.74014345115e-20 0.115793914896 4.57786577825e-14 0.179377246993 pwn_433
0.365723667362 -0.830299111963 -0.0403652894316 Perseus 2.73003635989 -0.301200084898 268.285500263 -26.7499709239 7678.52165911 0.115117313026 1.91576645086 0.0958620549609 5.11957760929e-20 0.158500854777 5.42441519578e-14 0.212548098065 pwn_434
-4.03396088186 7.53097052014 0.114932207386 "Carina Sagittarius" -14.1244031822 0.398350614632 256.338897728 -40.4140417143 16531.1241489 0.120298810681 1.77312159322 0.135238670473 1.47914073231e-20 0.0457938307215 1.86778804484e-14 0.073186653711 pwn_435
-3.21908763451 4.17647675249 -0.0248813081121 "Crux Scutum" -14.2486101447 -0.109000046843 256.77351138 -40.8190036682 13078.8457875 0.185340720987 1.72815542688 0.308091495308 1.44950317878e-20 0.0448762594049 2.50711521185e-14 0.0982377916653 pwn_436
3.55671615948 0.980394110517 0.0132818996001 "Carina Sagittarius" 20.5643547736 0.0751555602742 277.082000795 -10.9540436588 10125.6248567 0.17013863636 2.45402571339 0.192136587621 1.54125342722e-19 0.47716824372 1.18012479344e-13 0.46241534114 pwn_437
-1.12957655537 -4.34402053248 0.107340211212 Perseus -15.2054168013 1.42772762027 254.397009271 -40.635805385 4308.08895566 0.558480461491 1.78608260131 0.351703515331 8.13602390265e-19 2.51889284912 1.42533280694e-12 5.58496660544 pwn_438
2.07779250323 -6.68791671065 0.0418341458538 Norma 48.9076837294 0.869337928653 289.504216596 14.5865431234 2757.28446661 0.647538151214 1.85646640484 0.176537480261 9.68878402926e-19 2.99962353847 1.19478363187e-12 4.68159201292 pwn_439
-0.388208947146 -2.02874733812 -0.0627269334843 "Crux Scutum" -3.43304622599 -0.55436361673 264.852400448 -32.1464229639 6483.18994544 0.212652917852 2.09877917274 0.0772127123273 1.44370592155e-19 0.44696777757 1.29517101236e-13 0.507494587729 pwn_440
8.79613135902 -5.33721396495 -0.0267975190726 Norma 70.2231616507 -0.164256317892 302.173176227 32.5411176099 9347.50557613 0.0772556182823 2.35041282208 0.156344921743 4.38989867102e-20 0.135910175573 3.51030584457e-14 0.13754640896 pwn_441
2.90477373682 -2.96755098496 0.0271749692006 "Carina Sagittarius" 27.7014050372 0.249173776335 280.246919465 -4.53972315477 6248.71515154 0.263156398648 2.12990108412 0.442162113195 2.03617506646e-19 0.630394757418 2.84265655461e-13 1.11385508359 pwn_442
3.34633611939 1.97480974921 0.00789908355483 "Crux Scutum" 17.7168664689 0.0411576818794 275.752554601 -13.4880969027 10996.3478984 0.171432498089 2.74502588079 0.479266172123 1.49993698529e-19 0.46437677563 1.22227671403e-13 0.478931979759 pwn_443
-0.907254920749 7.45343629308 -0.00173894199748 "Carina Sagittarius" -3.25484413886 -0.00623522812142 264.418614776 -31.702970527 15979.212874 0.154616295676 1.97983964587 0.103756367034 3.28679520394e-19 1.01758365447 3.32928955206e-13 1.30453539535 pwn_444
0.50017249933 -7.56175210059 0.00439415987362 Norma 28.061722979 0.236790489407 280.42334415 -4.22502301643 1063.25018621 1.52299383691 2.06985343886 0.394234193512 7.9557785314e-18 24.6308932861 1.09368444665e-11 42.854490416 pwn_445
-4.77206249084 -0.111488097123 0.0120402846947 Norma -29.6347121699 0.0714811806173 241.484598722 -52.1235948485 9650.8993016 0.218754929081 2.07441218198 0.13667436827 1.45340369083e-19 0.449970182919 1.4109074299e-13 0.552844278963 pwn_446
0.339127653244 -9.45467632306 0.00688417153508 "Crux Scutum" 160.443542869 0.389319586627 72.571610006 45.1574442984 1013.14453007 0.877968101156 2.38746333443 0.443565771716 3.3186171967e-18 10.2743566461 3.56185358591e-12 13.9566234875 pwn_447
1.62060485233 3.95179060579 0.0305065898328 "Crux Scutum" 7.4153829814 0.139199013206 270.449291106 -22.4745309447 12556.8459427 0.0832893264333 2.1369545168 0.0827728063981 8.10682932795e-20 0.25098542811 7.10224208157e-14 0.278291390307 pwn_448
7.54551977676 2.26765627072 0.00606160262251 Perseus 35.0211522664 0.0264144206952 283.788948339 1.87135213992 13148.2822836 0.123466841969 1.9686179809 0.332979959347 2.86221315841e-20 0.088613410477 3.96673449011e-14 0.155430924988 pwn_449
1.03509706978 6.86408121915 0.00713525921529 "Carina Sagittarius" 3.85426290715 0.0265486465895 268.605777457 -25.6147655521 15398.9112785 0.0527423558996 1.74417807938 0.0421056323566 3.33242199065e-20 0.103170959463 3.84864580549e-14 0.15080378558 pwn_450
9.73615378389 7.24696539463 0.0670412011478 Norma 31.7279887461 0.207475921002 282.125768957 -0.976845124348 18513.8894932 0.130868952844 2.06599973311 0.486946661987 5.92471869147e-21 0.0183427823265 9.6458329236e-15 0.0377958428359 pwn_451
