sky_model/pwn/ctadc_skymodel_gps_sources_composite.ecsv
# %ECSV 0.9
# ---
# datatype:
# - {name: galactocentric_x, unit: kpc, datatype: float64, format: '%.5f', description: Galactocentric
#     x coordinate}
# - {name: galactocentric_y, unit: kpc, datatype: float64, format: '%.5f', description: Galactocentric
#     y coordinate}
# - {name: galactocentric_z, unit: kpc, datatype: float64, format: '%.5f', description: Galactocentric
#     z coordinate}
# - {name: size_physical, unit: pc, datatype: float64, format: '%.5f', description: physical
#     size}
# - {name: type, datatype: string, description: type of PWN}
# - {name: distance, unit: kpc, datatype: float64, format: '%.5f', description: Distance
#     observer to source center}
# - {name: GLON, unit: deg, datatype: float64, format: '%.5f', description: Galactic
#     longitude}
# - {name: GLAT, unit: deg, datatype: float64, format: '%.5f', description: Galactic
#     latitude}
# - {name: RA, unit: deg, datatype: float64, format: '%.5f'}
# - {name: DEC, unit: deg, datatype: float64, format: '%.5f'}
# - {name: sigma, unit: deg, datatype: float64, format: '%.5f'}
# - {name: galactocentric_r, unit: kpc, datatype: float64, format: '%0.4f', description: Galactocentric
#     radius in the xy plan}
# - {name: spec_alpha, datatype: float64, format: '%5g', description: Spectral model
#     parameter (log parabola)}
# - {name: spec_beta, datatype: float64, format: '%5g', description: Spectral model
#     parameter (log parabola)}
# - {name: spec_norm, unit: 1 / (cm2 MeV s), datatype: float64, format: '%5g', description: Spectral
#     model norm parameter (log parabola)}
# - {name: spec_norm_cu, unit: '%', datatype: float64, format: '%5g', description: Spectral
#     model norm parameter (log parabola) in crab units}
# - {name: int_flux_above_1TeV, unit: 1 / (cm2 s), datatype: float64, format: '%5g',
#   description: 'Integral flux above 1 TeV '}
# - {name: int_flux_above_1TeV_cu, unit: '%', datatype: float64, format: '%5g', description: Integral
#     flux above 1 TeV in crab units}
# - {name: luminosity, unit: erg / s, datatype: float64, description: Intrinsic source
#     luminosity}
# - {name: skip, datatype: int64, description: 'skip boolean: 0 take, 1 skip'}
# - {name: source_name, datatype: string, description: source name}
galactocentric_x galactocentric_y galactocentric_z size_physical type distance GLON GLAT RA DEC sigma galactocentric_r spec_alpha spec_beta spec_norm spec_norm_cu int_flux_above_1TeV int_flux_above_1TeV_cu luminosity skip source_name
[from data line 245]
-1.27515 -0.78035 -0.15916 14.80737 composite 7.82588 -9.37956 -1.16534 261.52392 -37.46342 0.10837 1.4950 2.65149 0.137228 2.06932e-18 6.40655 1.1439e-12 6.12524 3.46124749717e+34 0 composite_245
-7.84014 -9.67069 0.18919 8.63511 composite 7.92932 -98.49266 1.36718 131.62047 -41.01585 0.06237 12.4495 2.00212 0.279917 2.02588e-19 0.627206 1.48327e-13 0.794242 1.02132764053e+34 0 composite_246
-8.91757 3.34737 0.08709 11.41682 composite 14.82872 -36.96895 0.33650 231.26793 -56.41798 0.04410 9.5251 2.04884 0.316913 5.54541e-20 0.171685 3.86855e-14 0.207148 1.00406464335e+34 0 composite_247
-1.41322 -5.67855 0.01802 4.91864 composite 3.15565 -26.60557 0.32718 244.71724 -49.86420 0.08927 5.8518 1.84638 0.226664 1.28146e-18 3.96735 1.07091e-12 5.7344 1.12101590993e+34 0 composite_248
-6.22354 9.86113 0.11411 3.80938 composite 19.38754 -18.72419 0.33723 252.53564 -44.05296 0.01125 11.6608 1.97957 0.291527 4.9486e-20 0.153208 3.6468e-14 0.195275 1.58803770126e+34 0 composite_249
-2.00082 -2.00612 0.17117 4.22599 composite 6.79728 -17.12451 1.44298 252.77030 -42.11606 0.03561 2.8333 2.31403 0.362241 4.50798e-19 1.39566 2.67016e-13 1.42978 1.31243944281e+34 0 composite_250
-6.67699 -4.53750 -0.00300 2.44771 composite 7.76425 -59.31273 -0.02214 187.94267 -62.80814 0.01806 8.0729 1.84211 0.387724 1.30085e-19 0.40274 9.82917e-14 0.52632 1.08490990077e+34 0 composite_251
3.40327 -7.13159 -0.06607 4.42224 composite 3.66867 68.09559 -1.03191 301.68051 30.28234 0.06904 7.9020 2.06645 0.225023 2.38611e-18 7.38734 1.73773e-12 9.30499 2.05943088164e+34 1 composite_252
0.12508 -6.70486 0.03604 20.95058 composite 1.79985 3.98576 1.14736 267.61299 -24.93099 0.66668 6.7060 2.12912 0.316489 4.29907e-18 13.3098 2.86783e-12 15.3563 1.01932431752e+34 0 composite_253
-0.90164 -6.12749 0.10210 8.00391 composite 2.54011 -20.80861 2.30363 248.55761 -44.32527 0.18047 6.1935 2.32323 0.330936 5.97385e-18 18.4949 3.57115e-12 19.1224 2.22594712905e+34 0 composite_254
2.42735 -1.81797 -0.17117 13.27301 composite 7.11132 19.96433 -1.37925 278.11415 -12.15933 0.10690 3.0327 1.89411 0.312208 3.67184e-19 1.13679 2.81318e-13 1.50637 1.90474933976e+34 0 composite_255
-3.97788 4.40757 0.06306 12.58059 composite 13.50677 -17.12835 0.26750 254.00228 -42.86205 0.05335 5.9372 1.97984 0.260383 1.29905e-19 0.402182 9.75457e-14 0.522326 1.86819070995e+34 0 composite_256
-0.03709 0.07743 0.09309 20.05260 composite 8.57802 -0.24775 0.62180 265.65188 -28.82157 0.13389 0.0859 2.00604 0.15154 1.00884e-18 3.12335 8.00968e-13 4.28893 4.37873854507e+34 0 composite_257
1.18002 3.79305 0.11712 2.32525 composite 12.35011 5.48307 0.54336 269.01946 -23.94774 0.01078 3.9724 2.10028 0.18073 5.39333e-19 1.66976 3.95581e-13 2.11821 4.5697330179e+34 0 composite_258
-0.03015 -0.08039 -0.54955 8.91304 composite 8.43758 -0.20517 -3.73439 269.99918 -31.00899 0.06050 0.0859 2.50791 0.27844 5.6893e-19 1.76139 3.17421e-13 1.69969 1.64688443463e+34 0 composite_259
-3.99969 -0.68419 0.10210 3.99492 composite 8.78037 -27.10080 0.66626 243.79843 -49.96502 0.02606 4.0578 2.18182 0.211134 5.55206e-19 1.7189 3.80833e-13 2.03924 2.28311041931e+34 0 composite_260
-1.47480 6.54185 -0.08709 0.51878 composite 15.11423 -5.59975 -0.33015 263.23518 -33.85091 0.01000 6.7060 2.0428 0.376593 5.22974e-20 0.161911 3.54663e-14 0.189911 1.16499342572e+34 0 composite_261
6.36574 -5.88736 0.07508 19.51640 composite 6.88144 67.68567 0.62514 299.79771 30.81602 0.16243 8.6709 1.98385 0.149919 5.45193e-19 1.6879 4.39715e-13 2.35453 1.56236750332e+34 0 composite_262
5.90836 -5.62574 -0.07207 16.70491 composite 6.57079 64.05831 -0.62845 298.86012 27.06689 0.14561 8.1583 2.02379 0.187841 5.60156e-19 1.73423 4.28865e-13 2.29644 1.50958731859e+34 0 composite_263
1.91890 9.85256 0.06907 24.84918 composite 18.45273 5.96902 0.21446 269.59686 -23.69219 0.07713 10.0377 2.4068 0.125766 1.5174e-19 0.469782 9.60643e-14 0.514394 1.79105175777e+34 0 composite_264
-14.26190 1.16106 -0.03003 10.59719 composite 17.22611 -55.88615 -0.09988 195.45894 -62.94777 0.03523 14.3091 2.2656 0.269948 1.19429e-19 0.369751 7.57402e-14 0.405565 1.92538555887e+34 0 composite_265
-1.81692 2.39356 -0.19520 5.40645 composite 11.04577 -9.46911 -1.01258 261.30131 -37.45206 0.02803 3.0051 2.14681 0.176906 2.0263e-19 0.627339 1.44824e-13 0.775485 1.28320510138e+34 0 composite_266
5.68808 12.38160 0.12312 0.73634 composite 21.64280 15.23749 0.32594 274.28453 -15.53965 0.01000 13.6256 2.06964 0.374969 1.70116e-19 0.526675 1.1378e-13 0.609256 7.42416441578e+34 0 composite_267
9.49364 -1.97049 0.08108 6.11860 composite 11.52260 55.48069 0.40317 293.20482 20.15027 0.03041 9.6960 1.79623 0.206148 9.91676e-20 0.30702 8.70224e-14 0.465977 1.18112543092e+34 0 composite_268
-1.44329 -7.15384 -0.00901 24.46354 composite 1.97365 -46.99426 -0.26156 214.32262 -61.44274 0.70991 7.2980 2.06417 0.178884 5.1419e-18 15.9192 3.86113e-12 20.6751 1.16172266081e+34 0 composite_269
-0.73028 10.01890 -0.31532 8.85505 composite 18.53598 -2.25825 -0.97472 266.00183 -31.37088 0.02736 10.0455 2.07944 0.36473 1.39789e-19 0.432782 9.34814e-14 0.500563 4.28787821772e+34 0 composite_270
-1.12054 5.13288 -0.13213 14.95004 composite 13.67949 -4.69880 -0.55343 264.04604 -33.21478 0.06259 5.2538 2.10137 0.207685 9.46321e-20 0.292979 6.82061e-14 0.365222 1.04178097488e+34 0 composite_271
-10.62420 -0.49465 -0.05706 20.04654 composite 13.30273 -53.00192 -0.24576 201.79426 -62.83501 0.08631 10.6357 2.12807 0.152132 1.61505e-19 0.500016 1.18608e-13 0.635108 1.44352292463e+34 0 composite_272
1.14799 -0.58374 -0.13514 8.74730 composite 8.00021 8.25133 -0.96789 271.93600 -22.28862 0.06262 1.2879 2.10628 0.380506 1.76889e-19 0.547643 1.15677e-13 0.619412 1.01284368267e+34 0 composite_273
-3.23889 -4.77076 0.02102 10.11664 composite 4.93944 -40.97471 0.24383 224.95938 -58.55731 0.11730 5.7663 2.28905 0.101874 1.9462e-18 6.02539 1.33773e-12 7.1631 1.80177370094e+34 0 composite_274
-1.98421 -6.66548 -0.43243 14.91176 composite 2.73670 -47.24478 -9.09148 221.93128 -69.71397 0.31207 6.9545 1.9711 0.334575 1.97715e-18 6.12119 1.42815e-12 7.64726 1.43569001225e+34 0 composite_275
-9.69729 -7.49937 -0.24024 5.88938 composite 9.75174 -84.10870 -1.41166 143.06096 -53.48406 0.03459 12.2588 2.24375 0.397004 1.78335e-19 0.552121 1.07772e-13 0.577082 1.29077228383e+34 0 composite_276
6.20918 6.29459 0.15015 3.68055 composite 16.04545 22.76743 0.53617 277.70454 -8.78845 0.01314 8.8417 1.63062 0.149378 4.29334e-20 0.132921 4.45796e-14 0.238709 1.0931392362e+34 0 composite_277
-0.04425 -3.17646 0.23123 20.41613 composite 5.32874 -0.47624 2.48702 263.71932 -28.01996 0.21943 3.1768 1.86754 0.191549 5.30945e-19 1.64379 4.48823e-13 2.4033 1.17724059563e+34 0 composite_278
-1.06427 4.97025 0.06907 10.82220 composite 13.51240 -4.51749 0.29287 263.31563 -32.60396 0.04587 5.0829 1.96426 0.270953 7.36143e-20 0.227908 5.54389e-14 0.296857 1.11307229827e+34 0 composite_279
-4.04646 3.86465 -0.12913 26.38049 composite 13.01058 -18.12122 -0.56867 254.04387 -44.15976 0.11613 5.5955 2.14691 0.194818 1.34233e-19 0.415581 9.4889e-14 0.5081 1.22456654222e+34 0 composite_280
-3.96422 -8.47274 0.14414 5.64873 composite 3.96693 -89.60601 2.08232 140.63051 -47.15767 0.08156 9.3543 2.23315 0.262953 1.32319e-18 4.09656 8.57124e-13 4.58963 1.16276590971e+34 0 composite_281
-0.40397 -2.83315 -0.10210 5.75772 composite 5.68215 -4.07752 -1.02958 264.92288 -32.94490 0.05804 2.8618 2.07054 0.37111 3.44312e-19 1.06598 2.30627e-13 1.23493 1.02349659271e+34 0 composite_282
-1.36804 5.16096 0.12012 15.73459 composite 13.72981 -5.71867 0.50128 262.32166 -33.49394 0.06564 5.3392 2.23944 0.183935 1.56686e-19 0.485096 1.05592e-13 0.565409 1.38448425048e+34 0 composite_283
6.74161 -5.58777 -0.12012 2.19028 composite 7.34471 66.63670 -0.93709 300.69023 29.10051 0.01708 8.7563 2.62786 0.333166 8.26119e-19 2.55765 4.2636e-13 2.28302 1.74412874145e+34 0 composite_284
-7.40646 -1.00902 0.21321 20.38175 composite 10.53641 -44.67494 1.15949 217.71148 -59.29913 0.11079 7.4749 2.02479 0.270749 1.69608e-19 0.525101 1.23189e-13 0.659639 1.42799302016e+34 0 composite_285
3.78924 0.30512 0.20420 6.38798 composite 9.58802 23.28439 1.22034 277.33366 -8.01342 0.03816 3.8015 1.94239 0.3832 5.04913e-19 1.5632 3.60911e-13 1.93256 5.39439201251e+34 0 composite_286
-2.96169 -3.45478 -0.17417 4.87751 composite 5.85288 -30.41417 -1.70526 242.51560 -53.96212 0.04773 4.5505 1.92126 0.217727 5.71617e-19 1.76971 4.57816e-13 2.45146 1.5102949939e+34 0 composite_287
-9.29596 2.43881 0.03303 21.35207 composite 14.35526 -40.35837 0.13183 226.09559 -58.35944 0.08519 9.6105 2.21078 0.388496 1.02633e-19 0.317748 6.33085e-14 0.338997 1.65285758292e+34 0 composite_288
-5.85038 5.80792 -0.03003 9.32581 composite 15.45783 -22.23921 -0.11131 249.74135 -47.00738 0.03455 8.2437 1.31631 0.388929 1.29089e-20 0.0399656 1.37519e-14 0.0736368 1.05347858782e+34 0 composite_289
0.07020 -6.53480 -0.08408 4.84260 composite 1.96825 2.04582 -2.44831 269.99332 -28.41940 0.14091 6.5352 2.13308 0.339848 4.84198e-18 14.9907 3.18468e-12 17.0529 1.44835171779e+34 0 composite_290
9.38612 -8.27816 0.12012 30.99973 composite 9.38951 88.64607 0.73300 315.82646 47.82645 0.18909 12.5151 2.06533 0.129065 8.06703e-19 2.49753 6.26121e-13 3.35268 3.70841378266e+34 0 composite_291
2.93947 -1.93683 -0.16216 11.58815 composite 7.19319 24.12634 -1.29176 279.97835 -8.42335 0.09227 3.5202 1.8266 0.171163 1.3188e-18 4.08296 1.16438e-12 6.2349 5.37334329844e+34 0 composite_292
10.59990 2.10296 0.00601 24.15939 composite 14.99269 44.99173 0.02297 288.40296 10.72704 0.09229 10.8065 2.31805 0.118085 2.4371e-19 0.75452 1.63049e-13 0.873075 2.06906059612e+34 0 composite_293
3.96432 1.40841 0.35135 2.82044 composite 10.67782 21.80617 1.88564 276.04296 -9.01179 0.01513 4.2071 2.086 0.15799 2.59197e-19 0.802466 1.94658e-13 1.04233 1.59349602416e+34 0 composite_294
-10.21510 7.52232 0.14414 0.84311 composite 19.00220 -32.51973 0.43462 237.44478 -53.71283 0.01000 12.6860 2.18086 0.214163 6.22744e-20 0.1928 4.26653e-14 0.228459 1.20870923464e+34 0 composite_295
5.05080 -10.32030 -0.15916 20.19646 composite 5.37116 109.81908 -1.69805 347.11560 58.52733 0.21536 11.4900 2.06016 0.281929 5.51579e-19 1.70768 3.89854e-13 2.08754 1.17955597727e+34 0 composite_296
-9.31707 -8.35580 0.17417 26.74862 composite 9.31981 -89.11331 1.07081 140.08700 -48.22157 0.16438 12.5151 2.07966 0.21565 1.92197e-19 0.595038 1.39663e-13 0.74785 1.02924776595e+34 0 composite_297
-9.38771 -8.01565 -0.10210 9.51794 composite 9.40075 -87.04650 -0.62229 140.49632 -50.88004 0.05799 12.3442 1.94007 0.223723 3.09263e-19 0.957471 2.43739e-13 1.30514 2.08281191297e+34 0 composite_298
-8.59888 -1.12160 -0.24024 15.88728 composite 11.33310 -49.36825 -1.21465 210.05302 -63.05367 0.08029 8.6717 1.78408 0.220007 1.01115e-19 0.313051 8.85353e-14 0.474078 1.22904021708e+34 0 composite_299
-3.89183 -2.05165 -0.02703 6.60338 composite 7.53182 -31.11261 -0.20562 239.95340 -53.30716 0.05021 4.3995 2.31442 0.120406 6.03439e-19 1.86823 4.0402e-13 2.1634 1.30350823601e+34 0 composite_300
-1.85468 7.32928 -0.18619 11.62187 composite 15.93865 -6.68274 -0.66933 262.86189 -34.94314 0.04176 7.5603 1.63421 0.362543 6.62679e-20 0.205164 5.78645e-14 0.309846 3.03829124534e+34 0 composite_301
-7.47037 0.25947 -0.13213 2.60267 composite 11.51313 -40.45866 -0.65757 226.67486 -59.09619 0.01295 7.4749 2.10788 0.297838 1.47077e-19 0.455347 1.00268e-13 0.536902 1.40424587455e+34 0 composite_302
1.11727 -4.05600 -0.90090 15.77728 composite 4.67002 14.11230 -11.12275 284.54661 -21.69544 0.19349 4.2071 2.17843 0.200768 1.06939e-18 3.31081 7.39412e-13 3.95932 1.22221245017e+34 0 composite_303
2.32950 -6.92258 0.00601 3.46026 composite 2.81334 55.89612 0.12240 293.68117 20.37771 0.07044 7.3040 2.21484 0.279972 5.60536e-18 17.3541 3.63546e-12 19.4667 2.63894125858e+34 0 composite_304
-3.20882 0.72153 0.18318 0.96150 composite 9.76559 -19.18639 1.07480 251.33803 -43.92955 0.01000 3.2889 1.93671 0.257942 2.09028e-19 0.647147 1.61422e-13 0.864365 1.66240430192e+34 0 composite_305
1.60250 -5.18252 0.05105 1.06827 composite 3.68460 25.78274 0.79386 278.87687 -5.99454 0.01661 5.4246 2.26287 0.213816 1.66918e-18 5.16773 1.09166e-12 5.84551 1.0959994118e+34 0 composite_306
4.83369 3.42522 0.24024 33.97761 composite 12.86985 22.06436 1.06960 276.89595 -9.16377 0.15121 5.9242 2.37104 0.141541 1.64679e-19 0.509843 1.05449e-13 0.564648 1.01073793256e+34 0 composite_307
4.82629 13.19800 -0.21622 1.03400 composite 22.22933 12.54016 -0.55731 273.75421 -18.33218 0.01000 14.0528 2.13405 0.331813 2.8092e-20 0.0869721 1.85423e-14 0.0992881 1.04857515055e+34 0 composite_308
-3.90976 -2.64824 0.23724 24.49937 composite 7.04170 -33.74823 1.93070 234.27743 -53.26956 0.19927 4.7222 2.03474 0.122451 5.46529e-19 1.69204 4.34803e-13 2.32823 1.44890396753e+34 0 composite_309
-3.58868 -1.84538 0.20120 3.78870 composite 7.56327 -28.33694 1.52438 241.47723 -50.17560 0.02869 4.0354 2.24595 0.158258 6.34332e-19 1.96388 4.32277e-13 2.31471 1.60454990507e+34 0 composite_310
1.64276 2.09417 -0.31832 1.23058 composite 10.72550 8.81424 -1.70072 272.92280 -22.15001 0.01000 2.6616 1.98389 0.119404 2.08439e-19 0.645321 1.71947e-13 0.92072 1.35921258955e+34 0 composite_311
-0.54163 -5.91243 0.00901 3.47244 composite 2.64366 -11.82246 0.19527 258.32931 -38.68625 0.07523 5.9372 2.08849 0.185088 4.25164e-18 13.163 3.13235e-12 16.7727 1.69204916561e+34 0 composite_312
2.36975 2.36572 -0.13514 9.58823 composite 11.12195 12.30322 -0.69620 273.76372 -18.60667 0.04938 3.3485 2.13017 0.326782 1.77821e-19 0.55053 1.17924e-13 0.631446 1.64971913983e+34 0 composite_313
-6.93228 9.58810 0.00601 7.46818 composite 19.37101 -20.96937 0.01778 250.82080 -45.96965 0.02208 11.8317 1.92439 0.384291 2.82633e-20 0.0875025 2.03989e-14 0.109229 1.27228912349e+34 0 composite_314
-7.72699 -2.61213 -0.18619 19.38830 composite 9.71638 -52.69305 -1.09800 202.74822 -63.63324 0.11429 8.1566 2.1122 0.368531 3.11394e-19 0.964068 2.0419e-13 1.09337 2.52391214286e+34 0 composite_315
-10.73460 -2.67464 0.12012 14.66114 composite 12.21396 -61.51258 0.56349 183.36517 -61.98009 0.06875 11.0628 2.37526 0.260837 2.41039e-19 0.74625 1.44896e-13 0.77587 1.66299560557e+34 0 composite_316
-12.57820 4.77707 0.13814 16.55277 composite 18.28964 -43.45167 0.43275 220.48184 -59.48599 0.05183 13.4548 2.35723 0.25024 6.73087e-20 0.208386 4.10515e-14 0.219818 1.04220101453e+34 0 composite_317
-4.84108 -0.83201 -0.04505 25.74101 composite 9.06842 -32.26570 -0.28463 238.54970 -54.11068 0.16257 4.9121 2.25551 0.396087 1.69618e-19 0.525133 1.01941e-13 0.54586 1.04094330868e+34 0 composite_318
9.82802 7.18337 0.16817 4.34457 composite 18.50909 32.07341 0.52059 282.00466 -0.52664 0.01344 12.1734 2.09852 0.251305 1.01363e-19 0.313817 7.13056e-14 0.381819 2.26549309402e+34 0 composite_319
-0.07650 1.97327 -0.38739 3.96411 composite 10.48071 -0.41850 -2.11826 268.24812 -30.38434 0.02166 1.9748 2.35756 0.325713 2.37233e-19 0.734469 1.39705e-13 0.748077 1.41943852051e+34 0 composite_320
7.19979 2.00918 0.06607 4.60384 composite 12.73908 34.41486 0.29716 283.27126 1.45529 0.02070 7.4749 1.96259 0.384818 8.40433e-20 0.260196 5.93395e-14 0.317744 1.54242082809e+34 0 composite_321
-6.06865 2.64648 -0.12012 8.31592 composite 12.69200 -28.56588 -0.54227 243.43623 -51.85044 0.03753 6.6206 2.01886 0.101934 1.65259e-19 0.511637 1.34914e-13 0.72242 1.39268885044e+34 0 composite_322
1.79001 5.66092 -0.17117 11.20144 composite 14.27463 7.20426 -0.68706 271.11640 -23.06521 0.04494 5.9372 2.30018 0.121541 2.54185e-19 0.786951 1.71496e-13 0.918305 2.00846143443e+34 0 composite_323
7.44952 0.61510 -0.21321 10.64580 composite 11.77395 39.25818 -1.03760 286.67947 5.15177 0.05179 7.4749 2.25302 0.257356 1.62135e-19 0.501964 1.04193e-13 0.557918 1.20755321828e+34 0 composite_324
