sky_model/pwn/ctadc_skymodel_gps_sources_pwn.ecsv
# %ECSV 0.9
# ---
# datatype:
# - {name: spiralarm, datatype: unicode, description: 'Which spiralarm?'}
# - {name: galactocentric_x, unit: kpc, datatype: float64, format: '%.5f', description: Galactocentric
#     x coordinate}
# - {name: galactocentric_y, unit: kpc, datatype: float64, format: '%.5f', description: Galactocentric
#     y coordinate}
# - {name: galactocentric_z, unit: kpc, datatype: float64, format: '%.5f', description: Galactocentric
#     z coordinate}
# - {name: type, datatype: string, description: type of PWN}
# - {name: size_physical, unit: pc, datatype: float64, format: '%.5f', description: Physical
#     size}
# - {name: distance, unit: kpc, datatype: float64, format: '%.5f', description: Distance
#     observer to source center}
# - {name: GLON, unit: deg, datatype: float64, format: '%.5f', description: Galactic
#     longitude}
# - {name: GLAT, unit: deg, datatype: float64, format: '%.5f', description: Galactic
#     latitude}
# - {name: RA, unit: deg, datatype: float64, format: '%.5f'}
# - {name: DEC, unit: deg, datatype: float64, format: '%.5f'}
# - {name: sigma, unit: deg, datatype: float64, format: '%.5f'}
# - {name: galactocentric_r, unit: kpc, datatype: float64, format: '%0.4f', description: Galactocentric
#     radius in the xy plan}
# - {name: spec_alpha, datatype: float64, format: '%5g', description: Spectral model
#     parameter (log parabola)}
# - {name: spec_beta, datatype: float64, format: '%5g', description: Spectral model
#     parameter (log parabola)}
# - {name: spec_norm, unit: 1 / (cm2 MeV s), datatype: float64, format: '%5g', description: Spectral
#     model norm parameter (log parabola)}
# - {name: spec_norm_cu, unit: '%', datatype: float64, format: '%5g', description: Spectral
#     model norm parameter (log parabola) in crab units}
# - {name: int_flux_above_1TeV, unit: 1 / (cm2 s), datatype: float64, format: '%5g',
#   description: 'Integral flux above 1 TeV '}
# - {name: int_flux_above_1TeV_cu, unit: '%', datatype: float64, format: '%5g', description: Integral
#     flux above 1 TeV in crab units}
# - {name: luminosity, unit: erg / s, datatype: float64, description: Intrinsic source
#     luminosity}
# - {name: skip, datatype: int64, description: 'skip boolean: 0 take, 1 skip'}
# - {name: source_name, datatype: string, description: source name}
spiralarm galactocentric_x galactocentric_y galactocentric_z type size_physical distance GLON GLAT RA DEC sigma galactocentric_r spec_alpha spec_beta spec_norm spec_norm_cu int_flux_above_1TeV int_flux_above_1TeV_cu luminosity skip source_name
[from data line 80]
"Carina Sagittarius" 5.07712 1.91076 -0.02624 isolated 11.74194 11.58282 25.99756 -0.12982 279.80129 -6.22788 0.05806 5.4248 2.18364 0.287179 3.00977e-20 0.0931817 1.97832e-14 0.105933 2.54899883271e+33 0 pwn_80
Norma 2.81159 -7.18281 -0.02501 isolated 23.62360 3.10494 64.89768 -0.46150 299.19015 27.87101 0.43576 7.7135 2.42154 0.241088 7.80036e-18 24.1497 4.62081e-12 24.7429 3.15652864042e+34 1 pwn_81
Perseus -0.54980 10.53016 -0.01701 isolated 27.04868 19.03810 -1.65488 -0.05120 265.45634 -30.37203 0.08137 10.5445 1.75076 0.368202 6.9347e-21 0.0214697 5.60258e-15 0.03 3.80546649727e+33 0 pwn_82
"Crux Scutum" 0.92626 -10.98541 0.04842 isolated 28.17520 2.65284 159.56069 1.04574 72.48448 46.25584 0.60829 11.0244 2.13154 0.228135 6.86912e-19 2.12666 4.80414e-13 2.57246 2.85942826271e+33 1 pwn_83
Norma -4.38550 -3.36565 0.00842 isolated 9.81499 6.75235 -40.50228 0.07145 225.91160 -58.48222 0.08325 5.5281 1.96405 0.189762 1.41664e-19 0.438588 1.12524e-13 0.602531 4.39090350707e+33 0 pwn_84
Norma 8.91351 0.25896 -0.09467 isolated 15.42485 12.49716 45.50106 -0.43405 289.05606 10.96546 0.07069 8.9173 2.1026 0.110856 3.75168e-20 0.116151 2.8791e-14 0.154167 2.81331133488e+33 0 pwn_85
"Crux Scutum" -2.39020 -9.60688 -0.09274 isolated 5.52471 2.63569 -114.84843 -2.01642 116.91346 -29.35781 0.12005 9.8998 2.08808 0.107905 1.08776e-18 3.36768 8.44435e-13 4.52168 3.6720005203e+33 1 pwn_86
Norma -3.57851 0.24286 -0.01490 isolated 18.01830 9.44688 -22.25959 -0.09034 249.69851 -47.00859 0.10924 3.5867 1.89606 0.364443 1.37122e-19 0.424525 1.0173e-13 0.54473 1.44969558831e+34 0 pwn_87
"Crux Scutum" 8.79900 -8.77002 0.03806 isolated 3.17658 8.80322 91.75773 0.24772 319.59167 49.76804 0.02067 12.4232 2.21519 0.268168 7.12653e-20 0.220636 4.64948e-14 0.248965 3.19621539907e+33 0 pwn_88
"Crux Scutum" -6.05887 0.71133 0.02367 isolated 15.41011 11.02538 -33.33543 0.12301 236.68388 -54.46336 0.08005 6.1005 2.0425 0.231924 1.63966e-19 0.507635 1.20637e-13 0.645971 1.34225237289e+34 0 pwn_89
"Crux Scutum" -7.29152 2.05648 0.02687 isolated 29.47108 12.82990 -34.63341 0.11999 234.89352 -55.25260 0.13156 7.5760 1.97738 0.327087 6.61481e-20 0.204793 4.78097e-14 0.256006 1.02465460349e+34 0 pwn_90
"Crux Scutum" -6.65268 2.66749 0.03819 isolated 6.79146 12.99894 -30.78305 0.16834 239.96354 -52.80873 0.02992 7.1675 2.08923 0.313276 1.93949e-20 0.0600462 1.32509e-14 0.0709546 2.52031496174e+33 0 pwn_91
Perseus 6.82317 3.27960 -0.02774 isolated 8.69042 13.61306 30.08098 -0.11676 281.66264 -2.59038 0.03656 7.5704 2.14632 0.361104 4.18166e-20 0.129463 2.70224e-14 0.144697 6.20044507004e+33 0 pwn_92
Norma 5.29097 -6.08262 0.00507 isolated 10.49640 5.81705 65.44489 0.04991 299.01681 28.60426 0.10335 8.0618 2.03991 0.362998 8.60621e-20 0.266446 5.88696e-14 0.315228 2.74761900602e+33 0 pwn_93
"Carina Sagittarius" -1.12589 7.84674 0.00453 isolated 26.40329 16.38547 -3.94006 0.01582 263.96232 -32.26886 0.09229 7.9271 2.61336 0.220118 8.00218e-20 0.247746 4.34701e-14 0.232768 6.95160659682e+33 0 pwn_94
Perseus -8.76081 9.07691 0.03260 isolated 27.02981 19.63926 -26.49292 0.09510 245.09474 -49.95048 0.07883 12.6152 2.00847 0.279607 2.35937e-20 0.0730454 1.72125e-14 0.0921675 7.22416788694e+33 0 pwn_95
"Carina Sagittarius" -5.41455 6.81971 0.12228 isolated 28.52257 16.24887 -19.46530 0.43118 251.76848 -44.55958 0.10054 8.7078 2.13756 0.377388 2.13807e-20 0.0661942 1.3772e-14 0.0737447 4.77731706657e+33 0 pwn_96
Perseus 3.82155 -4.22459 -0.02936 isolated 9.70698 5.73448 41.79170 -0.29338 287.18791 7.74338 0.09695 5.6966 1.54419 0.112547 8.30653e-20 0.257168 9.58452e-14 0.51322 2.79131534386e+33 0 pwn_97
Norma 0.32434 -6.18507 0.04413 isolated 15.24433 2.33796 7.97565 1.08145 269.86668 -21.52065 0.37345 6.1936 2.02075 0.123707 1.36917e-18 4.2389 1.0984e-12 5.88156 4.08353312758e+33 0 pwn_98
"Crux Scutum" 3.21545 -11.34691 0.01926 isolated 13.31419 4.29469 131.52113 0.25699 31.33940 61.88977 0.17756 11.7937 1.8895 0.301594 2.50765e-19 0.776363 1.93936e-13 1.03846 4.64143028055e+33 1 pwn_99
"Carina Sagittarius" 2.47248 5.07006 0.00874 isolated 19.08816 13.79347 10.32608 0.03629 272.07536 -19.98738 0.07926 5.6408 2.11907 0.30746 2.15905e-19 0.668437 1.45519e-13 0.77921 2.98224734593e+34 0 pwn_100
Perseus -3.84425 -2.11864 0.03987 isolated 10.99086 7.44994 -31.06556 0.30660 239.45913 -52.88703 0.08450 4.3894 1.96187 0.187487 3.34534e-19 1.03571 2.66517e-13 1.42712 1.25932939226e+34 0 pwn_101
Norma 2.43665 0.33249 0.10931 isolated 25.38343 9.16309 15.42280 0.68352 274.04960 -15.20665 0.15866 2.4592 2.31299 0.257661 1.18684e-19 0.367442 7.38318e-14 0.395346 4.95563525763e+33 0 pwn_102
Norma 9.21097 8.60108 -0.13059 isolated 27.46577 19.42437 28.30775 -0.38520 281.09085 -4.29055 0.08098 12.6024 2.16872 0.100255 1.89946e-20 0.0588069 1.40758e-14 0.0753715 3.11515739552e+33 0 pwn_103
Perseus -13.85925 1.51753 -0.06108 isolated 27.29918 17.10068 -54.14041 -0.20466 199.30348 -62.92979 0.09143 13.9421 1.84383 0.184509 1.17253e-20 0.0363011 1.01254e-14 0.0542181 2.72178075073e+33 0 pwn_104
"Crux Scutum" 2.16764 2.62515 0.03590 isolated 10.10593 11.33441 11.02548 0.18149 272.30059 -19.30529 0.05107 3.4044 2.16284 0.280405 2.47007e-19 0.764726 1.64824e-13 0.882579 2.02880194804e+34 0 pwn_105
Perseus 0.23233 -5.50709 -0.08932 isolated 16.08121 3.00324 4.43872 -1.70424 270.59536 -25.97291 0.30668 5.5120 2.46673 0.213031 8.04178e-19 2.48971 4.71574e-13 2.52513 2.73616008715e+33 0 pwn_106
Perseus -1.96859 -2.90493 0.00163 isolated 17.52198 5.93129 -19.38406 0.01576 252.28850 -44.76542 0.16920 3.5091 2.1939 0.246911 3.95723e-19 1.22515 2.64229e-13 1.41486 7.90274438353e+33 0 pwn_107
Perseus -3.51534 0.12987 -0.04109 isolated 29.18800 9.31847 -22.16332 -0.25266 249.97022 -47.04481 0.17940 3.5177 2.29084 0.380042 2.19169e-19 0.67854 1.30319e-13 0.697816 1.29506900116e+34 0 pwn_108
"Crux Scutum" 11.79553 -6.19274 -0.03003 isolated 14.82384 12.01911 78.93244 -0.14317 308.28566 39.72235 0.07064 13.3223 2.41337 0.116784 5.12954e-20 0.158809 3.25159e-14 0.174112 2.51284324785e+33 0 pwn_109
"Carina Sagittarius" 1.58251 -1.55055 0.02583 isolated 4.88528 7.12740 12.82844 0.20763 273.19293 -17.71301 0.03926 2.2155 1.91589 0.25227 4.14758e-19 1.28408 3.25684e-13 1.74393 1.78522095958e+34 0 pwn_110
Perseus -10.55476 -11.86229 -0.14033 isolated 20.37178 11.07825 -107.66964 -0.72579 122.65523 -34.79309 0.10532 15.8782 2.04289 0.274599 3.19814e-20 0.0990136 2.29299e-14 0.122782 2.92845443593e+33 0 pwn_111
Norma 0.71359 2.26176 0.06857 isolated 7.71054 10.78561 3.79359 0.36429 268.24901 -25.49580 0.04094 2.3717 2.13508 0.298388 8.44054e-20 0.261317 5.6656e-14 0.303375 6.81387072679e+33 0 pwn_112
"Carina Sagittarius" -10.68892 -8.20630 -0.00590 isolated 12.86018 10.69296 -88.42609 -0.03161 139.63062 -49.48546 0.06888 13.4758 1.96516 0.32373 2.43376e-20 0.0753485 1.77503e-14 0.0950474 2.64348881892e+33 0 pwn_113
Norma 2.47541 -7.16360 0.00023 isolated 16.98804 2.81312 61.63668 0.00472 296.87466 25.30873 0.34587 7.5792 2.19154 0.144279 2.12858e-18 6.59003 1.51116e-12 8.09179 7.74433895992e+33 1 pwn_114
Norma -1.60271 -5.90634 0.00417 isolated 28.99494 3.04890 -31.71321 0.07831 238.87706 -53.47855 0.54467 6.1199 1.93789 0.376901 8.08656e-19 2.50358 5.81508e-13 3.11379 8.64001199578e+33 0 pwn_115
Perseus 0.95890 -5.26926 0.01719 isolated 7.31074 3.37009 16.53118 0.29220 274.94938 -14.41615 0.12424 5.3558 2.19561 0.224172 6.24089e-19 1.93216 4.21566e-13 2.25735 3.81915617037e+33 0 pwn_116
"Carina Sagittarius" -9.69850 0.40949 -0.01859 isolated 26.00055 13.16967 -47.42801 -0.08086 213.34264 -61.40962 0.11307 9.7071 2.39801 0.246691 3.70658e-20 0.114755 2.21676e-14 0.1187 2.80821466458e+33 0 pwn_117
Perseus 1.92130 -4.68826 -0.07993 isolated 3.50715 4.26932 26.75036 -1.07271 280.99085 -5.98991 0.04705 5.0667 1.79745 0.298582 1.58166e-19 0.489679 1.29823e-13 0.695163 3.30543026628e+33 0 pwn_118
Norma 7.09181 -5.31472 -0.02258 isolated 4.29346 7.77433 65.81285 -0.16641 299.44574 28.80588 0.03163 8.8623 2.24046 0.259162 8.02396e-20 0.24842 5.18712e-14 0.277754 2.65958693336e+33 0 pwn_119
Perseus 7.32002 0.60692 -0.05450 isolated 15.94552 11.68425 38.79185 -0.26724 285.77743 5.09096 0.07816 7.3451 2.24532 0.226703 4.28107e-20 0.132541 2.80786e-14 0.150352 2.96916349584e+33 0 pwn_120
"Crux Scutum" -6.87730 0.18042 0.00595 isolated 18.45394 11.07461 -38.38898 0.03076 229.38309 -57.44390 0.09544 6.8797 2.0962 0.301803 3.20222e-20 0.0991399 2.19277e-14 0.117416 2.90501028083e+33 0 pwn_121
"Crux Scutum" 12.09399 -4.92805 -0.02264 isolated 8.10322 12.61047 73.54553 -0.10284 304.32015 35.34668 0.03680 13.0595 2.3954 0.301162 2.99998e-19 0.928787 1.75233e-13 0.938316 2.34124514442e+34 0 pwn_122
Perseus 7.56178 1.34005 0.12368 isolated 7.99613 12.41058 37.54118 0.57099 284.45551 4.36212 0.03690 7.6796 1.79053 0.166796 4.08496e-20 0.126469 3.71203e-14 0.198767 5.15892272624e+33 0 pwn_123
Perseus -4.09437 9.53440 0.13372 isolated 22.43245 18.49382 -12.79110 0.41427 257.36500 -39.33801 0.06947 10.3763 1.94418 0.227739 1.2813e-20 0.0396687 1.0045e-14 0.0537878 3.35300620524e+33 0 pwn_124
Perseus 2.50752 9.62827 0.01373 isolated 11.32759 18.30087 7.87524 0.04297 270.78503 -22.12206 0.03545 9.9494 1.68147 0.10579 1.07055e-20 0.033144 1.11359e-14 0.0596292 2.95968894854e+33 0 pwn_125
Perseus 1.52253 1.33196 0.01338 isolated 22.17691 9.94916 8.80261 0.07706 271.24340 -21.29754 0.12766 2.0229 1.99896 0.237234 8.65755e-19 2.68036 6.51928e-13 3.49086 6.21026516993e+34 0 pwn_126
Perseus 0.51869 10.43654 0.17587 isolated 16.97237 18.94446 1.56899 0.53190 266.81397 -27.31923 0.05131 10.4494 2.36469 0.367244 1.26947e-20 0.0393026 7.31762e-15 0.0391835 2.70738637538e+33 0 pwn_127
"Crux Scutum" 2.64152 3.50393 0.07440 isolated 12.90733 12.29136 12.41041 0.34683 272.85358 -18.01268 0.06014 4.3881 1.75405 0.292479 3.27633e-20 0.101434 2.77712e-14 0.148706 5.96924560838e+33 0 pwn_128
"Carina Sagittarius" -6.96544 -11.08582 0.03773 isolated 4.23585 7.43002 -110.36669 0.29099 121.92129 -31.97667 0.03265 13.0925 1.99841 0.367939 6.00458e-20 0.1859 4.19263e-14 0.224502 3.37913194509e+33 0 pwn_129
Perseus 2.04703 0.78307 -0.02334 isolated 29.25755 9.50612 12.43542 -0.14067 273.31610 -18.22492 0.17627 2.1917 1.98951 0.102181 9.71302e-20 0.300713 8.08777e-14 0.433074 4.76670871404e+33 0 pwn_130
"Carina Sagittarius" 4.53715 3.76072 -0.01567 isolated 13.26032 13.07330 20.30727 -0.06870 277.09007 -11.24853 0.05809 5.8931 2.28081 0.332227 2.99195e-20 0.09263 1.82671e-14 0.0978147 3.13996233866e+33 0 pwn_131
Perseus -3.02833 0.31621 -0.04551 isolated 24.32016 9.32193 -18.95741 -0.27971 252.99180 -44.62617 0.14942 3.0448 2.15939 0.335864 5.91344e-20 0.183079 3.84215e-14 0.205735 3.7804821856e+33 0 pwn_132
"Carina Sagittarius" -2.00541 6.66315 -0.00132 isolated 12.09070 15.29519 -7.53396 -0.00493 261.60957 -35.28452 0.04527 6.9584 2.13207 0.217907 3.49672e-20 0.108258 2.45949e-14 0.131698 4.72626151619e+33 0 pwn_133
"Crux Scutum" 4.42248 -10.37273 0.19635 isolated 27.24020 4.80667 112.95056 2.34119 350.07759 63.43310 0.32458 11.2762 2.19706 0.209367 4.75429e-19 1.47192 3.23579e-13 1.73266 5.72331690733e+33 0 pwn_134
Norma -3.75832 -2.41914 0.08684 isolated 4.94743 7.14908 -31.71845 0.69599 238.21302 -53.00564 0.03964 4.4696 2.17054 0.375581 1.24175e-19 0.384442 7.86762e-14 0.421286 5.0887823509e+33 0 pwn_135
"Carina Sagittarius" 3.05319 -1.95601 -0.07206 isolated 10.59729 7.22156 25.01207 -0.57170 279.74178 -7.30627 0.08405 3.6260 2.04273 0.261784 5.93859e-19 1.83857 4.29044e-13 2.2974 2.23959347571e+34 0 pwn_136
"Crux Scutum" -0.70305 5.12989 -0.14938 isolated 17.20750 13.64883 -2.95278 -0.62709 265.22564 -31.77812 0.07221 5.1778 1.88941 0.236604 2.78108e-20 0.0861015 2.24429e-14 0.120174 4.38413713856e+33 0 pwn_137
"Carina Sagittarius" -10.91693 -2.69197 0.07970 isolated 19.55043 12.36604 -61.98611 0.36928 182.30326 -62.09859 0.09055 11.2439 2.10432 0.20017 2.94523e-20 0.0911837 2.12882e-14 0.113992 2.59586415394e+33 0 pwn_138
"Crux Scutum" 3.14846 1.33128 0.00386 isolated 20.37327 10.32313 17.75763 0.02140 275.79016 -13.46136 0.11303 3.4184 2.00933 0.293691 3.33282e-20 0.103183 2.41017e-14 0.129057 2.9188649249e+33 0 pwn_139
Norma -3.91397 -1.03934 -0.04578 isolated 13.58129 8.42512 -27.68216 -0.31132 244.20488 -51.07266 0.09233 4.0496 1.94286 0.335495 5.83055e-20 0.180512 4.27926e-14 0.229141 4.20027525063e+33 0 pwn_140
"Crux Scutum" 1.39982 -2.52146 0.02131 isolated 19.94729 6.14027 13.17788 0.19889 273.37669 -17.41054 0.18606 2.8840 1.73134 0.37204 1.43186e-19 0.4433 1.16799e-13 0.625421 8.53812217572e+33 0 pwn_141
Perseus 4.86952 8.15264 0.01700 isolated 26.38805 17.35001 16.29982 0.05614 275.05160 -14.73153 0.08711 9.4962 2.44064 0.11891 2.92848e-20 0.0906651 1.82615e-14 0.0977844 2.91270029716e+33 0 pwn_142
Perseus 3.57088 -4.94854 -0.07050 isolated 25.62801 5.03677 45.15624 -0.80200 289.22379 10.48888 0.29142 6.1024 2.16918 0.331198 2.51414e-19 0.778372 1.62871e-13 0.872119 4.57268480308e+33 0 pwn_143
"Carina Sagittarius" 4.19100 2.65952 -0.03279 isolated 9.81183 11.92059 20.58385 -0.15758 277.30120 -11.04485 0.04714 4.9636 1.82861 0.328899 3.35276e-20 0.103801 2.64617e-14 0.141694 5.66882629125e+33 0 pwn_144
Perseus 4.71127 9.03349 -0.10595 isolated 4.12312 18.15573 15.04018 -0.33435 274.79162 -16.02626 0.01301 10.1882 2.10841 0.274674 1.15001e-20 0.0356041 7.93794e-15 0.0425051 2.57862983345e+33 0 pwn_145
Perseus 2.44036 -4.91545 -0.04342 isolated 9.47046 4.33661 34.24702 -0.57366 283.96981 0.90872 0.12508 5.4879 2.46119 0.170275 4.62387e-19 1.43154 2.77622e-13 1.48658 3.06006929058e+33 0 pwn_146
Norma 9.14476 -0.12616 -0.06648 isolated 25.12665 12.39969 47.51970 -0.30720 289.90560 12.80931 0.11606 9.1456 2.10371 0.305805 2.68339e-20 0.0830769 1.8258e-14 0.0977656 3.04933189293e+33 0 pwn_147
Perseus -3.97077 11.38844 -0.04754 isolated 20.79075 20.28100 -11.29078 -0.13432 259.06846 -38.44687 0.05871 12.0608 2.003 0.211709 2.96783e-20 0.0918832 2.2661e-14 0.121343 8.27881315714e+33 0 pwn_148
Perseus -2.06237 -3.86645 0.02316 isolated 6.36151 5.07185 -23.99356 0.26161 247.57607 -48.04636 0.07184 4.3821 2.40284 0.189288 3.34983e-19 1.0371 2.05523e-13 1.10051 3.35282099616e+33 0 pwn_149
"Carina Sagittarius" 4.65222 -15.44897 -0.11562 isolated 7.43545 8.36329 146.19836 -0.79216 55.35069 54.21629 0.05092 16.1342 1.94712 0.209998 2.60126e-19 0.805343 2.05996e-13 1.10304 1.32803757884e+34 0 pwn_150
Perseus -3.23760 -2.15787 -0.07956 isolated 10.15900 7.12116 -27.04388 -0.64012 245.29397 -50.86041 0.08171 3.8908 2.03658 0.216125 9.78651e-20 0.302988 7.29812e-14 0.390791 3.24744402249e+33 0 pwn_151
Perseus 1.48066 -4.71516 -0.06578 isolated 26.06581 4.06469 21.36578 -0.92730 278.36439 -10.70765 0.36728 4.9422 2.16162 0.313827 3.19269e-19 0.988449 2.09503e-13 1.12182 3.66150452673e+33 0 pwn_152
"Crux Scutum" 3.33770 1.71593 -0.02287 isolated 13.74506 10.74738 18.09301 -0.12193 276.08177 -13.23219 0.07325 3.7530 2.02814 0.356125 4.8392e-20 0.14982 3.34403e-14 0.179062 5.26932467186e+33 0 pwn_153
"Crux Scutum" -2.58444 4.90858 -0.02576 isolated 12.17066 13.65540 -10.90972 -0.10810 259.32243 -38.12106 0.05105 5.5474 1.82891 0.200062 1.177e-19 0.364395 1.01476e-13 0.543374 1.84917624839e+34 0 pwn_154
"Carina Sagittarius" -0.23122 6.52359 -0.03367 isolated 9.09264 15.02541 -0.88173 -0.12838 266.00205 -29.75506 0.03466 6.5277 2.38168 0.140776 3.69986e-20 0.114547 2.35602e-14 0.126157 3.05422746471e+33 0 pwn_155
"Carina Sagittarius" -2.64100 6.86093 0.03474 isolated 21.19589 15.58634 -9.75549 0.12769 259.91738 -37.04145 0.07789 7.3517 2.42967 0.276172 3.80298e-20 0.117739 2.20782e-14 0.118222 4.11833635654e+33 0 pwn_156
"Carina Sagittarius" -9.04498 -7.73473 0.27135 isolated 29.13705 9.08135 -85.16391 1.71222 145.18117 -50.45617 0.18376 11.9012 2.47331 0.246311 9.82506e-20 0.304181 5.65504e-14 0.302809 3.22772358488e+33 0 pwn_157
