sky_model/pwn/ctadc_skymodel_gps_sources_composite.ecsv
# %ECSV 0.9
# ---
# datatype:
# - {name: galactocentric_x, unit: kpc, datatype: float64, format: '%.5f', description: Galactocentric
#     x coordinate}
# - {name: galactocentric_y, unit: kpc, datatype: float64, format: '%.5f', description: Galactocentric
#     y coordinate}
# - {name: galactocentric_z, unit: kpc, datatype: float64, format: '%.5f', description: Galactocentric
#     z coordinate}
# - {name: size_physical, unit: pc, datatype: float64, format: '%.5f', description: physical
#     size}
# - {name: type, datatype: string, description: type of PWN}
# - {name: distance, unit: kpc, datatype: float64, format: '%.5f', description: Distance
#     observer to source center}
# - {name: GLON, unit: deg, datatype: float64, format: '%.5f', description: Galactic
#     longitude}
# - {name: GLAT, unit: deg, datatype: float64, format: '%.5f', description: Galactic
#     latitude}
# - {name: RA, unit: deg, datatype: float64, format: '%.5f'}
# - {name: DEC, unit: deg, datatype: float64, format: '%.5f'}
# - {name: sigma, unit: deg, datatype: float64, format: '%.5f'}
# - {name: galactocentric_r, unit: kpc, datatype: float64, format: '%0.4f', description: Galactocentric
#     radius in the xy plan}
# - {name: spec_alpha, datatype: float64, format: '%5g', description: Spectral model
#     parameter (log parabola)}
# - {name: spec_beta, datatype: float64, format: '%5g', description: Spectral model
#     parameter (log parabola)}
# - {name: spec_norm, unit: 1 / (cm2 MeV s), datatype: float64, format: '%5g', description: Spectral
#     model norm parameter (log parabola)}
# - {name: spec_norm_cu, unit: '%', datatype: float64, format: '%5g', description: Spectral
#     model norm parameter (log parabola) in crab units}
# - {name: int_flux_above_1TeV, unit: 1 / (cm2 s), datatype: float64, format: '%5g',
#   description: 'Integral flux above 1 TeV '}
# - {name: int_flux_above_1TeV_cu, unit: '%', datatype: float64, format: '%5g', description: Integral
#     flux above 1 TeV in crab units}
# - {name: luminosity, unit: erg / s, datatype: float64, description: Intrinsic source
#     luminosity}
# - {name: skip, datatype: int64, description: 'skip boolean: 0 take, 1 skip'}
# - {name: source_name, datatype: string, description: source name}
galactocentric_x galactocentric_y galactocentric_z size_physical type distance GLON GLAT RA DEC sigma galactocentric_r spec_alpha spec_beta spec_norm spec_norm_cu int_flux_above_1TeV int_flux_above_1TeV_cu luminosity skip source_name
[from data line 164]
14.64080 0.54106 0.01201 16.67114 composite 17.20738 58.30363 0.03999 295.02368 22.43706 0.05549 14.6508 2.11359 0.391443 7.57806e-20 0.234615 4.91036e-14 0.262934 2.0452717757e+34 0 composite_164
-0.58815 3.47072 0.02703 6.28253 composite 11.98519 -2.81282 0.12922 264.56193 -31.25710 0.03002 3.5202 2.19594 0.317664 2.5381e-19 0.785789 1.63169e-13 0.873718 2.43367260399e+34 0 composite_165
0.42414 -0.06632 0.45946 5.26233 composite 8.45683 2.87905 3.11442 265.12679 -24.85184 0.03564 0.4293 2.0895 0.352263 1.67619e-19 0.518945 1.12187e-13 0.600728 1.0196151226e+34 0 composite_166
10.05200 6.55870 -0.03604 4.77091 composite 18.10548 33.72395 -0.11405 283.32215 0.65287 0.01509 12.0025 2.01501 0.332912 5.31777e-20 0.164637 3.74883e-14 0.200738 1.57441912181e+34 0 composite_167
1.09845 -0.19803 0.21922 12.19120 composite 8.37719 7.53714 1.49953 269.24159 -21.69162 0.08335 1.1162 1.81602 0.123173 3.36474e-19 1.04171 3.1129e-13 1.66686 1.68546131078e+34 0 composite_168
-7.75004 -1.01775 0.04805 11.62418 composite 10.77263 -46.00718 0.25556 215.88194 -60.62325 0.06180 7.8166 2.29856 0.289414 1.09514e-18 3.39052 6.75958e-13 3.61954 6.90196383827e+34 0 composite_169
-7.28056 -2.03754 0.12613 2.62555 composite 9.73580 -48.40671 0.74230 210.90197 -60.91000 0.01545 7.5603 1.67046 0.224182 2.84515e-19 0.88085 2.68747e-13 1.43905 3.06154113557e+34 0 composite_170
-0.51672 6.77177 0.20721 8.17156 composite 15.28191 -1.93786 0.77691 264.47004 -30.17140 0.03063 6.7915 2.38181 0.246749 1.1573e-19 0.358296 6.97972e-14 0.373742 1.20464283901e+34 0 composite_171
-6.94247 -3.94460 -0.09009 4.87613 composite 8.30408 -56.72855 -0.62161 193.62015 -63.49135 0.03363 7.9848 2.2196 0.16644 3.91774e-19 1.21292 2.69834e-13 1.44487 1.2533775686e+34 0 composite_172
0.90030 6.47286 -0.00300 4.59862 composite 14.99990 3.44098 -0.01146 268.40965 -25.99035 0.01756 6.5352 2.082 0.108839 2.52156e-19 0.780668 1.96396e-13 1.05164 2.78264294273e+34 0 composite_173
-7.04364 -4.28322 0.03003 3.45927 composite 8.20945 -59.09252 0.20959 188.45808 -62.59294 0.02413 8.2437 2.28007 0.369701 6.10083e-19 1.8888 3.66377e-13 1.96183 2.76889166279e+34 0 composite_174
-4.86107 -1.48527 0.10511 2.44008 composite 8.53507 -34.72120 0.70562 234.16521 -54.83244 0.01637 5.0829 2.11533 0.376838 3.6725e-19 1.137 2.39434e-13 1.28209 2.33759852888e+34 0 composite_175
0.76913 -1.24051 0.17117 13.43540 composite 7.30213 6.04782 1.34320 268.57699 -23.05670 0.10538 1.4596 2.15592 0.322358 2.653e-19 0.821364 1.73874e-13 0.93104 1.01107214643e+34 0 composite_176
3.00324 3.77848 -0.14414 15.79166 composite 12.64125 13.74434 -0.65332 274.44451 -17.31864 0.07155 4.8266 2.30309 0.323083 1.54991e-19 0.479849 9.39454e-14 0.503047 1.44358155893e+34 0 composite_177
2.77915 -10.70800 -0.07808 5.61695 composite 3.55036 128.46670 -1.26016 24.37440 61.11565 0.09061 11.0628 1.80069 0.350157 1.06376e-18 3.29338 8.42835e-13 4.51311 1.77382852565e+34 0 composite_178
-0.92658 -5.86444 0.06306 9.07051 composite 2.79441 -19.37007 1.29308 250.94199 -43.92603 0.18591 5.9372 2.29352 0.193552 4.93608e-18 15.282 3.20844e-12 17.1802 1.7229172073e+34 1 composite_179
3.67447 -3.87366 -0.07808 17.36825 composite 5.90854 38.45836 -0.75717 286.06101 4.57000 0.16836 5.3392 2.08541 0.346025 3.48223e-19 1.07809 2.3434e-13 1.25482 1.02329702177e+34 0 composite_180
-9.50690 2.64068 0.01802 5.19771 composite 14.64569 -40.47579 0.07050 225.95679 -58.47019 0.02033 9.8668 1.75326 0.303 4.17554e-20 0.129274 3.51552e-14 0.188245 1.11430459418e+34 0 composite_181
0.45268 -3.49098 0.46547 2.80203 composite 5.05093 5.16396 5.28762 264.43271 -21.76820 0.03177 3.5202 1.97414 0.336277 4.2789e-19 1.32474 3.08237e-13 1.65051 1.05839492446e+34 0 composite_182
2.51640 0.95340 0.14114 3.34536 composite 9.78361 14.90591 0.82659 273.66363 -15.59281 0.01958 2.6910 2.13186 0.356081 2.13168e-19 0.659962 1.39164e-13 0.74518 1.6461012618e+34 0 composite_183
2.74820 -2.71571 0.25225 20.73978 composite 6.40892 25.41307 2.25570 277.40175 -5.64818 0.18534 3.8636 2.30071 0.367081 5.49841e-19 1.70229 3.27169e-13 1.75188 1.46735030927e+34 0 composite_184
-0.03328 -6.27881 -0.18919 14.26643 composite 2.22948 -0.85840 -4.86788 270.78362 -32.13258 0.36649 6.2789 2.41129 0.106331 6.98353e-18 21.6208 4.45801e-12 23.8712 1.15993032403e+34 1 composite_185
6.62496 -5.18796 0.14715 15.25206 composite 7.40820 63.43799 1.13815 296.79526 27.43567 0.11792 8.4146 2.02701 0.238545 6.43392e-19 1.99192 4.7588e-13 2.54818 2.46803079185e+34 0 composite_186
0.20180 -0.60810 -0.06006 6.19790 composite 7.89471 1.46476 -0.43589 267.68960 -27.90701 0.04496 0.6407 2.2389 0.384668 3.52757e-19 1.09213 2.14869e-13 1.15056 1.63219933162e+34 0 composite_187
1.83546 0.06706 -0.15015 14.80489 composite 8.76276 12.09259 -0.98181 273.92287 -18.92795 0.09677 1.8367 2.17911 0.273071 2.33836e-19 0.723951 1.55233e-13 0.831223 1.10349581923e+34 0 composite_188
3.17080 14.04090 0.06907 8.11339 composite 22.76293 8.00719 0.17385 270.73229 -21.94275 0.02041 14.3945 2.04892 0.314793 3.68112e-20 0.113967 2.57087e-14 0.137662 1.56178811596e+34 0 composite_189
5.31165 -8.72794 -0.07508 4.35389 composite 5.31707 92.45724 -0.80908 321.50781 49.51041 0.04690 10.2172 2.29315 0.20044 1.97853e-18 6.12549 1.28152e-12 6.86213 2.5357188838e+34 1 composite_190
-13.12210 3.97535 -0.04805 2.15336 composite 18.10597 -46.44734 -0.15205 215.32068 -61.15742 0.01000 13.7111 2.24426 0.127829 1.02052e-19 0.315951 7.09072e-14 0.379685 1.39991723828e+34 0 composite_191
-2.68159 -1.41637 -0.09009 10.88647 composite 7.57475 -20.73474 -0.68146 251.80634 -46.24738 0.08231 3.0327 2.13353 0.273005 2.75798e-19 0.853865 1.87841e-13 1.00583 1.03530624528e+34 0 composite_192
10.68610 3.17664 -0.09009 10.48861 composite 15.82861 42.46379 -0.32611 287.53032 8.32459 0.03795 11.1483 2.34251 0.228276 1.65871e-19 0.513531 1.03069e-13 0.551902 1.87384209187e+34 0 composite_193
-0.72350 4.66647 0.47748 3.05063 composite 13.19498 -3.14525 2.07379 262.44902 -30.48066 0.01324 4.7222 2.31775 0.107528 3.41589e-18 10.5755 2.3002e-12 12.3169 2.20648661743e+35 1 composite_194
10.66470 1.09875 0.11111 11.46049 composite 14.34866 48.01124 0.44368 289.46037 13.59514 0.04575 10.7212 2.14533 0.128736 1.08275e-19 0.335216 7.98837e-14 0.427751 1.05194677758e+34 0 composite_195
0.97348 2.96223 0.09009 6.92820 composite 11.50385 4.85445 0.44870 268.76166 -24.53837 0.03449 3.1181 1.73014 0.238887 8.33108e-20 0.257928 7.46098e-14 0.399512 1.18935319082e+34 0 composite_196
-3.42426 10.51950 -0.05405 5.59355 composite 19.32537 -10.20616 -0.16025 259.88934 -37.57579 0.01658 11.0628 1.76983 0.249769 2.92172e-20 0.0904558 2.52656e-14 0.135289 1.14135392152e+34 0 composite_197
-0.66564 -3.80587 0.32432 3.79008 composite 4.75217 -8.07088 3.91329 257.35408 -33.46564 0.04568 3.8636 2.37155 0.249004 3.92859e-18 12.1628 2.37953e-12 12.7416 4.02352899605e+34 1 composite_198
-5.62992 -6.48178 -0.00901 1.09391 composite 5.98074 -70.27820 -0.08632 165.55008 -60.12609 0.01048 8.5854 2.25095 0.188532 6.14773e-18 19.0332 4.10491e-12 21.9805 1.02554146288e+35 1 composite_199
0.18253 0.57262 -0.54054 6.77805 composite 9.09054 1.15257 -3.40892 270.44489 -29.66950 0.04270 0.6010 2.09641 0.269275 2.46066e-19 0.761815 1.7154e-13 0.91854 1.38849665638e+34 0 composite_200
2.32472 2.64339 0.55255 6.15689 composite 11.39670 11.78396 2.77898 270.30414 -17.37369 0.03094 3.5202 2.10235 0.24661 1.42922e-19 0.442482 1.0059e-13 0.538627 1.1915690379e+34 0 composite_201
-4.60421 3.72799 0.10811 3.57295 composite 13.06653 -20.63288 0.47406 250.64504 -45.41616 0.01566 5.9242 1.96231 0.174521 1.40576e-19 0.43522 1.12986e-13 0.605005 1.57918860982e+34 0 composite_202
10.24170 -1.03635 0.02102 2.68415 composite 12.67276 53.91726 0.09504 292.69235 18.63187 0.01213 10.2940 2.45949 0.289215 1.76592e-19 0.546723 1.00432e-13 0.53778 1.25086754449e+34 0 composite_203
-3.78844 6.83715 -0.00901 5.76099 composite 15.79812 -13.87493 -0.03268 256.98849 -40.47425 0.02089 7.8166 2.28275 0.329102 6.81703e-20 0.211054 4.16393e-14 0.222965 1.03423157979e+34 0 composite_204
-0.33878 7.46201 0.30931 18.52246 composite 15.96860 -1.21587 1.10988 264.59072 -29.38335 0.06643 7.4697 1.97223 0.118062 1.76452e-19 0.546293 1.46866e-13 0.786422 2.58179887196e+34 0 composite_205
1.13599 3.87216 -0.30330 8.80775 composite 12.42790 5.24609 -1.39843 270.74107 -25.11991 0.04059 4.0354 2.18911 0.15475 3.13749e-19 0.971358 2.2162e-13 1.1867 2.2808242593e+34 0 composite_206
-2.16022 5.14576 0.14114 0.60409 composite 13.81641 -8.99567 0.58531 259.99198 -36.15651 0.01000 5.5808 2.06942 0.31325 1.23678e-19 0.382905 8.54489e-14 0.457552 1.86859846449e+34 0 composite_207
-4.41235 -2.15859 -0.04805 17.28726 composite 7.72558 -34.83018 -0.35636 235.11714 -55.75219 0.12816 4.9121 2.25025 0.220623 5.22119e-19 1.61647 3.42627e-13 1.83466 1.55320568305e+34 0 composite_208
-2.34582 0.83471 0.32432 18.69940 composite 9.63041 -14.10637 1.92989 254.77322 -39.46273 0.11121 2.4899 2.52329 0.275653 3.86086e-19 1.19531 2.1405e-13 1.14617 1.42131489414e+34 0 composite_209
3.92681 4.66272 -0.20120 4.42067 composite 13.73745 16.61132 -0.83919 276.02047 -14.87723 0.01843 6.0960 2.07116 0.257882 8.0034e-20 0.247783 5.69915e-14 0.305171 1.03957742543e+34 0 composite_210
-0.57012 -5.99557 0.04505 18.19732 composite 2.56890 -12.82453 1.00483 256.72881 -39.01144 0.40571 6.0226 1.60191 0.150967 1.86376e-18 5.77015 1.97583e-12 10.5799 1.27417056513e+34 1 composite_211
-6.29793 9.81378 0.03003 10.23033 composite 19.36645 -18.97759 0.08884 252.57567 -44.40664 0.03025 11.6608 2.29588 0.282154 1.60675e-19 0.497445 9.96628e-14 0.533663 3.23176130183e+34 0 composite_212
1.98304 -10.53610 -0.04204 2.67847 composite 2.84252 135.75637 -0.84742 38.72723 59.42323 0.05397 10.7211 2.33897 0.134477 3.59139e-18 11.1189 2.35126e-12 12.5903 1.10141354881e+34 1 composite_213
-5.38607 -6.12535 0.13213 5.04165 composite 5.88780 -66.20793 1.28590 174.19224 -60.25409 0.04904 8.1566 2.34196 0.342102 7.17094e-19 2.2201 4.22554e-13 2.26264 1.43627264443e+34 0 composite_214
-8.48094 -4.34746 -0.12312 8.59360 composite 9.44379 -63.91215 -0.74699 177.74234 -62.81246 0.05212 9.5303 2.023 0.250346 3.83555e-19 1.18748 2.82327e-13 1.51177 2.47375063001e+34 0 composite_215
1.67793 -10.58900 -0.09910 12.62471 composite 2.68127 141.22782 -2.11814 46.83453 55.84960 0.26967 10.7211 1.81219 0.120265 2.4919e-18 7.71486 2.31757e-12 12.4098 1.27689817037e+34 0 composite_216
-2.42757 6.88880 0.09910 24.23950 composite 15.57941 -8.96449 0.36446 260.23872 -36.25706 0.08911 7.3040 2.09336 0.396038 5.14482e-20 0.159282 3.36226e-14 0.180038 1.18901761297e+34 0 composite_217
4.60521 -6.52620 0.04204 23.64551 composite 5.01055 66.79995 0.48073 299.40330 29.98562 0.27028 7.9874 2.02497 0.235136 9.60652e-19 2.97415 7.12925e-13 3.81748 1.676833468e+34 0 composite_218
3.36661 13.90740 -0.22823 13.25157 composite 22.66005 8.54452 -0.57709 271.72153 -21.84234 0.03349 14.3091 2.15856 0.309966 3.67121e-20 0.11366 2.41785e-14 0.129468 1.3018046008e+34 0 composite_219
-6.77440 2.71441 0.28829 4.87343 composite 13.10491 -31.13533 1.26053 238.36587 -52.19941 0.02130 7.2980 2.26163 0.143526 1.39486e-19 0.431844 9.50116e-14 0.508757 1.01104431985e+34 0 composite_220
-1.72450 -14.63490 0.02703 6.65447 composite 6.37273 -164.29950 0.24302 95.03195 15.40110 0.05981 14.7362 2.23929 0.143436 2.13969e-18 6.62443 1.47692e-12 7.90844 3.76557104861e+34 0 composite_221
2.64473 2.32319 0.21922 19.03165 composite 11.14379 13.73158 1.12719 272.80341 -16.47911 0.09781 3.5202 2.23339 0.146886 2.16979e-19 0.671762 1.49982e-13 0.803104 1.18364301907e+34 0 composite_222
3.58437 1.26641 -0.12012 11.47718 composite 10.40408 20.15364 -0.66152 277.55317 -11.65967 0.06318 3.8015 1.77627 0.145785 3.32845e-19 1.03048 3.1093e-13 1.66493 2.86494065879e+34 0 composite_223
7.22117 1.91078 0.15015 31.68851 composite 12.67092 34.74612 0.67897 283.08239 1.92418 0.14324 7.4697 1.8443 0.141476 1.05274e-19 0.325926 9.40022e-14 0.503352 1.21064079889e+34 0 composite_224
-0.09315 -2.51838 0.05405 18.68380 composite 5.98259 -0.89218 0.51765 265.36402 -29.42394 0.17887 2.5201 2.11556 0.395643 1.1201e-18 3.4678 7.23583e-13 3.87456 3.68553629165e+34 0 composite_225
10.19900 -0.44197 -0.15916 8.45323 composite 12.99911 51.68843 -0.70154 292.30428 16.29413 0.03724 10.2086 2.26579 0.205638 1.36888e-19 0.423802 8.97786e-14 0.480736 1.09615309771e+34 0 composite_226
2.73974 5.07390 0.03604 1.09148 composite 13.84768 11.41120 0.14912 272.52806 -18.98335 0.01000 5.7663 1.70096 0.157541 7.14415e-20 0.221181 6.98189e-14 0.373858 1.24832078127e+34 0 composite_227
-0.39385 10.72510 0.13814 5.66040 composite 19.22963 -1.17361 0.41160 265.29637 -29.71887 0.01686 10.7323 1.99272 0.227364 4.74491e-20 0.146901 3.60942e-14 0.193273 1.2525672602e+34 0 composite_228
0.41316 6.17967 -0.00901 8.33818 composite 14.68549 1.61217 -0.03515 267.38639 -27.57490 0.03252 6.1935 2.33792 0.250805 2.3008e-19 0.712322 1.41725e-13 0.758891 2.35620969477e+34 0 composite_229
-2.29951 7.02255 0.03904 13.39642 composite 15.69200 -8.42651 0.14255 260.84273 -35.94009 0.04890 7.3894 2.22158 0.238185 1.4586e-19 0.451579 9.63458e-14 0.515901 1.92841045399e+34 0 composite_230
-8.63958 8.81688 0.02703 16.80267 composite 19.35245 -26.51511 0.08003 245.08671 -49.97680 0.04973 12.3442 2.24785 0.236854 2.29197e-19 0.709589 1.49301e-13 0.799459 4.44136597834e+34 0 composite_231
0.23465 -1.47645 0.08408 1.76882 composite 7.02797 1.91348 0.68548 266.86678 -26.94501 0.01441 1.4950 2.25216 0.316309 6.12227e-19 1.89544 3.82256e-13 2.04686 1.86030672928e+34 0 composite_232
-1.28724 0.68806 -0.37237 9.11721 composite 9.28526 -7.97519 -2.29837 263.68071 -36.91379 0.05624 1.4596 1.80741 0.302636 1.04033e-19 0.322084 8.46236e-14 0.453133 1.02416355984e+34 0 composite_233
4.92211 1.57626 0.02703 4.76352 composite 11.21423 26.03485 0.13810 279.57903 -6.07187 0.02433 5.1683 2.19055 0.198212 2.13685e-19 0.661563 1.46926e-13 0.78674 1.3791393051e+34 0 composite_234
0.60402 -0.72604 -0.38739 18.04755 composite 7.80701 4.44283 -2.84423 271.70619 -26.52703 0.13240 0.9444 1.8981 0.155263 2.44541e-19 0.757092 2.08083e-13 1.11422 1.02393544647e+34 0 composite_235
-9.11519 3.79525 0.36937 2.55243 composite 15.31001 -36.55171 1.38246 230.86242 -55.31513 0.01000 9.8737 2.39424 0.309818 1.08134e-19 0.334779 6.29583e-14 0.337122 1.26938275276e+34 0 composite_236
9.98388 -1.67322 0.03904 10.51545 composite 12.09481 55.63645 0.18494 293.48857 20.18098 0.04979 10.1231 1.91271 0.198079 1.28101e-19 0.396596 1.04593e-13 0.560063 1.39489539502e+34 0 composite_237
2.63630 -6.99454 -0.18619 7.10624 composite 3.04157 60.27146 -3.50956 299.41122 22.33731 0.13381 7.4749 1.81575 0.393225 1.8793e-18 5.81827 1.4377e-12 7.69841 2.55315233798e+34 0 composite_238
-1.94133 2.29381 -0.23423 12.70294 composite 10.96950 -10.19597 -1.22352 261.00503 -38.17167 0.06632 3.0051 2.40196 0.318978 3.08872e-19 0.95626 1.78431e-13 0.955439 1.88003439784e+34 0 composite_239
0.68812 6.92822 0.05105 3.05764 composite 15.44364 2.55378 0.18940 267.71250 -26.65143 0.01134 6.9623 1.93974 0.215798 7.81907e-20 0.242077 6.19679e-14 0.331819 1.39472618223e+34 0 composite_240
3.02402 4.08550 -0.01201 18.42118 composite 12.94371 13.51080 -0.05316 273.77531 -17.23862 0.08151 5.0829 2.01553 0.399952 7.26885e-20 0.225042 4.94451e-14 0.264763 1.3233060137e+34 0 composite_241
7.37889 2.82731 -0.09610 4.71634 composite 13.51907 33.08122 -0.40729 283.29003 -0.05285 0.01998 7.9020 2.27952 0.140234 1.34644e-19 0.416854 9.09337e-14 0.486921 1.01079371971e+34 0 composite_242
4.29581 8.30954 0.07508 21.14789 composite 17.34994 14.33556 0.24794 273.90966 -16.37009 0.06981 9.3543 2.15013 0.196946 2.21194e-19 0.684812 1.55863e-13 0.834598 3.58971410116e+34 0 composite_243
