sky_model/pwn/ctadc_skymodel_gps_sources_composite.ecsv
# %ECSV 0.9
# ---
# datatype:
# - {name: galactocentric_x, unit: kpc, datatype: float64, format: '%.5f', description: Galactocentric
#     x coordinate}
# - {name: galactocentric_y, unit: kpc, datatype: float64, format: '%.5f', description: Galactocentric
#     y coordinate}
# - {name: galactocentric_z, unit: kpc, datatype: float64, format: '%.5f', description: Galactocentric
#     z coordinate}
# - {name: size_physical, unit: pc, datatype: float64, format: '%.5f', description: physical
#     size}
# - {name: type, datatype: string, description: type of PWN}
# - {name: distance, unit: kpc, datatype: float64, format: '%.5f', description: Distance
#     observer to source center}
# - {name: GLON, unit: deg, datatype: float64, format: '%.5f', description: Galactic
#     longitude}
# - {name: GLAT, unit: deg, datatype: float64, format: '%.5f', description: Galactic
#     latitude}
# - {name: RA, unit: deg, datatype: float64, format: '%.5f'}
# - {name: DEC, unit: deg, datatype: float64, format: '%.5f'}
# - {name: sigma, unit: deg, datatype: float64, format: '%.5f'}
# - {name: galactocentric_r, unit: kpc, datatype: float64, format: '%0.4f', description: Galactocentric
#     radius in the xy plan}
# - {name: spec_alpha, datatype: float64, format: '%5g', description: Spectral model
#     parameter (log parabola)}
# - {name: spec_beta, datatype: float64, format: '%5g', description: Spectral model
#     parameter (log parabola)}
# - {name: spec_norm, unit: 1 / (cm2 MeV s), datatype: float64, format: '%5g', description: Spectral
#     model norm parameter (log parabola)}
# - {name: spec_norm_cu, unit: '%', datatype: float64, format: '%5g', description: Spectral
#     model norm parameter (log parabola) in crab units}
# - {name: int_flux_above_1TeV, unit: 1 / (cm2 s), datatype: float64, format: '%5g',
#   description: 'Integral flux above 1 TeV '}
# - {name: int_flux_above_1TeV_cu, unit: '%', datatype: float64, format: '%5g', description: Integral
#     flux above 1 TeV in crab units}
# - {name: luminosity, unit: erg / s, datatype: float64, description: Intrinsic source
#     luminosity}
# - {name: skip, datatype: int64, description: 'skip boolean: 0 take, 1 skip'}
# - {name: source_name, datatype: string, description: source name}
galactocentric_x galactocentric_y galactocentric_z size_physical type distance GLON GLAT RA DEC sigma galactocentric_r spec_alpha spec_beta spec_norm spec_norm_cu int_flux_above_1TeV int_flux_above_1TeV_cu luminosity skip source_name
[from data line 82]
2.49553 -10.69000 -0.08408 3.84031 composite 3.32127 131.26919 -1.45063 29.87875 60.31448 0.06622 10.9774 1.83007 0.166571 2.68884e-18 8.32458 2.37687e-12 12.7274 2.298696725e+34 1 composite_82
9.37728 8.02786 0.11712 16.27457 composite 19.00309 29.56893 0.35313 281.01006 -2.83138 0.04905 12.3442 1.83959 0.142974 4.0032e-20 0.123938 3.58215e-14 0.191813 1.04580405835e+34 0 composite_83
-13.91160 1.98709 0.08709 2.79154 composite 17.42180 -52.98963 0.28642 201.66218 -62.30618 0.01000 14.0528 1.74829 0.122868 5.20501e-20 0.161146 5.06343e-14 0.27113 1.23702206997e+34 0 composite_84
2.87361 3.77112 -0.14715 5.19694 composite 12.60395 13.17984 -0.66894 274.17788 -17.82288 0.02362 4.7412 1.93959 0.233448 8.56789e-20 0.26526 6.71097e-14 0.359351 1.06304645355e+34 0 composite_85
-6.51819 1.57609 0.08108 1.69794 composite 12.00087 -32.89870 0.38710 236.99201 -53.98583 0.01000 6.7060 2.34829 0.291099 1.42718e-19 0.441853 8.57751e-14 0.459298 1.04936080448e+34 0 composite_86
-2.35972 -4.48248 0.27327 5.96931 composite 4.66727 -30.42816 3.35660 237.14065 -50.12510 0.07325 5.0657 2.621 0.188936 4.61472e-18 14.2871 2.53108e-12 13.5531 3.06475711287e+34 1 composite_87
-10.42780 -0.87946 0.03303 7.71340 composite 12.91560 -53.84101 0.14653 199.87362 -62.54929 0.03420 10.4648 2.06649 0.182443 1.63932e-19 0.50753 1.22636e-13 0.656677 1.5935853973e+34 0 composite_88
10.37800 -0.16984 0.12613 5.38332 composite 13.30828 51.24686 0.54303 290.94418 16.49782 0.02317 10.3794 2.0822 0.334934 5.01645e-19 1.55308 3.40147e-13 1.82138 7.29892660985e+34 0 composite_89
-7.07783 -4.55076 -0.20120 2.02047 composite 8.10757 -60.83965 -1.42202 184.21957 -64.04040 0.01427 8.4146 2.15925 0.39416 4.73736e-19 1.46667 2.99316e-13 1.60274 2.66824031611e+34 0 composite_90
-8.93800 -8.63761 0.05706 8.35097 composite 8.93924 -90.88206 0.36573 137.50354 -47.43579 0.05350 12.4296 1.79085 0.251715 1.71654e-19 0.531436 1.46169e-13 0.782686 1.39714628777e+34 0 composite_91
10.29160 -0.22272 -0.07207 17.54769 composite 13.20741 51.19114 -0.31265 291.70133 16.04282 0.07610 10.2940 1.97131 0.386876 8.5979e-20 0.266189 6.03432e-14 0.323119 1.68286246571e+34 0 composite_92
3.39549 -2.18053 0.21622 9.79516 composite 7.17717 28.24941 1.72636 279.18257 -3.37574 0.07817 4.0354 1.98754 0.119374 5.89581e-19 1.82533 4.85172e-13 2.59794 1.71340438424e+34 0 composite_93
0.32007 9.52493 0.11111 12.52550 composite 18.02811 1.01730 0.35312 266.66362 -27.88364 0.03979 9.5303 1.97965 0.268462 5.59393e-20 0.173187 4.18005e-14 0.223829 1.46302001141e+34 0 composite_94
5.97444 5.92546 -0.12913 0.48598 composite 15.61424 22.49735 -0.47384 278.48550 -9.49454 0.01000 8.4146 1.76045 0.37138 1.87918e-19 0.58179 1.50615e-13 0.806496 6.89345851744e+34 0 composite_95
-0.33112 0.27323 0.39640 2.12151 composite 8.78842 -2.16144 2.58519 262.58005 -29.37842 0.01383 0.4293 2.09452 0.252586 2.17334e-19 0.672862 1.53131e-13 0.819969 1.10450175158e+34 0 composite_96
6.74735 4.73626 0.10511 7.04121 composite 14.85720 27.01079 0.40535 279.79012 -5.08207 0.02714 8.2437 2.2467 0.25005 1.10103e-19 0.340877 7.12704e-14 0.38163 1.2957583976e+34 0 composite_97
1.56083 -7.31010 0.12312 1.14234 composite 1.96652 52.67989 3.58952 288.81832 19.18809 0.03327 7.4749 2.07118 0.27392 7.46014e-18 23.0964 5.26324e-12 28.183 2.06424760897e+34 1 composite_98
2.99011 9.22341 -0.15616 16.84837 composite 17.97455 9.57617 -0.49778 272.18551 -20.90222 0.05369 9.6960 2.14379 0.213556 6.70955e-20 0.207726 4.69894e-14 0.251613 1.22146750898e+34 0 composite_99
-2.34795 1.48169 -0.12312 10.36357 composite 10.25486 -13.23681 -0.68791 258.17851 -40.34962 0.05788 2.7764 2.13311 0.255757 3.65868e-19 1.13272 2.51642e-13 1.34746 2.41878972926e+34 0 composite_100
10.61250 0.70231 -0.13514 6.42942 composite 14.04727 49.07079 -0.55122 290.87751 14.06299 0.02621 10.6357 1.81223 0.142056 9.91285e-20 0.306899 9.05142e-14 0.484675 1.4663294526e+34 0 composite_101
-6.77369 -4.84683 0.03303 35.04980 composite 7.69608 -61.66124 0.24590 182.94893 -62.27179 0.26084 8.3291 2.48109 0.318334 4.61741e-19 1.42954 2.56691e-13 1.3745 1.24702311817e+34 0 composite_102
-0.88536 -10.08430 -0.09910 10.90911 composite 1.81761 -150.80208 -3.12545 98.37331 1.89182 0.34375 10.1231 2.00255 0.104924 7.21886e-18 22.3494 5.94522e-12 31.8348 1.28119221353e+34 1 composite_103
1.27804 6.14745 -0.17718 2.10475 composite 14.70417 4.98662 -0.69041 269.92019 -24.99492 0.01000 6.2789 2.26901 0.16494 3.05607e-19 0.946151 2.04687e-13 1.09603 2.87846048572e+34 0 composite_104
-14.13920 1.54768 0.15616 18.41778 composite 17.34639 -54.60142 0.51581 198.16359 -62.25428 0.06081 14.2237 1.90524 0.384317 1.06739e-19 0.330462 7.78888e-14 0.41707 3.97287564875e+34 0 composite_105
-3.23256 -3.90019 0.22523 4.81396 composite 5.62658 -35.09799 2.29414 232.07141 -53.74976 0.04900 5.0657 2.20862 0.236173 8.61625e-19 2.66757 5.7392e-13 3.07316 1.48313301118e+34 0 composite_106
-9.46288 -8.05916 0.02402 5.39525 composite 9.47317 -87.33273 0.14528 141.02351 -50.13259 0.03262 12.4296 1.75769 0.271621 1.05356e-19 0.326179 9.0408e-14 0.484106 1.06946198486e+34 0 composite_107
0.83647 -2.88629 0.04805 7.38979 composite 5.67589 8.47499 0.48505 270.68906 -21.38234 0.07457 3.0051 2.3981 0.32336 7.86436e-19 2.43479 4.54321e-13 2.43274 1.30063101683e+34 0 composite_108
-8.84456 -3.05889 0.41141 5.13569 composite 10.39236 -58.40047 2.26880 190.14878 -60.57489 0.02830 9.3586 1.96464 0.143621 2.83631e-19 0.878114 2.32765e-13 1.24638 1.87532173453e+34 0 composite_109
0.11466 0.58997 -0.60360 16.31224 composite 9.11071 0.72269 -3.79873 270.59368 -30.23464 0.10255 0.6010 1.65692 0.397902 7.55687e-20 0.233959 6.35211e-14 0.340135 1.21851321266e+34 0 composite_110
-14.74460 -1.50902 0.09009 17.24175 composite 16.31825 -64.63258 0.31632 176.78767 -61.60763 0.06052 14.8216 1.91011 0.226663 7.2413e-20 0.224189 5.80574e-14 0.310879 1.54470875693e+34 0 composite_111
-9.73304 1.61936 -0.08108 4.72278 composite 14.04066 -43.88519 -0.33087 220.32051 -60.36036 0.01926 9.8668 1.98533 0.100006 2.99112e-19 0.926045 2.502e-13 1.33974 3.20500095254e+34 0 composite_112
-3.57611 10.64930 0.03904 0.67828 composite 19.48039 -10.57807 0.11482 259.33488 -37.72158 0.01000 11.2337 1.78815 0.338521 2.27375e-20 0.0703947 1.82891e-14 0.0979325 1.12554227014e+34 0 composite_113
6.52159 5.04260 0.00901 10.69703 composite 15.03108 25.71366 0.03434 279.52351 -6.40486 0.04076 8.2437 2.34374 0.123772 1.55395e-19 0.4811 1.02084e-13 0.546627 1.30095024127e+34 0 composite_114
5.52429 -10.07480 -0.06907 9.75812 composite 5.74478 105.91117 -0.68889 339.62378 57.72143 0.09729 11.4900 1.98094 0.241302 7.75662e-19 2.40143 5.89077e-13 3.15432 1.92183654918e+34 0 composite_115
3.49424 2.53012 -0.11111 3.93937 composite 11.57089 17.57772 -0.55019 276.22329 -13.88794 0.01950 4.3141 1.66611 0.170278 1.30019e-19 0.402537 1.28953e-13 0.690501 1.72410368541e+34 0 composite_116
-7.60769 -3.17520 0.18619 3.50883 composite 9.28790 -55.01093 1.14866 197.19449 -61.65381 0.02164 8.2437 1.83696 0.149708 7.23765e-19 2.24076 6.45323e-13 3.4555 4.60489913791e+34 0 composite_117
2.05238 -3.86801 0.39039 24.83175 composite 5.08134 23.89757 4.40627 274.78080 -5.98721 0.27989 4.3788 2.10543 0.165431 3.04438e-18 9.42532 2.24784e-12 12.0364 4.19937903285e+34 1 composite_118
4.87381 7.98426 0.04505 19.43647 composite 17.18973 16.47108 0.15016 275.04942 -14.53618 0.06476 9.3543 2.18482 0.301039 1.26216e-19 0.390763 8.2318e-14 0.440786 2.42914869248e+34 0 composite_119
3.81945 -3.97146 0.24324 2.57999 composite 5.92917 40.14487 2.35118 284.05538 7.49022 0.02492 5.5101 2.1268 0.277859 5.29102e-19 1.63809 3.60777e-13 1.93185 1.2426581502e+34 0 composite_120
-2.95556 2.21245 -0.09610 31.77524 composite 11.11311 -15.42416 -0.49547 256.23888 -41.98966 0.16376 3.6919 1.70489 0.119483 1.06296e-19 0.329091 1.07188e-13 0.573958 1.08348156775e+34 0 composite_121
-9.50635 8.00784 0.03604 3.04196 composite 19.04943 -29.93630 0.10840 241.07724 -52.29683 0.01000 12.4296 1.83718 0.319903 2.59156e-20 0.0802341 2.04618e-14 0.109566 1.07620433506e+34 0 composite_122
-0.08518 -0.01075 -0.62763 14.73907 composite 8.51285 -0.57488 -4.22811 270.28939 -31.57316 0.09916 0.0859 2.17922 0.262602 3.96803e-19 1.22849 2.64882e-13 1.41836 1.72486292606e+34 0 composite_123
0.99447 -1.33642 -0.08709 8.17859 composite 7.23280 7.90346 -0.68991 271.49023 -22.45694 0.06476 1.6658 2.00604 0.126314 6.38957e-19 1.9782 5.16642e-13 2.76645 1.86857305927e+34 0 composite_124
3.13867 -7.06537 0.00300 4.05837 composite 3.45100 65.43571 0.04981 299.01148 28.59635 0.06735 7.7312 2.12901 0.223164 2.76918e-18 8.57332 1.94524e-12 10.4161 1.93568245967e+34 1 composite_125
-0.10708 4.74000 -0.09610 9.12631 composite 13.24078 -0.46338 -0.41585 266.53548 -29.54829 0.03948 4.7412 2.15147 0.299949 1.01172e-19 0.313225 6.72404e-14 0.360051 1.20735140397e+34 0 composite_126
0.02379 -10.29390 -0.27027 15.05966 composite 1.81430 179.24021 -8.56704 77.91405 24.85119 0.47540 10.2939 2.16004 0.157321 1.48381e-16 459.382 1.06499e-10 570.267 2.39527510133e+35 1 composite_127
-0.88049 -8.97205 -0.12312 4.74674 composite 1.00660 -118.19674 -7.02557 110.05058 -28.83387 0.27008 9.0152 1.7225 0.303742 8.27843e-18 25.6298 7.10725e-12 38.057 1.09797266493e+34 1 composite_128
-8.96309 3.46782 0.06907 20.83699 composite 14.95227 -36.83074 0.26467 231.54781 -56.40110 0.07981 9.6106 1.90066 0.179811 7.01476e-20 0.217175 5.85009e-14 0.313253 1.13671264209e+34 0 composite_129
-1.97167 -0.11012 -0.00601 17.88270 composite 8.61845 -13.22486 -0.03995 257.50403 -39.95689 0.11884 1.9747 1.98651 0.329278 1.80182e-19 0.557839 1.29381e-13 0.692794 1.24955509533e+34 0 composite_130
-14.15370 1.40906 -0.06907 2.32900 composite 17.27777 -55.00399 -0.22905 197.41413 -63.02776 0.01000 14.2237 2.35271 0.109055 9.58486e-20 0.296745 6.31785e-14 0.338301 1.02372493588e+34 0 composite_131
-2.24164 -2.48745 -0.53453 3.58357 composite 6.43906 -20.44681 -4.76182 256.79046 -48.56339 0.03187 3.3485 2.27868 0.283139 4.57691e-19 1.417 2.86357e-13 1.53335 1.04344229018e+34 0 composite_132
-1.55949 -1.12361 -0.08408 5.45818 composite 7.53991 -11.93748 -0.63894 259.11452 -39.26636 0.04146 1.9221 2.05631 0.391431 2.83251e-19 0.876938 1.89257e-13 1.01341 1.60276110442e+34 0 composite_133
-2.50491 -4.81165 -0.00601 3.42730 composite 4.45854 -34.18204 -0.07723 235.73331 -55.13912 0.04403 5.4246 2.11419 0.152755 1.05286e-18 3.25963 7.79584e-13 4.17442 1.0770717755e+34 0 composite_134
-0.75729 -14.97330 0.08108 7.80488 composite 6.51795 -173.32749 0.71275 90.85636 23.54096 0.06858 14.9924 2.0543 0.367228 5.41448e-19 1.67631 3.66635e-13 1.96321 2.14791782063e+34 0 composite_135
4.97968 0.92936 -0.16216 21.68162 composite 10.66472 27.83870 -0.87123 281.30981 -4.92975 0.11644 5.0657 2.23797 0.282115 1.89892e-19 0.5879 1.21487e-13 0.650526 1.25121038731e+34 0 composite_136
-4.45088 10.40730 -0.03303 9.37404 composite 19.42415 -13.24656 -0.09743 257.54755 -40.00849 0.02764 11.3191 2.33746 0.278225 6.6502e-20 0.205889 4.0436e-14 0.216522 1.26338212262e+34 0 composite_137
-4.87637 -1.71252 -0.18619 2.67021 composite 8.35964 -35.69483 -1.27623 234.85645 -57.00630 0.01829 5.1683 2.18621 0.294756 2.51126e-19 0.77748 1.64187e-13 0.879168 1.12386157595e+34 0 composite_138
2.75591 -10.71400 -0.00601 33.15180 composite 3.53509 128.77716 -0.09741 25.47254 62.20039 0.53711 11.0628 2.33245 0.397725 3.5078e-18 10.8601 2.02817e-12 10.8602 2.93775036788e+34 1 composite_139
1.68805 -6.21420 0.00901 2.54690 composite 2.84156 36.44565 0.18167 284.30140 3.20972 0.05133 6.4394 2.13691 0.126483 5.25636e-18 16.2736 3.90447e-12 20.9072 2.01465317394e+34 1 composite_140
-9.11025 2.47210 -0.06006 6.49391 composite 14.26139 -39.70321 -0.24129 227.53281 -58.35753 0.02608 9.4397 1.75276 0.14907 3.8504e-19 1.19207 3.64875e-13 1.95379 6.48840585491e+34 0 composite_141
-14.47240 0.46615 -0.04204 4.88611 composite 17.02480 -58.22036 -0.14148 190.32153 -62.99052 0.01644 14.4799 1.87641 0.283809 4.1014e-20 0.126978 3.23408e-14 0.173175 1.15979535051e+34 0 composite_142
10.61080 1.53422 0.15315 27.82628 composite 14.60473 46.59976 0.60083 288.64270 12.41950 0.10912 10.7211 1.77766 0.343099 5.37621e-20 0.166446 4.34006e-14 0.232396 1.54177723204e+34 0 composite_143
4.15109 2.25118 0.56456 22.89840 composite 11.53855 21.11185 2.80450 274.89161 -9.19386 0.11366 4.7222 2.32139 0.112501 2.498e-19 0.773374 1.67352e-13 0.896116 1.2393967538e+34 0 composite_144
-1.02984 2.45431 -0.28228 8.40731 composite 11.00623 -5.37072 -1.46964 264.54224 -34.27333 0.04375 2.6616 1.9715 0.366436 8.43867e-20 0.261259 5.98729e-14 0.3206 1.08191003745e+34 0 composite_145
-11.72450 6.06112 -0.12012 8.70867 composite 18.69504 -38.84075 -0.36814 229.05853 -58.02113 0.02668 13.1985 1.90871 0.146872 6.62488e-20 0.205105 5.63259e-14 0.301607 1.53835755896e+34 0 composite_146
13.00000 -4.08141 -0.01802 23.14692 composite 13.73041 71.22754 -0.07520 302.73673 33.43177 0.09655 13.6256 1.90581 0.267809 7.41147e-20 0.229457 5.7976e-14 0.310443 1.25060870964e+34 0 composite_147
0.86376 0.76416 0.05405 18.82767 composite 9.30450 5.32667 0.33283 269.13264 -24.18878 0.11589 1.1533 1.70854 0.330008 2.22099e-19 0.687613 1.88961e-13 1.01182 2.78004161732e+34 0 composite_148
2.96520 14.17300 -0.21922 8.73704 composite 22.86712 7.45092 -0.54929 271.11741 -22.78270 0.02188 14.4799 1.90633 0.29907 2.45751e-20 0.076084 1.88409e-14 0.100887 1.24851752106e+34 0 composite_149
-0.35686 -10.45870 -0.23423 3.71893 composite 2.00467 -169.67441 -6.70988 85.98765 16.64780 0.10625 10.4648 1.99746 0.328804 4.84885e-18 15.0119 3.46072e-12 18.5311 1.78724712959e+34 1 composite_150
6.92819 4.92444 -0.19820 9.02236 composite 15.10810 27.29771 -0.75167 280.95502 -5.35642 0.03420 8.5000 2.36593 0.187953 1.93457e-19 0.598937 1.21171e-13 0.648834 1.78984032385e+34 0 composite_151
4.09904 -6.35264 0.09309 11.61352 composite 4.62839 62.35135 1.15246 296.16995 26.50296 0.14371 7.5603 2.43562 0.358011 9.83266e-19 3.04417 5.49731e-13 2.94363 1.11198185654e+34 0 composite_152
4.28527 3.72949 0.16817 2.02537 composite 12.95964 19.31070 0.74352 275.88248 -11.75104 0.01000 5.6809 2.00309 0.177251 3.22662e-19 0.998953 2.52103e-13 1.34993 3.39604788458e+34 0 composite_153
2.86827 -4.58599 -0.45045 21.88291 composite 4.87333 36.23476 -5.30351 289.08405 0.51042 0.25718 5.4091 1.88173 0.314012 4.14294e-19 1.28264 3.19456e-13 1.71058 1.03375137421e+34 0 composite_154
-10.58460 -3.49991 0.12613 2.34666 composite 11.70686 -64.71428 0.61732 176.77722 -61.29578 0.01148 11.1482 2.27447 0.13203 1.8741e-19 0.580216 1.27568e-13 0.683088 1.04544475818e+34 0 composite_155
0.69420 -1.28394 0.40541 4.10851 composite 7.26070 5.49506 3.20084 266.53887 -22.58046 0.03241 1.4596 2.21137 0.380009 7.06573e-19 2.18753 4.37397e-13 2.34212 2.84470463405e+34 0 composite_156
9.29391 8.38155 -0.15015 0.96800 composite 19.27138 28.83439 -0.44642 281.38653 -3.84999 0.01000 12.5151 2.13878 0.1844 1.90949e-19 0.591174 1.36504e-13 0.730935 3.7776983347e+34 0 composite_157
6.60661 -9.10266 -0.08408 6.98106 composite 6.63457 95.21214 -0.72613 324.59380 51.44451 0.06026 11.2475 1.60733 0.138394 3.13371e-19 0.970188 3.34812e-13 1.79281 1.37250229494e+34 0 composite_158
-8.64071 3.80079 0.14114 3.76038 composite 15.03300 -35.08619 0.53794 233.82047 -55.18206 0.01433 9.4397 2.23077 0.137686 2.10021e-19 0.65022 1.46218e-13 0.782953 2.05536459892e+34 0 composite_159
8.79959 -3.41690 -0.09910 3.87607 composite 10.16270 59.98704 -0.55872 296.49780 23.59962 0.02184 9.4397 2.06892 0.337107 1.21703e-19 0.376788 8.30383e-14 0.444643 1.05911754295e+34 0 composite_160
-3.58272 -1.27105 -0.15916 17.65171 composite 8.06963 -26.36335 -1.13014 246.60182 -50.72038 0.12528 3.8015 1.90402 0.334814 4.07841e-19 1.26267 3.06402e-13 1.64068 2.85635287914e+34 0 composite_161
7.82021 -4.48523 0.26126 22.24910 composite 8.79445 62.82477 1.70236 295.90018 27.18738 0.14490 9.0152 1.9581 0.301859 2.70825e-19 0.838467 2.00909e-13 1.07581 1.89683416288e+34 0 composite_162
