sky_model/pwn/ctadc_skymodel_gps_sources_pwn.ecsv
# %ECSV 0.9
# ---
# datatype:
# - {name: galactocentric_x, unit: kpc, datatype: float64, format: '%.5f', description: Galactocentric
#     x coordinate}
# - {name: galactocentric_y, unit: kpc, datatype: float64, format: '%.5f', description: Galactocentric
#     y coordinate}
# - {name: galactocentric_z, unit: kpc, datatype: float64, format: '%.5f', description: Galactocentric
#     z coordinate}
# - {name: physical_size, unit: pc, datatype: float64, format: '%.5f', description: physical
#     size}
# - {name: spiralarm, datatype: string}
# - {name: distance, unit: kpc, datatype: float64, format: '%.5f', description: Distance
#     observer to source center}
# - {name: GLON, unit: deg, datatype: float64, format: '%.5f', description: Galactic
#     longitude}
# - {name: GLAT, unit: deg, datatype: float64, format: '%.5f', description: Galactic
#     latitude}
# - {name: RA, unit: deg, datatype: float64, format: '%.5f'}
# - {name: DEC, unit: deg, datatype: float64, format: '%.5f'}
# - {name: sigma, unit: deg, datatype: float64, format: '%.5f'}
# - {name: galactocentric_r, unit: kpc, datatype: float64, format: '%0.4f', description: Galactocentric
#     radius in the xy plan}
# - {name: spec_alpha, datatype: float64, format: '%5g', description: Spectral model
#     parameter (log parabola)}
# - {name: spec_beta, datatype: float64, format: '%5g', description: Spectral model
#     parameter (log parabola)}
# - {name: spec_norm, unit: 1 / (cm2 MeV s), datatype: float64, format: '%5g', description: Spectral
#     model norm parameter (log parabola)}
# - {name: spec_norm_cu, unit: '%', datatype: float64, format: '%5g', description: Spectral
#     model norm parameter (log parabola) in crab units}
# - {name: int_flux_above_1TeV, unit: 1 / (cm2 s), datatype: float64, format: '%5g',
#   description: 'Integral flux above 1 TeV '}
# - {name: int_flux_above_1TeV_cu, unit: '%', datatype: float64, format: '%5g', description: Integral
#     flux above 1 TeV in crab units}
galactocentric_x galactocentric_y galactocentric_z physical_size spiralarm distance GLON GLAT RA DEC sigma galactocentric_r spec_alpha spec_beta spec_norm spec_norm_cu int_flux_above_1TeV int_flux_above_1TeV_cu
[from data line 402]
3.99670 -8.34900 -0.08897 22.11552 Norma 4.00055 87.83630 -1.27432 317.20578 45.87822 0.31662 9.2563 2.23285 0.459263 2.75757e-19 0.853738 1.63175e-13 0.873751
-0.93962 -4.95804 -0.02508 23.71467 Perseus 3.66456 -14.85741 -0.39219 256.58740 -41.47565 0.37064 5.0463 2.16552 0.140708 1.06707e-18 3.30361 7.71424e-13 4.13073
-7.34162 -0.47310 -0.05408 10.75312 "Crux Scutum" 10.87812 -42.44688 -0.28483 222.88355 -59.70308 0.05662 7.3569 1.99674 0.345327 1.69158e-19 0.523708 1.19679e-13 0.640844
-1.73693 -1.44199 0.00646 17.80292 "Carina Sagittarius" 7.26859 -13.82536 0.05093 256.93957 -40.38447 0.14028 2.2575 2.02419 0.200329 3.49879e-20 0.108322 2.6561e-14 0.142226
2.78636 4.23882 0.03705 17.67052 "Carina Sagittarius" 13.04004 12.33799 0.16278 272.98667 -18.16472 0.07761 5.0726 1.83934 0.145113 7.63488e-21 0.0236374 6.82122e-15 0.0365254
-5.74892 6.48116 0.00249 22.97008 "Carina Sagittarius" 16.04635 -20.99397 0.00888 250.80723 -45.99404 0.08199 8.6635 2.29692 0.484812 2.59213e-20 0.0802518 1.47239e-14 0.0788419
-3.67032 0.85827 0.00162 28.83551 Perseus 10.05229 -21.41512 0.00921 250.40659 -46.31082 0.16429 3.7693 1.9404 0.174317 3.6692e-21 0.0113597 2.99224e-15 0.0160225
1.41242 -2.27553 0.00793 10.50573 "Crux Scutum" 6.38271 12.78475 0.07120 273.29664 -17.81678 0.09427 2.6782 1.81312 0.0539248 4.97111e-20 0.153904 4.90469e-14 0.262631
-10.58842 -0.65443 0.01915 24.41861 "Carina Sagittarius" 13.17832 -53.46311 0.08327 200.70401 -62.56865 0.10612 10.6086 2.14976 0.194295 6.24506e-21 0.0193345 4.40855e-15 0.0236064
5.39317 -10.31836 0.04025 20.81920 "Crux Scutum" 5.69160 108.63208 0.40523 343.30294 59.95316 0.20950 11.6428 2.49874 0.223839 6.11654e-20 0.189366 3.51104e-14 0.188005
7.04033 -0.04701 0.03716 18.66642 Perseus 11.00094 39.79025 0.19352 285.82566 6.18950 0.09718 7.0405 2.0855 0.376105 1.15757e-20 0.0358381 7.67166e-15 0.0410793
-0.97663 -0.11631 0.01296 23.92175 Perseus 8.44039 -6.64450 0.08801 262.11878 -34.49376 0.16233 0.9835 1.91757 0.474957 2.79512e-20 0.0865362 1.93161e-14 0.103432
-2.05821 4.54506 0.00858 28.48888 "Crux Scutum" 13.20643 -8.96604 0.03721 260.57183 -36.44446 0.12355 4.9894 2.22117 0.408528 2.35176e-20 0.07281 1.43023e-14 0.076584
7.85257 2.70818 -0.01867 3.99067 Perseus 13.68527 35.01549 -0.07815 283.87946 1.81861 0.01670 8.3065 2.68101 0.465471 1.2153e-19 0.376255 5.86109e-14 0.313842
8.66475 -14.88316 -0.06534 6.97980 "Carina Sagittarius" 10.76229 126.37839 -0.34787 20.29609 62.32466 0.03714 17.2217 1.66443 0.23753 3.17056e-20 0.0981598 2.97552e-14 0.15933
3.76919 2.60226 -0.11046 23.41976 "Crux Scutum" 11.72515 18.75221 -0.53977 276.77689 -12.84423 0.11440 4.5802 2.21466 0.359658 1.44399e-20 0.0447056 9.00786e-15 0.0482342
3.83111 -1.54437 -0.09920 5.26237 "Carina Sagittarius" 7.94154 28.84563 -0.71575 281.63188 -3.96291 0.03795 4.1307 2.16153 0.154525 3.09239e-20 0.0957396 2.22144e-14 0.118951
-11.92018 -4.79830 0.01381 16.93534 "Carina Sagittarius" 12.48172 -72.74832 0.06342 161.29926 -58.91052 0.07771 12.8497 2.44846 0.0347936 3.46631e-20 0.107316 2.25833e-14 0.120927
4.57209 2.64811 0.02263 8.93624 "Carina Sagittarius" 12.04927 22.29962 0.10760 277.87011 -9.40146 0.04248 5.2836 2.39727 0.182737 2.00158e-20 0.0619683 1.23584e-14 0.0661755
-3.06876 -14.26845 -0.02237 10.40598 "Carina Sagittarius" 6.53397 -151.98746 -0.19617 100.43700 4.28734 0.09121 14.5947 2.04399 0.348958 2.54156e-19 0.786859 1.74742e-13 0.935689
6.60774 5.53704 -0.00382 21.94969 Perseus 15.51454 25.20805 -0.01412 279.33317 -6.87629 0.08103 8.6210 1.59464 0.137311 9.53535e-20 0.295212 1.0301e-13 0.551587
-6.13996 5.74750 -0.03526 3.81520 "Carina Sagittarius" 15.51424 -23.31363 -0.13021 248.69579 -47.81616 0.01408 8.4103 2.34197 0.430703 3.43361e-19 1.06304 1.94998e-13 1.04415
2.96011 -1.52022 0.16985 26.57962 "Carina Sagittarius" 7.58343 22.98169 1.28340 277.13543 -8.25227 0.20074 3.3277 1.84944 0.395386 6.2628e-21 0.0193895 4.69117e-15 0.0251197
-4.74321 3.16853 -0.00294 15.00093 "Crux Scutum" 12.59574 -22.12155 -0.01336 249.74928 -46.85438 0.06821 5.7042 1.81598 0.0970213 8.72837e-20 0.270228 8.26057e-14 0.442327
3.90604 -0.80663 0.06662 16.56462 "Crux Scutum" 8.62841 26.91761 0.44238 279.71419 -5.14789 0.10995 3.9885 2.44451 0.165418 4.81451e-21 0.0149056 2.92369e-15 0.0156554
11.11090 2.45294 0.01858 17.58130 Norma 15.60190 45.41018 0.06823 288.55998 11.11867 0.06454 11.3784 1.82674 0.412651 2.00427e-20 0.0620519 1.50651e-14 0.0806689
3.92319 1.76714 -0.04277 20.42970 "Carina Sagittarius" 10.99124 20.91242 -0.22298 277.51539 -10.78408 0.10646 4.3028 2.52085 0.121969 1.03821e-18 3.21429 6.18705e-13 3.31297
13.12754 -5.48632 0.02426 12.31113 "Crux Scutum" 13.46904 77.07069 0.10320 306.62068 38.36044 0.05235 14.2279 2.20075 0.165801 2.60461e-20 0.080638 1.81472e-14 0.0971725
6.35844 5.74569 -0.07900 5.72990 Perseus 15.60050 24.05320 -0.29015 279.04522 -8.02882 0.02104 8.5699 2.19574 0.171533 3.18184e-19 0.985089 2.21584e-13 1.18651
10.66138 6.88149 0.00072 11.59623 Norma 18.71511 34.72700 0.00221 283.67625 1.59855 0.03549 12.6894 2.19218 0.400521 7.91098e-22 0.00244922 4.89984e-16 0.00262371
7.51354 -0.13461 0.04703 7.53984 Perseus 11.24434 41.92925 0.23965 286.77413 8.11091 0.03840 7.5148 1.60847 0.0185151 4.33123e-21 0.0134094 5.24898e-15 0.0281066
-15.79955 -2.08620 0.01234 18.01560 Perseus 17.05177 -67.90540 0.04147 170.11475 -60.90149 0.06051 15.9367 1.56708 0.0368935 9.66571e-21 0.0299248 1.189e-14 0.0636672
-3.99306 -2.00489 0.02475 11.58677 Perseus 7.62441 -31.58232 0.18600 238.92989 -53.31201 0.08704 4.4681 2.16467 0.289226 8.79179e-19 2.72192 5.8334e-13 3.1236
-9.96554 3.26418 -0.03899 28.86781 "Carina Sagittarius" 15.41782 -40.26823 -0.14489 226.50519 -58.55639 0.10724 10.4865 2.2704 0.198556 1.09532e-20 0.033911 7.19298e-15 0.0385161
-8.98320 4.25107 0.00620 29.07483 "Carina Sagittarius" 15.59768 -35.16490 0.02279 234.23981 -55.64565 0.10676 9.9383 2.12478 0.316443 6.21163e-21 0.019231 4.15371e-15 0.0222418
-6.02879 0.75319 0.00795 19.74340 "Crux Scutum" 11.04391 -33.08571 0.04124 237.10801 -54.37311 0.10239 6.0757 1.85354 0.133231 3.80834e-21 0.0117905 3.40114e-15 0.018212
10.29942 6.47072 -0.03489 19.67243 Norma 18.17145 34.52683 -0.11001 283.68480 1.36923 0.06200 12.1634 2.10568 0.454791 1.38368e-20 0.0428383 8.74207e-15 0.046811
-3.40354 -9.88345 -0.06605 29.60522 "Crux Scutum" 3.67456 -112.12039 -1.02998 119.51365 -31.19314 0.46144 10.4531 2.07539 0.380471 4.40824e-18 13.6478 2.93113e-12 15.6953
-4.96834 10.49556 0.01501 26.95665 Perseus 19.63456 -14.65751 0.04380 256.28573 -41.05301 0.07863 11.6121 1.81285 0.0338731 6.97243e-20 0.215865 7.0149e-14 0.375626
2.48538 4.75279 0.02976 23.65689 "Carina Sagittarius" 13.48385 10.62167 0.12645 272.14404 -19.68518 0.10048 5.3634 2.40419 0.391953 1.4493e-19 0.448699 8.11421e-14 0.43449
-3.16922 4.32094 -0.09914 11.46695 "Crux Scutum" 13.20720 -13.88466 -0.43010 257.40071 -40.71934 0.04973 5.3586 1.58092 0.484791 3.7982e-21 0.0117591 3.16966e-15 0.0169725
-9.65916 7.71701 0.03273 12.86955 Perseus 18.87569 -30.77883 0.09934 240.04335 -52.85827 0.03905 12.3633 2.27662 0.471218 2.74041e-21 0.00848423 1.58004e-15 0.0084606
-0.26627 -7.23628 0.02610 8.43420 Norma 1.29173 -11.89842 1.15775 257.28126 -38.17818 0.37396 7.2412 2.2153 0.367742 1.22521e-17 37.9323 7.61196e-12 40.7596
15.41134 -11.51047 -0.01622 16.15300 "Carina Sagittarius" 15.70263 101.05304 -0.05920 331.55188 55.63048 0.05892 19.2354 2.40291 0.0617969 3.78932e-20 0.117316 2.49471e-14 0.133584
7.07994 -1.61494 0.14584 29.73995 Perseus 9.87679 45.79950 0.84608 288.04093 11.82426 0.17246 7.2618 1.79841 0.288038 1.95513e-20 0.0605302 1.61522e-14 0.0864901
1.10683 -5.65162 -0.03253 27.62808 Norma 3.05605 21.23529 -0.60996 278.01661 -10.67694 0.51778 5.7590 2.13042 0.142116 5.42774e-18 16.8041 4.00639e-12 21.4529
1.59214 6.06516 0.05954 6.19543 "Carina Sagittarius" 14.65204 6.23833 0.23283 269.72617 -23.44967 0.02422 6.2707 2.75135 0.485106 2.02111e-20 0.0625732 9.41349e-15 0.0504062
-0.81238 -6.58796 -0.05196 3.68014 Norma 2.07812 -23.01951 -1.43265 250.44250 -48.46764 0.10143 6.6379 2.29862 0.358743 1.66628e-19 0.515876 9.96156e-14 0.53341
1.21066 -5.51881 -0.03486 27.26322 Perseus 3.21783 22.10204 -0.62068 278.43283 -9.91301 0.48526 5.6500 2.13017 0.305383 3.48533e-18 10.7905 2.33721e-12 12.515
0.19986 6.45070 0.02509 17.50359 "Carina Sagittarius" 14.95206 0.76588 0.09614 266.76476 -28.23189 0.06705 6.4538 2.26175 0.347544 2.60309e-20 0.0805909 1.5937e-14 0.0853378
-2.59461 7.68046 0.01324 8.40513 "Carina Sagittarius" 16.38717 -9.11008 0.04628 260.46079 -36.55788 0.02938 8.1069 2.12585 0.21899 1.85176e-21 0.00573302 1.30642e-15 0.00699548
0.65714 4.15103 0.00719 21.18864 "Crux Scutum" 12.66809 2.97348 0.03251 268.10270 -26.37063 0.09580 4.2027 2.75727 0.186368 5.75779e-21 0.017826 2.96114e-15 0.0158559
14.53850 5.40957 0.01477 20.39403 "Crux Scutum" 20.12074 46.26648 0.04207 288.99005 11.86454 0.05805 15.5123 2.39509 0.4679 1.32715e-20 0.0410881 7.24814e-15 0.0388115
-7.98998 9.39125 -0.00396 6.29631 Perseus 19.59430 -24.06486 -0.01158 247.80072 -48.28566 0.01840 12.3303 2.07432 0.165964 1.50759e-18 4.66747 1.13452e-12 6.07501
7.63479 1.35948 -0.05135 10.00921 Perseus 12.47004 37.75278 -0.23593 285.27220 4.18154 0.04597 7.7549 2.1757 0.0207181 2.19259e-20 0.067882 1.71275e-14 0.0917123
2.04741 9.22778 -0.00892 4.62211 Perseus 17.84562 6.58799 -0.02863 270.16272 -23.27643 0.01483 9.4522 1.98276 0.20042 6.74013e-21 0.0208673 5.25162e-15 0.0281208
-10.64808 -0.09245 0.11273 8.66623 "Carina Sagittarius" 13.56766 -51.70595 0.47608 204.30946 -61.91791 0.03658 10.6485 2.46296 0.39517 2.68545e-19 0.83141 1.46068e-13 0.782147
5.11741 -6.27686 -0.04548 6.57225 Norma 5.57963 66.51858 -0.46700 300.16180 29.24902 0.06746 8.0986 1.67817 0.324234 5.96326e-20 0.184621 5.1957e-14 0.278213
-2.53979 2.73854 0.01925 8.21738 Norma 11.52196 -12.73432 0.09570 257.74038 -39.48151 0.04085 3.7350 1.61858 0.481085 3.10006e-22 0.000959772 2.53411e-16 0.00135694
-6.47159 -11.91866 0.08612 21.50761 "Carina Sagittarius" 7.31957 -117.84553 0.67417 117.81279 -25.41044 0.16829 13.5623 2.53761 0.0531009 5.81588e-21 0.0180058 3.56218e-15 0.0190743
-4.32886 -1.92819 -0.04306 4.33649 Norma 7.86954 -33.37291 -0.31352 237.09967 -54.82953 0.03156 4.7389 2.74594 0.455773 1.97462e-18 6.11336 9.29807e-13 4.97882
3.68836 0.51772 -0.10545 5.75007 "Carina Sagittarius" 9.74343 22.24517 -0.62012 278.49928 -9.78575 0.03380 3.7245 2.24049 0.184425 3.2972e-19 1.02081 2.22003e-13 1.18875
3.46232 4.51132 -0.00817 6.62269 "Carina Sagittarius" 13.46411 14.90113 -0.03477 274.44860 -16.00689 0.02817 5.6868 2.13382 0.237001 1.94294e-19 0.60153 1.35011e-13 0.722939
-1.96400 -9.75004 -0.10308 11.54661 "Crux Scutum" 2.33034 -122.47577 -2.53532 112.24855 -22.96596 0.28379 9.9459 2.29718 0.214241 1.09941e-18 3.40374 7.05292e-13 3.77661
4.66683 1.43757 -0.00063 11.06626 "Carina Sagittarius" 10.97882 25.15542 -0.00327 279.29911 -6.91806 0.05773 4.8832 1.90588 0.0582261 8.92044e-21 0.0276175 8.17377e-15 0.0437679
5.58402 -10.35457 0.02213 9.88672 "Crux Scutum" 5.88398 108.37244 0.21545 343.00599 59.66833 0.09624 11.7643 2.15137 0.123898 1.19377e-19 0.36959 8.80249e-14 0.471345
9.32661 -3.06042 -0.02743 23.26449 Norma 10.79701 59.74785 -0.14556 295.97683 23.59923 0.12341 9.8159 2.11167 0.371136 4.28842e-20 0.132768 2.80922e-14 0.150425
4.27745 0.10455 -0.01051 29.94662 "Carina Sagittarius" 9.60911 26.43267 -0.06269 279.94183 -5.81040 0.17849 4.2787 2.28797 0.0115038 1.5138e-20 0.046867 1.10562e-14 0.0592025
-3.88236 -2.64162 0.06000 17.41740 Norma 7.02829 -33.53248 0.48915 236.03134 -54.29468 0.14193 4.6958 1.6326 0.0669439 2.89258e-19 0.895535 3.25472e-13 1.7428
4.49716 -6.69626 0.04607 28.49347 Norma 4.84562 68.14505 0.54476 300.15921 31.16448 0.33678 8.0662 1.94789 0.0126051 1.54347e-20 0.0477854 1.42797e-14 0.0764634
3.66239 -0.44006 -0.00271 13.70847 "Crux Scutum" 8.85300 24.43677 -0.01754 278.97892 -7.56286 0.08869 3.6887 2.3535 0.428694 2.6658e-20 0.0825325 1.50685e-14 0.0806868
-7.29455 -0.32985 0.05926 5.88043 "Crux Scutum" 10.95287 -41.75939 0.31001 223.56171 -58.86255 0.03075 7.3020 1.89732 0.308662 1.63015e-20 0.0504692 1.24923e-14 0.0668921
2.25279 -1.38682 0.03731 14.03689 "Carina Sagittarius" 7.46148 17.57330 0.28650 275.46047 -13.49963 0.10775 2.6454 1.80199 0.0849643 1.73308e-20 0.0536556 1.6755e-14 0.0897178
2.84336 -5.74080 -0.06034 10.99545 Perseus 3.96251 45.86060 -0.87248 289.62206 11.07873 0.15893 6.4064 2.71262 0.384386 3.21047e-21 0.00993953 1.56797e-15 0.00839595
-1.97104 -8.79025 0.01619 16.32199 "Crux Scutum" 1.99236 -98.37707 0.46561 130.77536 -41.66670 0.46920 9.0085 2.11144 0.4834 1.87611e-18 5.80839 1.16705e-12 6.2492
2.55926 -7.84752 -0.04984 20.74018 Norma 2.64160 75.69719 -1.08110 306.82987 36.55454 0.44968 8.2543 1.92632 0.46728 5.17364e-20 0.160174 3.57193e-14 0.191266
-0.16684 -10.31321 0.12098 15.44836 "Crux Scutum" 1.82488 -174.74271 3.80112 93.07948 26.27464 0.48485 10.3146 1.59229 0.460774 7.51651e-18 23.2709 6.32154e-12 33.8498
14.49225 6.04831 0.00813 28.24933 "Crux Scutum" 20.53482 44.88941 0.02268 288.35491 10.63626 0.07879 15.7037 2.3188 0.00390511 1.08498e-20 0.0335906 7.8106e-15 0.0418233
4.37986 -6.16572 0.05081 26.88865 Norma 4.96333 61.94430 0.58653 296.48875 25.86729 0.31028 7.5630 2.30974 0.294507 6.81935e-20 0.211125 4.17446e-14 0.223529
-3.99041 1.22800 -0.02342 21.95340 Norma 10.51465 -22.30336 -0.12763 249.69644 -47.06607 0.11958 4.1751 2.01037 0.128316 6.32558e-20 0.195838 5.09245e-14 0.272685
1.52511 3.62973 -0.01748 16.22149 "Crux Scutum" 12.22524 7.16636 -0.08195 270.52423 -22.80031 0.07600 3.9371 1.76933 0.282324 2.09081e-19 0.647309 1.76709e-13 0.946222
2.33758 1.17968 -0.03105 6.55556 "Carina Sagittarius" 9.95799 13.57663 -0.17868 273.92370 -17.24061 0.03770 2.6184 2.09264 0.159015 1.62647e-20 0.050355 1.21559e-14 0.0650911
-8.64690 -6.88605 0.03285 13.71937 "Carina Sagittarius" 8.79629 -79.42735 0.21400 151.02979 -55.22186 0.08933 11.0538 1.84924 0.0768333 6.85828e-19 2.12331 6.44661e-13 3.45195
9.81674 -2.16970 -0.03242 22.01884 Norma 11.68084 57.18413 -0.15905 294.61695 21.36444 0.10796 10.0536 1.81737 0.222247 7.04844e-19 2.18218 6.02429e-13 3.22581
-3.45976 -0.45492 -0.09058 10.69191 Norma 8.75793 -23.26996 -0.59263 249.24988 -48.09552 0.06992 3.4895 2.06904 0.247548 5.98627e-19 1.85333 4.29416e-13 2.29939
-10.48970 8.75148 -0.00394 5.80768 Perseus 20.19028 -31.30155 -0.01117 239.50173 -53.28202 0.01647 13.6610 1.78458 0.494883 5.08091e-22 0.00157304 3.74084e-16 0.0020031
-6.01665 3.13695 -0.03479 27.51326 "Crux Scutum" 13.10038 -27.34031 -0.15217 244.41839 -50.72045 0.12029 6.7853 2.17399 0.0211939 9.60376e-19 2.9733 7.50792e-13 4.02025
6.87737 -1.57494 -0.05773 22.14437 Perseus 9.76002 44.80201 -0.33893 288.63939 10.39096 0.12995 7.0554 2.2824 0.150578 3.26116e-20 0.100965 2.18547e-14 0.117025
-3.05811 -3.40584 -0.10195 19.61246 Perseus 5.94246 -30.97716 -0.98305 240.98552 -53.80399 0.18903 4.5773 1.84811 0.425947 2.61304e-20 0.080899 1.92565e-14 0.103113
7.99476 -4.66580 0.04833 24.39747 Norma 8.86677 64.37811 0.31229 298.13727 27.82567 0.15759 9.2567 1.68953 0.329848 4.35746e-20 0.134906 3.75376e-14 0.201002
-3.67163 10.57205 0.23321 25.56244 Perseus 19.42365 -10.89690 0.68794 258.51146 -37.64759 0.07537 11.1915 2.56838 0.413342 6.22435e-21 0.0192704 3.20575e-15 0.0171657
4.46877 -1.21915 -0.06495 16.05339 "Carina Sagittarius" 8.54312 31.54039 -0.43557 282.61261 -1.43705 0.10762 4.6321 1.81792 0.330145 1.95059e-22 0.000603897 1.54848e-16 0.000829161
2.80950 4.30798 0.16149 26.79208 "Carina Sagittarius" 13.11350 12.37219 0.70562 272.50383 -17.87312 0.11702 5.1432 1.90202 0.379768 7.12879e-22 0.00220706 5.2249e-16 0.00279776
4.48298 18.60709 -0.00800 27.74331 "Crux Scutum" 27.47529 9.39060 -0.01668 271.63905 -20.83042 0.05783 19.1395 2.16391 0.246461 2.52804e-21 0.00782675 1.71734e-15 0.00919578
