sky_model/pwn/ctadc_skymodel_gps_sources_pwn.ecsv
# %ECSV 0.9
# ---
# datatype:
# - {name: spiralarm, datatype: unicode, description: 'Which spiralarm?'}
# - {name: galactocentric_x, unit: kpc, datatype: float64, format: '%.5f', description: Galactocentric
#     x coordinate}
# - {name: galactocentric_y, unit: kpc, datatype: float64, format: '%.5f', description: Galactocentric
#     y coordinate}
# - {name: galactocentric_z, unit: kpc, datatype: float64, format: '%.5f', description: Galactocentric
#     z coordinate}
# - {name: type, datatype: string, description: type of PWN}
# - {name: size_physical, unit: pc, datatype: float64, format: '%.5f', description: Physical
#     size}
# - {name: distance, unit: kpc, datatype: float64, format: '%.5f', description: Distance
#     observer to source center}
# - {name: GLON, unit: deg, datatype: float64, format: '%.5f', description: Galactic
#     longitude}
# - {name: GLAT, unit: deg, datatype: float64, format: '%.5f', description: Galactic
#     latitude}
# - {name: RA, unit: deg, datatype: float64, format: '%.5f'}
# - {name: DEC, unit: deg, datatype: float64, format: '%.5f'}
# - {name: sigma, unit: deg, datatype: float64, format: '%.5f'}
# - {name: galactocentric_r, unit: kpc, datatype: float64, format: '%0.4f', description: Galactocentric
#     radius in the xy plan}
# - {name: spec_alpha, datatype: float64, format: '%5g', description: Spectral model
#     parameter (log parabola)}
# - {name: spec_beta, datatype: float64, format: '%5g', description: Spectral model
#     parameter (log parabola)}
# - {name: spec_norm, unit: 1 / (cm2 MeV s), datatype: float64, format: '%5g', description: Spectral
#     model norm parameter (log parabola)}
# - {name: spec_norm_cu, unit: '', datatype: float64, format: '%5g', description: Spectral
#     model norm parameter (log parabola) in crab units}
# - {name: int_flux_above_1TeV, unit: 1 / (cm2 s), datatype: float64, format: '%5g',
#   description: 'Integral flux above 1 TeV '}
# - {name: int_flux_above_1TeV_cu, unit: '', datatype: float64, format: '%5g', description: Integral
#     flux above 1 TeV in crab units}
# - {name: luminosity, unit: erg / s, datatype: float64, description: Intrinsic source
#     luminosity}
# - {name: skip, datatype: int64, description: 'skip boolean: 0 take, 1 skip'}
# - {name: source_name, datatype: string, description: source name}
spiralarm galactocentric_x galactocentric_y galactocentric_z type size_physical distance GLON GLAT RA DEC sigma galactocentric_r spec_alpha spec_beta spec_norm spec_norm_cu int_flux_above_1TeV int_flux_above_1TeV_cu luminosity skip source_name
[from data line 79]
"Crux Scutum" 2.13651 4.63864 0.13115 isolated 11.00345 13.31187 9.23620 0.56448 271.01626 -20.68061 0.04734 5.1070 2.19902 0.393915 4.89928e-20 0.15168 3.03291e-14 0.162402 7.00377665483e+33 0 pwn_79
"Carina Sagittarius" -8.00920 -9.52816 -0.02883 isolated 10.22374 8.07497 -97.31516 -0.20459 130.95129 -42.91565 0.07251 12.4472 1.93076 0.259103 5.51794e-20 0.170834 4.27382e-14 0.228849 3.03559749424e+33 0 pwn_80
Norma 2.39300 -7.67431 0.01141 isolated 27.89916 2.53148 70.96325 0.25834 302.22915 33.39206 0.63121 8.0387 2.32794 0.240171 6.67696e-19 2.06717 4.15661e-13 2.22573 2.01282478592e+33 0 pwn_81
"Crux Scutum" 1.99381 -2.83901 -0.01161 isolated 20.83661 6.00185 19.40238 -0.11087 276.69829 -12.06913 0.19884 3.4692 2.18303 0.217804 6.25914e-20 0.193781 4.27398e-14 0.228858 1.21806502584e+33 0 pwn_82
"Crux Scutum" 2.40076 3.60017 0.01478 isolated 25.37320 12.33605 11.22215 0.06863 272.50598 -19.18776 0.11780 4.3272 2.34288 0.20667 1.90662e-20 0.0590284 1.19762e-14 0.0641285 1.25296777417e+33 0 pwn_83
Perseus 7.40450 3.04870 -0.02545 isolated 0.33383 13.71859 32.66616 -0.10628 282.83288 -0.28499 0.01000 8.0076 2.07983 0.330335 2.42427e-20 0.0750549 1.64996e-14 0.0883501 3.71649544506e+33 0 pwn_84
Perseus 0.37029 -4.58544 0.05086 isolated 9.33244 3.93236 5.40364 0.74107 268.78884 -23.91673 0.13592 4.6004 2.19799 0.245513 2.04263e-19 0.632394 1.36179e-13 0.729196 1.77777744183e+33 0 pwn_85
Perseus -3.35366 0.86246 -0.09846 isolated 30.07848 9.94547 -19.70766 -0.56723 252.62855 -45.38746 0.17322 3.4628 2.04513 0.219868 2.54644e-20 0.0788372 1.88461e-14 0.100915 1.64318241829e+33 0 pwn_86
"Crux Scutum" 3.73377 0.56511 -0.12398 isolated 0.10000 9.80473 22.38597 -0.72454 278.65912 -9.70889 0.01000 3.7763 2.04307 0.284167 1.98944e-19 0.615926 1.41836e-13 0.759485 1.46095862952e+34 0 pwn_87
"Crux Scutum" 6.54542 -9.95833 -0.11573 isolated 10.99969 6.70691 102.56045 -0.98870 334.68846 55.72375 0.09393 11.9168 2.51469 0.276188 1.1365e-19 0.351858 6.32588e-14 0.338731 2.05255281702e+33 0 pwn_88
"Carina Sagittarius" -4.65013 6.55236 -0.06006 isolated 21.07346 15.75439 -17.16749 -0.21842 254.48821 -43.19592 0.07661 8.0347 1.98336 0.244203 1.06945e-20 0.0331099 8.0949e-15 0.0433456 2.0001002904e+33 0 pwn_89
"Crux Scutum" 14.62935 6.18175 -0.01176 isolated 26.93086 20.72611 44.89758 -0.03250 288.40850 10.61790 0.07442 15.8818 2.10245 0.260083 4.94751e-21 0.0153174 3.45504e-15 0.0185006 1.40789169973e+33 0 pwn_90
Perseus 0.43482 -5.55979 0.12060 isolated 10.86747 2.97463 8.41239 2.32354 268.94825 -20.52144 0.20924 5.5768 2.0003 0.370736 2.36706e-19 0.732837 1.64857e-13 0.882758 2.14558748098e+33 0 pwn_91
"Carina Sagittarius" -3.94691 6.52533 -0.07535 isolated 27.99784 15.53526 -14.71814 -0.27791 256.57770 -41.29564 0.10322 7.6261 2.11586 0.175764 1.60971e-20 0.0498361 1.17315e-14 0.0628183 2.09288192668e+33 0 pwn_92
Norma 3.25860 -6.40092 0.01747 isolated 4.87002 3.87620 57.21173 0.25822 294.24051 21.59283 0.07196 7.1826 1.87798 0.394053 3.34195e-19 1.03466 2.46393e-13 1.31936 6.67931033853e+33 1 pwn_93
Norma 5.25669 -5.40805 0.00283 isolated 12.52695 6.09860 59.53627 0.02663 295.69902 23.50146 0.11764 7.5419 1.86631 0.117597 4.0988e-19 1.26898 3.67429e-13 1.96746 1.00407464725e+34 0 pwn_94
Perseus -0.58003 2.60696 -0.01739 isolated 17.86379 11.12211 -2.98940 -0.08956 264.66802 -31.52327 0.09199 2.6707 2.24741 0.227117 3.10433e-20 0.0961093 2.03323e-14 0.108873 1.94732554095e+33 0 pwn_95
"Carina Sagittarius" -10.07528 0.55009 -0.04628 isolated 9.76398 13.54318 -48.06833 -0.19578 212.13411 -61.71295 0.04129 10.0903 2.00206 0.316526 8.09676e-21 0.0250674 5.80352e-15 0.031076 1.30925640404e+33 0 pwn_96
Norma -0.51475 15.06613 -0.04093 isolated 13.68812 23.57179 -1.25130 -0.09948 265.74989 -30.05446 0.03326 15.0749 2.21225 0.250144 4.95317e-21 0.0153349 3.26777e-15 0.0174979 1.53567902313e+33 0 pwn_97
Norma 2.74309 -6.13637 -0.12171 isolated 17.49362 3.62300 49.24957 -1.92520 292.21006 13.56764 0.27655 6.7216 2.38214 0.275704 4.62579e-19 1.43213 2.75171e-13 1.47345 2.871207257e+33 0 pwn_98
"Crux Scutum" 1.68448 4.21523 0.02776 isolated 19.16382 12.82635 7.54644 0.12402 270.53364 -22.36810 0.08557 4.5393 2.1309 0.254692 1.98575e-20 0.0614784 1.36834e-14 0.0732704 2.05487755224e+33 0 pwn_99
"Carina Sagittarius" -9.66515 0.42962 0.01837 isolated 18.98362 13.15878 -47.26521 0.07998 213.55982 -61.20590 0.08263 9.6747 2.02487 0.15711 1.46381e-20 0.0453191 1.14359e-14 0.0612358 1.47638900364e+33 0 pwn_100
Perseus 1.07309 -0.13870 -0.00598 isolated 11.86174 8.42988 7.31334 -0.04064 270.56400 -22.65212 0.08059 1.0820 1.90718 0.3014 3.92012e-20 0.121366 2.99952e-14 0.160615 2.72007515921e+33 0 pwn_101
Norma -2.96405 -4.45216 0.02878 isolated 9.43638 5.01712 -36.21365 0.32866 232.40116 -56.00167 0.10772 5.3486 1.97222 0.384211 9.71626e-20 0.300813 6.8254e-14 0.365478 2.71947481841e+33 0 pwn_102
Norma 5.33812 12.64445 -0.07572 isolated 19.43951 21.80801 14.16879 -0.19895 274.23692 -16.72940 0.05105 13.7251 1.92214 0.261216 4.66038e-21 0.0144284 3.62406e-15 0.0194057 1.90395516268e+33 0 pwn_103
"Carina Sagittarius" -3.32373 6.41019 0.10479 isolated 4.16940 15.27652 -12.56670 0.39303 257.55936 -39.17023 0.01563 7.2206 2.10219 0.115068 1.26611e-20 0.0391984 9.69026e-15 0.0518883 1.43113460266e+33 0 pwn_104
"Carina Sagittarius" -9.62406 -6.89598 0.05936 isolated 0.10000 9.75699 -80.53760 0.34856 149.63050 -54.44642 0.01000 11.8396 2.19749 0.153632 6.79632e-20 0.210412 4.77985e-14 0.255946 3.00747946309e+33 0 pwn_105
"Crux Scutum" -7.49977 -4.11600 0.01913 isolated 23.43336 8.68714 -59.69154 0.12615 187.14572 -62.62913 0.15449 8.5550 1.92106 0.378412 1.80076e-20 0.0557511 1.3064e-14 0.0699537 1.61118958836e+33 0 pwn_106
"Carina Sagittarius" -10.43445 -4.38657 -0.01389 isolated 13.26713 11.21598 -68.48486 -0.07096 168.92009 -60.80235 0.06775 11.3190 2.56304 0.165266 3.28369e-20 0.101662 1.87411e-14 0.100353 1.28981171522e+33 0 pwn_107
Perseus -9.20507 8.40953 -0.00914 isolated 16.50458 19.25268 -28.56262 -0.02721 242.87152 -51.47282 0.04910 12.4681 1.87699 0.229232 5.57452e-21 0.0172586 4.55793e-15 0.0244063 1.74744026062e+33 0 pwn_108
"Carina Sagittarius" 5.20281 2.16809 -0.00183 isolated 26.60320 11.86918 25.99841 -0.00884 279.69354 -6.17166 0.12837 5.6365 1.91471 0.392055 8.54786e-21 0.026464 6.17726e-15 0.0330773 1.50089876765e+33 0 pwn_109
Norma -3.06802 0.54541 0.10208 isolated 1.52302 9.55210 -18.73590 0.61228 252.23206 -43.88547 0.01000 3.1161 1.6836 0.26573 1.56095e-20 0.0483267 1.41413e-14 0.0757222 1.77807153625e+33 0 pwn_110
"Crux Scutum" -2.38573 -8.46501 0.06488 isolated 7.58395 2.38687 -89.15976 1.55769 140.55236 -47.84425 0.18198 8.7948 2.30899 0.115284 5.30901e-18 16.4366 3.5768e-12 19.1526 1.14854051107e+34 1 pwn_111
Perseus 5.80639 -3.66396 -0.00227 isolated 24.69858 7.55655 50.20970 -0.01723 290.94759 15.31902 0.18720 6.8658 1.84454 0.309963 2.16464e-20 0.0670167 1.7121e-14 0.0916772 1.35995408158e+33 0 pwn_112
"Carina Sagittarius" 3.00829 -1.52276 0.00576 isolated 8.60610 7.59814 23.32364 0.04347 278.40647 -8.52281 0.06487 3.3717 2.19523 0.34059 4.60696e-20 0.14263 2.92974e-14 0.156878 1.88055119986e+33 0 pwn_113
"Carina Sagittarius" -4.97523 5.60087 0.06940 isolated 17.88512 14.95301 -19.43445 0.26594 251.97356 -44.64286 0.06850 7.4915 2.10274 0.194386 3.83709e-20 0.118795 2.78609e-14 0.149186 4.89295293769e+33 0 pwn_114
Norma -0.01761 1.90944 0.11420 isolated 17.82655 10.41008 -0.09691 0.62854 265.73586 -28.68975 0.09808 1.9095 2.32357 0.222298 1.66144e-19 0.514377 1.04617e-13 0.560189 8.21200884302e+33 0 pwn_115
Perseus -3.34475 -2.31404 0.01630 isolated 19.93134 7.03233 -28.40011 0.13279 242.88713 -51.24498 0.16233 4.0672 1.95436 0.39839 3.33399e-20 0.103219 2.34789e-14 0.125722 1.9649273914e+33 0 pwn_116
Norma 10.53843 0.88047 0.03433 isolated 16.90405 14.10861 48.32706 0.13943 289.88918 13.73184 0.06862 10.5751 1.77722 0.157704 1.1233e-20 0.0347772 1.0382e-14 0.0555924 1.82740831942e+33 0 pwn_117
"Crux Scutum" -0.33413 1.25724 -0.01761 isolated 11.93591 9.76298 -1.96126 -0.10337 265.31979 -30.65971 0.07002 1.3009 2.14854 0.268936 2.76837e-20 0.085708 1.87371e-14 0.100331 1.67480695616e+33 0 pwn_118
Norma -4.09019 -4.04488 0.09029 isolated 17.92126 6.04863 -42.55467 0.85533 221.71963 -58.72493 0.16969 5.7525 2.1068 0.285741 6.77553e-19 2.09769 4.65254e-13 2.49128 1.73595211488e+34 0 pwn_119
"Crux Scutum" -1.34379 -0.72851 0.05592 isolated 30.84358 7.88701 -9.81016 0.40621 259.59265 -36.92623 0.22398 1.5286 2.30607 0.365487 7.48819e-20 0.231832 4.4468e-14 0.238112 2.99184109389e+33 0 pwn_120
"Carina Sagittarius" 16.69019 -9.96513 0.00549 isolated 13.86751 16.75437 95.01680 0.01876 323.55604 51.86706 0.04741 19.4388 2.02362 0.173586 2.60838e-20 0.0807548 2.01647e-14 0.107975 4.42842316247e+33 0 pwn_121
Perseus 7.14319 1.91050 0.06638 isolated 29.74570 12.62569 34.45608 0.30124 283.28643 1.49383 0.13494 7.3943 2.25338 0.318149 1.60411e-19 0.496629 1.00004e-13 0.535487 1.57729942457e+34 0 pwn_122
"Carina Sagittarius" 5.06272 0.38615 0.06010 isolated 23.29236 10.22734 29.67151 0.33669 281.07162 -2.74764 0.13044 5.0774 2.25328 0.392218 3.52927e-20 0.109265 2.12707e-14 0.113898 2.7363340856e+33 0 pwn_123
Norma 3.87791 12.51469 0.04792 isolated 7.31345 21.36955 10.45536 0.12849 272.05639 -19.82959 0.01960 13.1017 2.35378 0.197346 8.40926e-21 0.0260349 5.27632e-15 0.028253 1.60751109519e+33 0 pwn_124
Perseus 6.79765 -2.18731 -0.06710 isolated 12.46426 9.27700 47.11843 -0.41440 289.80993 12.40460 0.07695 7.1409 1.83414 0.346984 2.10841e-20 0.0652759 1.63995e-14 0.0878139 2.25460859803e+33 0 pwn_125
Norma -2.18517 -6.13606 0.00373 isolated 26.12217 3.21919 -42.74960 0.06637 222.04083 -59.52073 0.46475 6.5135 2.1459 0.304065 2.04096e-19 0.631877 1.35771e-13 0.727013 1.46571757216e+33 0 pwn_126
Perseus 8.26469 2.34532 0.08077 isolated 2.08110 13.63571 37.30927 0.33939 284.55594 4.05005 0.01000 8.5910 1.81207 0.392589 2.91152e-20 0.0901398 2.23306e-14 0.119573 7.98251031614e+33 0 pwn_127
Perseus -1.34913 -4.64799 0.03898 isolated 18.19981 4.08163 -19.30233 0.54714 251.79242 -44.36031 0.25538 4.8398 1.99331 0.339052 8.47295e-20 0.262321 6.02725e-14 0.32274 1.33935777473e+33 0 pwn_128
"Carina Sagittarius" 4.65856 2.31312 -0.00865 isolated 4.47614 11.77394 23.30756 -0.04207 278.47573 -8.57652 0.02177 5.2012 2.34997 0.179566 5.72624e-20 0.177283 3.63424e-14 0.194602 3.22786345501e+33 0 pwn_129
Norma -1.97739 -5.55550 0.15542 isolated 12.01219 3.55025 -33.88346 2.50910 233.53191 -52.87942 0.19378 5.8969 2.42054 0.11928 9.11573e-19 2.82221 5.7473e-13 3.07749 3.88191451711e+33 0 pwn_130
"Carina Sagittarius" 4.48709 0.07279 -0.03451 isolated 8.71031 9.67615 27.62802 -0.20437 280.61786 -4.81248 0.05156 4.4877 1.78232 0.315083 1.04289e-20 0.0322877 8.54856e-15 0.0457748 1.20125834416e+33 0 pwn_131
Perseus 7.24482 3.25813 -0.02025 isolated 3.16168 13.81092 31.63946 -0.08399 282.34482 -1.18856 0.01311 7.9437 1.97733 0.271927 8.35466e-21 0.0258658 6.23851e-15 0.0334052 1.29802777791e+33 0 pwn_132
Perseus 3.84095 8.33224 0.11929 isolated 16.82080 17.26533 12.85424 0.39588 273.03265 -17.59999 0.05580 9.1749 2.08474 0.15726 1.71068e-20 0.0529624 1.28637e-14 0.068881 2.74986846705e+33 0 pwn_133
Perseus -2.11544 1.64344 0.04800 isolated 0.10000 10.36179 -11.78035 0.26543 258.28824 -38.61098 0.01000 2.6788 2.3549 0.285131 3.1978e-18 9.9003 1.92068e-12 10.2846 1.71545308974e+35 1 pwn_134
"Crux Scutum" 14.96049 9.91014 0.08055 isolated 26.37160 23.72248 39.09809 0.19454 285.50603 5.57469 0.06367 17.9451 2.39808 0.100781 1.15243e-19 0.35679 7.4357e-14 0.398158 2.17856237822e+34 0 pwn_135
"Carina Sagittarius" -9.39891 1.08796 -0.18814 isolated 7.24795 13.42773 -44.42951 -0.80284 219.69608 -61.01271 0.03091 9.4617 2.5139 0.368361 2.63326e-20 0.0815252 1.41317e-14 0.0756707 2.31189630095e+33 0 pwn_136
"Crux Scutum" 2.66968 -9.98588 -0.01377 isolated 18.94692 3.05536 119.09933 -0.25816 4.57360 62.36670 0.35517 10.3366 2.40265 0.362123 2.23541e-18 6.92077 1.26766e-12 6.78793 1.16288159976e+34 1 pwn_137
"Carina Sagittarius" -9.87379 1.63207 -0.03765 isolated 31.82550 14.14751 -44.26034 -0.15248 219.48100 -60.34902 0.12884 10.0078 2.2892 0.269344 9.10076e-19 2.81757 5.70072e-13 3.05255 9.5809062753e+34 0 pwn_138
Perseus -2.90042 0.14648 -0.02624 isolated 11.96554 9.12002 -18.54376 -0.16483 253.23517 -44.23362 0.07514 2.9041 1.97631 0.24421 2.25789e-20 0.0699036 1.71647e-14 0.0919117 1.42937471763e+33 0 pwn_139
Perseus 7.15859 -1.05398 0.03229 isolated 21.64619 10.32907 43.87250 0.17909 287.73558 9.80736 0.12003 7.2358 2.17932 0.336466 3.58658e-20 0.11104 2.30484e-14 0.123417 2.73959461894e+33 0 pwn_140
Perseus 6.43828 -2.22945 0.02970 isolated 16.58273 8.98733 45.75614 0.18935 288.61450 11.48131 0.10568 6.8134 2.21561 0.339166 4.32118e-20 0.133783 2.72047e-14 0.145672 2.3885836131e+33 0 pwn_141
Perseus 6.13876 6.48064 -0.00399 isolated 0.10000 16.18962 22.28282 -0.01412 277.97164 -9.47263 0.01000 8.9265 2.1302 0.286854 1.54217e-20 0.0477451 1.04442e-14 0.0559252 2.74634916639e+33 0 pwn_142
"Crux Scutum" -5.91065 2.88324 -0.01571 isolated 29.72254 12.82631 -27.44021 -0.07018 244.21493 -50.73112 0.13272 6.5764 1.8574 0.268602 1.36199e-20 0.0421668 1.09783e-14 0.0587851 2.15996752679e+33 0 pwn_143
Perseus 4.71522 8.65376 0.00927 isolated 8.31300 17.79002 15.36983 0.02985 274.62026 -15.56353 0.02676 9.8550 1.89805 0.143351 2.30377e-20 0.0713243 1.97846e-14 0.10594 4.87534356311e+33 0 pwn_144
Perseus 4.72185 7.23303 0.00348 isolated 28.32730 16.42632 16.70573 0.01214 275.28934 -14.39426 0.09877 8.6379 2.08299 0.14632 2.13536e-20 0.0661101 1.61933e-14 0.0867097 3.04389387804e+33 0 pwn_145
"Crux Scutum" -2.75639 -8.33524 0.00532 isolated 16.57188 2.76132 -86.57918 0.11047 141.83468 -50.68195 0.34373 8.7792 2.29152 0.145356 4.65485e-19 1.44113 3.11243e-13 1.66661 1.45110187502e+33 0 pwn_146
"Crux Scutum" -6.23231 -5.06798 0.01312 isolated 11.75560 7.11481 -61.15922 0.10564 183.97625 -62.48352 0.09463 8.0328 2.0889 0.200767 7.40215e-20 0.229169 5.39846e-14 0.28907 2.2070602786e+33 0 pwn_147
Norma -3.12330 1.95695 -0.01172 isolated 14.96495 10.91343 -16.62990 -0.06152 254.77584 -42.67701 0.07854 3.6857 1.72822 0.330081 1.31746e-20 0.0407883 1.10671e-14 0.059261 2.19821163302e+33 0 pwn_148
Norma 10.19787 -1.22445 0.03917 isolated 0.10000 12.52723 54.49450 0.17915 292.90799 19.17836 0.01000 10.2711 2.21405 0.233549 2.52834e-20 0.0782767 1.68137e-14 0.0900319 2.1299002777e+33 0 pwn_149
"Carina Sagittarius" -10.51459 -0.16800 -0.03443 isolated 18.48525 13.41566 -51.60589 -0.14704 204.76137 -62.51282 0.07892 10.5159 2.43503 0.317272 4.87053e-20 0.15079 2.77013e-14 0.148332 4.23116173793e+33 0 pwn_150
"Carina Sagittarius" -6.97932 -10.38387 0.01865 isolated 26.57782 7.22912 -105.10537 0.14779 125.30597 -36.43493 0.21057 12.5114 1.82833 0.250962 6.70009e-20 0.207433 5.56945e-14 0.298226 3.36458375041e+33 0 pwn_151
"Carina Sagittarius" 3.87916 -1.73523 0.12652 isolated 16.08770 7.79910 29.83148 0.92952 280.61694 -2.33447 0.11814 4.2496 1.98866 0.39915 2.49339e-20 0.0771947 1.72203e-14 0.0922092 1.7153780521e+33 0 pwn_152
Norma -3.75486 1.10200 -0.24703 isolated 7.01949 10.31303 -21.35798 -1.37254 251.98853 -47.16950 0.03898 3.9132 1.97182 0.355803 4.85448e-20 0.150293 3.46377e-14 0.185474 5.3016524976e+33 0 pwn_153
Perseus 4.71995 -2.99383 0.02957 isolated 22.16448 7.25236 40.60355 0.23361 286.16521 6.93063 0.17504 5.5894 1.7864 0.16462 4.59533e-20 0.14227 4.19548e-14 0.224655 1.98291443878e+33 0 pwn_154
Perseus 0.79695 -5.65750 -0.07617 isolated 28.15165 2.95309 15.66184 -1.47805 276.14587 -16.01507 0.54599 5.7134 1.91981 0.337106 6.37912e-19 1.97496 4.74141e-13 2.53887 5.87616190379e+33 0 pwn_155
Norma 10.19616 3.18148 0.00457 isolated 0.10000 15.50544 41.11604 0.01690 286.59639 7.28635 0.01000 10.6810 2.19846 0.103609 1.3637e-19 0.422197 9.8963e-14 0.529915 1.38467817804e+34 0 pwn_156
