sky_model/pwn/ctadc_skymodel_gps_sources_composite.ecsv
# %ECSV 0.9
# ---
# datatype:
# - {name: galactocentric_x, unit: kpc, datatype: float64, format: '%.5f', description: Galactocentric
#     x coordinate}
# - {name: galactocentric_y, unit: kpc, datatype: float64, format: '%.5f', description: Galactocentric
#     y coordinate}
# - {name: galactocentric_z, unit: kpc, datatype: float64, format: '%.5f', description: Galactocentric
#     z coordinate}
# - {name: size_physical, unit: pc, datatype: float64, format: '%.5f', description: physical
#     size}
# - {name: type, datatype: string, description: type of PWN}
# - {name: distance, unit: kpc, datatype: float64, format: '%.5f', description: Distance
#     observer to source center}
# - {name: GLON, unit: deg, datatype: float64, format: '%.5f', description: Galactic
#     longitude}
# - {name: GLAT, unit: deg, datatype: float64, format: '%.5f', description: Galactic
#     latitude}
# - {name: RA, unit: deg, datatype: float64, format: '%.5f'}
# - {name: DEC, unit: deg, datatype: float64, format: '%.5f'}
# - {name: sigma, unit: deg, datatype: float64, format: '%.5f'}
# - {name: galactocentric_r, unit: kpc, datatype: float64, format: '%0.4f', description: Galactocentric
#     radius in the xy plan}
# - {name: spec_alpha, datatype: float64, format: '%5g', description: Spectral model
#     parameter (log parabola)}
# - {name: spec_beta, datatype: float64, format: '%5g', description: Spectral model
#     parameter (log parabola)}
# - {name: spec_norm, unit: 1 / (cm2 MeV s), datatype: float64, format: '%5g', description: Spectral
#     model norm parameter (log parabola)}
# - {name: spec_norm_cu, unit: '', datatype: float64, format: '%5g', description: Spectral
#     model norm parameter (log parabola) in crab units}
# - {name: int_flux_above_1TeV, unit: 1 / (cm2 s), datatype: float64, format: '%5g',
#   description: 'Integral flux above 1 TeV '}
# - {name: int_flux_above_1TeV_cu, unit: '', datatype: float64, format: '%5g', description: Integral
#     flux above 1 TeV in crab units}
# - {name: luminosity, unit: erg / s, datatype: float64, description: Intrinsic source
#     luminosity}
# - {name: skip, datatype: int64, description: 'skip boolean: 0 take, 1 skip'}
# - {name: source_name, datatype: string, description: source name}
galactocentric_x galactocentric_y galactocentric_z size_physical type distance GLON GLAT RA DEC sigma galactocentric_r spec_alpha spec_beta spec_norm spec_norm_cu int_flux_above_1TeV int_flux_above_1TeV_cu luminosity skip source_name
-1.48813 2.99964 -0.12312 4.52722 composite 11.59618 -7.37348 -0.60834 262.33434 -35.48629 0.02236 3.3485 1.9787 0.115759 2.11467e-20 0.0654696 1.75545e-14 0.0939989 1.61034131515e+33 0 composite_0
0.04501 0.07311 -0.24324 6.59097 composite 8.57668 0.30081 -1.62516 268.17908 -29.51462 0.04401 0.0859 2.24101 0.195396 8.16446e-20 0.25277 5.46141e-14 0.292441 2.87519697208e+33 0 composite_1
-5.72280 10.06180 0.00901 18.53424 composite 19.42398 -17.13509 0.02658 254.25337 -43.01795 0.05465 11.5754 2.08511 0.228944 6.45635e-20 0.199887 4.63864e-14 0.248385 1.53670768431e+34 0 composite_2
1.50117 -0.63848 -0.55556 9.36960 composite 8.02282 10.81058 -3.97077 276.09200 -21.46381 0.06689 1.6313 2.04266 0.341422 1.26652e-18 3.92111 8.74931e-13 4.68498 7.22569670646e+34 1 composite_3
-1.45152 -0.15333 0.33033 8.49774 composite 8.47838 -9.86531 2.23289 257.70954 -35.90466 0.05740 1.4596 2.22258 0.311301 4.39847e-20 0.136175 2.79643e-14 0.14974 2.00244834158e+33 0 composite_4
-2.58382 1.84817 -0.13213 10.55056 composite 10.66669 -14.01945 -0.70975 257.59216 -40.99394 0.05665 3.1768 2.38401 0.35595 6.71571e-20 0.207917 3.85292e-14 0.206312 4.30524858042e+33 0 composite_5
-0.15949 0.93088 -0.21021 6.36279 composite 9.43457 -0.96886 -1.27670 267.08340 -30.42653 0.03863 0.9444 1.73634 0.367876 3.15143e-20 0.0975676 2.56948e-14 0.137587 4.34446595891e+33 0 composite_6
4.32740 -4.54952 0.07207 6.19462 composite 5.85985 47.60707 0.70470 289.02907 13.35944 0.06055 6.2789 1.9467 0.217098 2.3119e-19 0.71576 1.82252e-13 0.975901 5.89779367639e+33 0 composite_7
-1.48883 4.84193 -0.03003 5.58789 composite 13.42478 -6.36731 -0.12817 262.52298 -34.38221 0.02384 5.0657 2.31648 0.394688 2.44107e-20 0.0755749 1.42425e-14 0.0762643 2.99379108671e+33 0 composite_8
7.67867 0.89934 0.10210 0.89218 composite 12.13754 39.24666 0.48197 285.31752 5.83834 0.01000 7.7312 2.20318 0.136088 2.18496e-20 0.0676459 1.54824e-14 0.0829031 1.43637498981e+33 0 composite_9
-0.17227 -7.04563 -0.04505 13.18418 composite 1.46523 -6.75520 -1.76190 263.93689 -35.59788 0.51535 7.0477 2.38851 0.375449 1.23248e-17 38.1573 6.9988e-12 37.4763 1.55139676249e+34 1 composite_10
-3.12670 -4.00747 0.03303 14.66614 composite 5.47359 -34.83705 0.34575 234.37136 -55.19154 0.15346 5.0829 1.99731 0.320483 1.43682e-19 0.444835 1.0304e-13 0.551744 3.86239190725e+33 0 composite_11
5.31456 -6.41328 0.13514 14.83834 composite 5.71115 68.56294 1.35589 299.60646 31.94593 0.14881 8.3291 1.84986 0.301872 3.6443e-20 0.112827 2.8878e-14 0.154633 1.26835059503e+33 0 composite_12
0.00174 -3.00505 0.05405 7.66877 composite 5.49522 0.01814 0.56356 265.86775 -28.62599 0.07993 3.0051 1.83439 0.397137 6.70277e-20 0.207516 5.06016e-14 0.270955 2.91746738686e+33 0 composite_13
-10.69330 -3.44212 0.05405 4.32092 composite 11.82927 -64.68607 0.26180 176.65021 -61.64723 0.02092 11.2336 2.27427 0.103699 8.01589e-20 0.24817 5.55263e-14 0.297325 4.34169630593e+33 0 composite_14
4.13624 2.13723 0.19520 8.30824 composite 11.41478 21.24835 0.97984 276.59141 -9.92765 0.04169 4.6558 1.96532 0.133324 1.56215e-20 0.0483637 1.2913e-14 0.0691448 1.21744897421e+33 0 composite_15
-6.64852 9.68355 0.04805 9.38656 composite 19.36096 -20.08412 0.14220 251.51241 -45.21801 0.02777 11.7462 1.80245 0.327555 6.45388e-21 0.019981 5.18142e-15 0.0277448 2.98821359686e+33 0 composite_16
0.40836 1.22142 -0.10811 5.76481 composite 9.73059 2.40536 -0.63659 268.42489 -27.19992 0.03393 1.2879 1.89583 0.304487 3.47296e-20 0.107522 2.67071e-14 0.143008 3.29405320149e+33 0 composite_17
-6.31644 -5.29731 -0.05105 4.63263 composite 7.08218 -63.11315 -0.41300 179.60358 -62.66077 0.03746 8.2437 1.97022 0.395017 2.93203e-20 0.0907749 2.05024e-14 0.109784 1.69229460126e+33 0 composite_18
-10.40940 -1.07578 0.03003 4.09935 composite 12.78576 -54.50267 0.13457 198.44583 -62.62582 0.01836 10.4648 2.25174 0.266035 1.94142e-20 0.0601058 1.24294e-14 0.0665555 1.74101039124e+33 0 composite_19
-4.07975 -4.31345 -0.02102 13.65005 composite 5.84568 -44.25978 -0.20603 219.52525 -60.39789 0.13374 5.9372 2.05725 0.130722 7.52331e-20 0.23292 5.86302e-14 0.313946 1.35882397869e+33 0 composite_20
-4.67569 -2.57777 -0.14715 5.15788 composite 7.54696 -38.29162 -1.11722 230.69963 -58.35934 0.03914 5.3392 2.22157 0.365894 2.12943e-19 0.659266 1.3198e-13 0.706713 8.8001969359e+33 0 composite_21
5.87296 -10.17260 0.00601 28.18270 composite 6.10650 105.89678 0.05639 338.90671 58.36300 0.26433 11.7462 2.2565 0.121602 1.24776e-19 0.386305 8.63939e-14 0.462612 1.89758367295e+33 0 composite_22
-5.77902 10.12800 -0.09309 31.18159 composite 19.50405 -17.23561 -0.27347 254.48923 -43.28351 0.09156 11.6608 2.36572 0.276433 1.0903e-20 0.0337555 6.53859e-15 0.0350121 2.00594047247e+33 0 composite_23
-10.52350 -1.54094 0.01802 9.46601 composite 12.61637 -56.52383 0.08184 194.04958 -62.78488 0.04297 10.6357 2.16061 0.369991 9.89785e-21 0.0306435 6.32073e-15 0.0338455 1.26329245471e+33 0 composite_24
0.70435 -1.07820 0.44745 9.94729 composite 7.46856 5.42130 3.43471 266.28101 -22.52213 0.07628 1.2879 1.96685 0.312877 3.70211e-20 0.114617 2.71447e-14 0.145351 1.90051088848e+33 0 composite_25
6.01089 6.13015 0.06006 7.40761 composite 15.81694 22.33562 0.21756 277.78818 -9.31867 0.02682 8.5854 2.4897 0.308373 2.28875e-20 0.0708591 1.27229e-14 0.0681269 2.52930912551e+33 0 composite_26
7.63944 -0.17370 0.44444 13.29793 composite 11.30866 42.53660 2.25235 285.24505 9.57274 0.06735 7.6414 2.0957 0.240925 1.09043e-19 0.337593 7.73012e-14 0.413923 8.91443972056e+33 0 composite_27
-6.70805 -5.62801 -0.19219 10.95520 composite 7.29953 -66.82226 -1.50872 171.16937 -62.72580 0.08596 8.7563 2.2356 0.151197 6.86583e-20 0.212564 4.72732e-14 0.253133 1.61600233802e+33 0 composite_28
0.74984 -3.61497 -0.41742 3.87721 composite 4.95984 8.72665 -4.82772 275.87192 -23.70217 0.04477 3.6919 2.10079 0.144117 9.94324e-20 0.30784 7.46705e-14 0.399837 1.25779238127e+33 0 composite_29
-10.14260 -5.57826 0.21622 6.55043 composite 10.55726 -73.93010 1.17354 160.31924 -57.37385 0.03554 11.5754 2.09304 0.107166 6.88667e-20 0.21321 5.33172e-14 0.285497 3.70196011277e+33 0 composite_30
10.76110 3.77641 -0.07808 5.90675 composite 16.32537 41.23675 -0.27403 286.91278 7.25971 0.02072 11.4045 1.8001 0.38254 4.39373e-21 0.0136029 3.41431e-15 0.0182825 1.70799629961e+33 0 composite_31
3.31268 12.00070 -0.45345 20.92110 composite 20.77157 9.17900 -1.25088 272.68694 -21.61390 0.05769 12.4495 2.29583 0.255947 1.52615e-20 0.0472491 9.58968e-15 0.0513497 3.33561351426e+33 0 composite_32
6.67808 -4.68324 0.24324 6.90146 composite 7.69569 60.25050 1.81127 294.38195 25.00247 0.05136 8.1566 2.29678 0.20308 5.24566e-20 0.162404 3.386e-14 0.181309 1.40942659283e+33 0 composite_33
6.52166 4.90161 -0.08108 7.51577 composite 14.90442 25.94906 -0.31169 279.94155 -6.35434 0.02888 8.1583 2.09364 0.161538 3.08324e-20 0.0954565 2.2991e-14 0.123109 3.68448985721e+33 0 composite_34
0.99375 6.11322 0.03003 11.92994 composite 14.64700 3.89032 0.11747 268.53908 -25.53765 0.04665 6.1935 2.14912 0.368443 1.04776e-20 0.0324385 6.73673e-15 0.036073 1.8259361067e+33 0 composite_35
-10.26790 -5.34414 -0.12312 29.93309 composite 10.74264 -72.91508 -0.65667 160.34855 -59.46660 0.15959 11.5754 1.93162 0.137979 3.41827e-20 0.105829 2.88071e-14 0.154253 2.49183957825e+33 0 composite_36
3.22416 3.23927 0.16517 1.23067 composite 12.17510 15.35747 0.77731 273.93190 -15.21945 0.01000 4.5703 2.07379 0.365208 1.15825e-20 0.0358591 7.7676e-15 0.041593 1.54792376177e+33 0 composite_37
-3.28581 10.56360 0.06306 24.97278 composite 19.34480 -9.77944 0.18677 259.83954 -37.02720 0.07394 11.0628 1.86499 0.219838 4.13742e-21 0.0128094 3.43218e-15 0.0183782 1.30119526282e+33 0 composite_38
4.22499 2.33364 -0.07808 8.97935 composite 11.62860 21.30519 -0.38471 277.84629 -10.51083 0.04423 4.8266 2.05817 0.399013 2.62057e-20 0.0811322 1.74263e-14 0.0933125 3.59258095561e+33 0 composite_39
-10.01430 0.68515 0.09009 24.91888 composite 13.58901 -47.47285 0.37985 212.95898 -60.98524 0.10503 10.0377 2.26052 0.2318 6.99141e-20 0.216452 4.53456e-14 0.242811 6.50176054823e+33 0 composite_40
1.62711 -0.11705 0.21622 12.17873 composite 8.54214 10.98439 1.45044 271.10733 -18.72288 0.08166 1.6313 1.79001 0.367647 7.31458e-20 0.226457 5.77069e-14 0.309002 7.56651240722e+33 0 composite_41
-2.86463 -0.99546 0.16216 31.36377 composite 8.03433 -20.89284 1.15650 249.67372 -45.15869 0.22358 3.0327 1.83708 0.147759 2.19612e-19 0.679914 1.96102e-13 1.05006 1.04062004254e+34 0 composite_42
2.71348 -2.75040 0.27327 8.85495 composite 6.36361 25.26461 2.46119 277.14972 -5.68460 0.07970 3.8636 1.76719 0.157919 3.37346e-19 1.04441 3.1399e-13 1.68131 1.13307281283e+34 0 composite_43
-0.69715 -6.24007 -0.11411 20.16319 composite 2.36777 -17.14411 -2.76233 257.31277 -44.72551 0.48773 6.2789 1.78104 0.239443 3.40473e-19 1.0541 2.94438e-13 1.57662 1.90962080798e+33 0 composite_44
6.57045 -5.78806 -0.01502 8.65182 composite 7.10814 67.57171 -0.12107 300.46452 30.32591 0.06971 8.7563 1.96925 0.257555 1.80601e-19 0.559137 1.36733e-13 0.732163 7.25218333297e+33 0 composite_45
0.54086 0.55189 0.21922 12.53747 composite 9.07068 3.41942 1.38486 267.06656 -25.29455 0.07916 0.7727 2.26507 0.1238 6.14599e-20 0.190278 4.22797e-14 0.226394 2.05005169681e+33 0 composite_46
1.58698 0.85581 0.22523 0.20649 composite 9.49212 9.62717 1.35965 270.48361 -19.94878 0.01000 1.8030 1.83847 0.239514 2.5364e-20 0.0785263 2.11137e-14 0.113057 2.0993237573e+33 0 composite_47
4.01399 0.59457 -0.06306 12.86818 composite 9.94119 23.81480 -0.36345 279.00022 -8.27423 0.07414 4.0578 2.0998 0.331482 4.08262e-20 0.126397 2.74637e-14 0.147059 3.2011166963e+33 0 composite_48
-0.81681 -4.49677 -0.14715 6.10360 composite 4.08836 -11.53221 -2.06266 260.92874 -39.74794 0.08551 4.5704 1.99964 0.158008 3.25035e-18 10.063 2.57955e-12 13.8127 3.27753257858e+34 1 composite_49
-3.31686 -0.62037 0.17718 30.44483 composite 8.55111 -22.82823 1.18726 247.76230 -46.56358 0.20391 3.3744 2.22623 0.119505 1.20657e-19 0.37355 8.51944e-14 0.456189 3.71344746458e+33 0 composite_50
10.64070 1.88588 0.02402 3.12397 composite 14.86915 45.69433 0.09256 288.67263 11.38159 0.01203 10.8065 1.99962 0.362997 2.76289e-20 0.0855383 1.93294e-14 0.103503 6.13046525275e+33 0 composite_51
-0.16270 3.00064 -0.10511 1.84559 composite 11.50227 -0.81051 -0.52359 266.43340 -29.90077 0.01000 3.0050 1.96715 0.233718 1.25724e-20 0.0389237 9.67713e-15 0.0518179 1.25002458681e+33 0 composite_52
1.32725 -5.94972 -0.36036 19.67772 composite 2.89748 27.49396 -7.14439 286.78670 -8.07090 0.38896 6.0960 1.91925 0.398389 3.82158e-19 1.18315 2.74511e-13 1.46992 4.04468580416e+33 0 composite_53
-4.74824 6.20912 -0.00300 6.57765 composite 15.45652 -17.89056 -0.01112 253.64267 -43.63015 0.02437 7.8166 2.14529 0.118089 1.6785e-20 0.0519659 1.24725e-14 0.0667862 1.85377123768e+33 0 composite_54
5.15877 -10.36230 0.02102 16.28158 composite 5.48466 109.84943 0.21959 345.67539 60.29980 0.17002 11.5754 1.82154 0.232915 6.66484e-20 0.206342 5.63671e-14 0.301828 1.85629291061e+33 0 composite_55
-10.55890 -1.27582 0.03303 2.64534 composite 12.79376 -55.62088 0.14792 196.01483 -62.68835 0.01184 10.6357 2.38615 0.346839 4.53855e-20 0.140512 2.6111e-14 0.139816 4.08624762892e+33 0 composite_56
-3.09393 0.72072 -0.49249 24.80280 composite 9.73841 -18.54872 -2.89879 256.27197 -45.93025 0.14587 3.1768 1.73917 0.398072 1.31718e-20 0.0407795 1.05209e-14 0.0563362 2.11382840193e+33 0 composite_57
-9.50321 2.65395 -0.00601 31.19822 composite 14.65338 -40.43113 -0.02350 226.11905 -58.53053 0.12194 9.8668 1.87203 0.231303 1.0663e-20 0.0330124 8.73402e-15 0.0467679 1.96053360733e+33 0 composite_58
2.08004 4.80661 -0.53453 4.79894 composite 13.47880 8.88437 -2.27278 273.50172 -22.36238 0.02039 5.2374 2.45195 0.286124 1.67254e-20 0.0517814 9.56044e-15 0.0511931 1.34438410749e+33 0 composite_59
6.25699 -6.12557 0.17117 6.23902 composite 6.69456 69.21903 1.46513 299.90269 32.56186 0.05338 8.7563 2.16089 0.134921 8.49782e-20 0.26309 6.18404e-14 0.331135 1.78477228351e+33 0 composite_60
7.22619 1.54469 0.08709 5.80982 composite 12.37422 35.73139 0.40325 283.77760 2.67528 0.02689 7.3894 2.09395 0.221712 1.64463e-20 0.0509174 1.18053e-14 0.0632139 1.54409379917e+33 0 composite_61
2.23451 -2.49385 -0.17117 4.30121 composite 6.41063 20.40706 -1.53003 278.45951 -11.83606 0.03843 3.3485 2.50935 0.257252 7.79586e-20 0.241358 4.38595e-14 0.234853 1.248235756e+33 0 composite_62
-7.38008 9.57354 0.05405 7.80005 composite 19.52233 -22.21197 0.15863 249.47391 -46.80681 0.02288 12.0879 1.97758 0.379219 1.11061e-20 0.0343843 7.799e-15 0.0417611 4.60111264652e+33 0 composite_63
-0.24132 -3.51192 -0.01502 23.05049 composite 4.99394 -2.76977 -0.17233 264.88736 -31.38158 0.26436 3.5202 2.18178 0.20374 1.14295e-19 0.353854 7.87362e-14 0.421607 1.49674005349e+33 0 composite_64
-7.73440 -1.13049 0.01502 3.86214 composite 10.68320 -46.38392 0.08055 215.28066 -60.91711 0.02071 7.8166 1.97894 0.264917 1.36936e-20 0.0423949 1.02593e-14 0.0549352 1.24772154091e+33 0 composite_65
12.19590 -5.26514 0.10811 8.69004 composite 12.61808 75.14484 0.49091 304.82628 37.00299 0.03944 13.2839 2.27058 0.393231 1.17672e-20 0.036431 7.02773e-15 0.0376313 1.35759165472e+33 0 composite_66
-4.95981 15.58930 -0.14414 33.22056 composite 24.59502 -11.63420 -0.33579 259.02323 -38.84345 0.07736 16.3593 2.16171 0.144297 8.77542e-21 0.0271685 6.34431e-15 0.0339718 2.53132003224e+33 0 composite_67
-2.44910 10.52540 -0.29129 15.52019 composite 19.18460 -7.33523 -0.86999 262.62854 -35.59860 0.04633 10.8066 1.56962 0.223119 5.18504e-18 16.0527 5.27551e-12 28.2487 2.52485463028e+36 1 composite_68
10.15160 -1.07657 -0.11411 10.24755 composite 12.57678 53.82360 -0.51986 293.21272 18.25348 0.04667 10.2085 2.33681 0.271549 2.95001e-20 0.0913316 1.80005e-14 0.0963868 2.3180279702e+33 0 composite_69
-2.05127 -5.38914 0.06607 6.26686 composite 3.72687 -33.40046 1.01579 235.66568 -53.79600 0.09631 5.7663 1.92558 0.37175 7.87108e-19 2.43687 5.71653e-13 3.06102 1.26238965973e+34 1 composite_70
5.12607 7.82469 -0.15315 11.01639 composite 17.11127 17.43266 -0.51282 276.11938 -13.99868 0.03687 9.3543 2.29032 0.351228 4.69119e-20 0.145238 2.82578e-14 0.151312 8.71199131036e+33 0 composite_71
2.32031 -5.09171 0.14114 26.53211 composite 4.12555 34.24642 1.96054 281.71313 2.06334 0.36834 5.5955 2.32206 0.140402 2.01352e-19 0.623381 1.32659e-13 0.710345 1.34020527639e+33 0 composite_72
-4.06738 1.07512 -0.75075 16.87074 composite 10.43025 -23.01512 -4.12761 253.61154 -50.19982 0.09264 4.2071 1.97123 0.185353 2.82195e-20 0.0873669 2.23796e-14 0.119835 2.04572125112e+33 0 composite_73
-0.25233 -0.05170 0.42342 6.23356 composite 8.46267 -1.71078 2.86793 262.59245 -28.84696 0.04219 0.2576 1.94017 0.156066 5.80211e-19 1.79632 4.79582e-13 2.56801 2.7016849152e+34 1 composite_74
-0.67673 5.19347 -0.37538 18.71775 composite 13.71532 -2.82925 -1.56835 266.24610 -32.16784 0.07816 5.2374 2.24825 0.166305 2.51224e-20 0.0777783 1.70165e-14 0.0911181 2.11655703568e+33 0 composite_75
-4.98708 -4.84714 -0.42943 5.89648 composite 6.19667 -53.77854 -3.97379 201.15801 -66.63329 0.05450 6.9545 2.11343 0.218325 4.03042e-19 1.24781 2.86558e-13 1.53442 9.17455027145e+33 0 composite_76
-0.35519 0.24110 -0.54955 4.68283 composite 8.76556 -2.32690 -3.59447 268.61335 -32.77499 0.03060 0.4293 1.96999 0.250771 4.04603e-20 0.125264 3.07501e-14 0.164657 2.42667241918e+33 0 composite_77
0.81366 -5.01737 0.04505 26.68573 composite 3.57670 13.15035 0.72168 272.88252 -17.18370 0.42732 5.0829 1.9219 0.138884 2.80558e-19 0.8686 2.37847e-13 1.2736 2.30126606287e+33 0 composite_78
-5.20876 -7.14455 0.05706 19.71282 composite 5.38253 -75.41370 0.60740 157.41971 -57.12673 0.20976 8.8417 1.79981 0.11742 5.16991e-19 1.60059 4.86392e-13 2.60448 1.07869064673e+34 1 composite_79
-2.99655 -1.84730 0.74174 31.23316 composite 7.33402 -24.24805 5.80464 241.70823 -44.26468 0.24391 3.5202 1.71206 0.219093 3.30262e-20 0.102248 3.04154e-14 0.162865 1.86745479894e+33 0 composite_80
