sky_model/pwn/ctadc_skymodel_gps_sources_pwn.ecsv
# %ECSV 0.9
# ---
# datatype:
# - {name: x, unit: kpc, datatype: float64, description: Galactocentric x coordinate}
# - {name: y, unit: kpc, datatype: float64, description: Galactocentric y coordinate}
# - {name: z, unit: kpc, datatype: float64, description: Galactocentric z coordinate}
# - {name: spiralarm, datatype: string}
# - {name: GLON, unit: deg, datatype: float64, description: Galactic longitude}
# - {name: GLAT, unit: deg, datatype: float64, description: Galactic latitude}
# - {name: RA, unit: deg, datatype: float64}
# - {name: DEC, unit: deg, datatype: float64}
# - {name: distance, unit: pc, datatype: float64, description: Distance observer to
#     source center}
# - {name: sigma, unit: deg, datatype: float64, description: Angular extension (deg)}
# - {name: spec_alpha, datatype: float64, description: Spectral model parameter (log
#     parabola)}
# - {name: spec_beta, datatype: float64, description: Spectral model parameter (log
#     parabola)}
# - {name: spec_norm, unit: 1 / (cm2 s TeV), datatype: float64, description: Spectral
#     model norm parameter (log parabola)}
x y z spiralarm GLON GLAT RA DEC distance sigma spec_alpha spec_beta spec_norm
[from data line 166]
2.10165744838 -6.62657014413 -0.00190611143093 Norma 48.2860001899 -0.0387904257503 290.031345808 13.6119710879 2815.44083377 0.5085683912 1.5299418562 0.235310451959 3.88149933275e-06
0.659176471047 -6.91989895317 -0.0771682710996 Norma 22.6446099102 -2.58072897836 280.454899383 -10.3294760068 1713.82259299 0.835468164095 1.38291180387 0.0579170006504 1.40001280948e-08
0.242084218418 -6.42585186044 -0.0259136429246 Norma 6.65715763874 -0.710969453223 270.84642576 -23.5534488244 2088.38856312 0.685621555604 2.12076804394 0.228529380666 2.57318131821e-05
-3.2497045443 -5.00420965084 -0.016937281259 Norma -42.910690299 -0.203318491918 221.984903509 -59.8335949651 4772.98823191 0.299989052094 1.88557450522 0.489981163171 5.29066123141e-07
7.02354850199 2.34619225437 0.0676145657744 Perseus 32.9254353309 0.299805470036 282.58969486 0.130930055416 12921.868739 0.110807828517 2.04863188242 0.211853176728 4.77225759468e-07
-10.4001519737 6.63621756601 -0.0315533233148 Perseus -34.4931037846 -0.0984418093329 235.320561385 -55.343663495 18364.8914752 0.0779663858774 1.88605646629 0.428562458752 3.68965798256e-08
-2.65977550728 6.24113980823 0.0347788481489 "Carina Sagittarius" -10.227955068 0.133029887691 259.571000324 -37.4251128771 14979.2128686 0.0955887487486 2.03134426521 0.0586577820916 1.52006790984e-07
-1.37648255889 3.43620337035 0.00212946520888 Norma -6.57828912121 0.0101544925559 262.241921163 -34.4817442438 12015.3093871 0.119168318453 1.62422308981 0.135626038381 4.30202413115e-07
-1.55772502751 -3.73505587262 -0.0167254897716 Perseus -18.1032723564 -0.191158341364 253.650835989 -43.9087640086 5013.13071248 0.285618767487 1.52075443272 0.201896370334 1.32730559484e-06
-7.04662570249 -5.00230830684 0.00575332874421 "Crux Scutum" -63.6018506273 0.0419020992318 178.779186829 -62.1132526981 7866.94439234 0.182007669553 1.98403051994 0.199906070005 3.25952227894e-09
-5.92638382184 3.98354727996 -0.176295739 "Carina Sagittarius" -25.3953547935 -0.730917858832 247.201421703 -49.7461878429 13819.9876296 0.103606765341 1.58307939067 0.335691739335 2.99188093558e-07
3.5616937961 5.02225517003 0.00781165557623 "Carina Sagittarius" 14.7562649649 0.032007455256 274.3159074 -16.1027277412 13983.4583921 0.102395571625 1.61382156001 0.172359063688 2.16275048751e-07
-6.58210382359 0.975043538858 -0.0380899783096 "Crux Scutum" -34.7868564314 -0.189165472588 235.001473198 -55.5922665983 11536.9836463 0.124109061714 1.67700622405 0.356883434205 6.64569424768e-08
-3.30317717921 0.862366436577 -0.0503671786948 Perseus -19.4335725978 -0.290673487879 252.575586379 -44.9998903656 9928.11269188 0.144221188839 1.80471937294 0.319593449613 3.75918888597e-07
-4.05385083145 4.44332377164 0.0110375082853 "Crux Scutum" -17.3905635159 0.0466259764421 254.013136978 -43.2048029895 13563.3129673 0.105567439077 1.70442164396 0.199580572627 2.97950936743e-07
-4.87982205931 3.14668357085 0.0296931675509 "Crux Scutum" -22.7331050137 0.134727216935 248.98672557 -47.2090469776 12627.6990467 0.113389162194 1.42876315078 0.215880063827 1.69729855253e-09
7.30313305619 11.6756472506 0.0154646857712 Norma 19.8991229866 0.0412951967564 276.79707267 -11.5586836344 21456.7642848 0.0667316001771 1.62622303124 0.307263849905 1.55285810442e-07
-6.76878759421 -0.0146977965386 -0.0381343556248 "Crux Scutum" -38.5796201692 -0.201295272133 229.310424282 -57.7416885187 10854.4135359 0.131913549324 1.1996811489 0.0350210950723 5.24318836206e-08
-3.27732623667 2.0863466966 -0.0394141910651 Norma -17.2015039998 -0.203776321221 254.443453246 -43.2134500374 11082.1097775 0.129203215281 1.96881249178 0.411203369178 5.6901439614e-07
-7.08736435511 -10.6630309301 -0.0127107285489 "Carina Sagittarius" -106.971947579 -0.0982809074575 123.762618569 -35.0294668285 7410.10107011 0.193228702524 1.36744443299 0.326710580557 4.42411939626e-07
-4.07434197276 15.3091167577 0.00356339510823 Norma -9.71069695151 0.0084523163186 260.072029028 -37.0729546678 24155.213019 0.0592768200481 1.50181649835 0.363171232209 1.27510966327e-06
3.1317182292 -4.98695309025 -0.0662058057465 Perseus 41.7155218 -0.805956226518 287.61125671 7.43933613568 4706.7548126 0.304210495842 1.8140845714 0.268461500541 1.13981275148e-06
-3.91662875291 4.23343206981 -0.0172844874877 "Crux Scutum" -17.0971782407 -0.0743367981535 254.393646062 -43.0512242586 13322.1834479 0.107478193868 1.60031799097 0.0552385554959 1.56831263836e-08
1.86583227805 5.94637801815 -0.13226596833 "Carina Sagittarius" 7.35933695507 -0.520244433068 271.041204909 -22.8482365717 14566.9716214 0.0982938837639 2.21661394076 0.202517806648 7.35456922513e-09
0.100689553354 -3.50127002032 0.0557833850792 "Carina Sagittarius" 1.15395438619 0.639236716049 266.467698034 -27.6181757308 5000.05515789 0.286365684004 1.45092863437 0.202686791424 3.53906766297e-07
-8.26162720087 -8.89544568107 -0.184110748396 "Carina Sagittarius" -92.7403910124 -1.2751683733 133.875616155 -47.1354499438 8273.1347179 0.173071545934 1.87210373472 0.160521495022 5.00951198961e-09
3.31519916424 -1.35057890871 0.0156669556433 "Carina Sagittarius" 24.8772379797 0.11390537133 279.065453432 -7.11127740234 7880.67337813 0.181690592497 1.78939363908 0.0149751624524 2.87746878202e-08
-13.5396112246 2.62844467332 -0.0125016783447 Perseus -50.5826131023 -0.0408701451102 206.877050865 -62.2045082049 17526.0808298 0.081697912343 1.48461475561 0.368627121298 4.64639495293e-08
-0.378318573418 -9.68743490182 -0.0313807056666 "Crux Scutum" -162.328041614 -1.44241472946 94.4615734198 12.8671760158 1246.64001931 1.14856269105 1.94128469834 0.0548922290313 9.09530548971e-07
-2.23749080861 3.38786384395 0.0620607595603 Norma -10.6593021879 0.293949467098 259.090849843 -37.6840705596 12096.7567318 0.118365959331 1.75368249057 0.303154066523 2.7439321252e-07
-3.15960603549 -3.28901558557 0.00984545058835 Perseus -31.2299301331 0.0925660434555 239.480853198 -53.1565796358 6094.05987826 0.234957359125 2.00838344883 0.351608748234 1.92903863538e-08
-7.39813869929 -0.391597168146 0.00585918322489 "Crux Scutum" -42.3774478937 0.0305847277709 222.729803631 -59.3896618795 10976.2783778 0.130448970595 2.02234612157 0.317393161467 4.97293855611e-07
5.54636659408 18.4641029828 -0.106351865672 "Crux Scutum" 11.6233058923 -0.221350807878 272.97943258 -18.9760675363 27528.8274865 0.0520125390757 2.38407370631 0.479571125989 1.49702698872e-06
2.22945320864 -2.21124043427 0.108939836103 "Crux Scutum" 19.5201284832 0.935401937598 275.809596126 -11.4761269449 6673.1421664 0.214568216838 2.16086254635 0.0516490775426 1.26280246313e-06
2.20322869006 5.97683528934 0.0147348430545 "Carina Sagittarius" 8.65343926723 0.0576530401119 271.18305563 -21.4370799413 14643.5376112 0.097779939067 1.70032090376 0.433583579553 2.09491728139e-08
-5.90837863841 2.57039565145 0.0346083906692 "Crux Scutum" -28.0892774824 0.158020790297 243.221082049 -51.0140414835 12548.4579035 0.114105193352 1.73536762205 0.0145951174245 1.12669965739e-08
-6.48165805372 1.72899506265 -0.0280389111651 "Crux Scutum" -32.3606122696 -0.132663212451 238.260178236 -54.0536100871 12109.7075645 0.11823937182 2.09690809089 0.267458427464 4.66638442906e-07
3.06701948197 4.02130499776 0.0635612111186 "Carina Sagittarius" 13.7632778745 0.282494008827 273.592960113 -16.856500103 12891.6146148 0.111067873042 1.9769212073 0.20212180897 2.56386476547e-06
10.8332958204 4.89271972466 -0.0303952173004 Norma 38.9692011995 -0.101099775078 285.710735383 5.32471940464 17225.7413142 0.0831223567818 1.97283551205 0.262091930197 4.27687502909e-09
1.53563656574 2.98681126006 0.035919695944 "Crux Scutum" 7.61454832415 0.177585614546 270.519660092 -22.2824215101 11589.0596172 0.123551371953 1.36342186804 0.18254993853 1.38006459449e-07
-3.38174110409 1.36607489447 0.0809392768657 Perseus -18.9198991218 0.444638922254 252.246109001 -44.1341843506 10429.8685459 0.13728305482 1.79343194641 0.09528345747 1.74183769317e-07
-3.56560382527 -2.20198933814 -0.0561520673213 Norma -29.5162670516 -0.444532244644 242.194331906 -52.4264416539 7237.51490432 0.197836444453 1.60073165451 0.00956144872434 3.42164252463e-08
10.2816535798 2.109662643 -0.0612989033886 Norma 44.1004879391 -0.237721530426 288.217639473 9.8165332129 14774.3392166 0.0969142642764 1.87557964174 0.259074906896 2.15431074712e-06
0.289135209522 -7.2011231372 -0.0157926265887 Norma 12.5496519254 -0.679964963068 273.872567912 -18.3823280586 1330.76281927 1.07595748439 1.7734993948 0.421388431342 1.05230550331e-05
-6.78658054584 2.3303556491 -0.0371944656387 "Crux Scutum" -32.072320637 -0.16673795573 238.675302787 -53.8965631729 12781.0665603 0.112028539136 2.04574830519 0.186607977872 2.94336346617e-07
7.62103925709 2.48596658031 0.0427211145031 Perseus 34.7493065859 0.183068803122 283.525410807 1.70089431851 13370.6217565 0.107088828136 1.8856489181 0.111431909007 6.17342495315e-09
-5.44215743036 -17.5515860211 0.0474111233945 Perseus -148.984116155 0.257198545661 102.214528664 1.82250429524 10561.7486624 0.135568859013 2.01230854977 0.0402660017359 6.70945297341e-08
6.29432755056 11.8080818933 -0.070635748383 Norma 17.2204044255 -0.190352556426 275.723255354 -14.0351443753 21261.2732193 0.0673451773362 1.67406684388 0.0426554615594 8.01630271219e-09
-2.63108920831 2.8401068392 0.00892508034513 Norma -13.0624352776 0.0439270398461 257.541854046 -39.7764011875 11641.3372601 0.122996540978 1.5449995109 0.110698223146 2.40949194037e-07
-4.21265296278 3.75983444517 0.0395371722245 "Crux Scutum" -18.9634479856 0.174746163823 252.496015844 -44.3407779801 12963.4697823 0.11045223535 1.68928658284 0.0500070304608 3.01435892317e-09
-6.43013343551 1.64392311573 0.175567215229 "Crux Scutum" -32.3702097041 0.837497548689 237.218905535 -53.3046360206 12011.5201379 0.119205912233 1.79540448826 0.132519849182 3.07990699128e-08
-4.53868282856 6.32379384495 0.0145464889582 "Carina Sagittarius" -17.0233059199 0.0537605356532 254.319620044 -42.9136258591 15503.0550981 0.092358841937 1.9023709686 0.0330747310585 5.75038239439e-10
-4.12618689974 4.67347629476 0.075191324405 "Crux Scutum" -17.3915626832 0.312078235232 253.729153305 -43.0389686181 13804.7654727 0.103721009834 2.41001341669 0.032802433605 2.37525714613e-07
3.66906780076 -4.38774372282 -0.00201660753352 Perseus 41.7402173627 -0.0209653552135 286.919930409 7.82315736883 5511.14455286 0.259808865766 1.78859056905 0.428138089811 5.82230669465e-08
-6.26120899859 -7.46853532288 -0.00580366189502 "Crux Scutum" -80.6451790057 -0.052402478043 149.059977738 -54.6973549013 6345.60408367 0.225643484288 1.54189484987 0.0810601303544 1.62529611409e-06
8.01093272383 -4.25431348827 0.0071182647848 Norma 62.0770123923 0.0449840344902 297.08255386 25.7091109549 9066.47383117 0.157927353237 1.70658492056 0.279841202912 2.13353785134e-06
-2.44044960706 -3.09511421453 -0.0704619399994 Perseus -24.3004411544 -0.680736986339 248.296945628 -48.9146208396 5930.72925731 0.241428018921 1.67482908685 0.386727772225 1.8598997607e-07
-3.9101150714 -13.7149498974 -0.030216021754 "Carina Sagittarius" -143.137819241 -0.265607611347 104.417096608 -3.61861794416 6518.09905662 0.219672055136 1.92999999792 0.22820478267 5.58636263667e-07
-3.10675613716 -13.2583239152 -0.131980656807 "Carina Sagittarius" -146.859088153 -1.33044447231 101.770603481 -0.792576923247 5684.27647743 0.251895596746 1.3839848061 0.0766844389297 6.71376024754e-07
2.3506100955 -7.22046112941 0.019254478912 Norma 61.4386332477 0.412203749364 296.374809476 25.3423907869 2676.37035505 0.534994797207 1.81708073843 0.0997980710601 6.44766424208e-05
8.48601049874 -3.43191130136 0.0186376784918 Norma 59.1531406068 0.108036703741 295.414967187 23.2092131257 9884.24223727 0.144861303576 1.84225676525 0.216492103141 1.40536371266e-06
0.43482425165 -10.7856260386 0.0908262264742 "Crux Scutum" 169.228598227 2.23556891172 81.6662154927 39.2151010953 2328.39170273 0.61494988737 1.86268887977 0.264117044589 3.05030788621e-06
-3.69046700971 -3.00692487126 0.00631533333209 Perseus -33.894780686 0.0546782167242 235.991703799 -54.8599205143 6617.66280519 0.216367055485 1.63872466138 0.174720146024 3.21490241423e-08
-2.01752994658 -0.884749907404 -0.027440137006 "Crux Scutum" -14.838632296 -0.199568804097 256.397710227 -41.3444434928 7878.0209456 0.18175176548 1.73576113297 0.390739800117 5.5398853367e-07
6.02480556608 6.48047023865 0.010395807233 Perseus 21.9088734908 0.0368892340432 277.750335752 -9.78058565924 16146.6057967 0.088677721707 1.41550355457 0.375510824428 4.45969517033e-08
1.44918294872 -7.87985555101 -0.0614200795591 Norma 66.8326124594 -2.23138996892 302.057443912 28.5721545106 1577.49256183 0.907670977342 1.66680363149 0.463605903687 0.000295340803297
-2.76388716699 4.32182443094 -0.057695741643 "Crux Scutum" -12.1646073872 -0.252029326293 258.537598361 -39.2256108615 13116.4622825 0.109163902927 1.65342740148 0.0144762745135 4.48659541141e-08
-11.9326599274 5.83629804473 -0.0224730263312 Perseus -39.7719322357 -0.0690312360172 227.254486812 -58.2434756509 18652.5687134 0.0767639158633 1.91233351249 0.447845645605 6.58160321255e-08
-10.2819305836 -0.366293999087 0.0736105632812 "Carina Sagittarius" -51.6536074826 0.321700335023 204.477628843 -62.060510733 13110.3275455 0.10921498417 1.48783074341 0.196284394231 2.96866555983e-07
-0.928684512128 -3.71644132491 0.0362434256369 Perseus -10.9867831401 0.426146372536 258.713759412 -37.8735033287 4873.00750123 0.293831728145 2.01092348746 0.43918624769 8.60372533238e-07
3.59088089456 4.08482082434 0.070918559512 "Carina Sagittarius" 15.9252648269 0.310480925309 274.636613869 -14.9414308611 13087.2904079 0.109407231804 2.20351082701 0.345392388078 9.50063836508e-10
-3.60143217776 5.73372458864 0.012184456817 "Carina Sagittarius" -14.1990396543 0.0475483358045 256.647773325 -40.6852436038 14682.2810849 0.0975219182268 1.24110404325 0.493674378537 1.79669516261e-07
-2.5177421504 -0.427760125374 0.0655064567521 Perseus -17.3227684515 0.443858747451 253.648360276 -42.902572866 8456.02585292 0.169328268415 1.91508985731 0.379641225858 5.49550145923e-07
5.06122292837 2.60419750517 -0.034355396978 "Carina Sagittarius" 24.503198215 -0.161302514856 279.138513068 -7.56996497394 12203.2930006 0.117332609754 1.98276516946 0.182272312998 2.67779888333e-08
5.53062096716 -3.5948861854 -0.0701012461737 Norma 48.4301459047 -0.54331109713 290.559085623 13.5019117297 7392.75483168 0.193682091176 1.6278920031 0.250531586417 1.48803686382e-05
-3.85353207622 -0.817242898809 0.083408055721 Norma -26.6375152675 0.55599363546 244.43421031 -49.7228014509 8595.43035817 0.16658202739 1.69273661013 0.188194577597 7.75058219163e-07
-7.67395004928 8.774243662 0.00512058904669 Perseus -23.9528175325 0.015521465352 247.886224121 -48.1854454244 18902.0906165 0.0757505740715 1.76412224405 0.182455918011 1.36230237996e-08
6.71238418461 -0.423748480972 -0.176957826952 Perseus 39.7308580314 -0.965381806557 286.833276071 5.60467784654 10503.0116687 0.136327013671 1.71959646256 0.130452249691 3.0944291467e-07
-3.65477773688 -2.70476360513 -0.0226808218352 Norma -32.2376647602 -0.189669838513 238.483552748 -54.0195903043 6851.47280503 0.208983419492 1.71656649836 0.247985147687 1.940846193e-06
0.532480058046 6.32808350662 0.104357735339 "Carina Sagittarius" 2.05662154099 0.402972354972 267.22111516 -26.9683401014 14838.0081557 0.096498411399 1.34747897229 0.340869972535 4.03524161719e-09
-7.69781693006 9.43495790498 0.0224071337352 Perseus -23.2293684073 0.0657797733477 248.566233699 -47.6214423754 19517.1617461 0.0733633421693 2.11112952249 0.138670135653 3.77764909025e-08
-1.76420945101 1.66444702049 0.0680180636074 Perseus -9.84654396075 0.377756372854 259.595545455 -36.9723655662 10316.6392142 0.138789792453 2.09149701985 0.262189905539 8.93134595833e-06
0.255296074144 7.08321356221 0.0634302036673 "Carina Sagittarius" 0.938579137633 0.233185233132 266.733441005 -28.0131685513 15585.4337252 0.09187066851 1.58039165001 0.0586901470853 7.72431123352e-09
