sky_model/pwn/ctadc_skymodel_gps_sources_pwn.ecsv
# %ECSV 0.9
# ---
# datatype:
# - {name: galactocentric_x, unit: kpc, datatype: float64, format: '%.5f', description: Galactocentric
#     x coordinate}
# - {name: galactocentric_y, unit: kpc, datatype: float64, format: '%.5f', description: Galactocentric
#     y coordinate}
# - {name: galactocentric_z, unit: kpc, datatype: float64, format: '%.5f', description: Galactocentric
#     z coordinate}
# - {name: size_physical, unit: pc, datatype: float64, format: '%.5f', description: Physical
#     size}
# - {name: spiralarm, datatype: string, description: 'Which spiralarm?'}
# - {name: distance, unit: kpc, datatype: float64, format: '%.5f', description: Distance
#     observer to source center}
# - {name: GLON, unit: deg, datatype: float64, format: '%.5f', description: Galactic
#     longitude}
# - {name: GLAT, unit: deg, datatype: float64, format: '%.5f', description: Galactic
#     latitude}
# - {name: RA, unit: deg, datatype: float64, format: '%.5f'}
# - {name: DEC, unit: deg, datatype: float64, format: '%.5f'}
# - {name: sigma, unit: deg, datatype: float64, format: '%.5f'}
# - {name: galactocentric_r, unit: kpc, datatype: float64, format: '%0.4f', description: Galactocentric
#     radius in the xy plan}
# - {name: spec_alpha, datatype: float64, format: '%5g', description: Spectral model
#     parameter (log parabola)}
# - {name: spec_beta, datatype: float64, format: '%5g', description: Spectral model
#     parameter (log parabola)}
# - {name: spec_norm, unit: 1 / (cm2 MeV s), datatype: float64, format: '%5g', description: Spectral
#     model norm parameter (log parabola)}
# - {name: spec_norm_cu, unit: '%', datatype: float64, format: '%5g', description: Spectral
#     model norm parameter (log parabola) in crab units}
# - {name: int_flux_above_1TeV, unit: 1 / (cm2 s), datatype: float64, format: '%5g',
#   description: 'Integral flux above 1 TeV '}
# - {name: int_flux_above_1TeV_cu, unit: '%', datatype: float64, format: '%5g', description: Integral
#     flux above 1 TeV in crab units}
galactocentric_x galactocentric_y galactocentric_z size_physical spiralarm distance GLON GLAT RA DEC sigma galactocentric_r spec_alpha spec_beta spec_norm spec_norm_cu int_flux_above_1TeV int_flux_above_1TeV_cu
[from data line 203]
7.37494 10.94580 -0.09910 2.80473 "" 20.79756 20.76954 -0.27301 277.49311 -10.93388 0.01000 13.1985 2.1606 0.349981 4.7635e-22 0.00147477 3.07151e-16 0.00164469
7.04675 0.11787 -0.04204 6.37159 "" 11.13221 39.27254 -0.21637 285.95330 5.54149 0.03278 7.0477 2.05449 0.160252 9.09766e-20 0.281661 6.95907e-14 0.372636
1.37557 9.85674 -0.03003 25.29249 "" 18.40823 4.28547 -0.09347 268.96159 -25.30309 0.07869 9.9523 2.17497 0.455112 3.64665e-20 0.112899 2.22429e-14 0.119104
10.57030 4.28164 0.06006 11.64708 "" 16.58629 39.59044 0.20747 285.72111 6.01829 0.04022 11.4045 1.45741 0.2041 1.10401e-21 0.003418 1.24606e-15 0.00667227
1.90437 -0.86826 0.12312 0.81014 "" 7.86672 14.01105 0.89676 273.15408 -16.34483 0.01000 2.0930 2.40577 0.074586 2.06055e-18 6.3794 1.34398e-12 7.19656
4.01929 0.55766 0.02102 24.04639 "" 9.90941 23.92901 0.12154 278.61842 -7.94960 0.13898 4.0578 1.93543 0.106173 5.34282e-21 0.0165412 4.60386e-15 0.0246522
-7.13026 -2.24347 -0.24024 26.16459 "" 9.48907 -48.73429 -1.45074 211.54229 -63.10694 0.15792 7.4749 1.88704 0.0993944 3.03367e-22 0.000939218 2.7203e-16 0.00145663
-6.12211 -6.49719 -0.12312 5.44749 "" 6.44256 -71.88482 -1.09501 161.75261 -60.33705 0.04843 8.9271 1.8521 0.116902 2.26281e-19 0.700561 2.0504e-13 1.09792
2.85640 5.30216 -0.15315 24.80477 "" 14.09546 11.69248 -0.62254 273.38691 -19.10789 0.10079 6.0226 1.64402 0.191836 2.68891e-19 0.832479 2.66032e-13 1.42452
2.99004 -2.70994 -0.24625 12.85429 "" 6.52118 27.31224 -2.16409 282.22501 -5.98732 0.11290 4.0354 2.7059 0.232472 7.46713e-20 0.231181 3.86258e-14 0.206829
8.26743 9.84614 0.09309 2.78066 "" 20.12312 24.25804 0.26505 278.64284 -7.59145 0.01000 12.8568 1.94037 0.271138 4.76033e-20 0.147379 3.63726e-14 0.194764
-7.27066 5.03123 -0.14414 6.93751 "" 15.36156 -28.25022 -0.53762 243.80034 -51.62949 0.02587 8.8417 2.41066 0.469013 9.45587e-21 0.0292752 5.12551e-15 0.0274455
6.87611 -1.89768 0.11712 11.00590 "" 9.53337 46.16370 0.70391 288.34217 12.08113 0.06612 7.1332 2.2291 0.28498 3.88126e-20 0.120163 2.49145e-14 0.133409
-14.47620 0.32880 0.00601 16.44586 "" 16.95606 -58.62166 0.02031 189.45789 -62.81039 0.05555 14.4799 2.51897 0.0898232 1.66667e-20 0.0515998 1.01103e-14 0.0541377
-3.76625 6.45671 0.18919 32.74495 "" 15.42477 -14.13381 0.70277 256.01388 -40.23696 0.12159 7.4749 2.00853 0.227678 4.99416e-19 1.54618 3.76136e-13 2.01409
5.08478 7.64723 -0.11712 32.73418 "" 16.92932 17.47927 -0.39639 276.03582 -13.90301 0.11074 9.1834 2.68317 0.0844045 1.5751e-19 0.487646 8.7813e-14 0.47021
-3.03066 4.39569 -0.05706 17.99284 "" 13.24715 -13.22528 -0.24679 257.72112 -40.07994 0.07779 5.3392 2.23659 0.455546 1.21078e-21 0.00374854 7.16249e-16 0.00383529
8.01737 -4.30061 -0.08408 6.76751 "" 9.05098 62.35506 -0.53226 297.79100 25.65535 0.04282 9.0980 1.62857 0.0841881 9.51913e-19 2.9471 1.05545e-12 5.6516
-1.73746 -0.48183 0.42042 8.39290 "" 8.21502 -12.22642 2.93351 255.24147 -37.36501 0.05851 1.8030 2.25845 0.305278 7.05598e-19 2.18451 4.41433e-13 2.36373
-2.14092 -0.15415 0.02703 26.27758 "" 8.61612 -14.38757 0.17975 256.35859 -40.75583 0.17467 2.1465 2.11088 0.288982 1.30315e-19 0.403453 8.91182e-14 0.477199
-3.64672 -8.52132 0.18318 13.92254 "" 3.65138 -90.33497 2.87558 140.69030 -46.08159 0.21838 9.2688 1.86014 0.311575 7.00731e-20 0.216944 5.48352e-14 0.293625
-8.00824 9.05463 -0.01802 44.23954 "" 19.29501 -24.52198 -0.05351 247.37300 -48.64662 0.13132 12.0879 2.24876 0.0293072 1.14991e-19 0.35601 8.50554e-14 0.455445
-10.37460 -5.50829 0.02703 25.53450 "" 10.79738 -73.91409 0.14343 159.40779 -58.28264 0.13545 11.7462 1.8032 0.144661 1.16868e-19 0.361821 1.07173e-13 0.573878
4.54255 3.82301 0.02102 10.40995 "" 13.13361 20.23507 0.09170 276.91105 -11.23788 0.04540 5.9372 2.17111 0.176835 3.99473e-19 1.23676 2.81393e-13 1.50677
-2.77281 -9.46921 0.08709 1.52327 "" 2.93861 -109.26660 1.69829 124.02151 -32.12341 0.02969 9.8668 2.21198 0.461581 1.80571e-18 5.59044 1.07845e-12 5.77473
9.12881 -2.06105 0.22222 7.76924 "" 11.17339 54.80301 1.13959 292.17085 19.90984 0.03982 9.3586 2.15468 0.304297 1.3267e-20 0.0410743 8.78191e-15 0.0470243
-0.01023 6.27889 0.05405 10.43903 "" 14.77899 -0.03966 0.20954 266.17718 -28.86066 0.04045 6.2789 2.37924 0.403911 4.98142e-22 0.00154224 2.80891e-16 0.00150408
-2.52028 -3.36862 0.30330 16.48033 "" 5.72493 -26.15799 3.03688 242.37854 -47.59166 0.16487 4.2071 1.92027 0.248012 1.01832e-20 0.0315268 7.99655e-15 0.042819
4.55155 0.41410 0.09009 22.46991 "" 10.00929 27.04891 0.51571 279.70922 -4.99759 0.12857 4.5703 1.77658 0.198653 1.7598e-19 0.544829 1.57442e-13 0.843052
-3.24940 6.82639 -0.06306 1.85115 "" 15.66719 -11.97022 -0.23061 258.66168 -39.05537 0.01000 7.5603 2.21914 0.2418 1.84486e-21 0.00571163 1.21789e-15 0.00652139
-0.34704 -6.77394 -0.40240 11.18462 "" 1.80600 -11.36827 -12.87428 273.72685 -45.03645 0.35470 6.7828 1.61176 0.393582 3.99916e-18 12.3813 3.4694e-12 18.5775
4.55557 13.20350 0.09309 6.26274 "" 22.17665 11.85430 0.24051 272.66945 -18.55118 0.01617 13.9673 2.65958 0.0455035 2.72189e-20 0.0842689 1.56611e-14 0.0838599
2.04377 1.75050 0.09910 23.45702 "" 10.45273 11.27591 0.54322 272.09423 -18.91091 0.12853 2.6910 1.96633 0.476839 2.6978e-21 0.00835232 1.81448e-15 0.00971598
2.11660 -2.59468 -0.12613 3.38153 "" 6.27445 19.71883 -1.15185 277.79179 -12.27200 0.03087 3.3485 2.25251 0.301778 7.75023e-21 0.0239945 4.87221e-15 0.0260891
7.10454 -9.46117 0.09910 13.28197 "" 7.16995 97.70474 0.79194 326.05631 54.22617 0.10610 11.8317 2.23814 0.0931111 1.10905e-20 0.0343358 7.90695e-15 0.0423392
4.31813 -6.61782 0.24024 9.59782 "" 4.71663 66.44865 2.91961 296.76395 30.93207 0.11655 7.9020 2.26028 0.0218816 3.94582e-19 1.22161 2.91229e-13 1.55944
1.28905 4.11698 -0.05105 17.62886 "" 12.68276 5.83355 -0.23062 269.94490 -24.03153 0.07961 4.3141 1.84274 0.0640437 7.73459e-21 0.0239461 7.39065e-15 0.0395746
1.85433 5.64018 -0.15315 3.54654 "" 14.26207 7.47108 -0.61527 271.19052 -22.79748 0.01424 5.9372 2.33836 0.0535519 2.71131e-19 0.839416 1.86491e-13 0.998601
-6.11134 -1.39117 0.49850 24.63111 "" 9.38789 -40.68509 3.04386 223.05056 -55.93831 0.15027 6.2677 1.91638 0.201322 7.1308e-20 0.220768 5.795e-14 0.310304
0.23113 -1.78816 0.38138 5.53148 "" 6.72664 1.97227 3.25024 264.46835 -25.54699 0.04710 1.8030 2.27256 0.345995 3.7873e-20 0.117254 2.30752e-14 0.12356
-1.03359 -5.93326 -0.17417 28.98774 "" 2.77251 -21.93395 -3.60171 254.02072 -49.02939 0.59882 6.0226 1.83464 0.125091 3.38939e-18 10.4935 3.08878e-12 16.5395
2.54969 -3.15670 -0.14114 18.46257 "" 5.92214 25.50932 -1.36564 280.68278 -7.22750 0.17855 4.0578 1.85544 0.192525 1.36197e-19 0.421662 1.15988e-13 0.621079
1.88161 1.03289 0.16817 19.94115 "" 9.71827 11.16557 0.99153 271.62363 -18.78923 0.11752 2.1465 2.62758 0.282098 1.18317e-18 3.66305 6.22596e-13 3.3338
-0.58793 3.49614 -0.10811 10.46146 "" 12.01103 -2.80582 -0.51572 265.20613 -31.59448 0.04988 3.5452 2.15473 0.406732 3.01383e-20 0.0933073 1.89762e-14 0.101611
1.28406 -0.09906 0.36336 13.51092 "" 8.50627 8.69024 2.44823 268.98199 -20.21876 0.09097 1.2879 1.85175 0.303838 3.79433e-20 0.117472 2.99938e-14 0.160607
-8.84839 3.03453 -0.03604 6.54492 "" 14.53756 -37.49260 -0.14204 230.95172 -57.10587 0.02579 9.3543 1.92765 0.0926042 1.96045e-20 0.0606949 1.71736e-14 0.0919593
4.72734 -4.38765 -0.05706 4.92780 "" 6.26597 48.97974 -0.52176 290.80642 13.99665 0.04504 6.4497 2.18002 0.122092 5.53535e-20 0.171373 4.0142e-14 0.214948
-13.73340 2.54582 -0.10511 5.89523 "" 17.62463 -51.19016 -0.34170 205.72785 -62.62455 0.01916 13.9674 2.13987 0.185705 9.16472e-20 0.283738 6.54203e-14 0.350305
-6.50133 2.72091 0.07808 3.37021 "" 12.96851 -30.08775 0.34497 240.63605 -52.21956 0.01488 7.0477 2.01651 0.243526 1.48545e-20 0.0459891 1.10231e-14 0.0590253
-0.65640 7.10290 0.05706 6.07984 "" 15.61681 -2.40896 0.20935 264.73467 -30.87288 0.02230 7.1332 1.42193 0.442103 4.94903e-20 0.153221 4.70282e-14 0.251821
7.75458 -4.42269 0.09610 29.15598 "" 8.76169 62.26489 0.62844 296.62758 26.16553 0.19059 8.9271 2.13111 0.123332 1.74358e-19 0.539809 1.30265e-13 0.697525
0.22162 -2.82465 -0.06006 9.00520 "" 5.67999 2.23624 -0.60585 268.29856 -27.33006 0.09080 2.8333 2.14724 0.463841 8.07478e-20 0.249993 4.97536e-14 0.266414
4.45398 7.83507 0.00601 17.84128 "" 16.93141 15.25173 0.02034 274.57088 -15.67206 0.06035 9.0126 1.9544 0.386729 1.43318e-23 4.43707e-05 1.01555e-17 5.43796e-05
4.45623 8.02977 0.00901 16.98639 "" 17.11991 15.08758 0.03015 274.48108 -15.81195 0.05683 9.1834 1.93949 0.159757 5.45497e-21 0.0168885 4.49868e-15 0.024089
-8.83343 -0.42056 0.00901 28.01066 "" 11.97109 -47.55260 0.04312 213.01537 -61.33021 0.13401 8.8434 1.52719 0.4834 1.53738e-22 0.00047597 1.32746e-16 0.000710812
1.24322 -5.61658 0.15015 2.95175 "" 3.14360 23.32385 2.73770 275.99676 -7.27298 0.05378 5.7525 2.02197 0.184393 6.51401e-20 0.201672 5.00447e-14 0.267973
1.56893 -10.69200 0.10511 11.09966 "" 2.69768 144.40670 2.23299 56.07578 57.70857 0.23565 10.8065 2.79686 0.339717 2.66256e-19 0.824321 1.27297e-13 0.681632
2.42798 -1.95638 0.00901 4.56682 "" 6.97955 20.35714 0.07396 276.98493 -11.13806 0.03748 3.1181 1.92799 0.468277 4.44708e-22 0.00137681 3.06602e-16 0.00164176
5.89904 -6.00053 0.09610 0.53478 "" 6.40744 67.03724 0.85937 299.17229 30.38535 0.01000 8.4146 1.65376 0.394607 2.20888e-19 0.683864 1.86441e-13 0.99833
-4.62333 4.23186 0.03904 27.20636 "" 13.54537 -19.95752 0.16514 251.60427 -45.10684 0.11504 6.2677 2.50745 0.443253 1.43815e-19 0.445249 7.53124e-14 0.403274
1.02602 -10.50020 0.17417 22.78747 "" 2.25474 152.84405 4.43029 69.66211 53.54771 0.57884 10.5502 2.29333 0.0808346 5.04765e-17 156.274 3.50667e-11 187.771
3.80411 1.34640 0.16216 34.27310 "" 10.55695 21.12380 0.88013 276.62208 -10.08430 0.18594 4.0353 1.66228 0.321761 4.1521e-22 0.00128548 3.66219e-16 0.00196099
-10.44990 -4.97893 -0.04204 13.40458 "" 11.02724 -71.37887 -0.21843 163.44632 -59.78045 0.06962 11.5754 1.70805 0.0399539 1.89772e-20 0.058753 2.0643e-14 0.110537
3.82587 3.05178 0.27928 7.30170 "" 12.17205 18.32452 1.31473 274.89292 -12.35269 0.03436 4.8939 2.34873 0.489977 1.30075e-19 0.402708 7.19815e-14 0.385438
0.29807 -4.47501 0.10811 0.81134 "" 4.03746 4.23530 1.53438 267.38810 -24.51832 0.01151 4.4849 2.04914 0.349139 6.87503e-21 0.0212849 4.71284e-15 0.0252358
3.65770 -5.08969 0.27628 8.13821 "" 5.00852 47.00461 3.16215 286.49942 13.95894 0.09306 6.2677 1.94674 0.0521132 5.39373e-20 0.166988 4.82206e-14 0.258206
-4.24620 -8.33500 -0.04805 34.20410 "" 4.24968 -87.77470 -0.64784 139.65796 -50.38196 0.46098 9.3543 1.76411 0.3965 1.53458e-19 0.475102 1.20848e-13 0.647104
10.11310 5.97488 0.05405 12.30000 "" 17.65786 34.94067 0.17538 283.61958 1.86769 0.03990 11.7462 1.79227 0.231154 8.80736e-21 0.0272674 7.60552e-15 0.0407251
0.05224 -0.06814 0.19219 19.24776 "" 8.43421 0.35497 1.30571 265.35273 -27.94884 0.13070 0.0859 2.41557 0.0397589 7.88617e-19 2.44154 5.22304e-13 2.79677
-4.59218 -3.48747 0.09610 28.00157 "" 6.79874 -42.49405 0.80990 221.86272 -58.73984 0.23589 5.7663 2.37039 0.402184 4.99985e-20 0.154794 2.83322e-14 0.15171
2.42799 -2.08983 0.20721 10.85105 "" 6.85772 20.74526 1.73149 275.67805 -10.02108 0.09062 3.2035 2.35408 0.0176273 4.83495e-19 1.49689 3.37206e-13 1.80563
3.24719 -2.09366 0.35435 14.12054 "" 7.19104 26.87914 2.82449 277.57433 -4.08642 0.11246 3.8636 2.06573 0.397666 1.0651e-20 0.0329752 7.05868e-15 0.037797
6.23973 -2.65943 -0.48949 20.80309 "" 8.56073 46.89249 -3.27788 292.27790 10.85298 0.13918 6.7828 2.27086 0.287111 4.05007e-19 1.25389 2.53954e-13 1.35985
4.48525 3.02338 -0.17417 8.13243 "" 12.36673 21.26750 -0.80697 278.20959 -10.73934 0.03766 5.4091 2.19919 0.00135302 2.82201e-20 0.0873686 2.20219e-14 0.11792
4.47560 3.35833 0.04505 4.99829 "" 12.67490 20.67763 0.20365 277.01977 -10.79402 0.02259 5.5955 2.22504 0.222668 3.55445e-21 0.0110045 2.36317e-15 0.012654
4.46880 3.90896 -0.06006 28.35429 "" 13.18924 19.80531 -0.26091 277.02567 -11.78231 0.12313 5.9372 2.26151 0.305292 5.98743e-19 1.85369 3.73976e-13 2.00252
-5.21695 -7.55768 -0.07808 13.74209 "" 5.30195 -79.76125 -0.84381 149.43193 -55.86471 0.14845 9.1834 1.85283 0.10256 4.47055e-21 0.0138407 4.09812e-15 0.0219441
4.25060 -1.62465 -0.27327 36.57007 "" 8.08781 31.72592 -1.93627 284.03361 -1.95576 0.25897 4.5505 1.97812 0.118062 7.14877e-20 0.221324 5.92634e-14 0.317337
-4.01207 4.60559 -0.09610 7.65951 "" 13.70629 -17.02114 -0.40173 254.80995 -43.19488 0.03201 6.1080 2.4617 0.0323618 2.34551e-19 0.726164 1.51851e-13 0.813114
3.00293 -0.11282 -0.19520 5.90248 "" 8.91069 19.69930 -1.25524 277.87640 -12.33709 0.03794 3.0050 2.41303 0.334867 4.62e-19 1.43034 2.63645e-13 1.41174
-8.72403 -8.97321 0.04805 20.30867 "" 8.73699 -93.10480 0.31511 135.27840 -45.82061 0.13313 12.5151 2.31905 0.0972571 4.87832e-19 1.51032 3.30298e-13 1.76864
4.88252 -10.40100 0.02402 2.59777 "" 5.23960 111.27336 0.26266 348.31426 60.89245 0.02840 11.4900 2.27836 0.430545 2.61657e-19 0.810083 1.53235e-13 0.820525
5.41249 -1.94846 -0.04505 28.50439 "" 8.49822 39.56148 -0.30373 286.16448 5.75818 0.19211 5.7525 1.60046 0.379261 6.55977e-20 0.203089 5.78846e-14 0.309953
14.88900 3.29289 0.04204 8.48569 "" 18.99359 51.61888 0.12682 291.51050 16.62810 0.02559 15.2488 1.70417 0.0464804 1.29469e-21 0.00400833 1.40324e-15 0.00751391
0.50682 1.36878 0.51351 6.50050 "" 9.89512 2.93989 2.97472 265.29290 -24.87399 0.03763 1.4596 1.90174 0.278836 5.82347e-21 0.0180293 4.53466e-15 0.0242817
2.32031 -4.61821 0.12613 29.02744 "" 4.52416 30.86855 1.59757 280.49644 -1.10697 0.36747 5.1683 1.55424 0.206255 6.4612e-20 0.200037 6.75079e-14 0.361483
-3.72592 -8.58020 0.07207 12.10420 "" 3.72748 -91.23309 1.10787 137.94710 -46.67247 0.18598 9.3543 1.65156 0.389363 1.15115e-19 0.356392 9.7631e-14 0.522783
-7.34429 -4.10687 -0.00901 5.69935 "" 8.55794 -59.11342 -0.06032 188.37195 -62.86076 0.03814 8.4146 2.18126 0.331095 6.09194e-21 0.0188605 3.92117e-15 0.0209966
14.14970 -1.44825 0.00601 42.88528 "" 15.80953 63.50983 0.02178 297.91766 26.93109 0.15536 14.2236 1.85382 0.0390773 9.60404e-23 0.000297339 9.31295e-17 0.000498679
1.65635 -10.67880 -0.03003 14.08899 "" 2.73707 142.75747 -0.62864 50.56552 56.32384 0.29481 10.8065 2.14382 0.490828 1.68981e-18 5.23162 1.03103e-12 5.52084
0.68082 -0.88448 0.35435 32.27239 "" 7.65410 5.10861 2.65348 266.83072 -23.19387 0.24149 1.1162 1.57231 0.128464 1.55087e-19 0.480146 1.72054e-13 0.921292
-0.74822 -6.83606 0.06306 3.48737 "" 1.82552 -24.21191 1.97960 245.52570 -47.00588 0.10941 6.8769 1.91647 0.12778 6.06353e-18 18.7725 5.20441e-12 27.868
-3.91270 -8.30819 0.02402 0.96168 "" 3.91747 -87.19347 0.35131 141.40323 -50.08223 0.01406 9.1834 1.71061 0.152395 3.97057e-21 0.0122928 3.87013e-15 0.0207233
4.85107 -3.42305 0.04805 28.02480 "" 7.02215 43.69664 0.39206 287.46149 9.74974 0.22857 5.9372 2.77255 0.488028 1.91607e-20 0.059321 8.84075e-15 0.0473394
-9.95909 7.85808 0.11411 37.38884 "" 19.15159 -31.33380 0.34138 239.08148 -53.03335 0.11181 12.6859 1.42122 0.401891 4.91832e-23 0.00015227 4.81544e-17 0.000257852
3.41831 -3.50225 -0.04805 13.29432 "" 6.05513 34.37095 -0.45467 283.92045 1.07328 0.12575 4.8939 1.87762 0.0430258 7.09246e-19 2.19581 6.72898e-13 3.60315
2.55835 4.76583 0.13814 22.11383 "" 13.51098 10.91563 0.58582 271.86965 -19.20509 0.09374 5.4091 2.02591 0.208992 3.80364e-20 0.11776 2.86827e-14 0.153587
-3.99213 10.59170 0.03003 9.09904 "" 19.50464 -11.81054 0.08821 258.44940 -38.73937 0.02672 11.3191 2.05386 0.427643 5.4316e-21 0.0168161 3.57024e-15 0.0191175
-2.93282 -0.65490 0.44745 14.94160 "" 8.38733 -20.49780 3.05809 248.08138 -43.58495 0.10203 3.0051 1.81816 0.174612 4.23396e-19 1.31083 3.75007e-13 2.00804
1.18318 1.79092 0.32733 2.92142 "" 10.36388 6.55868 1.80991 268.42073 -22.38007 0.01614 2.1465 2.26259 0.145707 8.93018e-21 0.0276476 6.07153e-15 0.0325111
10.33490 5.40030 0.10210 20.66526 "" 17.32163 36.63087 0.33772 284.24701 3.44575 0.06833 11.6608 2.65358 0.319701 9.35207e-20 0.289538 4.79435e-14 0.256722
