sky_model/pwn/ctadc_skymodel_gps_sources_pwn.ecsv
# %ECSV 0.9
# ---
# datatype:
# - {name: x, unit: kpc, datatype: float64, description: Galactocentric x coordinate}
# - {name: y, unit: kpc, datatype: float64, description: Galactocentric y coordinate}
# - {name: z, unit: kpc, datatype: float64, description: Galactocentric z coordinate}
# - {name: spiralarm, datatype: string}
# - {name: GLON, unit: deg, datatype: float64, description: Galactic longitude}
# - {name: GLAT, unit: deg, datatype: float64, description: Galactic latitude}
# - {name: RA, unit: deg, datatype: float64}
# - {name: DEC, unit: deg, datatype: float64}
# - {name: distance, unit: pc, datatype: float64, description: Distance observer to
#     source center}
# - {name: sigma, unit: deg, datatype: float64, description: Angular extension (deg)}
# - {name: spec_alpha, datatype: float64, description: Spectral model parameter (log
#     parabola)}
# - {name: spec_beta, datatype: float64, description: Spectral model parameter (log
#     parabola)}
# - {name: spec_norm, unit: 1 / (cm2 MeV s), datatype: float64, description: Spectral
#     model norm parameter (log parabola)}
# - {name: spec_norm_cu, unit: '%', datatype: float64, description: Spectral model norm
#     parameter (log parabola) in crab units}
# - {name: int_flux_above_1TeV, unit: 1 / (cm2 s), datatype: float64, description: 'Integral
#     flux above 1 TeV '}
# - {name: int_flux_above_1TeV_cu, unit: '%', datatype: float64, description: Integral
#     flux above 1 TeV in crab units}
# - {name: source_name, datatype: string, description: source name}
x y z spiralarm GLON GLAT RA DEC distance sigma spec_alpha spec_beta spec_norm spec_norm_cu int_flux_above_1TeV int_flux_above_1TeV_cu source_name
[from data line 65]
15.5520077667 -10.1204276525 -0.0391546998542 "Carina Sagittarius" 95.9484187207 -0.143474402235 324.861488479 52.3687871156 15636.2484133 0.0439863589897 1.87152798352 0.175135603672 4.56889456387e-21 0.0141451844083 3.89939225147e-15 0.0208799982146 pwn_65
4.14468486809 9.18229743467 0.0154517813908 Perseus 13.1918282953 0.0487470196969 273.52186503 -17.4701570087 18161.5608906 0.0785185747796 2.70337700444 0.459868990386 4.18473614534e-22 0.00129558394592 2.00294752893e-16 0.0010725143338 pwn_66
-1.21036453855 -10.1825923639 -0.0422753935812 "Crux Scutum" -144.270833378 -1.16845749862 103.094689568 -3.02216711105 2073.13448386 0.117893605494 2.08662137206 0.480383236723 3.21118486451e-18 9.94174880654 2.02545398561e-12 10.8456582144 pwn_67
0.0792139228296 -2.81617195398 -0.00948404853685 "Carina Sagittarius" 0.798463571628 -0.0955944973158 266.970165899 -28.3032884796 5684.38792215 0.255733803008 2.15852090915 0.320282296761 6.91000733139e-19 2.13932115523 4.52708067136e-13 2.42410689255 pwn_68
5.26175955538 -2.99100522428 -0.0358774051043 Perseus 43.6850459047 -0.269832923551 288.051303772 9.4334851209 7618.16409942 0.0318675618066 1.56553114329 0.344324158492 1.43192485058e-20 0.0443320387175 1.32580236965e-14 0.0709924760733 pwn_69
8.46446157553 8.90538655159 0.0264680134466 Norma 25.9342460726 0.0783543220682 279.58599764 -6.18867220417 19354.4643772 0.0867907142142 1.88128660236 0.0212272443628 1.26180892209e-21 0.00390652917055 1.21836018838e-15 0.00652392909395 pwn_70
-0.426471356764 1.21642296826 0.090899845585 Norma -2.51320220886 0.535486826328 264.348828571 -30.7864990178 9726.20254253 0.0874844147024 2.15896722022 0.257240170545 5.18744898688e-20 0.160602135817 3.51281009631e-14 0.188099744291 pwn_71
-6.4495302695 1.38423645476 0.0305280343452 "Crux Scutum" -33.1247163886 0.148201776786 236.941731599 -54.3133868705 11802.3515857 0.142368248783 2.20642730793 0.273434089403 5.58974079333e-21 0.0173056990506 3.65442432266e-15 0.0195682733133 pwn_72
0.496956378282 6.95784511178 -0.0595582514658 "Carina Sagittarius" 1.84137563762 -0.220642491543 267.698529057 -27.4733088783 15465.9460857 0.0693912576577 2.28506596632 0.170050373062 3.50086892738e-21 0.0108386034903 2.31648878111e-15 0.0124040564515 pwn_73
3.27427301397 -0.376420462956 -0.0315360510388 "Carina Sagittarius" 21.9522892716 -0.206296769099 277.989531364 -9.85456738753 8758.6758581 0.147580797921 2.10258836968 0.0342984173769 7.79734952816e-20 0.24140401016 6.33487165439e-14 0.339212113845 pwn_74
1.28192275277 3.21295966187 0.0161760359581 "Crux Scutum" 6.24586737445 0.0786578812294 269.876002404 -23.5199708859 11782.9118493 0.0127198592674 2.25810126254 0.114453799862 5.03518631625e-21 0.0155888121246 3.49845190885e-15 0.018733090928 pwn_75
3.37405148432 -4.03696570874 -0.00465696189708 Perseus 37.08926061 -0.0476906168879 284.800302759 3.67751015978 5594.90126733 0.0978635925934 2.23613457379 0.178991968431 3.8251109826e-19 1.18424488625 2.59005021708e-13 1.38688904375 pwn_76
-2.28844737856 2.99356898131 0.0103427447729 Norma -11.2607140371 0.0505663024906 258.898809256 -38.3149646416 11719.1819811 0.0240723106253 1.5510778767 0.217570993258 6.9631874726e-20 0.215578559523 7.2189830461e-14 0.38655345088 pwn_77
-7.31109581126 -4.15039502003 -0.0782259456998 "Crux Scutum" -59.2502312316 -0.526839551447 187.995712628 -63.3161271536 8507.48521842 0.0669176607522 2.11110171657 0.295463362767 8.86723448224e-21 0.0274527383351 6.0419203187e-15 0.0323525506878 pwn_78
-5.01927109049 10.2854016062 0.00531517936218 Perseus -14.9594065906 0.0156619621208 256.072247213 -41.3101465547 19444.393126 0.0143851336659 2.33037072232 0.361195759349 5.83138249132e-22 0.00180538157626 3.42756332598e-16 0.00183535052418 pwn_79
-12.8954657898 11.8377018049 -0.118874842014 Norma -32.3774358972 -0.282830882946 238.400545 -54.1803557157 24081.720949 0.0251209356189 2.27696394622 0.158815936637 3.51335721565e-21 0.0108772669215 2.35064875451e-15 0.0125869721824 pwn_80
-7.29978367703 4.8736422058 -0.0483572008751 "Carina Sagittarius" -28.6271965916 -0.181847051915 242.965299837 -51.6299277299 15236.2556423 0.0500197130624 1.99084235701 0.164476879959 2.52465179591e-21 0.00781625943006 2.00595017628e-15 0.0107412215541 pwn_81
-7.83919632615 -12.2154427297 0.0342924557108 Perseus -115.358944532 0.22648738815 118.812440244 -27.7735365642 8675.1766374 0.0219728973236 1.85831204774 0.00984582136185 1.72846813702e-20 0.0535129454186 1.71789014806e-14 0.0919875224427 pwn_82
2.35543459548 9.51094853158 0.0759904656095 Perseus 7.45073920846 0.239695665064 270.373723386 -22.3940896417 18164.4739448 0.0669567730287 1.7645064227 0.020437430047 2.56211603309e-20 0.0793224778046 2.71590722357e-14 0.145428144496 pwn_83
-6.11865654892 2.16579196332 0.0281037811483 "Crux Scutum" -29.8416472382 0.130952843941 241.168377134 -52.2171085388 12296.2541447 0.0822019094341 2.06068379654 0.128910847154 1.58572714144e-19 0.490937195493 1.23460804731e-13 0.661093118135 pwn_84
-1.45473754753 5.95048376212 -0.0323492794096 "Crux Scutum" -5.74862754131 -0.127618761567 262.932959291 -33.8649313355 14523.5597829 0.0357423775669 2.43992396387 0.370122498837 1.53964865746e-20 0.0476671410978 8.54869455242e-15 0.0457755248718 pwn_85
7.53278871112 7.38502585061 0.000204365703426 Norma 25.3706302529 0.00066603543643 279.395123651 -6.72507335387 17580.5845205 0.0534686266074 1.51445876956 0.314156915187 1.55936329352e-20 0.0482775013474 1.53079460281e-14 0.0819691544534 pwn_86
-7.55731907516 -4.32977945607 0.0379262660121 "Crux Scutum" -61.1095521145 0.251750696228 184.125506818 -62.3455415998 8631.64233448 0.0277177813138 1.90203248108 0.384894510339 1.35363011096e-20 0.0419080529708 9.8926946235e-15 0.0529722153493 pwn_87
3.709312173 4.44207960522 0.0328120488873 "Carina Sagittarius" 15.9927614361 0.139639543997 274.825454844 -14.9627739832 13463.1904813 0.076209981912 1.75805926337 0.384459718107 1.18588881856e-21 0.0036714824104 9.44208637703e-16 0.00505593523248 pwn_88
-5.17005087426 3.84981395961 -0.0233135787327 "Crux Scutum" -22.7158386653 -0.0997711066529 249.259674207 -47.3539631775 13388.3484569 0.11971626499 2.33548725637 0.428283733835 6.52573938444e-19 2.0203527506 3.72110416298e-13 1.99253225295 pwn_89
8.27004038428 -8.19078741271 0.0142682528845 "Crux Scutum" 87.8587374972 0.0987829554683 315.753250336 46.8166863625 8275.83131564 0.0732145807732 1.93370711203 0.360159632993 1.81507588412e-21 0.00561942998181 1.32059898708e-15 0.00707138515806 pwn_90
6.25760669967 -6.02909474992 -0.00483145619905 Norma 68.4527079503 -0.0411461180597 300.930204321 31.1147597196 6727.78103877 0.174697454453 1.95880870255 0.4895054595 7.2281360858e-21 0.0223781302966 4.85160255899e-15 0.0259787798295 pwn_91
-8.5448584872 8.25424792148 -0.0856911574478 Perseus -27.0221027844 -0.261051490951 244.897162888 -50.5757207627 18807.6253938 0.0160065194015 2.03491512902 0.449412609651 1.0178181825e-20 0.031511398839 6.68799887686e-15 0.0358120947067 pwn_92
-4.36411459453 3.86773813393 0.084433086505 "Crux Scutum" -19.436041048 0.368856075272 251.861756799 -44.5775913505 13115.3944542 0.0957022890702 2.23361797527 0.293358583112 1.65847398107e-20 0.0513459436863 1.05755603814e-14 0.056628743056 pwn_93
0.441639913876 -7.52703320649 0.0103052959038 Norma 24.4138002681 0.552575587709 278.457872106 -7.32072351778 1068.55809104 0.522488126088 1.98228330056 0.294078835246 7.3389731399e-18 22.7212790709 5.39146180995e-12 28.8695534345 pwn_94
-15.518330321 -6.31745845303 -0.0283759284068 Perseus -81.9942706255 -0.103746610153 147.202742212 -53.8923568477 15671.0838409 0.0245633523309 1.18615708356 0.0171335201761 3.1584270977e-21 0.00977841206718 5.75850667772e-15 0.0308349612954 pwn_95
3.38579127091 -1.19342745691 0.013205744151 "Carina Sagittarius" 24.8625257443 0.0939575149946 279.076489132 -7.13351367296 8052.93482211 0.129552411675 2.26299356742 0.499263288854 1.45727350793e-19 0.451168268708 8.36444190967e-14 0.447889109064 pwn_96
-5.31854452576 5.69305926869 -0.134903511127 "Carina Sagittarius" -20.5424085702 -0.509947780539 251.797211156 -45.9897731516 15157.4419423 0.01 2.2317128873 0.0657879986831 2.91138023904e-20 0.0901356111156 2.12238179057e-14 0.113646756058 pwn_97
2.39166767997 5.44168644149 0.0018377843925 "Carina Sagittarius" 9.73422284313 0.00744395505698 271.795517028 -20.5186070323 14145.3419365 0.10172899765 2.0341376915 0.370173598316 1.69245451612e-21 0.00523979726354 1.15707845823e-15 0.00619578503108 pwn_98
1.9688146383 -4.65023894433 0.00101750126155 Perseus 27.0857549693 0.0134825760787 280.174334446 -5.19496526704 4323.99032158 0.0216409110673 1.7747890138 0.410507597562 1.28949891306e-20 0.0399225669679 1.00063580624e-14 0.0535808467073 pwn_99
7.18645375062 3.76834189969 0.0841715705254 Perseus 30.3605864908 0.339186253263 281.384347766 -2.13348308167 14218.4533382 0.0838566747071 2.2055340332 0.186527264653 2.017357621e-19 0.62456892291 1.38444089397e-13 0.741323814846 pwn_100
2.39690230817 -2.745258304 -0.00958891240656 "Carina Sagittarius" 22.6121723022 -0.0881308565486 278.192358395 -9.21472664251 6233.96219189 0.084480030654 2.21377066006 0.0984260273327 2.81897834198e-21 0.00872748712688 2.03326285112e-15 0.0108874721914 pwn_101
3.24127615387 -4.94466400134 -0.0314650194244 Perseus 42.3543417785 -0.3747173438 287.522837872 8.20506437197 4811.16152467 0.267288806902 1.95899013519 0.0493799433953 1.08137233352e-18 3.34790196137 9.60442793579e-13 5.1428639444 pwn_102
4.48125384698 -3.27943892809 -0.10413223315 Perseus 40.642312616 -0.867120320876 287.167359014 6.45897010097 6880.89655993 0.240738007792 2.03498055883 0.374303002915 1.59804564775e-21 0.00494750974534 1.08969380598e-15 0.0058349617725 pwn_103
-6.70587746758 2.4059214217 -0.0307191106835 "Crux Scutum" -31.586696437 -0.137477135721 239.273324484 -53.5626130867 12802.689496 0.0384255985915 1.82095304924 0.226326764603 1.60208594564e-22 0.000496001840754 1.36195822894e-16 0.000729285066869 pwn_104
-5.43572966246 1.46867963597 -0.0279221707122 "Crux Scutum" -28.6027871187 -0.140898987248 242.949001232 -51.583343404 11354.4048851 0.0903943153534 2.04642327237 0.356858879501 3.86938288104e-22 0.00119795135636 2.64572537981e-16 0.00141670131252 pwn_105
2.00141090594 -9.16309290392 -0.00383310055786 "Crux Scutum" 108.330690715 -0.104164559532 343.21039731 59.3631405788 2108.40046156 0.499099739674 1.63487119647 0.457703824426 9.23307223991e-20 0.285853629719 7.57895418171e-14 0.405828753758 pwn_106
-6.72336251385 3.96369716631 -0.00180563947871 "Crux Scutum" -28.3440054005 -0.00730542030309 243.105612042 -51.308956949 14161.4742808 0.0720263155564 2.22519564631 0.0732918680755 2.58557219596e-20 0.0800486747975 1.88300559756e-14 0.100828926611 pwn_107
-7.03205069782 -10.8335455427 0.048433939464 "Carina Sagittarius" -108.358127834 0.374540828238 123.30984716 -33.613408373 7409.28590777 0.0607409869324 1.81668945275 0.459585500362 3.89621924553e-20 0.120625982834 2.8703579629e-14 0.153698487548 pwn_108
-1.92417494394 4.73447828048 -0.121074905413 "Crux Scutum" -8.27233121048 -0.518699395473 261.626626047 -36.1839398804 13374.1737578 0.122705535757 2.17143094435 0.205813229754 8.68509336752e-19 2.68888339552 6.01201082916e-13 3.21923949384 pwn_109
1.28922522742 5.007508928 -0.00872656395719 "Crux Scutum" 5.45208437363 -0.0368486330163 269.552362972 -24.2655411509 13568.8973495 0.0601194380788 1.67821112512 0.152633504949 1.58672028691e-19 0.491244670871 1.58416567491e-13 0.848270046476 pwn_110
-11.5938666063 -0.116280189784 -0.0336939270931 "Carina Sagittarius" -54.1286758771 -0.134930386899 199.313809728 -62.8592399102 14307.5377344 0.102568701356 1.92298270624 0.471531130301 4.00327640101e-22 0.00123940445852 2.76309755687e-16 0.00147955035897 pwn_111
-0.921048713763 -0.887457239533 -0.082750741745 "Carina Sagittarius" -6.89873760571 -0.618289953395 262.665032361 -35.0956521173 7668.506093 0.160092766665 2.06685317848 0.495325846303 2.99452044833e-19 0.927096114035 1.8953460888e-13 1.01489720444 pwn_112
0.631134352272 -2.56695769367 0.0145255689826 "Carina Sagittarius" 6.07207099829 0.139487106934 269.723956782 -23.6403322074 5966.53438535 0.0957704533958 1.60179005644 0.0994461088837 1.49190761195e-19 0.461890901532 1.66437881975e-13 0.891221619771 pwn_113
5.4634332296 7.82303456704 0.0294650042041 Perseus 18.5057521667 0.0980775950725 276.080433018 -12.7644801093 17213.1179139 0.0821626156682 2.13454436194 0.328419173476 6.49366367211e-21 0.0201042218951 4.29245024564e-15 0.0229846980466 pwn_114
-7.55383521238 0.108326660729 0.0312147555093 "Crux Scutum" -41.2670589166 0.156161740715 224.542496495 -58.7721386754 11452.7153407 0.0640134593144 1.98625573114 0.0532476568855 5.15206243717e-20 0.159506577002 4.47227801552e-14 0.239476182331 pwn_115
5.17280974448 2.59105869042 -0.0255241696506 "Carina Sagittarius" 25.0040909741 -0.119498339955 279.333103706 -7.10586152439 12238.0633685 0.124540744329 1.57729314066 0.325457001929 2.27417011086e-19 0.704077433704 2.11832481272e-13 1.13429517871 pwn_116
5.14246827402 7.86538615193 -0.0874793359884 Perseus 17.4441970633 -0.292180163878 275.924047276 -13.8852103132 17154.5473996 0.0603177534838 1.70902717377 0.413656613888 7.47148314366e-22 0.00231315267606 6.02095635358e-16 0.00322402953603 pwn_117
0.787381884438 -1.3496217624 -0.0772836294506 Perseus 6.28395103415 -0.615527068474 270.55486466 -23.8311027488 7194.01500778 0.212005313228 2.28153602522 0.342249273262 2.44771228263e-19 0.757805660257 1.48703514202e-13 0.79625975301 pwn_118
-3.96476332183 -8.27645273667 0.28022344839 "Crux Scutum" -86.7728798589 4.03646580896 145.659415869 -47.6479870014 3980.93541245 0.305539152804 2.36866679567 0.208666571031 4.64421463625e-19 1.43783734868 2.87385427589e-13 1.53885703925 pwn_119
-0.110579134607 6.9234122372 0.0448178029569 "Carina Sagittarius" -0.410778695632 0.166487006564 265.997014834 -29.1994317022 15423.8737488 0.0823233500966 2.06042740807 0.191533179782 3.53828664134e-22 0.0010954447806 2.64133273294e-16 0.00141434919063 pwn_120
1.75277346337 -7.01556440643 0.035701856182 Norma 49.7385134514 0.890503813145 289.887220504 15.330617811 2297.18054752 0.39362323891 2.22142854361 0.196561207612 1.92110625997e-19 0.59476973993 1.29873647105e-13 0.695431837781 pwn_121
3.68240460063 -3.71757977648 0.022282906579 Perseus 37.595827609 0.21152080823 284.801230487 4.24654343536 6035.90451921 0.272788985395 2.16715306899 0.294855908996 2.05905103852e-19 0.637477101707 1.36030102758e-13 0.728397688553 pwn_122
3.6594346541 -4.70302789784 0.138599726031 Perseus 43.9432682509 1.50555480411 286.572636909 10.4811747675 5275.19374206 0.215555571955 2.19888689464 0.440783635036 2.45842053682e-18 7.61120909231 1.49086765922e-12 7.98311943378 pwn_123
3.39913961925 4.68909042553 -0.111603136892 "Carina Sagittarius" 14.4519781576 -0.469472366007 274.625727322 -16.6083901589 13620.5253814 0.0571028096559 2.48579520212 0.464533078634 2.68685740912e-19 0.831844399108 1.41011576025e-13 0.755071884479 pwn_124
1.25902518426 -7.26422089267 -0.0176534351342 Norma 45.5338549237 -0.573319913405 289.197129353 10.9295448241 1764.25793479 0.609733834155 1.64790048054 0.0267648101037 5.5741801736e-18 17.2575237573 6.4679579671e-12 34.6338460191 pwn_125
-4.45864475792 -0.731293963634 -0.0536492504281 Norma -29.8525369215 -0.343167743391 241.673506744 -52.5775401779 8957.40949153 0.0130885784335 2.30293821971 0.0908111973228 1.64487995522e-20 0.0509250760129 1.12896908534e-14 0.0604526833057 pwn_126
-4.00462909189 -1.75564332386 -0.0946941192472 Perseus -30.700773456 -0.691678657659 241.008717762 -53.4026372673 7844.25701484 0.0737064008131 1.98539731333 0.0561121579141 2.23843902055e-18 6.9301517664 1.93964185499e-12 10.3861617035 pwn_127
