sky_model/pwn/ctadc_skymodel_gps_sources_pwn.ecsv
# %ECSV 0.9
# ---
# datatype:
# - {name: galactocentric_x, unit: kpc, datatype: float64, format: '%.5f', description: Galactocentric
#     x coordinate}
# - {name: galactocentric_y, unit: kpc, datatype: float64, format: '%.5f', description: Galactocentric
#     y coordinate}
# - {name: galactocentric_z, unit: kpc, datatype: float64, format: '%.5f', description: Galactocentric
#     z coordinate}
# - {name: physical_size, unit: pc, datatype: float64, format: '%.5f', description: physical
#     size}
# - {name: spiralarm, datatype: string}
# - {name: distance, unit: kpc, datatype: float64, format: '%.5f', description: Distance
#     observer to source center}
# - {name: GLON, unit: deg, datatype: float64, format: '%.5f', description: Galactic
#     longitude}
# - {name: GLAT, unit: deg, datatype: float64, format: '%.5f', description: Galactic
#     latitude}
# - {name: RA, unit: deg, datatype: float64, format: '%.5f'}
# - {name: DEC, unit: deg, datatype: float64, format: '%.5f'}
# - {name: size, unit: deg, datatype: float64, format: '%.5f'}
# - {name: galactocentric_r, unit: kpc, datatype: float64, format: '%0.4f', description: Galactocentric
#     radius in the xy plan}
# - {name: spec_alpha, datatype: float64, format: '%5g', description: Spectral model
#     parameter (log parabola)}
# - {name: spec_beta, datatype: float64, format: '%5g', description: Spectral model
#     parameter (log parabola)}
# - {name: spec_norm, unit: 1 / (cm2 MeV s), datatype: float64, format: '%5g', description: Spectral
#     model norm parameter (log parabola)}
# - {name: spec_norm_cu, unit: '%', datatype: float64, format: '%5g', description: Spectral
#     model norm parameter (log parabola) in crab units}
# - {name: int_flux_above_1TeV, unit: 1 / (cm2 s), datatype: float64, format: '%5g',
#   description: 'Integral flux above 1 TeV '}
# - {name: int_flux_above_1TeV_cu, unit: '%', datatype: float64, format: '%5g', description: Integral
#     flux above 1 TeV in crab units}
galactocentric_x galactocentric_y galactocentric_z physical_size spiralarm distance GLON GLAT RA DEC size galactocentric_r spec_alpha spec_beta spec_norm spec_norm_cu int_flux_above_1TeV int_flux_above_1TeV_cu
[from data line 305]
3.02020 -2.83631 -0.12913 1.12802 "" 6.41994 28.06906 -1.15252 281.66650 -4.85312 0.01006 4.1432 1.75254 0.499982 3.04925e-20 0.0944039 2.27992e-14 0.122082
1.29009 -6.66780 0.00601 1.16232 "" 2.24083 35.15017 0.15367 283.73453 2.04422 0.02971 6.7915 1.61419 0.154596 1.55585e-18 4.81686 1.62816e-12 8.7183
-0.06338 0.94232 -0.42042 46.61297 "" 9.45189 -0.38458 -2.54936 268.69959 -30.57304 0.28245 0.9444 1.94669 0.0623701 2.13802e-19 0.661925 1.89479e-13 1.0146
-1.36476 -10.11690 0.04805 1.05660 "" 2.11642 -139.83364 1.30092 107.33408 -5.83675 0.02859 10.2085 2.62219 0.230879 1.55297e-19 0.480795 8.36264e-14 0.447793
0.42425 3.14831 -0.28228 33.74839 "" 11.65945 2.08588 -1.38729 268.97360 -27.85477 0.16578 3.1768 2.01195 0.217173 6.53915e-21 0.020245 4.94773e-15 0.0264935
6.54634 -0.92314 -0.62763 4.48997 "" 10.03281 40.82673 -3.58664 289.67680 5.36380 0.02563 6.6111 2.37517 0.463401 2.47579e-21 0.00766499 1.36691e-15 0.00731937
2.87684 4.19044 0.04505 1.37907 "" 13.01251 12.77270 0.19836 273.17339 -17.76636 0.01000 5.0829 2.08289 0.0671025 1.28474e-20 0.0397752 1.03134e-14 0.0552248
-5.80398 -12.42200 -0.09610 3.93054 "" 7.00553 -124.04859 -0.78599 113.08956 -20.74730 0.03213 13.7110 2.36302 0.0455682 1.30798e-18 4.04947 8.90816e-13 4.77004
-14.79790 -4.01986 0.04805 13.08249 "" 15.46130 -73.15604 0.17806 160.70898 -58.61780 0.04846 15.3342 1.55193 0.0464893 5.41385e-20 0.167611 6.6741e-14 0.357377
-4.20275 -3.00810 -0.04204 9.31776 "" 6.91562 -37.42551 -0.34830 231.26465 -57.24103 0.07717 5.1683 1.97904 0.452144 3.92394e-21 0.0121484 2.65275e-15 0.0142046
10.51130 1.62168 -0.31532 25.46814 "" 14.59573 46.08181 -1.23789 290.05661 11.10300 0.09994 10.6357 2.38482 0.224685 1.13596e-19 0.351691 6.91368e-14 0.370205
4.26767 4.12761 0.04805 19.72181 "" 13.32936 18.67337 0.20654 276.06258 -12.56559 0.08474 5.9372 2.05102 0.0753033 4.54393e-20 0.140679 3.70405e-14 0.19834
0.46700 -0.37832 -0.11111 22.96602 "" 8.13585 3.29091 -0.78250 269.06718 -26.50926 0.16167 0.6010 2.07406 0.296915 2.03107e-20 0.0628815 1.41217e-14 0.0756173
3.48219 8.86580 0.28529 35.31829 "" 17.71378 11.33858 0.92282 271.77598 -18.67164 0.11419 9.5251 1.97086 0.268812 4.84575e-22 0.00150023 3.63954e-16 0.00194886
-1.27260 -1.76801 0.21622 5.47315 "" 6.85463 -10.70474 1.80762 257.51754 -36.83241 0.04573 2.1784 2.44481 0.0992034 1.41142e-19 0.436971 8.87633e-14 0.475299
-2.73332 -1.61889 0.09309 4.64725 "" 7.40469 -21.66401 0.72033 249.40078 -46.02374 0.03595 3.1768 2.18925 0.301519 4.2591e-19 1.31861 2.77039e-13 1.48345
2.69162 -1.39722 -0.06006 5.02125 "" 7.59591 20.75435 -0.45304 277.64845 -11.03073 0.03786 3.0327 2.11321 0.170116 7.04807e-22 0.00218206 5.16349e-16 0.00276488
-2.79025 3.14864 -0.31532 10.58938 "" 11.98231 -13.47051 -1.50794 258.87538 -41.01880 0.05062 4.2071 2.29292 0.119185 2.27203e-20 0.0703414 1.54167e-14 0.0825517
7.01045 4.49758 -0.29730 14.06806 "" 14.77064 28.34091 -1.15331 281.79156 -4.61159 0.05455 8.3291 2.27647 0.2552 3.19752e-21 0.00989944 2.03104e-15 0.0108756
-2.11120 0.53687 -0.08108 14.08420 "" 9.28056 -13.14964 -0.50057 258.04733 -40.16886 0.08692 2.1784 2.16378 0.145825 3.62157e-19 1.12123 2.6124e-13 1.39886
3.55667 9.94366 0.12012 25.40874 "" 18.78385 10.91492 0.36640 272.07242 -19.31233 0.07747 10.5606 2.56411 0.11107 5.68018e-20 0.175857 3.32613e-14 0.178104
6.90781 4.95300 0.05405 25.77776 "" 15.12296 27.17947 0.20478 280.04669 -5.02405 0.09763 8.5000 2.08191 0.439861 2.30665e-21 0.00714132 1.48542e-15 0.00795393
4.20434 -5.75388 0.49550 14.77020 "" 5.04610 56.84891 5.63521 288.91935 23.81869 0.16764 7.1263 2.18342 0.0778813 6.34812e-20 0.196536 4.73262e-14 0.253416
4.02923 0.48061 -0.11111 13.56584 "" 9.84370 24.16381 -0.64674 279.41642 -8.09439 0.07893 4.0578 1.90711 0.140295 4.10642e-20 0.127134 3.51294e-14 0.188107
-10.01180 0.71997 0.03003 4.00682 "" 13.61047 -47.35771 0.12642 213.34731 -61.19076 0.01686 10.0377 2.14503 0.193069 5.7017e-20 0.176523 4.0393e-14 0.216292
3.58342 3.07546 0.54354 17.93373 "" 12.12962 17.20098 2.56834 273.21634 -12.74536 0.08468 4.7222 2.57633 0.136819 2.13163e-19 0.659948 1.22468e-13 0.655778
-4.17959 0.94544 -0.00644 11.94426 Norma 10.32886 -23.86928 -0.03570 248.02790 -48.15948 0.06623 4.2852 1.90702 0.105355 6.54654e-21 0.0202679 5.75879e-15 0.0308365
3.38091 -6.86108 0.00013 11.64881 Norma 3.75721 64.13788 0.00195 298.29873 27.46021 0.17757 7.6489 1.75992 0.385573 2.14002e-18 6.62544 1.70079e-12 9.1072
0.18985 -15.25231 0.00020 28.56379 "Carina Sagittarius" 6.75498 178.38951 0.00171 85.43481 30.30820 0.24219 15.2535 2.39903 0.164508 9.45349e-20 0.292678 5.8868e-14 0.31522
5.79458 -5.77244 0.06942 25.81916 Norma 6.40481 64.79322 0.62101 298.07793 28.34033 0.23088 8.1791 2.05537 0.0562565 2.52307e-21 0.00781137 2.08129e-15 0.0111446
0.21049 3.00474 0.03098 13.33463 Norma 11.50671 1.04819 0.15426 266.87420 -27.96032 0.06637 3.0121 2.1288 0.270448 9.89788e-21 0.0306436 6.7689e-15 0.0362453
4.97350 -4.02930 0.03494 3.66876 Perseus 6.68760 48.04751 0.29939 289.60903 13.55974 0.03142 6.4009 2.08647 0.0627442 1.57023e-20 0.0486141 1.26166e-14 0.0675579
1.60545 -7.23475 -0.03932 25.43784 Norma 2.04448 51.75846 -1.10203 292.70527 16.16352 0.71261 7.4107 2.12374 0.17876 2.10745e-18 6.5246 1.52566e-12 8.1694
-7.98339 2.68985 -0.00251 20.83448 "Carina Sagittarius" 13.74581 -35.50593 -0.01048 233.78317 -55.87234 0.08681 8.4244 2.35516 0.440913 2.21823e-19 0.686757 1.24689e-13 0.667668
2.75191 11.20574 -0.01892 7.11384 Perseus 19.89698 7.94995 -0.05449 270.91629 -22.10499 0.02048 11.5387 1.84826 0.184581 1.10361e-19 0.341676 9.50101e-14 0.508749
-0.11537 4.83643 -0.01144 29.89392 "Crux Scutum" 13.33694 -0.49563 -0.04915 266.15677 -29.38460 0.12838 4.8378 1.79647 0.316254 2.12475e-20 0.0657818 1.72482e-14 0.0923584
4.95519 0.21966 0.02020 5.70630 "Carina Sagittarius" 10.02930 29.60861 0.11540 281.23995 -2.90467 0.03259 4.9601 2.12549 0.257313 5.06807e-21 0.0156906 3.49801e-15 0.0187307
0.06677 -2.26330 0.05854 26.41209 "Carina Sagittarius" 6.23734 0.61343 0.53777 266.24690 -28.13231 0.24253 2.2643 1.61807 0.0688624 3.07257e-20 0.0951261 3.4921e-14 0.186991
-3.64784 -11.40918 -0.14512 10.94519 "Carina Sagittarius" 4.66809 -128.57269 -1.78154 109.89081 -17.23964 0.13429 11.9782 1.68808 0.324535 9.4626e-22 0.0029296 8.18943e-16 0.00438518
9.75068 -1.41785 0.04181 14.75454 Norma 12.05132 54.00820 0.19878 292.64243 18.76147 0.07012 9.8532 2.66 0.428017 5.79842e-21 0.0179518 2.85524e-15 0.0152889
13.08053 -12.98587 0.00669 24.47733 "Carina Sagittarius" 13.82835 108.92903 0.02772 344.16133 59.74156 0.10138 18.4318 2.32724 0.0466062 3.29785e-20 0.102101 2.29416e-14 0.122845
6.41308 11.69336 0.02341 21.29273 Norma 21.18726 17.61898 0.06332 275.68519 -13.56414 0.05756 13.3365 2.09698 0.37684 1.92049e-20 0.0594579 1.26446e-14 0.067708
-0.93861 6.32046 0.30243 28.32234 "Carina Sagittarius" 14.85323 -3.62380 1.16669 263.02708 -31.37831 0.10921 6.3898 2.4714 0.345106 1.3412e-20 0.0415232 7.40977e-15 0.039677
5.97745 6.26300 0.04685 19.77079 Perseus 15.92729 22.04273 0.16853 277.69482 -9.60100 0.07109 8.6577 1.78782 0.43333 6.2738e-21 0.0194235 4.768e-15 0.0255311
-0.57104 -2.73144 -0.00572 5.64087 "Carina Sagittarius" 5.79676 -5.65339 -0.05652 262.92414 -33.74631 0.05573 2.7905 2.00532 0.052046 7.83329e-20 0.242517 6.7148e-14 0.359556
0.29291 11.40181 0.03213 26.87773 Perseus 19.90399 0.84320 0.09250 266.81376 -28.16766 0.07734 11.4056 2.28704 0.152848 1.07963e-19 0.334252 7.20628e-14 0.385873
1.01243 -6.54348 -0.01750 23.76720 Norma 2.20302 27.35992 -0.45507 280.71863 -5.16554 0.61790 6.6213 2.3672 0.347146 1.45531e-19 0.450561 8.45009e-14 0.452475
3.51244 1.37585 -0.18320 22.22050 "Carina Sagittarius" 10.48347 19.57841 -1.00128 277.58870 -12.32679 0.12140 3.7723 2.25388 0.011009 5.82325e-19 1.80286 4.34996e-13 2.32927
-6.89087 9.70377 -0.03463 4.45081 Perseus 19.46439 -20.73369 -0.10193 251.17268 -45.86988 0.01310 11.9016 1.33763 0.367038 7.21619e-22 0.00223411 7.70706e-16 0.00412689
-2.86768 6.65619 0.05395 13.69801 "Carina Sagittarius" 15.42519 -10.71418 0.20038 259.14699 -37.78304 0.05086 7.2477 1.80958 0.428989 2.38209e-20 0.073749 1.79193e-14 0.095952
1.63678 1.61342 0.08198 7.52077 Perseus 10.24535 9.19318 0.45848 271.09242 -20.77013 0.04204 2.2983 2.24312 0.226652 1.7571e-20 0.0543993 1.15389e-14 0.0617872
-3.98283 -4.08149 0.02396 25.19141 Norma 5.94867 -42.03136 0.23073 223.16061 -59.05613 0.24254 5.7028 1.99321 0.217165 3.73332e-20 0.115583 2.85787e-14 0.15303
-7.35650 3.89605 0.00994 21.91427 "Carina Sagittarius" 14.41459 -30.68724 0.03950 240.22289 -52.84368 0.08707 8.3245 2.86207 0.139234 1.10094e-18 3.40849 5.49382e-13 2.94176
-5.14215 15.99233 -0.02588 26.84310 Norma 25.02631 -11.85700 -0.05925 258.56793 -38.86335 0.06143 16.7987 2.37797 0.00252594 1.27528e-21 0.00394824 8.85209e-16 0.00474001
10.98211 -15.34617 -0.01547 29.09753 "Carina Sagittarius" 12.94129 121.93911 -0.06851 10.68807 62.78649 0.12878 18.8709 2.26742 0.0931518 5.48329e-21 0.0169761 3.8396e-15 0.0205598
5.93353 -2.04796 -0.06410 23.91819 Perseus 8.76583 42.60274 -0.41895 287.67842 8.40495 0.15628 6.2770 1.76492 0.489932 1.29335e-21 0.00400417 9.65431e-16 0.00516957
-2.45786 -2.97326 -0.16196 29.84429 Perseus 6.05080 -23.97575 -1.53380 249.59316 -49.24980 0.28249 3.8576 2.08941 0.433643 4.26852e-21 0.0132152 2.746e-15 0.0147039
0.36754 2.40966 0.02536 19.59879 Norma 10.91588 1.92953 0.13312 267.40756 -27.21618 0.10283 2.4375 2.17236 0.133252 5.19643e-21 0.016088 3.75893e-15 0.0201279
4.87796 -3.86428 -0.00351 4.00250 Perseus 6.72937 46.45859 -0.02987 289.14661 12.00099 0.03407 6.2231 2.43834 0.481874 6.0333e-19 1.8679 3.21468e-13 1.72136
6.93233 -1.84319 0.14503 3.38479 Perseus 9.61204 46.16154 0.86453 288.19557 12.15366 0.02017 7.1732 2.36434 0.183856 1.07484e-18 3.32766 6.75254e-13 3.61577
-3.97766 -0.82538 -0.09921 12.23680 Norma 8.64473 -27.39717 -0.65753 244.91468 -51.12138 0.08107 4.0624 2.4099 0.148793 2.36651e-20 0.0732667 1.47711e-14 0.0790946
-8.73160 3.66485 -0.03261 25.23374 "Carina Sagittarius" 14.97416 -35.66976 -0.12479 233.66412 -56.06067 0.09652 9.4695 1.82283 0.0764038 3.56585e-20 0.110398 3.42014e-14 0.183138
-0.94887 0.03814 0.02607 26.38564 "Crux Scutum" 8.59074 -6.34141 0.17386 262.23552 -34.19385 0.17591 0.9496 2.52365 0.450806 4.22406e-19 1.30776 2.19034e-13 1.17286
-8.25846 -1.99407 0.07603 28.94194 "Crux Scutum" 10.51356 -51.76934 0.41435 204.19983 -61.98983 0.15766 8.4958 1.68587 0.493496 1.42344e-20 0.0440694 1.10994e-14 0.0594337
3.00486 -3.80669 -0.08091 4.75828 Perseus 5.57340 32.62912 -0.83185 283.46178 -0.64878 0.04890 4.8498 1.93923 0.163706 1.70502e-20 0.0527869 1.40229e-14 0.0750882
5.71525 6.66739 0.00405 4.20342 Perseus 16.20845 20.64698 0.01433 277.17595 -10.90913 0.01485 8.7817 2.22923 0.351715 5.88492e-22 0.00182196 3.65695e-16 0.00195818
-1.19484 -6.13734 0.09000 27.65866 Norma 2.64913 -26.82645 1.94684 242.75481 -48.84519 0.59797 6.2526 2.05503 0.167652 8.05677e-18 24.9436 6.13013e-12 32.8249
-0.53605 -6.91885 0.00519 11.23626 Norma 1.66955 -18.72805 0.17807 252.70262 -44.15770 0.38546 6.9396 1.79819 0.0524954 5.68486e-18 17.6002 5.682e-12 30.4253
-6.42176 -6.96155 -0.02276 18.06566 "Crux Scutum" 6.60351 -76.52765 -0.19751 154.88987 -57.21580 0.15669 9.4711 1.85354 0.196346 3.39721e-19 1.05177 2.88862e-13 1.54677
-9.81813 -5.65320 -0.00545 29.52601 "Carina Sagittarius" 10.22252 -73.83028 -0.03057 159.38421 -58.47539 0.16543 11.3294 1.63552 0.275785 1.70373e-21 0.00527471 1.58329e-15 0.00847802
6.75572 -9.06020 0.09683 13.81211 "Crux Scutum" 6.77960 94.74025 0.81838 322.34093 52.26440 0.11668 11.3016 2.25959 0.0615084 3.22719e-19 0.999129 2.31836e-13 1.24141
-4.89166 -2.75178 0.05922 20.97853 Norma 7.54811 -40.39731 0.44953 225.73800 -58.10060 0.15918 5.6125 2.47817 0.409136 4.20904e-19 1.30311 2.26141e-13 1.21091
8.95313 -2.29480 -0.01674 13.82375 Norma 10.89327 55.27512 -0.08804 293.55621 19.73261 0.07268 9.2425 2.06988 0.248682 8.14135e-20 0.252054 5.83325e-14 0.312352
3.30532 -0.64106 0.03650 23.74126 "Carina Sagittarius" 8.52581 22.81070 0.24529 277.98578 -8.88463 0.15949 3.3669 1.9799 0.117191 1.37982e-20 0.0427189 1.14325e-14 0.0612175
-0.89885 2.17244 0.11734 17.24830 Norma 10.71087 -4.81419 0.62772 262.79008 -32.66935 0.09223 2.3510 1.6583 0.29638 1.99753e-19 0.618431 1.79935e-13 0.963496
-3.47911 4.62976 0.01418 9.41312 "Crux Scutum" 13.58289 -14.84110 0.05982 256.12110 -41.18932 0.03969 5.7913 2.37396 0.39663 8.07417e-22 0.00249974 4.57771e-16 0.00245122
-14.87155 -0.75353 -0.10966 10.32526 Perseus 16.76850 -62.48534 -0.37470 180.96277 -62.74485 0.03527 14.8906 2.76339 0.163812 3.75757e-19 1.16334 1.94446e-13 1.0412
-10.69128 -1.25114 -0.11174 9.96760 "Carina Sagittarius" 12.91750 -55.86208 -0.49564 195.54814 -63.34221 0.04419 10.7642 1.56076 0.350738 1.16093e-19 0.359421 1.0733e-13 0.574717
1.72980 0.10725 -0.00602 17.37265 Norma 8.77935 11.36338 -0.03927 272.67819 -19.11617 0.11333 1.7331 1.78097 0.21393 5.21163e-21 0.0161351 4.59405e-15 0.0245997
4.30201 -0.46356 -0.06313 21.98610 "Carina Sagittarius" 9.11568 28.16072 -0.39682 281.03386 -4.42665 0.13814 4.3269 1.89612 0.482026 1.02058e-20 0.031597 7.11063e-15 0.0380751
2.65343 -6.83536 0.02646 28.63056 Norma 3.13248 57.89772 0.48392 294.38992 22.30156 0.52348 7.3323 1.9307 0.38547 2.70774e-20 0.0838311 1.94601e-14 0.104202
-9.70692 -3.32133 0.09362 21.74036 "Carina Sagittarius" 11.00235 -61.91997 0.48755 182.48328 -61.99258 0.11317 10.2594 2.1682 0.178175 3.20889e-19 0.993464 2.26246e-13 1.21147
-2.76040 -9.02537 -0.04557 24.09221 "Crux Scutum" 2.81032 -100.77579 -0.92908 127.37927 -40.59126 0.49099 9.4381 2.58427 0.00887398 3.26275e-19 1.01014 1.99564e-13 1.0686
7.20750 2.51178 0.04105 7.56101 Perseus 13.16089 33.20578 0.17871 282.82530 0.32522 0.03290 7.6326 2.40258 0.32876 3.91161e-20 0.121102 2.24951e-14 0.120454
-4.20563 3.55629 0.01887 13.09969 "Crux Scutum" 12.76878 -19.23044 0.08468 252.35295 -44.60340 0.05876 5.5077 2.25828 0.0989361 2.38877e-20 0.0739557 1.67586e-14 0.0897367
-3.58450 1.15656 -0.05076 14.17207 Norma 10.30051 -20.36486 -0.28236 251.71327 -45.70710 0.07880 3.7665 1.88282 0.0609396 6.53737e-21 0.0202395 6.07877e-15 0.0325499
0.95379 0.67917 -0.25771 21.53227 Norma 9.23219 5.93220 -1.59955 271.30515 -24.62095 0.13358 1.1709 1.76411 0.465888 3.85511e-20 0.119353 2.91691e-14 0.156191
7.75893 -9.82352 0.00828 10.98908 "Crux Scutum" 7.87101 99.68039 0.06024 329.49764 54.90329 0.07996 12.5181 1.86097 0.499974 1.08521e-21 0.00335979 7.63866e-16 0.00409026
4.34899 8.59830 -0.00232 11.18888 Perseus 17.64272 14.27070 -0.00754 274.11173 -16.54876 0.03632 9.6356 2.56442 0.134944 1.33595e-19 0.413606 7.73006e-14 0.41392
-1.00748 -6.86130 -0.04275 12.60901 Norma 1.92411 -31.58330 -1.27301 240.53599 -54.42198 0.37532 6.9349 2.08148 0.150884 1.72499e-19 0.534052 1.30535e-13 0.698975
-1.86150 0.08521 -0.02602 24.87816 "Crux Scutum" 8.78474 -12.23385 -0.16970 258.39910 -39.23352 0.16220 1.8634 1.96595 0.0824945 1.41401e-21 0.00437773 1.21561e-15 0.00650923
-1.17624 -10.19434 -0.05756 18.59493 "Crux Scutum" 2.06341 -145.23084 -1.59865 102.27366 -2.36373 0.51614 10.2620 2.04487 0.228842 9.93104e-19 3.07462 7.31009e-13 3.91432
-0.68228 -0.24623 0.05690 5.03249 Perseus 8.28212 -4.72547 0.39364 263.08055 -32.72330 0.03480 0.7254 2.34739 0.432922 1.73566e-19 0.537356 9.823e-14 0.52599
-4.13071 -4.45796 0.00324 5.11264 Norma 5.77934 -45.62161 0.03212 216.77937 -60.69552 0.05067 6.0775 1.70615 0.350753 2.3136e-19 0.716286 1.94411e-13 1.04101
-5.91655 2.10045 -0.01706 13.02475 "Crux Scutum" 12.13983 -29.16770 -0.08053 242.21284 -51.92259 0.06145 6.2783 2.52446 0.423166 2.59435e-19 0.803203 1.35792e-13 0.727122
-1.50294 -4.99376 -0.07894 23.69796 Perseus 3.81560 -23.20224 -1.18553 249.98088 -48.44100 0.35572 5.2150 2.14694 0.114241 2.10082e-21 0.00650408 1.56349e-15 0.008372
