sky_model/pwn/ctadc_skymodel_gps_sources_pwn.ecsv
# %ECSV 0.9
# ---
# datatype:
# - {name: spiralarm, datatype: string, description: 'Which spiralarm?'}
# - {name: galactocentric_x, unit: kpc, datatype: float64, format: '%.5f', description: Galactocentric
#     x coordinate}
# - {name: galactocentric_y, unit: kpc, datatype: float64, format: '%.5f', description: Galactocentric
#     y coordinate}
# - {name: galactocentric_z, unit: kpc, datatype: float64, format: '%.5f', description: Galactocentric
#     z coordinate}
# - {name: type, datatype: string, description: type of PWN}
# - {name: size_physical, unit: pc, datatype: float64, format: '%.5f', description: Physical
#     size}
# - {name: distance, unit: kpc, datatype: float64, format: '%.5f', description: Distance
#     observer to source center}
# - {name: GLON, unit: deg, datatype: float64, format: '%.5f', description: Galactic
#     longitude}
# - {name: GLAT, unit: deg, datatype: float64, format: '%.5f', description: Galactic
#     latitude}
# - {name: RA, unit: deg, datatype: float64, format: '%.5f'}
# - {name: DEC, unit: deg, datatype: float64, format: '%.5f'}
# - {name: sigma, unit: deg, datatype: float64, format: '%.5f'}
# - {name: galactocentric_r, unit: kpc, datatype: float64, format: '%0.4f', description: Galactocentric
#     radius in the xy plan}
# - {name: spec_alpha, datatype: float64, format: '%5g', description: Spectral model
#     parameter (log parabola)}
# - {name: spec_beta, datatype: float64, format: '%5g', description: Spectral model
#     parameter (log parabola)}
# - {name: spec_norm, unit: 1 / (cm2 MeV s), datatype: float64, format: '%5g', description: Spectral
#     model norm parameter (log parabola)}
# - {name: spec_norm_cu, unit: '%', datatype: float64, format: '%5g', description: Spectral
#     model norm parameter (log parabola) in crab units}
# - {name: int_flux_above_1TeV, unit: 1 / (cm2 s), datatype: float64, format: '%5g',
#   description: 'Integral flux above 1 TeV '}
# - {name: int_flux_above_1TeV_cu, unit: '%', datatype: float64, format: '%5g', description: Integral
#     flux above 1 TeV in crab units}
# - {name: luminosity, unit: erg / s, datatype: float64, description: Intrinsic source
#     luminosity}
# - {name: skip, datatype: int64, description: 'skip boolean: 0 take, 1 skip'}
# - {name: source_name, datatype: string, description: source name}
# schema: astropy-2.0
spiralarm galactocentric_x galactocentric_y galactocentric_z type size_physical distance GLON GLAT RA DEC sigma galactocentric_r spec_alpha spec_beta spec_norm spec_norm_cu int_flux_above_1TeV int_flux_above_1TeV_cu luminosity skip source_name
[from data line 80]
Norma 1.92408 0.92839 0.05558 isolated 15.82887 9.62287 11.53417 0.33091 272.42269 -18.78782 0.09421 2.1364 2.10855 0.36725 5.94605e-20 0.184088 3.90913e-14 0.209322 4.73681862159e+33 0 pwn_80
Perseus 1.75612 -5.42977 -0.00170 isolated 21.81523 3.53699 29.76882 -0.02747 281.44046 -2.82737 0.35325 5.7067 1.84635 0.348518 1.76269e-19 0.545725 1.35967e-13 0.72806 2.69933312719e+33 0 pwn_81
Perseus -2.87408 -1.08804 0.07178 isolated 9.44652 7.95001 -21.19440 0.51730 250.06825 -45.80907 0.06806 3.0731 2.26347 0.225987 1.17762e-19 0.364589 7.64907e-14 0.409583 3.68890481845e+33 0 pwn_82
Norma -1.49877 -6.14720 0.08932 isolated 6.68167 2.79105 -32.49766 1.83398 236.03378 -52.59795 0.13711 6.3273 2.09282 0.164506 5.75012e-18 17.8022 4.28158e-12 22.9265 2.42727947637e+34 1 pwn_83
"Carina Sagittarius" -10.87399 -3.48226 -0.03053 isolated 18.52044 11.97591 -65.22931 -0.14608 175.31776 -61.90092 0.08857 11.4180 2.03236 0.233533 2.92307e-20 0.0904974 2.16171e-14 0.115753 2.87402792656e+33 0 pwn_84
"Carina Sagittarius" 4.53184 2.39742 0.01210 isolated 9.88400 11.80218 22.58065 0.05873 278.04565 -9.17485 0.04797 5.1269 1.73633 0.357348 1.38468e-20 0.0428693 1.13662e-14 0.0608624 2.8931915899e+33 0 pwn_85
Norma -3.53654 -0.80625 0.00272 isolated 7.68662 8.46763 -24.68656 0.01844 247.12209 -48.71603 0.05199 3.6273 1.83114 0.380457 5.51795e-20 0.170834 4.2143e-14 0.225662 5.45184864676e+33 0 pwn_86
Perseus 3.04405 -4.52748 0.00394 isolated 11.94494 5.00471 37.46211 0.04510 284.88837 4.05155 0.13670 5.4557 2.53092 0.285755 4.57631e-19 1.41681 2.51721e-13 1.34789 4.59755008486e+33 0 pwn_87
"Crux Scutum" 3.44872 -10.65565 0.10394 isolated 25.60792 4.06833 122.00784 1.46401 10.72728 64.32045 0.36051 11.1998 2.30512 0.382309 2.32262e-19 0.719078 1.36993e-13 0.733553 2.57759124543e+33 0 pwn_88
Perseus -1.69798 -3.14625 -0.02470 isolated 3.37471 5.61661 -17.59679 -0.25193 254.15605 -43.55248 0.03441 3.5752 2.16899 0.25614 1.50954e-19 0.46735 1.01705e-13 0.5446 2.85374077691e+33 0 pwn_89
Perseus 0.61139 -3.98202 0.16971 isolated 8.20543 4.56232 7.70668 2.13181 268.74580 -21.22730 0.10301 4.0287 2.1436 0.385244 9.88404e-19 3.06008 6.32262e-13 3.38556 1.7620780908e+34 0 pwn_90
Perseus 1.29753 2.26757 0.08145 isolated 15.69730 10.84577 6.87119 0.43029 269.88292 -22.80260 0.08289 2.6126 2.19223 0.323991 3.22967e-20 0.0999899 2.07391e-14 0.111051 2.58896896854e+33 0 pwn_91
Norma 9.27069 -3.68937 -0.00432 isolated 15.25912 10.44452 62.57486 -0.02371 297.42890 26.10346 0.08368 9.9778 2.09208 0.302856 5.20076e-20 0.161014 3.56755e-14 0.191031 4.2324787954e+33 0 pwn_92
"Crux Scutum" -3.96676 4.71367 0.05034 isolated 15.05388 13.79633 -16.70981 0.20904 254.42017 -42.57166 0.06249 6.1607 1.80376 0.24514 5.49931e-20 0.170257 4.66493e-14 0.249792 1.02752507778e+34 0 pwn_93
Perseus -0.17386 -5.32336 0.03859 isolated 6.68668 3.18163 -3.13263 0.69490 263.80298 -31.22258 0.12037 5.3262 2.30506 0.253317 1.41198e-18 4.37147 8.84015e-13 4.73362 7.11498660391e+33 0 pwn_94
Norma 9.36864 -2.72565 0.02197 isolated 12.29903 11.00523 58.35242 0.11438 294.97966 22.51617 0.06401 9.7571 1.99098 0.127754 4.31916e-20 0.13372 3.52388e-14 0.188692 2.99051242576e+33 0 pwn_95
"Carina Sagittarius" 3.57051 4.83324 -0.02235 isolated 19.67798 13.80305 14.99151 -0.09279 274.54630 -15.95481 0.08165 6.0091 2.55478 0.250516 4.2569e-20 0.131793 2.34892e-14 0.125777 2.95800224482e+33 0 pwn_96
"Carina Sagittarius" -9.59663 3.09634 -0.04672 isolated 14.13562 15.05233 -39.60968 -0.17784 227.62505 -58.25542 0.05379 10.0838 2.06576 0.115897 7.61876e-20 0.235875 5.96712e-14 0.31952 8.75988477582e+33 0 pwn_97
Perseus -3.92256 11.03715 0.02099 isolated 0.10000 19.92705 -11.35258 0.06036 258.82046 -38.38396 0.01000 11.7135 2.28508 0.215942 1.73492e-20 0.0537128 1.11944e-14 0.0599427 3.25437621246e+33 0 pwn_98
Perseus -2.18414 -4.06592 0.05786 isolated 18.15615 4.94316 -26.22392 0.67061 244.76659 -49.35179 0.21037 4.6154 1.72499 0.389641 7.7908e-20 0.241201 6.30989e-14 0.337875 3.21285317895e+33 0 pwn_99
"Crux Scutum" 13.10611 10.47036 -0.17126 isolated 11.26110 23.05806 34.63954 -0.42557 284.01712 1.32556 0.02797 16.7749 2.47693 0.383909 3.73383e-20 0.115599 2.02645e-14 0.10851 1.05191849342e+34 0 pwn_100
Perseus -3.48052 -1.48528 0.01680 isolated 20.49423 7.83075 -26.38938 0.12293 245.17850 -49.85782 0.14989 3.7842 2.26214 0.37734 7.15716e-20 0.221584 4.32258e-14 0.23146 3.0914242813e+33 0 pwn_101
"Carina Sagittarius" 2.90056 4.32831 -0.00608 isolated 34.98272 13.15214 12.74071 -0.02649 273.36455 -17.90225 0.15234 5.2103 2.29753 0.146368 4.54568e-20 0.140733 3.02711e-14 0.162092 3.19820239245e+33 0 pwn_102
Norma -2.89322 2.68298 0.07943 isolated 15.34564 11.55145 -14.50532 0.39399 256.03950 -40.71963 0.07609 3.9458 2.41744 0.254372 1.05093e-19 0.325365 6.20022e-14 0.332002 6.07312273814e+33 0 pwn_103
Norma -3.43596 -4.32635 -0.02210 isolated 9.61822 5.40608 -39.46293 -0.23421 227.91953 -58.22918 0.10190 5.5248 1.7796 0.177318 1.89807e-19 0.587639 1.72346e-13 0.922855 4.74117305086e+33 0 pwn_104
"Crux Scutum" -6.34813 2.79069 -0.00266 isolated 25.88236 12.95293 -29.34664 -0.01179 241.92311 -51.99236 0.11444 6.9345 2.14659 0.265524 2.76343e-20 0.0855552 1.87594e-14 0.10045 2.92724693546e+33 0 pwn_105
Norma 3.13858 -6.59772 0.00149 isolated 10.86600 3.67006 58.78016 0.02328 295.29440 22.84317 0.16957 7.3062 1.98596 0.138182 3.57631e-19 1.10722 2.90514e-13 1.55561 2.83410289621e+33 0 pwn_106
"Crux Scutum" 7.09200 -9.60288 -0.06350 isolated 12.59091 7.17753 98.83930 -0.50690 328.95539 53.93916 0.10047 11.9378 1.87784 0.278597 8.26614e-20 0.255918 6.5343e-14 0.349891 4.08836533858e+33 0 pwn_107
Perseus -11.10402 7.39970 0.02772 isolated 14.17476 19.39331 -34.92966 0.08188 234.51398 -55.45916 0.04186 13.3437 2.3042 0.21815 3.06602e-20 0.0949232 1.95531e-14 0.104701 5.3426964724e+33 0 pwn_108
Norma -4.29995 -0.83505 0.05403 isolated 0.10000 8.78886 -29.29193 0.35225 241.59366 -51.68565 0.01000 4.3803 2.09205 0.236994 8.80866e-20 0.272714 6.27249e-14 0.335872 4.33168848311e+33 0 pwn_109
"Crux Scutum" -6.72762 -5.01896 -0.10778 isolated 0.10000 7.57563 -62.64182 -0.81521 180.44330 -63.14824 0.01000 8.3935 2.10041 0.318408 7.48932e-20 0.231867 5.07104e-14 0.271538 3.29493117447e+33 0 pwn_110
"Crux Scutum" 2.94512 1.66868 -0.02701 isolated 14.90847 10.58662 16.15241 -0.14619 275.16428 -14.95692 0.08066 3.3850 2.24403 0.346202 3.35849e-20 0.103978 2.07637e-14 0.111183 2.51735996656e+33 0 pwn_111
Perseus 5.95541 -3.58404 -0.12878 isolated 19.08641 7.72335 50.46166 -0.95539 291.92717 15.09526 0.14154 6.9507 1.78978 0.265036 9.65446e-20 0.2989 8.14936e-14 0.436372 6.0903812732e+33 0 pwn_112
"Carina Sagittarius" 2.45751 4.64416 0.12190 isolated 0.10000 13.37248 10.59010 0.52232 271.76050 -19.52035 0.01000 5.2543 2.06064 0.381607 5.70397e-20 0.176593 3.82098e-14 0.204601 9.81287543174e+33 0 pwn_113
Norma -3.69326 -4.13498 0.02033 isolated 2.09983 5.71786 -40.23464 0.20373 226.23413 -58.23625 0.02103 5.5442 1.62885 0.176142 1.78312e-19 0.552051 1.80915e-13 0.968741 6.19658429187e+33 0 pwn_114
Perseus 6.97230 -0.81321 0.13154 isolated 3.84206 10.37868 42.20960 0.72619 286.46764 8.58351 0.02120 7.0196 2.63493 0.399287 1.85881e-19 0.575482 9.34203e-14 0.500236 8.9087293133e+33 0 pwn_115
Norma 9.56042 -2.09068 0.00325 isolated 2.02471 11.51004 56.16204 0.01616 293.91828 20.55841 0.01007 9.7863 2.14937 0.307875 2.73257e-20 0.0845996 1.81071e-14 0.0969579 2.5197971103e+33 0 pwn_116
"Carina Sagittarius" 2.31573 -1.01850 0.04629 isolated 22.86846 7.83183 17.19871 0.33868 275.23169 -13.80559 0.16724 2.5298 2.34372 0.127935 1.20615e-19 0.373422 7.90467e-14 0.42327 2.7612645218e+33 0 pwn_117
Norma 8.33833 8.84443 -0.01447 isolated 13.96673 19.24467 25.67590 -0.04309 279.57531 -6.47394 0.04157 12.1553 2.25995 0.133251 8.35536e-20 0.25868 5.73228e-14 0.306945 1.28397809392e+34 0 pwn_118
"Crux Scutum" -0.67041 -9.67635 -0.01730 isolated 18.28717 1.35409 -150.32117 -0.73222 100.72276 2.56040 0.77349 9.6996 2.03273 0.151347 4.80922e-18 14.8892 3.75321e-12 20.0972 5.02154010766e+33 1 pwn_119
Norma -2.83290 2.90240 -0.01396 isolated 19.72678 11.74905 -13.95249 -0.06810 256.96469 -40.55757 0.09616 4.0558 1.57498 0.357264 1.05408e-20 0.0326341 9.60672e-15 0.0514409 2.85314595867e+33 0 pwn_120
"Crux Scutum" 14.06695 0.57173 0.01895 isolated 11.22376 16.73845 57.18217 0.06488 294.40626 21.47249 0.03840 14.0786 2.17809 0.336486 1.73969e-20 0.0538603 1.1187e-14 0.0599029 3.49602375469e+33 0 pwn_121
"Carina Sagittarius" -2.57491 6.34018 -0.01651 isolated 29.08605 15.06192 -9.84334 -0.06282 260.05025 -37.22253 0.11060 6.8431 2.51411 0.272337 3.84785e-20 0.119128 2.14585e-14 0.114903 3.48107790192e+33 0 pwn_122
"Crux Scutum" 0.37203 18.89079 0.08056 isolated 23.96257 27.39344 0.77816 0.16850 266.70179 -28.18387 0.05010 18.8945 2.45949 0.15805 4.32181e-20 0.133802 2.61322e-14 0.13993 1.11981378508e+34 0 pwn_123
Perseus -2.41037 -3.58356 0.16924 isolated 16.87013 5.47813 -26.11722 1.77037 243.71914 -48.48741 0.17638 4.3188 1.93833 0.308236 9.07164e-20 0.280856 6.78374e-14 0.363248 2.58310461274e+33 0 pwn_124
"Crux Scutum" -6.01988 -3.08180 -0.13994 isolated 5.01169 8.10034 -48.01120 -0.98991 212.75665 -62.45387 0.03544 6.7629 1.87683 0.352709 7.07173e-20 0.218939 5.34271e-14 0.286085 5.47834775359e+33 0 pwn_125
"Crux Scutum" 1.15423 4.95378 -0.04744 isolated 0.10000 13.50328 4.90354 -0.20131 269.40719 -24.82278 0.01000 5.0865 2.23723 0.252297 2.59132e-20 0.0802266 1.68416e-14 0.0901814 2.5631844393e+33 0 pwn_126
Perseus -1.26982 -5.06907 -0.07470 isolated 13.32000 3.65914 -20.31002 -1.16975 252.74185 -46.23572 0.20849 5.2257 2.03434 0.308528 2.3862e-19 0.738762 1.68635e-13 0.902988 2.62980333874e+33 0 pwn_127
"Crux Scutum" -6.76559 -4.48409 -0.12341 isolated 19.21691 7.86867 -59.30755 -0.89861 187.80352 -63.68239 0.13987 8.1167 2.08986 0.13388 1.60219e-19 0.496033 1.21999e-13 0.653268 5.06504866239e+33 0 pwn_128
"Crux Scutum" 13.64936 -1.63251 -0.03933 isolated 3.15914 15.27969 63.29137 -0.14749 297.95546 26.65680 0.01184 13.7466 2.29501 0.320661 8.60113e-20 0.266289 5.24101e-14 0.280639 1.17673993037e+34 0 pwn_129
Perseus -3.34076 11.74215 -0.00564 isolated 27.06511 20.51598 -9.37159 -0.01575 260.33893 -36.80825 0.07556 12.2081 2.07877 0.395908 2.08617e-20 0.0645872 1.3741e-14 0.0735789 8.54777931016e+33 0 pwn_130
"Crux Scutum" -5.33778 -7.83667 0.05599 isolated 18.23215 5.37913 -82.91617 0.59638 146.76416 -52.76477 0.19413 9.4818 2.25944 0.174958 7.36667e-19 2.2807 4.93285e-13 2.64138 9.57758811639e+33 0 pwn_131
"Crux Scutum" -7.51256 -1.26778 -0.04065 isolated 21.41550 10.42810 -46.08923 -0.22333 216.06770 -61.10063 0.11762 7.6188 2.15742 0.320611 3.91605e-20 0.12124 2.5667e-14 0.137438 3.02401459748e+33 0 pwn_132
Norma 5.18646 13.20804 -0.00062 isolated 13.31184 22.31901 13.43714 -0.00160 273.69104 -17.27874 0.03416 14.1898 2.00172 0.380726 5.5088e-21 0.0170551 3.8135e-15 0.0204201 2.88481111326e+33 0 pwn_133
Norma 2.34778 -6.56314 0.09789 isolated 0.10000 3.04517 50.47818 1.84220 289.37183 16.42915 0.01000 6.9704 2.36294 0.174654 1.69681e-18 5.25329 1.07202e-12 5.74032 6.24437306155e+33 0 pwn_134
"Crux Scutum" 8.49305 -7.93096 0.02034 isolated 23.36745 8.51212 86.16684 0.13690 314.10669 45.56569 0.15723 11.6203 2.23611 0.275152 1.16425e-19 0.36045 7.48249e-14 0.400663 4.82247487217e+33 0 pwn_135
Perseus -6.54459 9.38289 0.04530 isolated 27.07897 19.04289 -20.10107 0.13629 251.50314 -45.23473 0.08144 11.4399 2.05596 0.338925 9.72551e-21 0.03011 6.67753e-15 0.035756 3.04414881143e+33 0 pwn_136
Perseus -3.38728 -2.68999 0.00537 isolated 13.01209 6.72532 -30.24250 0.04575 240.76896 -52.54651 0.11081 4.3255 1.66177 0.141506 5.97957e-20 0.185126 6.10647e-14 0.326982 2.5055132804e+33 0 pwn_137
Norma 10.47885 0.26365 0.16157 isolated 18.31688 13.66141 50.09367 0.67766 290.25511 15.54430 0.07679 10.4822 2.4855 0.145433 4.33191e-20 0.134115 2.59968e-14 0.139204 2.65705809248e+33 0 pwn_138
Perseus -0.31647 -1.20849 0.00975 isolated 7.82237 7.29838 -2.48521 0.07654 264.81828 -31.00819 0.06139 1.2492 2.33834 0.192064 1.19663e-18 3.70474 7.59293e-13 4.06577 2.69078768493e+34 0 pwn_139
Perseus 3.24407 -3.98839 -0.11982 isolated 17.91358 5.55814 35.71794 -1.23530 285.23038 1.91510 0.18459 5.1411 1.82817 0.282402 1.13051e-19 0.350002 9.19831e-14 0.49254 3.65215516118e+33 0 pwn_140
Norma -3.95186 2.09911 -0.04633 isolated 13.42024 11.31196 -20.44787 -0.23468 251.58417 -45.73937 0.06795 4.4748 2.1267 0.280368 5.525e-20 0.171053 3.76237e-14 0.201463 4.75233101638e+33 0 pwn_141
"Carina Sagittarius" -3.08419 6.14335 -0.01058 isolated 9.88491 14.96462 -11.89384 -0.04050 258.52071 -38.88226 0.03783 6.8741 2.1187 0.193056 6.03299e-20 0.18678 4.34204e-14 0.232502 7.52414672357e+33 0 pwn_142
Norma 9.80655 -1.18636 0.01131 isolated 47.79154 12.23347 53.28474 0.05295 292.41140 18.05677 0.22375 9.8780 2.19216 0.341499 2.94351e-20 0.0911303 1.87412e-14 0.100353 3.13561735921e+33 0 pwn_143
Perseus -2.86153 -0.04537 0.03922 isolated 8.38554 8.92584 -18.69877 0.25173 252.64974 -44.08811 0.05381 2.8619 2.39468 0.176251 1.05439e-18 3.26435 6.54117e-13 3.50259 3.22225570229e+34 0 pwn_144
"Crux Scutum" -6.69067 -0.94902 -0.00956 isolated 31.25895 10.08873 -41.54308 -0.05429 224.25902 -59.08690 0.17746 6.7576 2.25088 0.140073 1.63548e-19 0.50634 1.12344e-13 0.601566 7.07001145996e+33 0 pwn_145
Perseus -15.14119 -0.51404 0.02722 isolated 4.53043 17.11817 -62.19137 0.09112 181.76935 -62.33854 0.01516 15.1499 1.88445 0.218769 2.70632e-20 0.0837869 2.21826e-14 0.118781 6.46321865459e+33 0 pwn_146
"Crux Scutum" 2.03545 3.93689 0.04331 isolated 10.35935 12.60243 9.29474 0.19689 271.38957 -20.80975 0.04708 4.4319 1.80954 0.338193 3.91046e-20 0.121067 3.10465e-14 0.166244 7.82246345385e+33 0 pwn_147
"Crux Scutum" -5.83018 -7.48178 -0.02276 isolated 29.64739 5.91847 -80.09341 -0.22031 149.63987 -55.16814 0.28690 9.4851 1.91681 0.276073 8.22167e-20 0.254541 6.3539e-14 0.340231 2.5913431849e+33 0 pwn_148
"Crux Scutum" -6.34266 -4.85986 0.15863 isolated 22.71835 7.31472 -60.14791 1.24267 186.40119 -61.47450 0.17788 7.9905 1.83494 0.248083 5.3881e-20 0.166814 4.46858e-14 0.239278 2.72234510339e+33 0 pwn_149
"Carina Sagittarius" -0.41764 1.07512 0.01777 isolated 0.10000 9.58424 -2.49750 0.10623 264.78132 -31.00277 0.01000 1.1534 1.787 0.283692 5.74067e-20 0.17773 4.79186e-14 0.256589 5.89485390086e+33 0 pwn_150
"Carina Sagittarius" -2.25512 6.24760 0.07170 isolated 6.01559 14.91919 -8.69402 0.27534 260.52012 -36.08534 0.02309 6.6421 2.25006 0.365223 1.77502e-20 0.0549542 1.0845e-14 0.0580712 2.74654349394e+33 0 pwn_151
Norma 9.08065 -3.00636 0.00592 isolated 9.78030 10.61312 58.82678 0.03198 295.31121 22.88800 0.05278 9.5654 2.19025 0.247213 1.00798e-19 0.312069 6.74315e-14 0.361074 6.48076902532e+33 0 pwn_152
"Carina Sagittarius" -2.09093 0.30413 0.03298 isolated 14.18029 9.04908 -13.35989 0.20882 257.13854 -39.91707 0.08975 2.1129 1.92848 0.139913 5.24044e-20 0.162243 4.41927e-14 0.236638 2.73364499922e+33 0 pwn_153
"Crux Scutum" 10.34306 -7.34590 0.03891 isolated 15.44311 10.40733 83.63315 0.21423 311.75263 43.66343 0.08499 12.6863 2.02158 0.275109 3.48049e-20 0.107755 2.52623e-14 0.135271 2.90357790003e+33 0 pwn_154
Perseus 7.25159 0.94875 0.08467 isolated 15.73392 11.91098 37.50500 0.40730 284.58499 4.25518 0.07566 7.3134 2.02643 0.27939 3.76187e-20 0.116467 2.7158e-14 0.145422 4.12607259247e+33 0 pwn_155
Perseus -1.32091 1.29595 -0.06009 isolated 29.10989 9.88479 -7.67957 -0.34832 261.85983 -35.59684 0.16867 1.8505 2.62189 0.185667 1.4145e-19 0.437926 7.76592e-14 0.41584 4.18785078477e+33 0 pwn_156
"Crux Scutum" 1.99024 4.17102 0.00619 isolated 14.91514 12.82638 8.92651 0.02765 271.35472 -21.21370 0.06660 4.6215 1.84783 0.15828 2.62497e-20 0.0812685 2.30694e-14 0.123529 3.20130291625e+33 0 pwn_157
