sky_model/pwn/ctadc_skymodel_gps_sources_pwn.ecsv
# %ECSV 0.9
# ---
# datatype:
# - {name: x, unit: kpc, datatype: float64, description: Galactocentric x coordinate}
# - {name: y, unit: kpc, datatype: float64, description: Galactocentric y coordinate}
# - {name: z, unit: kpc, datatype: float64, description: Galactocentric z coordinate}
# - {name: spiralarm, datatype: string}
# - {name: GLON, unit: deg, datatype: float64, description: Galactic longitude}
# - {name: GLAT, unit: deg, datatype: float64, description: Galactic latitude}
# - {name: RA, unit: deg, datatype: float64}
# - {name: DEC, unit: deg, datatype: float64}
# - {name: distance, unit: pc, datatype: float64, description: Distance observer to
#     source center}
# - {name: spec_alpha, datatype: float64, description: Spectral model parameter (log
#     parabola)}
x y z spiralarm GLON GLAT RA DEC distance spec_alpha
[from data line 112]
-7.4090774188 3.84281816814 0.0251433849765 "Carina Sagittarius" -30.9753141996 0.100071307724 239.79532155 -52.9857363625 14395.8403964 1.94934565734
-5.26749430737 10.1670241988 -0.0453662048784 Perseus -15.7580999704 -0.134011608253 255.579323582 -42.0345442497 19396.039462 1.78765993062
-1.07136075495 -0.116164466171 -0.0503448133696 Norma -7.28229336652 -0.341280999794 262.123409464 -35.2625577769 8452.1622515 1.85953706705
-10.4127867854 -1.04899022483 -0.0414735177249 "Carina Sagittarius" -54.4138748526 -0.185585761519 198.701238827 -62.9368494749 12804.1163444 1.52191747351
13.9678001241 0.184671684804 -0.0166573018102 "Crux Scutum" 58.1281492901 -0.0580263256782 295.022330856 22.2360601517 16447.5907064 1.70551529156
1.84385186801 -7.37972324192 0.127382294085 Norma 58.7182155839 3.37891179895 292.058057784 24.41613793 2161.25796116 2.09707677132
15.0034044399 1.10155031772 -0.0471883377438 "Crux Scutum" 57.3824597417 -0.151784279647 294.714786349 21.5407871164 17812.7521745 2.15046593253
0.360400358729 -4.31881900935 -0.0373916929721 Perseus 4.92648046061 -0.510481400253 269.715032472 -24.9574285429 4196.85132377 2.52798049419
8.07052324133 -14.9325284167 0.0225496561455 "Carina Sagittarius" 128.556240742 0.125188693946 25.0974023502 62.4611782337 10320.4300156 1.7800403401
7.15097030025 -9.30704216019 -0.0630332633301 "Crux Scutum" 96.4390252672 -0.50184318926 325.853531971 52.4202959713 7196.64272252 1.62219069896
-10.2192248876 -0.483306690633 0.0013079690816 "Carina Sagittarius" -51.8868175182 0.00576982524012 204.104473093 -62.4126254858 12988.4537429 1.6611568292
9.91569470374 6.96338251274 0.0105533049486 Norma 32.6694994118 0.0329165714158 282.71051979 -0.218546121455 18369.4668286 1.52512869367
0.00186411627915 -10.3036860025 -0.019314960255 "Crux Scutum" 179.940784617 -0.613534069958 85.7730010261 28.665573494 1803.79038086 1.7789792159
-4.87345393692 -3.34460335856 0.0187979627777 Norma -43.3896586034 0.151818495705 220.823732104 -59.715862527 7094.29497338 1.9033377561
1.42213519395 1.93748596006 -0.095768875587 Norma 7.75892335464 -0.520888563831 271.254177844 -22.5003291925 10534.3606049 1.79075458426
-0.847442872446 0.454927692918 0.0017812667936 Norma -5.40604332933 0.011346279527 263.018518012 -33.5021553432 8994.93705261 2.09601364833
-0.592565312211 -0.268181745236 0.0492088748475 "Crux Scutum" -4.11731998535 0.341619646345 263.524929392 -32.2416074946 8253.26522911 1.73676173364
-0.138906866242 -6.91422774982 0.0319945870144 Norma -5.00608738552 1.15143663514 262.145828827 -32.5407162309 1592.16594629 1.70618832383
0.508194996408 10.1209764778 0.125633557671 Perseus 1.56330161154 0.3864182037 266.950812472 -27.3994005118 18628.3335522 1.64305751125
-13.6055361345 12.8084969381 -0.0221456845929 Norma -32.5583475009 -0.0501886987068 237.91005891 -54.1146081401 25281.6760856 1.35918867792
7.54826537866 0.563030996609 0.0673794866457 Perseus 39.7896717961 0.327309698423 285.70577 6.2502876157 11794.8879209 1.37670271444
3.04589051221 9.21861584538 -0.115859936439 Perseus 9.7540060886 -0.369229359918 272.157485855 -20.6843616705 17978.882613 1.48162735873
-7.86424123554 -2.51714959007 -0.0504540787665 "Crux Scutum" -52.7373423197 -0.292549593184 202.38255446 -62.8435564981 9881.46420589 2.15138557935
-3.47499180079 -2.7646140113 -0.00639914046531 Perseus -31.2110981099 -0.0546740990992 239.664070801 -53.2565425759 6705.98698209 2.04172027368
9.15562775295 -8.75948198027 -0.0307066064318 "Crux Scutum" 91.6233997345 -0.1920836292 319.928776307 49.3634844286 9159.35550923 2.17124029793
-5.2984493087 -6.93069290753 -0.0346251165852 "Crux Scutum" -73.5016412916 -0.359004637537 159.62652705 -58.9226227214 5526.07353607 1.44030285326
-0.72716882757 -10.0853589211 -0.041081525644 "Crux Scutum" -155.360130554 -1.34927194507 97.8508642022 6.75248807545 1744.65615648 1.26847133376
-1.52895032553 7.06903430313 -0.046016617417 "Carina Sagittarius" -5.60872311845 -0.168535049061 263.066313366 -33.7702090651 15643.9967962 1.62178479356
3.27472748869 -0.930394873196 -0.0995381117086 "Carina Sagittarius" 23.3940505551 -0.691454830622 279.099188875 -8.79865456482 8248.19190712 1.84747111739
7.27411366945 1.50812808556 -0.0771833672831 Perseus 36.010426516 -0.357427595197 284.582627477 2.57634598417 12372.6033932 1.93464637423
3.62214531876 -4.27734336891 0.0486198781302 Perseus 40.6226053436 0.500714009934 285.934874661 7.07006113508 5563.55368688 2.08295248211
7.35078252753 0.284270520846 0.00549757191619 Perseus 39.9229955809 0.0274998853767 286.035293592 6.23135753499 11454.1452136 1.87675551112
1.14516714593 -3.411624557 0.0644428192857 "Carina Sagittarius" 12.6834130007 0.707891805304 272.65946694 -17.5994839079 5216.04498811 2.27052057078
-2.36260634733 6.84094305549 -0.00678134378603 "Carina Sagittarius" -8.75514189424 -0.0250320335726 260.783897653 -36.3059046345 15521.806872 1.73989646614
-10.5438805844 0.00370729643404 0.037729413766 "Carina Sagittarius" -51.1136011616 0.159587753354 205.675841302 -62.1180210123 13545.7697851 1.55346861113
-6.31358304843 15.2536462919 -0.0937520415221 Norma -14.8847408243 -0.218548537582 256.380726132 -41.3926486248 24578.5644926 1.34607108182
-1.51292920887 4.67859697055 0.0731066397089 "Crux Scutum" -6.54899931271 0.3157640508 261.953422427 -34.2879152757 13265.3577971 1.55997773331
2.14477060333 -7.27595792184 -0.00581380439151 Norma 60.2861640433 -0.134889188722 296.260733426 24.0708803081 2469.48451105 1.86537184947
7.74155629764 -9.35168129546 -0.0236774133646 "Crux Scutum" 96.2781036239 -0.174186659502 325.301695374 52.5629774865 7788.29991452 1.56004553051
7.04355210852 -9.33610368841 0.00423028599282 "Crux Scutum" 96.7696081532 0.0341713509563 325.690556039 53.0422724588 7093.00455227 2.05292046515
3.66973746437 -10.2311936365 -0.191952711598 "Crux Scutum" 115.255531151 -2.70847905612 357.728518643 59.2582240749 4062.12386663 2.18132848063
0.100727721106 -5.55666917198 0.0659373473327 Perseus 1.96003173662 1.28259134775 266.322377049 -26.5950709656 2945.79194288 1.16021153559
7.80700754947 0.0300018066941 -0.0232442432842 Perseus 42.4660290012 -0.115174154267 287.342220331 8.42391585858 11563.3402611 2.03329412113
-7.28673178814 -0.581156785485 -0.00208783304788 "Crux Scutum" -42.6195260278 -0.0111161808941 222.338277581 -59.5337591374 10761.2518959 1.19530690416
-5.87226124877 -5.24987636651 0.033610331381 "Crux Scutum" -61.0367639325 0.286919481217 184.290992538 -62.3204336214 6711.77215504 1.90840474487
1.57736031278 0.651685867946 -0.064512753321 Norma 9.7792663398 -0.398018514972 272.197489765 -20.6762289785 9286.84993296 2.13071505233
7.40923841891 0.801475382443 0.0391262391458 Perseus 38.5396330146 0.188513549347 285.254719423 5.07539594454 11891.8370785 1.81751114871
-7.77014537935 -1.90685409697 0.00737053982773 "Crux Scutum" -49.6846339182 0.0414409419959 208.702378087 -61.9184580587 10190.4262148 1.45448392323
3.64769119968 0.107892020455 -0.0111516437683 "Carina Sagittarius" 22.9653492846 -0.0683442497038 278.339638074 -8.89228112018 9348.88124233 1.64193357485
4.30129056357 -3.88414870163 -0.0345349343906 Perseus 42.9796741535 -0.313614550342 287.760118227 8.78789160045 6309.38795626 1.72935572966
-10.2255481052 -5.45114557522 0.00240022760805 "Carina Sagittarius" -73.3974984231 0.0128882668994 160.149902934 -58.6477024916 10670.3961087 1.75079390838
0.607577692738 -5.51809730789 0.0593442144818 Perseus 11.5166551434 1.11717063523 271.688396199 -18.4214769979 3043.7503271 1.74521785299
8.54719514878 15.5531860358 -0.00623839844388 "Crux Scutum" 19.5624484539 -0.014002376853 276.686905616 -11.8823680919 25526.6594426 1.77033164959
-6.58978067083 -0.536269946966 -0.0773420786022 "Crux Scutum" -39.6068771172 -0.42869736655 227.873101494 -58.4699172376 10336.933174 1.85763961321
10.2407368377 -2.04389732773 -0.104193883304 Norma 57.7712987353 -0.493123120496 295.240405971 21.7109410878 12106.3953785 1.47368511349
-8.38806389025 8.79700389591 0.00167051343371 Perseus -25.8707490857 0.00497895698878 245.87434181 -49.5741550657 19223.5782931 1.73465464594
-14.3348200265 -3.37607990818 0.0315596125624 Perseus -70.3307875438 0.118782278515 165.621393865 -59.9173749826 15223.0948992 2.209930516
-6.66463341434 10.1689150662 0.0713620703938 Perseus -19.6461037775 0.206263276306 251.845161543 -44.8429637956 19822.9871826 1.69614573575
3.73357187202 -0.653508556502 0.0120425478885 "Carina Sagittarius" 25.4463628444 0.0794048749829 279.35971102 -6.62164169607 8689.48398464 1.68016425485
3.73168660073 -4.34198643668 0.0638214101705 Perseus 41.9069796889 0.654472674613 286.391562601 8.28177715231 5587.36385528 2.091113272
1.44535086205 -1.63052926045 0.0419865361955 "Crux Scutum" 11.8818412211 0.342687311316 272.589087787 -18.4777534027 7020.00215279 1.10902014009
-4.75348537403 3.24071373815 0.0140246308717 "Crux Scutum" -22.0416430678 0.0634391845213 249.743458063 -46.743618669 12666.4982917 2.11897222235
-0.87526680716 10.5034574356 -0.0140041133544 Perseus -2.63708210481 -0.0421779422665 264.84111955 -31.1999666841 19023.6085589 1.62938598534
-2.53913053392 0.967291266359 0.00297130654891 Perseus -15.0134237819 0.0173684411718 256.026741044 -41.3520168503 9801.87719873 1.84426071456
14.6639718166 2.79638999084 0.0136653224967 "Crux Scutum" 52.3911433775 0.0422983175845 291.972677078 17.2669119585 18510.5559885 1.8260067661
-3.529497962 -2.96821113269 0.0456169351781 Perseus -32.5394704543 0.398303929939 237.457074709 -53.7535179905 6562.02139901 2.05446639219
-2.98251006824 2.10517504528 -0.0462074242742 Norma -15.7076594693 -0.240317241249 255.734146445 -42.0595812588 11016.6800432 1.72774941852
-1.44723884434 -6.35736636485 -0.0409107884157 Norma -34.0370031229 -0.9064862514 236.829388479 -55.706378365 2585.93365338 1.61693303898
0.057345216655 -5.91410498733 -0.0574380936599 Perseus 1.27039204081 -1.27213624158 268.39377346 -28.5002922214 2587.16845702 2.15041836348
5.2176099861 6.96152180453 0.00786701401387 Perseus 18.6473642782 0.0276224074651 276.212171909 -12.6722631419 16318.1546864 1.16167306937
-0.170977414406 -4.0150617089 -0.073430287677 Perseus -2.18320565145 -0.937318712027 266.010536587 -31.2873753368 4488.7968052 1.80549022906
-9.6933873851 -1.63865639056 0.050612360255 "Carina Sagittarius" -54.7077064951 0.244177565605 197.982380147 -62.5336202507 11876.1254934 1.43606013589
5.57339517767 -10.1664249787 -0.0307963670135 "Crux Scutum" 106.646474417 -0.303322600792 340.49018378 58.4137581207 5817.27207824 1.59437518517
2.22505336978 -6.94784281071 -0.151661523346 Norma 55.1010659664 -3.19967401097 296.329298842 18.0505097359 2717.17788455 2.343039304
-10.7518029758 -5.0735812886 -0.0626637515047 "Carina Sagittarius" -72.3237947378 -0.318162790799 161.688558546 -59.445348487 11284.748077 1.78795923486
-0.967862232998 0.00567214353282 0.0272407437554 "Crux Scutum" -6.4917760047 0.182321492691 262.126242524 -34.3143667072 8560.60500043 1.85266881823
-8.50762280117 3.41439202588 0.0229857347694 "Carina Sagittarius" -35.5292155003 0.0899573742276 233.645320939 -55.8042414525 14640.1130944 1.31897802896
-11.221211794 -3.71691106982 -0.0128338365074 "Carina Sagittarius" -66.9136679215 -0.0602819018332 171.982644068 -61.3254891446 12198.1022519 1.60315794213
0.832369153532 6.77870506221 -0.0844323385435 "Carina Sagittarius" 3.11833634837 -0.316152750466 268.520146879 -26.4229150718 15301.5945445 1.8530704982
-0.613890419606 -5.46495048956 0.0116423975428 Perseus -11.4347727254 0.215422089445 258.5986617 -38.3602199579 3096.53395323 1.89578457714
0.677941211883 4.24637019465 0.118081714213 "Crux Scutum" 3.04452203954 0.53002085023 267.666359084 -26.055493483 12764.9324603 1.96655936969
3.23439291358 2.05168302384 0.055845212084 "Crux Scutum" 17.0418014889 0.289922854851 275.199852065 -13.9669674797 11036.4138579 1.80232953271
-0.842457442551 -4.98062935841 -0.0614562332292 Perseus -13.4619935784 -0.972931793121 258.307888155 -40.6992808359 3619.32053347 1.94229113628
-0.290754881399 -3.82113191524 -0.0585758759142 "Carina Sagittarius" -3.55590990593 -0.715881421591 264.936782558 -32.3363908664 4688.25938796 1.92252111641
-7.06388009266 9.07200484842 -0.00221329123166 Perseus -21.8999422747 -0.0066959375318 249.957355668 -46.6845433451 18938.6842535 1.30597008903
0.613868837811 6.10940025717 0.0682372271408 "Carina Sagittarius" 2.40608205646 0.267377840227 267.552836648 -26.7383014058 14622.4507913 1.80999154492
-1.50227683399 10.6355163457 -0.0161628807706 Perseus -4.48892706532 -0.0482466160716 263.67437429 -32.765249859 19194.4023804 2.00733365009
0.577180072654 5.08540267739 0.0539003697014 "Crux Scutum" 2.43276606242 0.2271161347 267.606861285 -26.7360367597 13597.7648161 1.9592675516
-2.88181863776 -7.86419987264 0.0350829190193 "Crux Scutum" -77.5584503136 0.681099790994 154.209363951 -55.9142926967 2951.33042442 1.70175812131
-2.17516608419 6.10967499418 -0.091021341484 "Carina Sagittarius" -8.46829413302 -0.353068456477 261.320551953 -36.2536413809 14770.9930544 1.58248084296
-4.68775359853 15.9558873195 0.0231302817733 Norma -10.8509524964 0.0532211998562 259.19854503 -37.9797807959 24901.1243399 1.49805578043
-5.61499866048 -6.84154799229 -0.00955160066354 "Crux Scutum" -73.5449111197 -0.0934730477711 159.802964276 -58.6695936646 5854.80693552 1.76461541688
3.25019863133 -2.81537029197 -0.0138820978768 "Carina Sagittarius" 29.7588506637 -0.121466283003 281.519640208 -2.87914703018 6548.20576747 2.10593156748
4.10038923541 0.702805362562 -0.0451885955487 "Carina Sagittarius" 24.0157744612 -0.256983496966 278.998086219 -8.0468066161 10075.0613116 1.2730128926
-6.93061969267 0.333651616681 0.0408577093361 "Crux Scutum" -38.1166734305 0.208494311374 229.635321257 -57.1486595295 11228.0256306 1.62182923297
-1.48551476471 -3.79939643314 0.018796337298 Perseus -17.5379107938 0.218458488768 253.702719188 -43.2116235782 4929.78511816 1.49225333703
-0.297561581138 -2.36878620614 -0.0208256283502 "Carina Sagittarius" -2.77851279792 -0.194384556106 264.90378453 -31.4007212491 6138.46554014 2.01193853073
-0.33665470043 4.35485234185 0.0290015272986 "Crux Scutum" -1.50017168343 0.129219123773 265.373615216 -30.1453617226 12859.2926013 1.65033640083
-3.16344949962 -14.1536318515 0.0415328140381 "Carina Sagittarius" -150.771115529 0.36731068207 101.496444007 3.46289498958 6478.63340712 1.6729278323
-4.31635800503 -11.5866176319 -0.0400523013446 "Carina Sagittarius" -125.568471529 -0.432453846156 112.640742698 -19.2450032135 5306.57695883 1.74142361612
6.50878541652 -2.03503884166 -0.00203462261348 Perseus 45.1935397357 -0.0127073093373 288.530504653 10.8892242567 9173.87674415 1.92025617774
-6.11198602246 -6.463185791 -0.00424666964139 "Crux Scutum" -71.5693917766 -0.0377677328123 163.264093204 -59.5345562068 6442.43768266 1.6940549705
0.425464446487 4.20232149117 0.0172922767308 "Crux Scutum" 1.91840576789 0.0779557145402 267.454356633 -27.2540597582 12709.4567265 0.977541375204
-9.62311726103 8.73515268093 0.0830974103149 Perseus -29.1764769902 0.241194555434 241.851934501 -51.6906701572 19739.852556 1.94669421067
-8.27562114326 3.65661007082 -0.0240248068486 "Carina Sagittarius" -34.2451048085 -0.0936019595471 235.66274969 -55.1903126904 14706.1093057 1.91854159857
-0.341061955869 -5.82251049554 -0.113708131228 Norma -7.25931322394 -2.41231771457 264.280177984 -36.372270097 2701.51861799 1.74072392235
-15.3534392454 -6.94151855602 -0.0161637195883 Perseus -84.2039302577 -0.0600111765203 144.45344777 -52.4199517435 15432.3433845 1.50731011242
8.15195713303 -9.51379772933 0.0144818529433 "Crux Scutum" 97.0890491373 0.10100705956 326.022535837 53.3009435155 8214.76723096 1.89498062988
-7.30337867344 -0.763507462402 0.00731559483767 "Crux Scutum" -43.3504685909 0.0393969935984 220.987811914 -59.8015683804 10639.2062838 1.90239359405
