sky_model/pwn/ctadc_skymodel_gps_sources_pwn.ecsv
# %ECSV 0.9
# ---
# datatype:
# - {name: galactocentric_x, unit: kpc, datatype: float64, format: '%.5f', description: Galactocentric
#     x coordinate}
# - {name: galactocentric_y, unit: kpc, datatype: float64, format: '%.5f', description: Galactocentric
#     y coordinate}
# - {name: galactocentric_z, unit: kpc, datatype: float64, format: '%.5f', description: Galactocentric
#     z coordinate}
# - {name: size_physical, unit: pc, datatype: float64, format: '%.5f', description: Physical
#     size}
# - {name: spiralarm, datatype: string, description: 'Which spiralarm?'}
# - {name: distance, unit: kpc, datatype: float64, format: '%.5f', description: Distance
#     observer to source center}
# - {name: GLON, unit: deg, datatype: float64, format: '%.5f', description: Galactic
#     longitude}
# - {name: GLAT, unit: deg, datatype: float64, format: '%.5f', description: Galactic
#     latitude}
# - {name: RA, unit: deg, datatype: float64, format: '%.5f'}
# - {name: DEC, unit: deg, datatype: float64, format: '%.5f'}
# - {name: sigma, unit: deg, datatype: float64, format: '%.5f'}
# - {name: galactocentric_r, unit: kpc, datatype: float64, format: '%0.4f', description: Galactocentric
#     radius in the xy plan}
# - {name: spec_alpha, datatype: float64, format: '%5g', description: Spectral model
#     parameter (log parabola)}
# - {name: spec_beta, datatype: float64, format: '%5g', description: Spectral model
#     parameter (log parabola)}
# - {name: spec_norm, unit: 1 / (cm2 MeV s), datatype: float64, format: '%5g', description: Spectral
#     model norm parameter (log parabola)}
# - {name: spec_norm_cu, unit: '%', datatype: float64, format: '%5g', description: Spectral
#     model norm parameter (log parabola) in crab units}
# - {name: int_flux_above_1TeV, unit: 1 / (cm2 s), datatype: float64, format: '%5g',
#   description: 'Integral flux above 1 TeV '}
# - {name: int_flux_above_1TeV_cu, unit: '%', datatype: float64, format: '%5g', description: Integral
#     flux above 1 TeV in crab units}
galactocentric_x galactocentric_y galactocentric_z size_physical spiralarm distance GLON GLAT RA DEC sigma galactocentric_r spec_alpha spec_beta spec_norm spec_norm_cu int_flux_above_1TeV int_flux_above_1TeV_cu
[from data line 593]
-2.62624 -1.60066 -0.07282 11.87483 Perseus 7.38263 -20.83936 -0.56514 251.58019 -46.25167 0.09212 3.0756 2.24803 0.438381 5.22436e-20 0.161745 3.09524e-14 0.16574
9.08705 -8.87966 -0.01677 14.27939 "Crux Scutum" 9.09499 92.39242 -0.10563 320.67512 49.96807 0.08992 12.7052 1.87169 0.406821 1.60048e-19 0.495505 1.17591e-13 0.629661
3.70050 -7.33217 -0.23362 20.16938 Norma 3.88743 72.48499 -3.44531 306.90049 32.56872 0.29716 8.2131 2.33691 0.442178 1.23265e-19 0.381626 6.9855e-14 0.374051
-2.89379 5.10032 -0.00816 13.33905 "Crux Scutum" 13.90478 -12.01192 -0.03361 258.42465 -38.97394 0.05494 5.8641 1.77104 0.19763 5.21664e-22 0.00161506 4.68889e-16 0.00251075
2.66000 4.94299 0.01989 17.40334 "Carina Sagittarius" 13.70365 11.19269 0.08315 272.47744 -19.20653 0.07274 5.6133 1.612 0.267227 1.12955e-20 0.0349705 1.0743e-14 0.0575254
-0.94031 -10.24276 -0.01096 5.02064 "Crux Scutum" 1.98028 -151.65093 -0.31714 100.48351 3.93275 0.14521 10.2858 1.65737 0.284945 1.80926e-19 0.560144 1.64475e-13 0.880709
2.47385 -5.11600 -0.08814 20.92749 Perseus 4.19275 36.16838 -1.20452 285.40901 2.32968 0.28587 5.6827 2.35622 0.358963 7.87841e-18 24.3914 4.57624e-12 24.5043
6.35156 -5.83056 -0.10382 6.90364 Norma 6.89050 67.20393 -0.86331 300.96481 29.61997 0.05738 8.6219 2.43909 0.391077 2.25099e-18 6.96901 1.24006e-12 6.64012
-2.70650 6.68432 -0.02934 7.56077 "Carina Sagittarius" 15.42367 -10.10643 -0.10899 259.90845 -37.46468 0.02808 7.2115 2.46885 0.281096 8.66377e-21 0.0268228 4.92176e-15 0.0263544
-0.72824 6.96387 -0.05415 21.80768 "Carina Sagittarius" 15.48110 -2.69623 -0.20042 264.96103 -31.33426 0.08068 7.0018 1.39943 0.451365 2.1137e-22 0.000654395 2.02565e-16 0.00108467
-12.60460 5.94553 0.13280 29.75640 Perseus 19.17204 -41.10667 0.39687 224.59849 -58.48436 0.08889 13.9365 2.64427 0.112323 1.28941e-19 0.399199 7.23702e-14 0.387519
-7.02633 0.09417 -0.05980 27.39738 "Crux Scutum" 11.10102 -39.26837 -0.30864 228.30898 -58.19310 0.14135 7.0270 1.89923 0.204339 3.17042e-20 0.0981555 2.60002e-14 0.139223
-11.62027 -3.27101 0.04716 15.34979 "Carina Sagittarius" 12.74265 -65.77281 0.21205 174.42444 -61.40719 0.06899 12.0719 1.80939 0.0286461 6.04174e-21 0.0187051 6.12658e-15 0.0328059
-2.82023 -10.30895 0.00944 11.17599 "Crux Scutum" 3.35054 -122.67688 0.16141 114.69246 -21.48437 0.19104 10.6878 2.39439 0.490954 2.52323e-21 0.00781185 1.36694e-15 0.00731954
-1.99523 0.41346 0.00745 15.01562 "Carina Sagittarius" 9.13404 -12.61736 0.04672 257.88112 -39.41618 0.09415 2.0376 2.12027 0.400662 1.17311e-18 3.6319 7.54144e-13 4.0382
0.37166 10.25094 0.00122 18.11234 Perseus 18.75463 1.13550 0.00372 267.07120 -27.96341 0.05531 10.2577 2.45779 0.0617649 3.03024e-20 0.0938155 1.93235e-14 0.103471
3.94591 2.06358 0.14332 10.12769 "Carina Sagittarius" 11.27741 20.48262 0.72818 276.45484 -10.72231 0.05143 4.4529 2.58226 0.166969 6.58901e-21 0.0203994 3.72099e-15 0.0199247
-7.10797 -10.46677 -0.01591 22.48565 "Carina Sagittarius" 7.37507 -105.46676 -0.12359 124.77405 -36.29080 0.17462 12.6521 2.09581 0.267158 1.34266e-20 0.0415684 9.37454e-15 0.0501977
1.77726 1.05293 0.04285 3.65011 Norma 9.71694 10.53902 0.25264 271.98425 -19.69616 0.02151 2.0657 1.42965 0.148297 4.50902e-19 1.39598 5.51143e-13 2.9512
4.75043 2.98843 0.00585 28.45029 "Carina Sagittarius" 12.43184 22.46494 0.02697 278.02002 -9.29214 0.13107 5.6122 2.50048 0.0589513 1.01734e-19 0.314965 6.34171e-14 0.339578
-0.73956 2.97841 -0.01172 22.60218 Perseus 11.50221 -3.68653 -0.05838 264.19751 -32.09519 0.11254 3.0689 2.51633 0.29936 4.24123e-20 0.131308 2.33624e-14 0.125098
-0.97706 6.57406 0.12068 26.57258 "Carina Sagittarius" 15.10618 -3.70856 0.45774 263.67132 -31.83521 0.10075 6.6463 1.55866 0.111818 1.14757e-19 0.355285 1.30942e-13 0.701152
-4.30948 9.62263 0.01094 12.14065 Perseus 18.62798 -13.37624 0.03364 257.30923 -40.03474 0.03733 10.5436 2.47489 0.316456 3.6531e-20 0.113099 2.03848e-14 0.109154
-1.89959 5.00291 -0.07182 28.16376 "Crux Scutum" 13.63606 -8.00782 -0.30176 261.58680 -35.84337 0.11829 5.3514 1.94988 0.345432 1.66857e-19 0.516584 1.21271e-13 0.649369
-3.07866 -1.92351 -0.00903 29.73328 Perseus 7.26144 -25.08574 -0.07122 246.79966 -49.06595 0.23452 3.6302 1.89858 0.407055 1.81871e-19 0.563068 1.31566e-13 0.704496
-2.09513 5.43149 0.04138 7.84503 "Crux Scutum" 14.08821 -8.55251 0.16827 260.72846 -36.02946 0.03189 5.8216 1.84222 0.223292 4.44352e-20 0.13757 3.73268e-14 0.199873
-10.94368 -3.30063 0.02449 18.50790 "Carina Sagittarius" 12.11603 -64.58748 0.11580 176.77561 -61.81308 0.08749 11.4306 1.54076 0.349153 1.80729e-20 0.0559534 1.69573e-14 0.0908006
-1.67581 -3.27006 0.08928 26.40298 Perseus 5.49259 -17.76683 0.93133 252.74917 -42.93700 0.27532 3.6745 2.2063 0.017576 7.90115e-18 24.4618 6.06113e-12 32.4554
-4.20550 1.43394 -0.03283 4.31402 Norma 10.78751 -22.94520 -0.17436 249.11345 -47.57396 0.02290 4.4432 2.18775 0.315473 2.03346e-19 0.629553 1.31447e-13 0.703858
-1.92025 1.80843 0.03629 23.94717 Perseus 10.48581 -10.55209 0.19832 259.26780 -37.65209 0.13080 2.6378 2.64965 0.217276 4.98266e-21 0.0154262 2.66294e-15 0.0142592
-3.82060 -7.77699 -0.00420 3.94374 "Crux Scutum" 3.88841 -79.28411 -0.06184 150.94419 -55.52886 0.05809 8.6648 2.15241 0.404536 2.76236e-18 8.55221 1.74314e-12 9.33394
-2.61280 5.46611 0.00795 20.67739 "Crux Scutum" 14.20842 -10.59647 0.03207 259.40686 -37.78440 0.08335 6.0585 2.01578 0.493945 1.94824e-20 0.060317 1.26663e-14 0.0678237
-4.53205 -1.29525 0.12022 5.58412 Norma 8.51248 -32.17140 0.80920 237.50809 -53.20272 0.03757 4.7135 2.58687 0.146215 1.45798e-21 0.00451386 8.29395e-16 0.00444115
3.28155 9.31837 0.15867 5.71177 Perseus 18.11872 10.43506 0.50177 271.69938 -19.66575 0.01806 9.8793 1.97267 0.447222 1.6225e-21 0.00502323 1.10331e-15 0.00590789
4.94508 1.66127 0.06416 10.76330 "Carina Sagittarius" 11.30085 25.95031 0.32528 279.37277 -6.06107 0.05455 5.2167 2.24979 0.0529952 4.54281e-19 1.40644 3.30279e-13 1.76854
3.75449 9.05117 -0.01656 13.08904 Perseus 17.94826 12.07453 -0.05287 273.05247 -18.49941 0.04177 9.7990 2.49355 0.226192 5.52068e-20 0.170919 3.17394e-14 0.169954
-3.41681 10.72553 0.07459 16.66490 Perseus 19.52693 -10.07753 0.21886 259.59170 -37.25271 0.04888 11.2566 1.9277 0.347641 4.79458e-20 0.148439 3.52558e-14 0.188784
-2.42667 -3.82801 0.01622 4.82473 Perseus 5.26464 -27.44779 0.17651 243.93643 -50.55872 0.05249 4.5324 1.97458 0.431556 1.46455e-21 0.0045342 1.00265e-15 0.00536886
-6.39795 15.55615 -0.00755 13.57501 Norma 24.89241 -14.89356 -0.01739 256.16039 -41.27787 0.03123 16.8204 1.82476 0.110606 1.47804e-21 0.00457597 1.37342e-15 0.00735423
-3.55250 -1.66300 -0.13190 28.84965 Norma 7.70598 -27.45636 -0.98074 245.21069 -51.39276 0.21442 3.9225 2.35078 0.246317 3.23905e-18 10.028 1.98601e-12 10.6344
-4.45367 -2.50226 0.03882 15.90130 Norma 7.47058 -36.59599 0.29775 231.86572 -56.24261 0.12191 5.1085 2.3604 0.487954 7.31393e-20 0.226438 4.02873e-14 0.215726
-2.78625 2.79849 0.00020 29.33605 Norma 11.63697 -13.85295 0.00100 256.97036 -40.43647 0.14438 3.9490 1.69989 0.368637 1.41803e-20 0.0439018 1.18232e-14 0.0633093
-4.50274 -3.47713 0.04244 28.53985 Norma 6.74579 -41.87459 0.36046 223.31886 -58.86972 0.24231 5.6890 2.10527 0.197003 1.71752e-20 0.0531741 1.24315e-14 0.0665666
-0.43642 7.84992 0.03424 10.36193 "Carina Sagittarius" 16.35578 -1.52900 0.11993 265.36511 -30.17474 0.03628 7.8620 2.19975 0.248774 4.31912e-21 0.0133719 2.87156e-15 0.0153763
7.83731 -0.02334 0.04419 24.98840 Perseus 11.54466 42.75572 0.21934 287.17708 8.83521 0.12397 7.8373 2.02884 0.459826 5.27039e-21 0.016317 3.45724e-15 0.0185124
-7.09722 9.76910 -0.02544 12.35613 Perseus 19.59927 -21.23026 -0.07438 250.67378 -46.22687 0.03611 12.0750 2.07563 0.243394 2.70375e-21 0.00837073 1.93671e-15 0.0103704
-8.36056 -10.60678 0.04598 20.42894 "Carina Sagittarius" 8.62204 -104.14355 0.30552 126.15480 -37.13337 0.13570 13.5057 2.26555 0.0290431 4.08593e-20 0.126499 2.99025e-14 0.160118
4.38389 -0.63559 0.00513 11.79958 "Carina Sagittarius" 9.00375 29.13678 0.03266 281.09784 -3.36220 0.07506 4.4297 2.39881 0.102349 2.85973e-21 0.00885366 1.84273e-15 0.00986722
-6.61801 5.23707 -0.00276 8.31026 "Carina Sagittarius" 15.24812 -25.72303 -0.01035 246.05102 -49.47979 0.03121 8.4395 1.92655 0.0018761 4.75225e-20 0.147128 4.51353e-14 0.241685
-0.05413 -3.39185 0.02154 18.63482 "Carina Sagittarius" 5.10848 -0.60713 0.24158 265.80564 -29.32719 0.20892 3.3923 2.21347 0.240113 1.41448e-18 4.37919 9.3759e-13 5.0205
1.20015 -6.63773 -0.15762 25.96886 Norma 2.22109 32.79999 -4.06944 286.42259 -1.97155 0.66964 6.7454 1.80021 0.486703 4.32515e-18 13.3906 3.17014e-12 16.9751
3.65497 -4.00848 -0.07933 28.84017 Perseus 5.79127 39.13694 -0.78490 286.39818 5.16017 0.28522 5.4246 2.18436 0.401236 5.10717e-20 0.158117 3.17491e-14 0.170006
4.29521 2.68677 -0.02688 10.08815 "Carina Sagittarius" 11.98305 21.00451 -0.12850 277.47363 -10.65869 0.04822 5.0663 2.1848 0.0206446 8.69281e-21 0.0269127 6.7494e-15 0.0361409
-6.06142 3.33186 0.16841 21.34763 "Crux Scutum" 13.29519 -27.12592 0.72577 243.70632 -49.93934 0.09196 6.9168 1.9592 0.465433 2.56003e-20 0.0792579 1.73795e-14 0.0930615
-10.50947 2.84280 -0.06375 25.28496 "Carina Sagittarius" 15.46325 -42.81611 -0.23620 222.18282 -59.82212 0.09365 10.8872 2.16578 0.0556582 4.63217e-22 0.00143411 3.54877e-16 0.00190025
0.20900 2.63454 -0.02070 8.71506 Perseus 11.13652 1.07536 -0.10649 267.14298 -28.07180 0.04482 2.6428 2.51608 0.0114986 7.65996e-21 0.0237151 4.86466e-15 0.0260487
10.07569 -8.04336 -0.11408 16.82493 "Crux Scutum" 10.08668 87.40507 -0.64804 316.12260 45.98082 0.09553 12.8924 2.22518 0.105798 2.25067e-19 0.696802 1.6042e-13 0.858998
