sky_model/pwn/ctadc_skymodel_gps_sources_pwn.ecsv
# %ECSV 0.9
# ---
# datatype:
# - {name: galactocentric_x, unit: kpc, datatype: float64, format: '%.5f', description: Galactocentric
#     x coordinate}
# - {name: galactocentric_y, unit: kpc, datatype: float64, format: '%.5f', description: Galactocentric
#     y coordinate}
# - {name: galactocentric_z, unit: kpc, datatype: float64, format: '%.5f', description: Galactocentric
#     z coordinate}
# - {name: spiralarm, datatype: string}
# - {name: GLON, unit: deg, datatype: float64, format: '%.5f', description: Galactic
#     longitude}
# - {name: GLAT, unit: deg, datatype: float64, format: '%.5f', description: Galactic
#     latitude}
# - {name: RA, unit: deg, datatype: float64, format: '%.5f'}
# - {name: DEC, unit: deg, datatype: float64, format: '%.5f'}
# - {name: distance, unit: kpc, datatype: float64, format: '%.5f'}
# - {name: sigma, unit: deg, datatype: float64, format: '%.5f', description: Angular
#     size}
# - {name: size_physical, unit: pc, datatype: float64, format: '%.5f', description: Physical
#     size}
# - {name: spec_alpha, datatype: float64, format: '%5g', description: Spectral model
#     parameter (log parabola)}
# - {name: spec_beta, datatype: float64, format: '%5g', description: Spectral model
#     parameter (log parabola)}
# - {name: spec_norm, unit: 1 / (cm2 MeV s), datatype: float64, format: '%5g', description: Spectral
#     model norm parameter (log parabola)}
# - {name: spec_norm_cu, unit: '%', datatype: float64, format: '%5g', description: Spectral
#     model norm parameter (log parabola) in crab units}
# - {name: int_flux_above_1TeV, unit: 1 / (cm2 s), datatype: float64, format: '%5g',
#   description: 'Integral flux above 1 TeV '}
# - {name: int_flux_above_1TeV_cu, unit: '%', datatype: float64, format: '%5g', description: Integral
#     flux above 1 TeV in crab units}
# - {name: source_name, datatype: string, description: source name}
# - {name: galactocentric_r, unit: kpc, datatype: float64, format: '%0.4f', description: Galactocentric
#     radius in the xy plan}
galactocentric_x galactocentric_y galactocentric_z spiralarm GLON GLAT RA DEC distance sigma size_physical spec_alpha spec_beta spec_norm spec_norm_cu int_flux_above_1TeV int_flux_above_1TeV_cu source_name galactocentric_r
[from data line 638]
10.09595 2.46709 -0.00355 Norma 42.63167 -0.01365 287.32839 8.61772 14.90655 0.04962 12.90959 1.50322 0.339898 9.73134e-21 0.030128 9.43641e-15 0.050529 pwn_638 10.3930
0.40151 -2.48864 0.02966 "Crux Scutum" 3.82124 0.28209 268.34302 -25.51374 6.02483 0.12559 13.20604 1.63783 0.133363 2.57234e-20 0.079639 2.69646e-14 0.144387 pwn_639 2.5208
0.14536 10.22535 0.06849 Perseus 0.44475 0.20957 266.46510 -28.44736 18.72604 0.01359 4.44101 2.19421 0.324831 9.25709e-21 0.0286597 5.93562e-15 0.0317834 pwn_640 10.2264
4.07810 2.34373 -0.02679 "Carina Sagittarius" 20.61025 -0.13247 277.29102 -11.00981 11.58525 0.08055 16.28807 2.21186 0.237434 1.94434e-19 0.601961 1.29185e-13 0.691745 pwn_641 4.7036
4.46468 -0.49110 -0.06756 "Carina Sagittarius" 29.13812 -0.42215 281.50382 -3.56868 9.16953 0.02660 4.25726 2.36589 0.202771 1.0803e-19 0.334459 6.71508e-14 0.359571 pwn_642 4.4916
4.97251 -6.43001 0.07405 Norma 67.39869 0.78770 299.46185 30.65653 5.38667 0.28557 26.84813 2.08342 0.451401 2.29246e-19 0.70974 1.46732e-13 0.785701 pwn_643 8.1284
-2.34249 -1.20922 0.08638 "Carina Sagittarius" -17.81191 0.64630 253.01057 -43.15328 7.65834 0.02440 3.26132 1.6499 0.398952 3.86144e-20 0.119549 3.25802e-14 0.174456 pwn_644 2.6362
1.69070 3.94067 -0.09932 "Crux Scutum" 7.73913 -0.45324 271.17986 -22.48443 12.55542 0.06531 14.31080 1.85445 0.467304 3.9427e-22 0.00122065 2.83191e-16 0.0015164 pwn_645 4.2880
10.39961 2.42714 -0.08033 Norma 43.58304 -0.30512 288.03514 9.32674 15.08512 0.03650 9.61009 2.34565 0.418326 4.9929e-19 1.54579 2.84454e-13 1.52316 pwn_646 10.6791
-9.17026 -15.78510 -0.08320 Perseus -128.46456 -0.40702 111.21172 -16.68763 11.71210 0.02892 5.91151 2.14215 0.0209053 8.86962e-19 2.74601 7.08716e-13 3.79495 pwn_647 18.2555
3.19913 -2.25586 -0.08947 "Carina Sagittarius" 27.12795 -0.73062 280.85831 -5.49779 7.01653 0.19459 23.83028 2.29495 0.303265 8.33802e-21 0.0258143 5.12237e-15 0.0274286 pwn_648 3.9145
3.37002 0.79146 0.05790 "Crux Scutum" 19.93574 0.33565 276.54872 -11.38912 9.88390 0.12676 21.86721 2.23044 0.348818 1.50991e-19 0.467463 9.38953e-14 0.502779 pwn_649 3.4617
