sky_model/pwn/ctadc_skymodel_gps_sources_composite.ecsv
# %ECSV 0.9
# ---
# datatype:
# - {name: galactocentric_x, unit: kpc, datatype: float64, format: '%.5f', description: Galactocentric
#     x coordinate}
# - {name: galactocentric_y, unit: kpc, datatype: float64, format: '%.5f', description: Galactocentric
#     y coordinate}
# - {name: galactocentric_z, unit: kpc, datatype: float64, format: '%.5f', description: Galactocentric
#     z coordinate}
# - {name: size_physical, unit: pc, datatype: float64, format: '%.5f', description: physical
#     size}
# - {name: type, datatype: string, description: type of PWN}
# - {name: distance, unit: kpc, datatype: float64, format: '%.5f', description: Distance
#     observer to source center}
# - {name: GLON, unit: deg, datatype: float64, format: '%.5f', description: Galactic
#     longitude}
# - {name: GLAT, unit: deg, datatype: float64, format: '%.5f', description: Galactic
#     latitude}
# - {name: RA, unit: deg, datatype: float64, format: '%.5f'}
# - {name: DEC, unit: deg, datatype: float64, format: '%.5f'}
# - {name: sigma, unit: deg, datatype: float64, format: '%.5f'}
# - {name: galactocentric_r, unit: kpc, datatype: float64, format: '%0.4f', description: Galactocentric
#     radius in the xy plan}
# - {name: spec_alpha, datatype: float64, format: '%5g', description: Spectral model
#     parameter (log parabola)}
# - {name: spec_beta, datatype: float64, format: '%5g', description: Spectral model
#     parameter (log parabola)}
# - {name: spec_norm, unit: 1 / (cm2 MeV s), datatype: float64, format: '%5g', description: Spectral
#     model norm parameter (log parabola)}
# - {name: spec_norm_cu, unit: '%', datatype: float64, format: '%5g', description: Spectral
#     model norm parameter (log parabola) in crab units}
# - {name: int_flux_above_1TeV, unit: 1 / (cm2 s), datatype: float64, format: '%5g',
#   description: 'Integral flux above 1 TeV '}
# - {name: int_flux_above_1TeV_cu, unit: '%', datatype: float64, format: '%5g', description: Integral
#     flux above 1 TeV in crab units}
# - {name: luminosity, unit: erg / s, datatype: float64, description: Intrinsic source
#     luminosity}
# - {name: skip, datatype: int64, description: 'skip boolean: 0 take, 1 skip'}
# - {name: source_name, datatype: string, description: source name}
galactocentric_x galactocentric_y galactocentric_z size_physical type distance GLON GLAT RA DEC sigma galactocentric_r spec_alpha spec_beta spec_norm spec_norm_cu int_flux_above_1TeV int_flux_above_1TeV_cu luminosity skip source_name
[from data line 163]
4.11218 1.79011 0.00901 21.44413 composite 11.08136 21.78286 0.04659 277.68241 -9.88780 0.11083 4.4849 2.13578 0.154111 9.79095e-19 3.03125 7.14708e-13 3.82703 6.03827909958e+34 0 composite_163
14.64080 0.54106 0.01201 23.12220 composite 17.20738 58.30363 0.03999 295.02368 22.43706 0.07696 14.6508 1.83067 0.133312 8.0589e-20 0.249502 7.31487e-14 0.391688 1.70885451913e+34 0 composite_164
-0.58815 3.47072 0.02703 6.42313 composite 11.98519 -2.81282 0.12922 264.56193 -31.25710 0.03069 3.5202 2.07034 0.348952 5.43292e-20 0.168202 3.68107e-14 0.19711 6.77082831309e+33 0 composite_165
0.42414 -0.06632 0.45946 6.81511 composite 8.45683 2.87905 3.11442 265.12679 -24.85184 0.04616 0.4293 2.14095 0.215026 1.21896e-19 0.377387 8.54366e-14 0.457485 4.94651605805e+33 0 composite_166
10.05200 6.55870 -0.03604 6.54782 composite 18.10548 33.72395 -0.11405 283.32215 0.65287 0.02071 12.0025 2.22072 0.219381 2.02201e-20 0.062601 1.35008e-14 0.0722923 3.42199789547e+33 0 composite_167
1.09845 -0.19803 0.21922 14.67249 composite 8.37719 7.53714 1.49953 269.24159 -21.69162 0.10031 1.1162 2.33932 0.353097 1.59925e-19 0.495125 9.39114e-14 0.502865 6.67883461686e+33 0 composite_168
-7.75004 -1.01775 0.04805 15.55176 composite 10.77263 -46.00718 0.25556 215.88194 -60.62325 0.08268 7.8166 2.20665 0.322611 3.80808e-20 0.117897 2.42821e-14 0.130023 2.94097290922e+33 0 composite_169
-7.28056 -2.03754 0.12613 2.85994 composite 9.73580 -48.40671 0.74230 210.90197 -60.91000 0.01682 7.5603 2.29104 0.258083 6.95408e-20 0.215296 4.37623e-14 0.234333 3.37526365136e+33 0 composite_170
-0.51672 6.77177 0.20721 9.98744 composite 15.28191 -1.93786 0.77691 264.47004 -30.17140 0.03743 6.7915 2.10764 0.249997 2.44569e-20 0.0757178 1.71265e-14 0.0917068 3.66858084317e+33 0 composite_171
-6.94247 -3.94460 -0.09009 5.04430 composite 8.30408 -56.72855 -0.62161 193.62015 -63.49135 0.03479 7.9848 2.1759 0.308979 1.87833e-19 0.581525 1.22603e-13 0.656499 8.70754614235e+33 0 composite_172
0.90030 6.47286 -0.00300 6.34716 composite 14.99990 3.44098 -0.01146 268.40965 -25.99035 0.02424 6.5352 2.06562 0.276208 1.52917e-19 0.473428 1.08093e-13 0.578801 2.49520569204e+34 0 composite_173
-7.04364 -4.28322 0.03003 4.27651 composite 8.20945 -59.09252 0.20959 188.45808 -62.59294 0.02984 8.2437 1.99546 0.156547 9.57926e-20 0.296572 7.63098e-14 0.408615 3.90379280549e+33 0 composite_174
-4.86107 -1.48527 0.10511 3.14781 composite 8.53507 -34.72120 0.70562 234.16521 -54.83244 0.02112 5.0829 2.01134 0.137731 2.95709e-19 0.915507 2.36287e-13 1.26524 1.22513919083e+34 0 composite_175
0.76913 -1.24051 0.17117 18.72755 composite 7.30213 6.04782 1.34320 268.57699 -23.05670 0.14689 1.4596 1.90234 0.221752 1.7162e-19 0.531333 1.38755e-13 0.742989 7.32311326231e+33 0 composite_176
3.00324 3.77848 -0.14414 21.61926 composite 12.64125 13.74434 -0.65332 274.44451 -17.31864 0.09795 4.8266 1.89473 0.248224 2.90509e-20 0.0899408 2.31812e-14 0.124128 4.01521434717e+33 0 composite_177
2.77915 -10.70800 -0.07808 5.93422 composite 3.55036 128.46670 -1.26016 24.37440 61.11565 0.09573 11.0628 1.90169 0.124661 3.36898e-19 1.04303 2.92872e-13 1.56824 2.71039957168e+33 0 composite_178
-0.92658 -5.86444 0.06306 10.87166 composite 2.79441 -19.37007 1.29308 250.94199 -43.92603 0.22282 5.9372 2.08604 0.260699 1.3781e-18 4.26656 9.71245e-13 5.2007 7.30368486016e+33 0 composite_179
3.67447 -3.87366 -0.07808 23.56117 composite 5.90854 38.45836 -0.75717 286.06101 4.57000 0.22839 5.3392 2.16674 0.390314 9.51867e-20 0.294696 6.00143e-14 0.321357 2.786522217e+33 0 composite_180
-9.50690 2.64068 0.01802 7.01115 composite 14.64569 -40.47579 0.07050 225.95679 -58.47019 0.02742 9.8668 1.91846 0.30946 2.70817e-20 0.0838442 2.04796e-14 0.109661 5.69874933916e+33 0 composite_181
0.45268 -3.49098 0.46547 3.48515 composite 5.05093 5.16396 5.28762 264.43271 -21.76820 0.03952 3.5202 1.81875 0.142771 4.51931e-19 1.39917 4.10495e-13 2.19807 8.57970349953e+33 0 composite_182
2.51640 0.95340 0.14114 4.66492 composite 9.78361 14.90591 0.82659 273.66363 -15.59281 0.02731 2.6910 2.27838 0.270874 2.62773e-19 0.813539 1.65431e-13 0.885827 1.34641070213e+34 0 composite_183
2.74820 -2.71571 0.25225 28.10900 composite 6.40892 25.41307 2.25570 277.40175 -5.64818 0.25120 3.8636 2.15698 0.341326 9.13143e-20 0.282707 5.92456e-14 0.317241 2.80757122549e+33 0 composite_184
-0.03328 -6.27881 -0.18919 19.12975 composite 2.22948 -0.85840 -4.86788 270.78362 -32.13258 0.49143 6.2789 2.24698 0.203098 1.3453e-18 4.16503 8.92994e-13 4.7817 3.22770044951e+33 0 composite_185
6.62496 -5.18796 0.14715 20.60819 composite 7.40820 63.43799 1.13815 296.79526 27.43567 0.15932 8.4146 2.21206 0.22868 2.26603e-19 0.701558 1.51266e-13 0.80998 6.6230844531e+33 0 composite_186
0.20180 -0.60810 -0.06006 8.50640 composite 7.89471 1.46476 -0.43589 267.68960 -27.90701 0.06171 0.6407 1.79923 0.100677 2.32376e-19 0.719429 2.21959e-13 1.18852 1.00495108082e+34 0 composite_187
1.83546 0.06706 -0.15015 18.91411 composite 8.76276 12.09259 -0.98181 273.92287 -18.92795 0.12362 1.8367 1.93614 0.360865 3.34869e-20 0.103675 2.43203e-14 0.130227 2.83083155768e+33 0 composite_188
3.17080 14.04090 0.06907 10.60554 composite 22.76293 8.00719 0.17385 270.73229 -21.94275 0.02668 14.3945 2.0023 0.241055 7.48126e-20 0.231618 5.6085e-14 0.300317 2.82194538958e+34 0 composite_189
5.31165 -8.72794 -0.07508 5.34731 composite 5.31707 92.45724 -0.80908 321.50781 49.51041 0.05760 10.2172 2.20468 0.176064 2.22204e-19 0.687938 1.53511e-13 0.822002 3.02623126226e+33 0 composite_190
-13.12210 3.97535 -0.04805 2.61295 composite 18.10597 -46.44734 -0.15205 215.32068 -61.15742 0.01000 13.7111 1.68258 0.159282 9.17238e-21 0.0283975 9.07368e-15 0.0485866 2.82648636963e+33 0 composite_191
-2.68159 -1.41637 -0.09009 15.19035 composite 7.57475 -20.73474 -0.68146 251.80634 -46.24738 0.11486 3.0327 2.30443 0.228155 9.84552e-20 0.304815 6.24548e-14 0.334426 2.67040595288e+33 0 composite_192
10.68610 3.17664 -0.09009 14.40799 composite 15.82861 42.46379 -0.32611 287.53032 8.32459 0.05213 11.1483 2.19098 0.167034 2.92412e-20 0.0905301 2.04769e-14 0.109647 3.52537821133e+33 0 composite_193
-0.72350 4.66647 0.47748 4.06096 composite 13.19498 -3.14525 2.07379 262.44902 -30.48066 0.01763 4.7222 1.85759 0.369034 3.56714e-20 0.110438 2.69994e-14 0.144573 7.92762765723e+33 0 composite_194
10.66470 1.09875 0.11111 14.19007 composite 14.34866 48.01124 0.44368 289.46037 13.59514 0.05664 10.7212 2.30742 0.168022 8.69911e-20 0.269322 5.6898e-14 0.304671 7.49557099618e+33 0 composite_195
0.97348 2.96223 0.09009 8.67522 composite 11.50385 4.85445 0.44870 268.76166 -24.53837 0.04319 3.1181 2.22782 0.22073 7.64065e-20 0.236553 5.07733e-14 0.271875 5.18761463765e+33 0 composite_196
-3.42426 10.51950 -0.05405 6.12043 composite 19.32537 -10.20616 -0.16025 259.88934 -37.57579 0.01814 11.0628 1.71259 0.142235 3.48209e-20 0.107805 3.41955e-14 0.183106 1.12192479041e+34 0 composite_197
-0.66564 -3.80587 0.32432 4.99291 composite 4.75217 -8.07088 3.91329 257.35408 -33.46564 0.06018 3.8636 2.11648 0.135659 1.437e-18 4.44891 1.0746e-12 5.75415 1.60860808004e+34 0 composite_198
-5.62992 -6.48178 -0.00901 1.39746 composite 5.98074 -70.27820 -0.08632 165.55008 -60.12609 0.01338 8.5854 2.34397 0.171319 2.01143e-19 0.622735 1.28653e-13 0.688895 2.90159729106e+33 0 composite_199
0.18253 0.57262 -0.54054 9.27178 composite 9.09054 1.15257 -3.40892 270.44489 -29.66950 0.05842 0.6010 2.1818 0.100892 7.14178e-20 0.221108 5.24659e-14 0.280938 2.52909306138e+33 0 composite_200
2.32472 2.64339 0.55255 8.00935 composite 11.39670 11.78396 2.77898 270.30414 -17.37369 0.04025 3.5202 2.40297 0.27959 5.71515e-20 0.17694 3.35784e-14 0.179802 3.44640272257e+33 0 composite_201
-4.60421 3.72799 0.10811 4.31981 composite 13.06653 -20.63288 0.47406 250.64504 -45.41616 0.01893 5.9242 2.28979 0.166685 1.85313e-19 0.573724 1.22522e-13 0.656065 1.34884326315e+34 0 composite_202
10.24170 -1.03635 0.02102 2.80473 composite 12.67276 53.91726 0.09504 292.69235 18.63187 0.01268 10.2940 2.1771 0.229444 3.97087e-20 0.122937 2.70283e-14 0.144728 3.5611388741e+33 0 composite_203
-3.78844 6.83715 -0.00901 6.37159 composite 15.79812 -13.87493 -0.03268 256.98849 -40.47425 0.02310 7.8166 2.45917 0.342589 1.6768e-19 0.519134 9.32761e-14 0.499464 2.06853382634e+34 0 composite_204
-0.33878 7.46201 0.30931 25.29249 composite 15.96860 -1.21587 1.10988 264.59072 -29.38335 0.09072 7.4697 1.98912 0.224735 1.47448e-20 0.0456496 1.12605e-14 0.0602966 2.68078559813e+33 0 composite_205
1.13599 3.87216 -0.30330 11.64708 composite 12.42790 5.24609 -1.39843 270.74107 -25.11991 0.05368 4.0354 2.19098 0.32953 2.88253e-20 0.0892425 1.84718e-14 0.0989107 3.08117067606e+33 0 composite_206
-2.16022 5.14576 0.14114 0.81014 composite 13.81641 -8.99567 0.58531 259.99198 -36.15651 0.01000 5.5808 2.30462 0.313633 2.95946e-20 0.0916242 1.80025e-14 0.0963976 3.21486338806e+33 0 composite_207
-4.41235 -2.15859 -0.04805 24.04639 composite 7.72558 -34.83018 -0.35636 235.11714 -55.75219 0.17827 4.9121 2.09532 0.358489 7.95025e-20 0.246138 5.28745e-14 0.283126 4.06767068746e+33 0 composite_208
-2.34582 0.83471 0.32432 26.16459 composite 9.63041 -14.10637 1.92989 254.77322 -39.46273 0.15561 2.4899 1.95438 0.218971 3.68869e-20 0.114201 2.89008e-14 0.154755 2.52569091636e+33 0 composite_209
3.92681 4.66272 -0.20120 5.44749 composite 13.73745 16.61132 -0.83919 276.02047 -14.87723 0.02271 6.0960 1.77998 0.322821 1.33411e-20 0.0413039 1.08963e-14 0.058346 3.17884770167e+33 0 composite_210
-0.57012 -5.99557 0.04505 24.80477 composite 2.56890 -12.82453 1.00483 256.72881 -39.01144 0.55302 6.0226 2.24529 0.268941 6.98306e-19 2.16194 4.47975e-13 2.39876 2.56622891339e+33 0 composite_211
-6.29793 9.81378 0.03003 12.85429 composite 19.36645 -18.97759 0.08884 252.57567 -44.40664 0.03801 11.6608 2.26332 0.256256 1.53815e-20 0.0476207 9.83488e-15 0.0526626 3.05057002835e+33 0 composite_212
1.98304 -10.53610 -0.04204 2.78066 composite 2.84252 135.75637 -0.84742 38.72723 59.42323 0.05603 10.7211 2.14369 0.180728 1.61195e-17 49.9057 1.15154e-11 61.6613 6.84152564014e+34 1 composite_213
-5.38607 -6.12535 0.13213 6.93751 composite 5.88780 -66.20793 1.28590 174.19224 -60.25409 0.06748 8.1566 2.05116 0.252554 1.73859e-19 0.538262 1.25669e-13 0.672917 4.21181074298e+33 0 composite_214
-8.48094 -4.34746 -0.12312 11.00590 composite 9.44379 -63.91215 -0.74699 177.74234 -62.81246 0.06675 9.5303 2.11059 0.116394 3.72572e-19 1.15347 2.83354e-13 1.51727 1.59705807659e+34 0 composite_215
1.67793 -10.58900 -0.09910 16.44586 composite 2.68127 141.22782 -2.11814 46.83453 55.84960 0.35130 10.7211 1.73287 0.134637 1.34649e-18 4.16871 1.31124e-12 7.02128 7.96579552563e+33 0 composite_216
-2.42757 6.88880 0.09910 32.74495 composite 15.57941 -8.96449 0.36446 260.23872 -36.25706 0.12038 7.3040 2.12883 0.243256 3.25222e-20 0.100688 2.25832e-14 0.120926 4.8495878594e+33 0 composite_217
4.60521 -6.52620 0.04204 32.73418 composite 5.01055 66.79995 0.48073 299.40330 29.98562 0.37417 7.9874 2.4477 0.189598 7.78823e-19 2.41122 4.66483e-13 2.49787 7.22729208387e+33 0 composite_218
3.36661 13.90740 -0.22823 17.99284 composite 22.66005 8.54452 -0.57709 271.72153 -21.84234 0.04548 14.3091 2.15653 0.371 7.34879e-21 0.0227517 4.70075e-15 0.025171 3.05218044068e+33 0 composite_219
-6.77440 2.71441 0.28829 6.76751 composite 13.10491 -31.13533 1.26053 238.36587 -52.19941 0.02958 7.2980 2.01947 0.386145 8.52714e-20 0.263998 5.82883e-14 0.312115 1.52060959499e+34 0 composite_220
-1.72450 -14.63490 0.02703 8.39290 composite 6.37273 -164.29950 0.24302 95.03195 15.40110 0.07543 14.7362 2.22948 0.363623 4.97533e-19 1.54035 3.07433e-13 1.64621 1.4410755537e+34 0 composite_221
2.64473 2.32319 0.21922 26.27758 composite 11.14379 13.73158 1.12719 272.80341 -16.47911 0.13505 3.5202 1.73068 0.112387 5.62689e-20 0.174207 5.60003e-14 0.299864 5.4702132827e+33 0 composite_222
3.58437 1.26641 -0.12012 13.92254 composite 10.40408 20.15364 -0.66152 277.55317 -11.65967 0.07664 3.8015 2.27051 0.345802 1.31897e-19 0.408351 8.04538e-14 0.430805 9.18899704083e+33 0 composite_223
7.22117 1.91078 0.15015 44.23954 composite 12.67092 34.74612 0.67897 283.08239 1.92418 0.19997 7.4697 2.07318 0.238058 5.43774e-20 0.168351 3.91319e-14 0.209539 5.7176386082e+33 0 composite_224
-0.09315 -2.51838 0.05405 25.53450 composite 5.98259 -0.89218 0.51765 265.36402 -29.42394 0.24445 2.5201 1.82645 0.114077 1.12604e-19 0.34862 1.04193e-13 0.557922 2.77833126429e+33 0 composite_225
10.19900 -0.44197 -0.15916 10.40995 composite 12.99911 51.68843 -0.70154 292.30428 16.29413 0.04587 10.2086 2.23186 0.135397 3.84187e-20 0.118943 2.67677e-14 0.143332 2.79560095869e+33 0 composite_226
2.73974 5.07390 0.03604 1.52327 composite 13.84768 11.41120 0.14912 272.52806 -18.98335 0.01000 5.7663 2.24118 0.338341 2.16375e-20 0.0669891 1.34464e-14 0.0720009 2.73290446626e+33 0 composite_227
-0.39385 10.72510 0.13814 7.76924 composite 19.22963 -1.17361 0.41160 265.29637 -29.71887 0.02314 10.7323 2.21662 0.245187 1.6948e-20 0.0524705 1.11836e-14 0.0598845 3.43902083657e+33 0 composite_228
0.41316 6.17967 -0.00901 10.43903 composite 14.68549 1.61217 -0.03515 267.38639 -27.57490 0.04071 6.1935 2.16694 0.276991 3.65463e-20 0.113146 2.43754e-14 0.130523 4.970610776e+33 0 composite_229
-2.29951 7.02255 0.03904 16.48033 composite 15.69200 -8.42651 0.14255 260.84273 -35.94009 0.06015 7.3894 1.9734 0.106103 3.32047e-20 0.102801 2.78709e-14 0.14924 4.56879799238e+33 0 composite_230
-8.63958 8.81688 0.02703 22.46991 composite 19.35245 -26.51511 0.08003 245.08671 -49.97680 0.06650 12.3442 1.82459 0.111124 1.11653e-20 0.0345676 1.03717e-14 0.0555371 2.8707846173e+33 0 composite_231
0.23465 -1.47645 0.08408 1.85115 composite 7.02797 1.91348 0.68548 266.86678 -26.94501 0.01509 1.4950 1.98262 0.228486 2.47419e-19 0.766002 1.89257e-13 1.01341 8.87242249246e+33 0 composite_232
-1.28724 0.68806 -0.37237 11.18462 composite 9.28526 -7.97519 -2.29837 263.68071 -36.91379 0.06899 1.4596 1.89412 0.251454 8.53949e-20 0.26438 6.802e-14 0.364225 6.42646617959e+33 0 composite_233
4.92211 1.57626 0.02703 6.26274 composite 11.21423 26.03485 0.13810 279.57903 -6.07187 0.03199 5.1683 2.3068 0.147674 7.99158e-20 0.247417 5.28946e-14 0.283234 4.05338681514e+33 0 composite_234
0.60402 -0.72604 -0.38739 23.45702 composite 7.80701 4.44283 -2.84423 271.70619 -26.52703 0.17209 0.9444 1.82866 0.211474 5.23399e-20 0.162043 4.47508e-14 0.239626 2.76687190037e+33 0 composite_235
-9.11519 3.79525 0.36937 3.38153 composite 15.31001 -36.55171 1.38246 230.86242 -55.31513 0.01265 9.8737 1.88319 0.101084 6.03328e-20 0.186789 5.41738e-14 0.290083 8.78541339529e+33 0 composite_236
9.98388 -1.67322 0.03904 13.28197 composite 12.09481 55.63645 0.18494 293.48857 20.18098 0.06290 10.1231 2.11777 0.140004 3.57258e-20 0.110606 2.6617e-14 0.142526 2.6090140891e+33 0 composite_237
2.63630 -6.99454 -0.18619 9.59782 composite 3.04157 60.27146 -3.50956 299.41122 22.33731 0.18073 7.4749 1.92593 0.107498 1.26569e-18 3.91854 1.09675e-12 5.87274 6.97522420929e+33 0 composite_238
-1.94133 2.29381 -0.23423 17.62886 composite 10.96950 -10.19597 -1.22352 261.00503 -38.17167 0.09204 3.0051 2.04961 0.364085 1.90935e-19 0.591131 1.29834e-13 0.695222 2.14226611743e+34 0 composite_239
0.68812 6.92822 0.05105 3.54654 composite 15.44364 2.55378 0.18940 267.71250 -26.65143 0.01315 6.9623 1.74709 0.118414 1.51353e-20 0.0468584 1.47958e-14 0.0792266 2.80170681216e+33 0 composite_240
3.02402 4.08550 -0.01201 24.63111 composite 12.94371 13.51080 -0.05316 273.77531 -17.23862 0.10899 5.0829 2.16855 0.26817 1.53845e-19 0.476301 1.03004e-13 0.551556 1.58892378796e+34 0 composite_241
7.37889 2.82731 -0.09610 5.53148 composite 13.51907 33.08122 -0.40729 283.29003 -0.05285 0.02343 7.9020 2.19846 0.27556 2.30133e-20 0.0712487 1.50949e-14 0.0808283 2.53222944483e+33 0 composite_242
