sky_model/pwn/ctadc_skymodel_gps_sources_pwn.ecsv
# %ECSV 0.9
# ---
# datatype:
# - {name: x, unit: kpc, datatype: float64, description: Galactocentric x coordinate}
# - {name: y, unit: kpc, datatype: float64, description: Galactocentric y coordinate}
# - {name: z, unit: kpc, datatype: float64, description: Galactocentric z coordinate}
# - {name: spiralarm, datatype: string}
# - {name: GLON, unit: deg, datatype: float64, description: Galactic longitude}
# - {name: GLAT, unit: deg, datatype: float64, description: Galactic latitude}
# - {name: RA, unit: deg, datatype: float64}
# - {name: DEC, unit: deg, datatype: float64}
# - {name: distance, unit: pc, datatype: float64, description: Distance observer to
#     source center}
# - {name: sigma, unit: deg, datatype: float64, description: Angular extension (deg)}
# - {name: spec_alpha, datatype: float64, description: Spectral model parameter (log
#     parabola)}
# - {name: spec_beta, datatype: float64, description: Spectral model parameter (log
#     parabola)}
# - {name: spec_norm, unit: 1 / (cm2 MeV s), datatype: float64, description: Spectral
#     model norm parameter (log parabola)}
# - {name: spec_norm_cu, unit: '%', datatype: float64, description: Spectral model norm
#     parameter (log parabola) in crab units}
# - {name: int_flux_above_1TeV, unit: 1 / (cm2 s), datatype: float64, description: 'Integral
#     flux above 1 TeV '}
# - {name: int_flux_above_1TeV_cu, unit: '%', datatype: float64, description: Integral
#     flux above 1 TeV in crab units}
# - {name: source_name, datatype: string, description: source name}
x y z spiralarm GLON GLAT RA DEC distance sigma spec_alpha spec_beta spec_norm spec_norm_cu int_flux_above_1TeV int_flux_above_1TeV_cu source_name
[from data line 386]
-9.51004652107 2.51665183594 0.0172655344572 "Carina Sagittarius" -40.8021688212 0.0679722557838 225.411183136 -58.6298582319 14553.6215632 0.0880939865792 1.95305153435 0.345564443041 2.28623426894e-20 0.0707812467163 1.65844973718e-14 0.0888046785709 pwn_386
3.96010230801 -3.62606445659 -0.0191759221062 Perseus 39.0940690422 -0.17495323667 285.834135932 5.40186580022 6279.97019795 0.0392174190682 2.29764064251 0.259793220429 1.46724634504e-18 4.54255834377 9.19295887237e-13 4.92253542253 pwn_387
-5.09463005473 4.45176408204 0.0180782740791 "Crux Scutum" -21.4724008511 0.0744236008097 250.280933735 -46.3107025707 13917.750359 0.0491117596574 1.92092486647 0.402583194978 2.45123737853e-22 0.000758897021215 1.7551250579e-16 0.000939813327616 pwn_388
-14.6017785613 0.766676424039 0.137832628979 Perseus -57.5997035694 0.456635263341 191.711563794 -62.4103725447 17294.5721813 0.0892169366493 2.03311224511 0.331243400306 1.05964635688e-21 0.00328063887579 7.40032378451e-16 0.0039626366737 pwn_389
14.4302736803 -2.11360996443 0.0212553194076 "Crux Scutum" 66.1273097915 0.0771745237566 299.395760523 29.2012359234 15780.3430877 0.0141783695713 2.14565309268 0.0866324768379 4.05677975642e-20 0.125596896484 3.07986318151e-14 0.164916821864 pwn_390
5.27345961907 -6.6146689321 -0.00233320401833 Norma 70.3273628414 -0.0238704519496 302.10025947 32.7048077929 5600.34418883 0.0635727577815 1.98776210392 0.109816899824 1.40568481768e-18 4.3519653798 1.16501153187e-12 6.23826410288 pwn_391
-0.543119136989 -9.30895100931 -0.0167802880596 "Crux Scutum" -146.12310462 -0.986640740138 102.412112396 -1.29082849001 974.505880174 1.13573591012 2.09596455919 0.433847142861 4.26191310176e-18 13.1947774048 2.73214721214e-12 14.6297743937 pwn_392
-3.32176902985 -2.86601932874 0.072547613032 Norma -30.5234054109 0.635518845961 239.787406843 -52.285099047 6540.73014639 0.168557730015 2.34464159077 0.168480663387 3.99182105092e-21 0.012358579105 2.55617320185e-15 0.0136874898571 pwn_393
4.72746943819 0.456074894223 -0.100629156617 "Carina Sagittarius" 27.8273593346 -0.569301919608 281.035023586 -4.80197920032 10127.7031467 0.143581486629 2.2231805374 0.223820171312 8.90785676229e-21 0.027578503908 5.92486254562e-15 0.0317257437561 pwn_394
13.5184985733 8.08657330902 0.107027715894 "Crux Scutum" 39.1809501134 0.2865806844 285.461913356 5.69049472983 21398.0296463 0.0753769280805 2.24429095501 0.195567856062 2.3231345098e-21 0.0071923669034 1.55093891309e-15 0.00830478178341 pwn_395
-0.138886814144 1.14325452937 -0.0719735887792 "Carina Sagittarius" -0.825144467948 -0.427581650974 266.33010067 -29.8632270121 9644.5231952 0.0329384368596 1.90937086841 0.0260149060025 1.61471485228e-19 0.499911718971 1.51916914155e-13 0.813466481891 pwn_396
5.9609010838 -9.7147718142 0.0365157439488 "Crux Scutum" 101.518576514 0.343913868949 331.803567924 56.2299304082 6083.53069286 0.0837157214352 2.35584893048 0.352286858642 2.54558762286e-20 0.0788107623177 1.48311912492e-14 0.0794162851113 pwn_397
-7.48938075866 -0.109455371569 0.0443727058889 "Crux Scutum" -41.7520271225 0.226050074182 223.64834478 -58.9339618056 11246.9565771 0.0696772436455 2.30086870215 0.270037040393 1.00490631333e-20 0.0311116505675 6.25361330609e-15 0.0334860989214 pwn_398
-13.2032520919 3.2284116785 0.0226580761 Perseus -48.3854046329 0.0735107093713 211.331906552 -61.5463333912 17660.181757 0.01 2.40132575768 0.338070040907 2.33286280216e-19 0.722248545561 1.337123197e-13 0.71598670166 pwn_399
-1.63891915137 4.53168036514 -0.0303107541265 "Crux Scutum" -7.16812537826 -0.132224070452 261.988147191 -35.0515853011 13134.3697171 0.0152172286821 1.88209025034 0.139115694834 5.86260776332e-19 1.81504884313 5.10763789625e-13 2.73497671629 pwn_400
-3.1187822024 -3.37377395437 0.0459541226432 Norma -31.3162192106 0.438790521771 238.999950589 -52.9473934452 6000.59227729 0.0759279900508 2.048262421 0.203456954163 5.42008828575e-20 0.16780459089 4.04550230486e-14 0.216623708145 pwn_401
10.2406434627 8.40677578848 -0.00986267836048 Norma 31.2038085891 -0.0285884288794 282.096745631 -1.55099512171 19766.3841753 0.0440755647744 2.29006017074 0.0963248811358 5.73490038593e-20 0.17755109554 3.95315116965e-14 0.211678600257 pwn_402
-4.37461027214 -8.11860131198 0.0667684310913 "Crux Scutum" -85.0172891397 0.871117305707 144.473854573 -51.1836888239 4391.71242407 0.113047434698 1.91735546477 0.209841315719 2.83119387939e-21 0.00876530612815 2.28569077888e-15 0.0122391430009 pwn_403
6.52251724132 6.0498559498 0.121164513642 Perseus 24.1460929 0.435377982018 278.438288886 -7.61230564336 15945.4137658 0.0951320948288 2.03216325907 0.326745705899 2.26748168757e-20 0.0702006714419 1.58831339296e-14 0.085049101682 pwn_404
6.79231857378 -15.3642363947 -0.0224280516661 "Carina Sagittarius" 135.301726865 -0.133070325183 38.4418836851 60.2577479137 9656.80257161 0.0637086699395 2.67774172124 0.472344521596 1.05968148267e-18 3.28074762437 5.10663373569e-13 2.73443902043 pwn_405
1.893310396 -6.35739070918 0.051661936165 Norma 41.4653287634 1.03512210522 285.845233892 8.06391532052 2859.73211759 0.557805636252 2.68552830368 0.331728599943 3.57226324116e-18 11.0596385175 1.79748848323e-12 9.62497586807 pwn_406
-3.30837846191 -4.38579476898 0.0299234646387 Norma -38.8039966103 0.324747174006 228.44039 -57.4108435639 5279.4837005 0.31765572897 2.47198216495 0.262579864996 3.47735345429e-19 1.07658001681 1.98836204953e-13 1.06470427612 pwn_407
-4.47484323697 10.5723371344 -0.1989729477 Perseus -13.2041770366 -0.581917670454 258.091328841 -40.2608563311 19591.2698924 0.0418666437328 2.38157554087 0.208183611249 8.14529452304e-21 0.0252176301023 5.00676444451e-15 0.0268096220951 pwn_408
-2.99724847737 -3.49529406367 0.00504685569901 Norma -30.9168028127 0.0495688377842 239.923710568 -52.9859912709 5833.5756972 0.0782802162528 1.79422465515 0.0527748421305 3.3311256079e-20 0.103130823774 3.33885687975e-14 0.178785105966 pwn_409
3.95850430039 3.12072201927 -0.0425905368799 "Carina Sagittarius" 18.8109915972 -0.198774935119 276.495663687 -12.6333018807 12276.5121472 0.0457783104332 2.25376866943 0.238537148466 2.69582620981e-20 0.0834621117589 1.7487826546e-14 0.0936417173521 pwn_410
3.14692439832 -7.19629865375 0.00123892220191 Norma 67.4968518515 0.0208394282926 300.279106923 30.3374219731 3406.28417838 0.397242836505 1.99226502148 0.0775540465803 1.48642308835e-20 0.0460192906609 1.25953520332e-14 0.0674440812837 pwn_411
1.55276424262 -5.36220936451 0.0387921584329 Perseus 26.328925347 0.634833934075 279.271124608 -5.58259261462 3501.18718392 0.151977032515 1.78242843072 0.29109359154 1.85162359263e-21 0.00573258078213 1.54232720337e-15 0.00825866883245 pwn_412
5.6676882872 -2.81014784418 -0.0352530306657 Perseus 44.8881893026 -0.251504743627 288.601380675 10.5078947381 8031.08652999 0.0880499769338 1.94729824842 0.365123538805 1.64148398135e-19 0.50819937503 1.18170195789e-13 0.632763599551 pwn_413
-3.19057435596 1.1880419559 0.0218724526965 Perseus -18.228326147 0.122863708193 253.203692862 -43.8072938075 10199.9215715 0.0850095926579 2.13469952221 0.473247805844 2.15716844692e-20 0.0667854008336 1.33213060799e-14 0.0713313329943 pwn_414
-0.204849496409 7.09577766741 0.00158418390919 "Carina Sagittarius" -0.752532955909 0.00581947401061 265.948456104 -29.574690987 15597.1230321 0.0656958279843 1.93579332771 0.148426433844 4.85240280858e-21 0.015022918912 4.04561348455e-15 0.0216629661462 pwn_415
3.5351089205 2.04626972422 -0.0533431707483 "Crux Scutum" 18.5311483933 -0.274774717283 276.430693275 -12.9162719853 11123.1131285 0.153900061787 1.93476017229 0.198452769379 3.00884843603e-20 0.0931532023538 2.42099325858e-14 0.129636445007 pwn_416
3.41032710992 -4.27647154067 -0.018503128076 Perseus 38.9194613023 -0.195293107634 285.771931205 5.23735109438 5428.52337281 0.0856489256698 2.33761244953 0.0914759697627 1.90679701222e-18 5.90339632267 1.28141501693e-12 6.86156753159 pwn_417
-5.82105079814 -12.2204339696 0.0493888325498 "Carina Sagittarius" -122.584046462 0.409605035281 114.973727922 -21.4431004703 6908.59613624 0.0959391750253 2.14323194554 0.43897025494 6.84170286251e-19 2.11817426084 4.27054150704e-13 2.28673837593 pwn_418
-3.02483785056 -15.0157402753 -0.00657256092915 "Carina Sagittarius" -155.09759878 -0.0524219630723 99.1321361494 7.11719476468 7183.63129311 0.0716947366206 2.1700374239 0.412038612225 8.64402398139e-21 0.0267616841529 5.38683516541e-15 0.0288447792329 pwn_419
10.2571544128 1.6870996242 -0.00776213599569 Norma 45.1963303725 -0.0307641568924 288.54810895 10.8833098607 14456.3576205 0.0467169533254 2.13356171907 0.387479947337 1.83839420008e-21 0.00569162291046 1.18095981424e-15 0.00632366205366 pwn_420
-4.00446903931 -0.194026982741 -0.032815407183 Norma -25.7396084006 -0.203903827555 246.245972876 -49.6272338814 9220.9563984 0.0271614025175 1.89728905699 0.028645019275 4.99271657683e-21 0.0154573268632 4.72905061311e-15 0.0253225533598 pwn_421
6.01182940911 -10.6049998471 0.0138019589374 "Crux Scutum" 109.297343875 0.124149077253 344.744621113 59.9848570045 6369.71802315 0.105692119975 1.68882842461 0.278359720987 8.31713292234e-19 2.57496375305 7.437264332e-13 3.98241715527 pwn_422
4.24563577594 7.88449519877 -0.119666239576 Perseus 14.5272581751 -0.405081192393 274.603739612 -16.511597656 16926.0576056 0.0906989043348 2.19316941313 0.117506781018 1.29386810527e-19 0.400578360766 9.33486864278e-14 0.499852356534 pwn_423
-3.34125220464 -1.52472486759 -0.000729954155596 Perseus -25.5950583602 -0.00540755211007 246.183527516 -49.3850539666 7734.23751902 0.0741248996308 1.94788901036 0.0598425983612 7.31211636288e-20 0.226381311544 6.48857953387e-14 0.347442679129 pwn_424
-3.13056681585 7.38864315744 0.00111388651316 "Carina Sagittarius" -11.1463111914 0.003940998784 259.031856557 -38.2489754859 16194.1171792 0.0427945951662 1.49676531942 0.390806550092 4.04925829431e-20 0.12536403388 3.79644724086e-14 0.203287606117 pwn_425
-2.7974226144 -1.5899612914 0.0966748527356 Perseus -22.0398046434 0.74297665141 249.012219904 -46.2869325976 7455.43789895 0.218307512654 1.98222982261 0.105790687554 5.49204235165e-21 0.0170032270949 4.58312126136e-15 0.0245411483593 pwn_426
-1.72197844518 -5.23962909376 0.0980158885297 Norma -27.8409604569 1.52273242371 242.051017018 -49.8441599329 3688.47330562 0.345629569501 1.7723346176 0.250405849124 7.33179256222e-21 0.0226990481802 6.32660780398e-15 0.033876961109 pwn_427
-2.89005305739 -14.7402113039 -0.0314593087266 "Carina Sagittarius" -155.149548698 -0.262102993967 98.9204308725 7.06690583491 6877.03667867 0.135143164645 2.30959507029 0.2630481742 1.21872473626e-19 0.377314159832 7.5751074916e-14 0.405622775807 pwn_428
3.13757228737 -1.38841685813 -0.0155886810488 "Carina Sagittarius" 23.8066795361 -0.1149065396 278.773488453 -8.16707761063 7772.97997226 0.174260607626 2.25648756817 0.106641002019 8.14400488071e-19 2.52136374016 5.69180967104e-13 3.04778201589 pwn_429
2.63990439414 5.90132097752 -0.0372357975924 "Carina Sagittarius" 10.3875576297 -0.145714660557 272.276480133 -20.0218730386 14641.3294346 0.0196004803619 2.24906794345 0.246130583161 1.23948694547e-19 0.38374208838 8.02929040391e-14 0.429942817974 pwn_430
3.80983486394 -10.9212927799 -0.0486534183975 "Crux Scutum" 122.437487369 -0.617509609819 11.7975823917 62.2501601154 4514.40666882 0.186979028638 1.90048751455 0.0264099488 2.19711648487e-19 0.680221821942 2.08034006583e-13 1.11395556177 pwn_431
-7.33263405013 -3.86041999472 0.000442529029089 "Crux Scutum" -57.6772216591 0.00292204195934 191.52390657 -62.8625067785 8677.16687256 0.0321427228921 2.31946547456 3.62248192461e-05 8.97434601532e-20 0.277843529886 6.4753942923e-14 0.346736651618 pwn_432
3.15441952199 3.20544486804 0.0497833807168 "Crux Scutum" 15.081967448 0.235284586314 274.290687676 -15.7195635712 12123.129978 0.0385417061312 2.19589493494 0.440160965832 3.89848340951e-19 1.2069608079 2.36833874393e-13 1.26816964172 pwn_433
-4.67096694789 3.802132735 0.0048081721039 "Crux Scutum" -20.791147462 0.0209352583552 250.98528005 -45.8329987038 13159.043475 0.0241264437541 1.97704363847 0.207794351043 2.78696537076e-19 0.862837576085 2.16861220016e-13 1.16122246615 pwn_434
-2.1733977413 1.31320341001 0.00660115779085 Norma -12.4881063478 0.037629926715 257.989319629 -39.3172270643 10051.0030586 0.0673046940675 1.96399877036 0.453709899477 3.81969810485e-22 0.00118256907271 2.60128694685e-16 0.00139290595311 pwn_435
-10.3826247871 1.15079318731 0.0127543664103 "Carina Sagittarius" -47.0921155335 0.0515527414114 213.919195606 -61.1779583762 14175.2202554 0.0500070842544 2.36781244586 0.248153679864 7.02542374284e-22 0.00217505379035 4.26534808712e-16 0.00228395746569 pwn_436
-1.83608114175 -5.90317017696 0.00174684265931 Norma -35.2621121155 0.0314701972511 234.091266806 -55.695733517 3180.36509545 0.51321300568 1.95791878291 0.215554147294 4.85662327397e-20 0.150359853683 3.80531784182e-14 0.203762598423 pwn_437
-2.75977144494 -0.731103972534 0.0394972331052 Perseus -19.5567382177 0.274486311079 251.853258927 -44.7306810431 8244.61302581 0.062712915412 2.19109694206 0.147956070329 1.28306671639e-20 0.0397234277521 9.09052401273e-15 0.0486768483176 pwn_438
0.402093305326 -10.5957435061 0.0398834184218 "Crux Scutum" 169.139106761 1.07072150013 80.3640625604 38.633164347 2134.34077802 0.401556022535 2.41018709604 0.0408444687965 1.74626981317e-19 0.54064080903 1.15949573836e-13 0.620872879296 pwn_439
9.58861628236 0.887237564879 0.133434689296 Norma 45.6080209917 0.569726320896 288.200503293 11.5265880918 13419.3739096 0.10509634915 2.67280278767 0.154847324632 1.19797957907e-19 0.370891510547 6.50112327397e-14 0.348114356288 pwn_440
-4.38494713666 10.6775202213 -0.0191930101239 Perseus -12.8793000453 -0.0558994165201 257.787566035 -39.6880999319 19672.453116 0.0720421186351 2.59916193733 0.304235132587 7.33653230975e-21 0.0227137223212 3.87857475229e-15 0.0207685271653 pwn_441
0.674645569101 4.16121068134 0.00832253693531 "Crux Scutum" 3.05008928927 0.0376086208797 268.141324618 -26.3021049669 12679.1747297 0.103374049969 2.37024682926 0.381393173611 5.18275646257e-19 1.60456856426 2.96197921511e-13 1.58604512536 pwn_442
-4.31191696342 -2.94459550071 -0.00717024571138 Norma -37.8174043742 -0.0584185497795 230.365628135 -57.2129493526 7032.43901236 0.0790255548991 1.64822659453 0.270412758827 1.35621084687e-18 4.19879519155 1.2544725448e-12 6.71729921141 pwn_443
6.92218524892 0.328918054843 -0.0194590263395 Perseus 38.0977060403 -0.0993775587382 285.308706338 4.55071874476 11219.0383408 0.0796729622258 1.89328547117 0.379127921848 1.89386131464e-20 0.0586334772333 1.39561233841e-14 0.0747305766004 pwn_444
6.11187561456 6.6741789421 0.0240185297273 Perseus 21.9386544113 0.0841234311213 277.721837954 -9.7323241965 16358.8296337 0.0238320403358 1.93557384376 0.0788757958295 2.33844007192e-20 0.0723975254466 2.0602317492e-14 0.110318820141 pwn_445
4.58690656573 2.40411863773 0.0530770559651 "Carina Sagittarius" 22.8144538129 0.257072938315 277.976963407 -8.87585332416 11829.7224093 0.0332582315578 2.59594494977 0.29161996584 6.36803405543e-20 0.197152757134 3.38821067401e-14 0.181427843781 pwn_446
-9.38373091734 8.15630512518 0.0400195422582 Perseus -29.3957840236 0.119938386889 241.720501457 -51.9277240865 19117.7537361 0.0417065375225 1.89020461771 0.441301613513 2.11187373024e-21 0.00653830876235 1.50720542159e-15 0.00807060292536 pwn_447
-8.60479217905 -9.68563628276 -0.0939252278769 "Carina Sagittarius" -97.8452655066 -0.61953175894 130.060498365 -42.7529864983 8686.59909217 0.148679189477 2.21584991313 0.10898010382 1.16411378331e-19 0.360406744057 8.32802839714e-14 0.445939281943 pwn_448
6.14064758521 -2.39276210534 0.00201092104825 Perseus 45.1562906118 0.0133036223968 288.489433832 10.8683116516 8660.59533239 0.109167484558 2.13026011898 0.113834469196 7.9525011894e-19 2.46207467164 5.98313951861e-13 3.20377983055 pwn_449
