sky_model/pwn/ctadc_skymodel_gps_sources_pwn.ecsv
# %ECSV 0.9
# ---
# datatype:
# - {name: galactocentric_x, unit: kpc, datatype: float64, format: '%.5f', description: Galactocentric
#     x coordinate}
# - {name: galactocentric_y, unit: kpc, datatype: float64, format: '%.5f', description: Galactocentric
#     y coordinate}
# - {name: galactocentric_z, unit: kpc, datatype: float64, format: '%.5f', description: Galactocentric
#     z coordinate}
# - {name: physical_size, unit: pc, datatype: float64, format: '%.5f', description: physical
#     size}
# - {name: spiralarm, datatype: string}
# - {name: distance, unit: kpc, datatype: float64, format: '%.5f', description: Distance
#     observer to source center}
# - {name: GLON, unit: deg, datatype: float64, format: '%.5f', description: Galactic
#     longitude}
# - {name: GLAT, unit: deg, datatype: float64, format: '%.5f', description: Galactic
#     latitude}
# - {name: RA, unit: deg, datatype: float64, format: '%.5f'}
# - {name: DEC, unit: deg, datatype: float64, format: '%.5f'}
# - {name: size, unit: deg, datatype: float64, format: '%.5f'}
# - {name: galactocentric_r, unit: kpc, datatype: float64, format: '%0.4f', description: Galactocentric
#     radius in the xy plan}
# - {name: spec_alpha, datatype: float64, format: '%5g', description: Spectral model
#     parameter (log parabola)}
# - {name: spec_beta, datatype: float64, format: '%5g', description: Spectral model
#     parameter (log parabola)}
# - {name: spec_norm, unit: 1 / (cm2 MeV s), datatype: float64, format: '%5g', description: Spectral
#     model norm parameter (log parabola)}
# - {name: spec_norm_cu, unit: '%', datatype: float64, format: '%5g', description: Spectral
#     model norm parameter (log parabola) in crab units}
# - {name: int_flux_above_1TeV, unit: 1 / (cm2 s), datatype: float64, format: '%5g',
#   description: 'Integral flux above 1 TeV '}
# - {name: int_flux_above_1TeV_cu, unit: '%', datatype: float64, format: '%5g', description: Integral
#     flux above 1 TeV in crab units}
galactocentric_x galactocentric_y galactocentric_z physical_size spiralarm distance GLON GLAT RA DEC size galactocentric_r spec_alpha spec_beta spec_norm spec_norm_cu int_flux_above_1TeV int_flux_above_1TeV_cu
[from data line 594]
-9.01164 -8.74569 0.00931 25.87731 "Carina Sagittarius" 9.01499 -91.56173 0.05920 136.49298 -47.14243 0.16440 12.5577 1.82315 0.151104 4.24734e-22 0.00131497 3.81977e-16 0.00204537
3.73134 8.82680 -0.02040 14.19033 Perseus 17.72403 12.15310 -0.06595 273.10435 -18.43678 0.04585 9.5831 1.6646 0.338606 2.33954e-20 0.0724316 2.03611e-14 0.109027
0.68973 6.20745 -0.16789 6.44247 "Carina Sagittarius" 14.72457 2.68501 -0.65332 268.60014 -26.96728 0.02506 6.2457 2.10656 0.288932 1.58714e-20 0.0491373 1.08808e-14 0.058263
9.53078 -1.94706 0.18144 25.69730 Norma 11.56762 55.48933 0.89871 292.74639 20.39666 0.12723 9.7276 2.11276 0.165362 7.97156e-20 0.246798 5.85951e-14 0.313758
-6.67151 8.56920 -0.02780 4.61346 Perseus 18.32669 -21.34808 -0.08692 250.57523 -46.32382 0.01442 10.8600 2.55928 0.416739 1.13301e-21 0.00350777 5.85206e-16 0.00313359
-6.58401 5.17220 0.00276 12.45732 "Carina Sagittarius" 15.17492 -25.71370 0.01044 246.03829 -49.45855 0.04702 8.3726 2.12773 0.138135 1.12907e-20 0.0349556 8.36999e-15 0.0448186
0.00843 5.51504 0.14116 27.83293 "Crux Scutum" 14.01575 0.03448 0.57708 265.86441 -28.60499 0.11374 5.5150 2.0703 0.130274 3.77113e-20 0.116753 2.91511e-14 0.156095
2.09096 4.77431 -0.02065 28.94069 "Carina Sagittarius" 13.43800 8.95165 -0.08806 271.47618 -21.24835 0.12335 5.2121 1.7848 0.279974 1.98315e-20 0.0613978 1.662e-14 0.0889949
4.17506 3.75068 -0.00554 20.29524 "Carina Sagittarius" 12.94258 18.81924 -0.02454 276.34172 -12.54468 0.08981 5.6124 2.00821 0.239108 7.7425e-22 0.00239706 5.79048e-16 0.00310062
-4.99105 -1.66096 -0.00712 21.59350 Norma 8.46659 -36.12151 -0.04817 232.92226 -56.25887 0.14607 5.2602 1.96846 0.222986 1.28344e-19 0.397349 9.94025e-14 0.532269
3.25560 4.81483 0.04753 4.14627 "Carina Sagittarius" 13.70714 13.73976 0.19867 273.65817 -16.91721 0.01732 5.8122 1.98895 0.0778928 6.18553e-20 0.191502 5.25209e-14 0.281232
9.00280 -4.09737 -0.02666 16.89097 Norma 10.02169 63.94004 -0.15242 298.33332 27.21116 0.09653 9.8914 1.81222 0.252323 1.33766e-20 0.0414137 1.12264e-14 0.0601137
7.16494 4.88433 -0.02352 17.76544 Perseus 15.18148 28.16116 -0.08876 280.75926 -4.28548 0.06702 8.6714 2.2615 0.129509 3.36777e-20 0.104265 2.31362e-14 0.123887
-4.32231 -2.98507 -0.10486 12.18272 Norma 7.00770 -38.08750 -0.85738 230.75458 -58.03021 0.09957 5.2529 2.05727 0.19609 3.47912e-21 0.0107713 2.59462e-15 0.0138934
-2.53620 -0.81945 -0.13871 4.85211 Perseus 8.08965 -18.27378 -0.98250 254.36265 -44.53733 0.03435 2.6653 2.03989 0.366785 1.67914e-21 0.00519858 1.14634e-15 0.0061383
-0.77929 -2.18818 -0.06400 9.18051 "Carina Sagittarius" 6.36007 -7.03844 -0.57658 262.52843 -35.18933 0.08267 2.3228 1.58579 0.468431 3.8387e-20 0.118845 3.22608e-14 0.172746
-0.74773 4.75046 0.14814 12.66557 "Crux Scutum" 13.27237 -3.22979 0.63951 263.79604 -31.33426 0.05466 4.8089 2.24809 0.386931 5.23667e-21 0.0162126 3.17173e-15 0.0169836
-0.77747 -2.87510 -0.07590 14.74883 "Carina Sagittarius" 5.67889 -7.86954 -0.76581 262.15792 -35.98662 0.14875 2.9784 2.2461 0.202817 1.97709e-19 0.612102 1.31322e-13 0.703187
-7.07846 -0.19339 0.07772 18.95502 "Crux Scutum" 10.91377 -40.43589 0.40803 225.71197 -58.15557 0.09947 7.0811 1.84826 0.296517 1.74059e-19 0.538881 1.38543e-13 0.741852
-3.74121 11.54793 -0.05796 22.50457 Perseus 20.39411 -10.57058 -0.16285 259.62742 -37.87560 0.06320 12.1388 2.39704 0.373249 8.83727e-21 0.02736 5.00224e-15 0.0267854
0.22564 6.81943 -0.02420 11.57606 "Carina Sagittarius" 15.32111 0.84385 -0.09051 266.99187 -28.26181 0.04327 6.8232 1.69057 0.207111 1.98088e-23 6.13275e-05 1.8703e-17 0.000100149
7.52639 1.55862 -0.03744 11.88175 Perseus 12.56279 36.80580 -0.17077 284.78021 3.36913 0.05417 7.6861 2.09344 0.180124 2.53038e-20 0.0783401 1.86448e-14 0.0998367
-4.89580 -1.76145 0.14570 3.53167 Norma 8.33055 -35.99976 1.00216 232.04014 -55.32500 0.02428 5.2030 2.01864 0.0676216 3.07741e-20 0.095276 2.58062e-14 0.138184
-7.29153 -0.50477 0.06606 4.10362 "Crux Scutum" 10.82102 -42.36432 0.34978 222.47723 -59.09748 0.02172 7.3090 1.70485 0.36813 9.63567e-21 0.0298318 8.01155e-15 0.0428993
-1.05540 10.65013 0.01133 9.96119 Perseus 19.17920 -3.15448 0.03385 264.44202 -31.59675 0.02975 10.7023 2.15691 0.419254 7.40991e-20 0.229409 4.6338e-14 0.248125
14.33462 6.11566 0.05166 22.98661 "Crux Scutum" 20.47197 44.44380 0.14459 288.03506 10.29789 0.06431 15.5847 2.61077 0.158292 6.77961e-22 0.00209895 3.78884e-16 0.0020288
7.08190 4.94962 -0.05112 19.96447 Perseus 15.20027 27.76907 -0.19269 280.67216 -4.68172 0.07523 8.6401 2.12029 0.391754 2.65798e-20 0.0822903 1.71595e-14 0.0918834
-5.88708 -14.55265 0.08309 23.78430 "Carina Sagittarius" 8.44388 -135.79451 0.56384 108.56024 -9.75825 0.16133 15.6983 1.96109 0.305107 4.80026e-20 0.148615 3.54783e-14 0.189975
-1.30539 -1.01830 -0.08469 23.76082 "Carina Sagittarius" 7.59520 -9.89717 -0.63885 260.60783 -37.59476 0.17918 1.6556 2.23411 0.392042 1.70209e-20 0.0526963 1.03589e-14 0.0554686
-2.24709 -3.11594 -0.06395 26.12732 Perseus 5.83452 -22.65367 -0.62803 249.90304 -47.66065 0.25648 3.8417 2.13172 0.205669 4.89823e-19 1.51648 3.47122e-13 1.85873
2.00182 2.92842 0.08243 22.44862 "Crux Scutum" 11.60271 9.93522 0.40706 271.52797 -20.14827 0.11081 3.5472 2.10833 0.373788 2.48186e-19 0.768378 1.62659e-13 0.870987
14.81645 -0.38347 -0.02208 29.43329 "Crux Scutum" 16.89395 61.28585 -0.07487 296.75528 24.96559 0.09978 14.8214 1.97234 0.204255 2.58609e-20 0.0800646 2.02312e-14 0.108332
-8.91436 3.25660 -0.07247 27.26828 "Carina Sagittarius" 14.75428 -37.17098 -0.28142 231.58654 -57.04416 0.10585 9.4906 2.52659 0.044379 1.10658e-20 0.0342595 6.85317e-15 0.0366965
-3.21901 10.09427 0.01237 18.84136 Perseus 18.87085 -9.82160 0.03756 259.96253 -37.14727 0.05718 10.5951 2.23691 0.275289 3.03445e-21 0.00939459 1.94921e-15 0.0104374
-9.93064 -6.00242 0.02963 18.88026 "Carina Sagittarius" 10.23994 -75.88279 0.16578 156.25541 -57.25752 0.10560 11.6037 1.9414 0.227164 2.17957e-19 0.67479 1.71238e-13 0.916927
7.43648 4.55196 -0.01414 3.92521 Perseus 15.02182 29.67274 -0.05393 281.42011 -2.92493 0.01497 8.7190 2.0676 0.12644 1.05942e-19 0.327993 8.22577e-14 0.440464
-4.34792 -1.07984 0.02926 29.96022 Norma 8.60023 -30.36860 0.19494 240.45143 -52.51734 0.19952 4.4800 1.87774 0.446057 4.48136e-21 0.0138742 3.21263e-15 0.0172026
-0.69669 -7.26053 -0.01616 6.55255 Norma 1.42194 -29.34002 -0.65125 242.63674 -52.45914 0.26393 7.2939 1.91751 0.191427 1.43144e-19 0.443171 1.17062e-13 0.626828
-2.80034 7.28410 -0.01605 22.98937 "Carina Sagittarius" 16.03060 -10.06046 -0.05737 259.88836 -37.39743 0.08214 7.8038 1.90778 0.0195631 1.26328e-21 0.00391109 1.19712e-15 0.00641018
1.03470 -7.30777 -0.07065 25.16741 Norma 1.58019 40.95377 -2.56246 288.82438 5.95157 0.91219 7.3807 1.75971 0.191068 1.13021e-16 349.91 1.02931e-10 551.161
6.01814 -2.69306 0.13539 13.07247 Perseus 8.36402 46.02319 0.92753 288.07295 12.06023 0.08952 6.5932 2.33318 0.212255 8.75e-20 0.270898 5.50936e-14 0.295009
1.99567 4.16642 -0.00630 8.31501 "Crux Scutum" 12.82267 8.95369 -0.02813 271.42116 -21.21728 0.03714 4.6197 2.01269 0.430819 6.28851e-21 0.0194691 4.21887e-15 0.0225907
3.67564 -4.28496 0.01939 5.66652 Perseus 5.59261 41.08940 0.19867 286.42127 7.34621 0.05803 5.6455 2.26624 0.399592 4.90129e-19 1.51743 2.9255e-13 1.56651
5.97031 -5.81072 0.02391 23.21236 Norma 6.54808 65.75115 0.20920 299.04281 28.94871 0.20303 8.3312 1.89896 0.0999833 3.34198e-19 1.03467 2.96983e-13 1.59025
5.17505 0.59842 -0.06541 15.22165 "Carina Sagittarius" 10.46741 29.63057 -0.35802 281.67178 -3.10125 0.08329 5.2095 2.08189 0.419515 5.64252e-20 0.174691 3.66849e-14 0.196436
6.95282 -5.31399 0.03090 22.27038 Norma 7.64809 65.38120 0.23152 298.80225 28.64388 0.16677 8.7510 1.88669 0.123964 8.29966e-19 2.56955 7.29541e-13 3.90646
-0.21715 4.98426 0.03732 27.71601 "Crux Scutum" 13.48606 -0.92261 0.15854 265.69624 -29.63920 0.11771 4.9890 2.3159 0.170967 4.51263e-21 0.013971 2.93265e-15 0.0157034
-12.21909 3.84796 0.03835 6.95776 Perseus 17.37181 -44.69945 0.12649 218.44480 -60.26428 0.02294 12.8107 2.02547 0.0384092 2.903e-19 0.898762 2.48099e-13 1.32849
-10.85577 6.97432 0.10145 27.81762 Perseus 18.90271 -35.05099 0.30751 234.10719 -55.34833 0.08429 12.9031 1.88074 0.0276782 1.31121e-20 0.0405947 1.2589e-14 0.0674099
0.47705 7.26206 0.00406 14.11391 "Carina Sagittarius" 15.76927 1.73356 0.01476 267.40848 -27.44511 0.05126 7.2777 1.60749 0.34043 1.4292e-21 0.00442478 1.29006e-15 0.00690787
2.48381 -0.22871 -0.07380 11.24221 "Crux Scutum" 8.63649 16.71466 -0.48959 275.75115 -14.62215 0.07455 2.4943 2.1827 0.461671 8.53259e-20 0.264167 5.17001e-14 0.276838
-9.99830 -5.90359 -0.01071 28.46268 "Carina Sagittarius" 10.32993 -75.44270 -0.05941 156.72957 -57.68104 0.15781 11.6111 1.88748 0.246508 4.21193e-19 1.304 3.38035e-13 1.81007
13.12581 9.93844 -0.00533 29.74760 "Crux Scutum" 22.63323 35.44601 -0.01349 284.01846 2.23120 0.07528 16.4639 2.09527 0.422047 5.94006e-22 0.00183903 3.83031e-16 0.00205101
3.28251 0.79494 0.00178 8.37009 "Crux Scutum" 9.85753 19.45069 0.01034 276.61166 -11.96990 0.04863 3.3774 1.95248 0.396876 1.00871e-19 0.312295 7.11686e-14 0.381085
3.93485 -0.94730 -0.00519 20.73464 "Carina Sagittarius" 8.51623 27.51887 -0.03491 280.41653 -4.83204 0.13945 4.0473 2.38626 0.332339 1.57424e-20 0.0487381 9.11255e-15 0.0487948
5.03392 -9.66742 0.02685 5.87537 "Crux Scutum" 5.16758 103.05672 0.29765 334.14925 57.06983 0.06512 10.8995 2.26324 0.489114 3.88211e-20 0.120189 2.23681e-14 0.119774
