sky_model/pwn/ctadc_skymodel_gps_sources_composite.ecsv
# %ECSV 0.9
# ---
# datatype:
# - {name: galactocentric_x, unit: kpc, datatype: float64, format: '%.5f', description: Galactocentric
#     x coordinate}
# - {name: galactocentric_y, unit: kpc, datatype: float64, format: '%.5f', description: Galactocentric
#     y coordinate}
# - {name: galactocentric_z, unit: kpc, datatype: float64, format: '%.5f', description: Galactocentric
#     z coordinate}
# - {name: size_physical, unit: pc, datatype: float64, format: '%.5f', description: physical
#     size}
# - {name: type, datatype: string, description: type of PWN}
# - {name: distance, unit: kpc, datatype: float64, format: '%.5f', description: Distance
#     observer to source center}
# - {name: GLON, unit: deg, datatype: float64, format: '%.5f', description: Galactic
#     longitude}
# - {name: GLAT, unit: deg, datatype: float64, format: '%.5f', description: Galactic
#     latitude}
# - {name: RA, unit: deg, datatype: float64, format: '%.5f'}
# - {name: DEC, unit: deg, datatype: float64, format: '%.5f'}
# - {name: sigma, unit: deg, datatype: float64, format: '%.5f'}
# - {name: galactocentric_r, unit: kpc, datatype: float64, format: '%0.4f', description: Galactocentric
#     radius in the xy plan}
# - {name: spec_alpha, datatype: float64, format: '%5g', description: Spectral model
#     parameter (log parabola)}
# - {name: spec_beta, datatype: float64, format: '%5g', description: Spectral model
#     parameter (log parabola)}
# - {name: spec_norm, unit: 1 / (cm2 MeV s), datatype: float64, format: '%5g', description: Spectral
#     model norm parameter (log parabola)}
# - {name: spec_norm_cu, unit: '%', datatype: float64, format: '%5g', description: Spectral
#     model norm parameter (log parabola) in crab units}
# - {name: int_flux_above_1TeV, unit: 1 / (cm2 s), datatype: float64, format: '%5g',
#   description: 'Integral flux above 1 TeV '}
# - {name: int_flux_above_1TeV_cu, unit: '%', datatype: float64, format: '%5g', description: Integral
#     flux above 1 TeV in crab units}
# - {name: luminosity, unit: erg / s, datatype: float64, description: Intrinsic source
#     luminosity}
# - {name: skip, datatype: int64, description: 'skip boolean: 0 take, 1 skip'}
# - {name: source_name, datatype: string, description: source name}
galactocentric_x galactocentric_y galactocentric_z size_physical type distance GLON GLAT RA DEC sigma galactocentric_r spec_alpha spec_beta spec_norm spec_norm_cu int_flux_above_1TeV int_flux_above_1TeV_cu luminosity skip source_name
[from data line 164]
14.64080 0.54106 0.01201 16.67114 composite 17.20738 58.30363 0.03999 295.02368 22.43706 0.05549 14.6508 2.11359 0.391443 4.46393e-20 0.138202 2.8925e-14 0.154884 1.20478841281e+34 0 composite_164
-0.58815 3.47072 0.02703 6.28253 composite 11.98519 -2.81282 0.12922 264.56193 -31.25710 0.03002 3.5202 2.19594 0.317664 1.34953e-19 0.41781 8.67582e-14 0.464563 1.29400271558e+34 0 composite_165
0.42414 -0.06632 0.45946 5.26233 composite 8.45683 2.87905 3.11442 265.12679 -24.85184 0.03564 0.4293 2.0895 0.352263 3.40039e-19 1.05275 2.27588e-13 1.21866 2.06843279593e+34 0 composite_166
10.05200 6.55870 -0.03604 4.77091 composite 18.10548 33.72395 -0.11405 283.32215 0.65287 0.01509 12.0025 2.01501 0.332912 6.0815e-19 1.88282 4.28723e-13 2.29568 1.80053658264e+35 0 composite_167
1.09845 -0.19803 0.21922 12.19120 composite 8.37719 7.53714 1.49953 269.24159 -21.69162 0.08335 1.1162 1.81602 0.123173 3.46004e-19 1.07122 3.20107e-13 1.71407 1.73319885151e+34 0 composite_168
-7.75004 -1.01775 0.04805 11.62418 composite 10.77263 -46.00718 0.25556 215.88194 -60.62325 0.06180 7.8166 2.29856 0.289414 1.6082e-19 0.497895 9.92639e-14 0.531526 1.01354687684e+34 0 composite_169
-7.28056 -2.03754 0.12613 2.62555 composite 9.73580 -48.40671 0.74230 210.90197 -60.91000 0.01545 7.5603 1.67046 0.224182 1.91995e-19 0.59441 1.81354e-13 0.971094 2.06597254563e+34 0 composite_170
-0.51672 6.77177 0.20721 8.17156 composite 15.28191 -1.93786 0.77691 264.47004 -30.17140 0.03063 6.7915 2.38181 0.246749 1.01256e-19 0.313486 6.1068e-14 0.327 1.05398328873e+34 0 composite_171
-6.94247 -3.94460 -0.09009 4.87613 composite 8.30408 -56.72855 -0.62161 193.62015 -63.49135 0.03363 7.9848 2.2196 0.16644 4.4889e-19 1.38975 3.09172e-13 1.65552 1.43610213964e+34 0 composite_172
0.90030 6.47286 -0.00300 4.59862 composite 14.99990 3.44098 -0.01146 268.40965 -25.99035 0.01756 6.5352 2.082 0.108839 1.36865e-19 0.423731 1.066e-13 0.570809 1.51036314221e+34 0 composite_173
-7.04364 -4.28322 0.03003 3.45927 composite 8.20945 -59.09252 0.20959 188.45808 -62.59294 0.02413 8.2437 2.28007 0.369701 2.74728e-19 0.85055 1.64984e-13 0.883436 1.24686381796e+34 0 composite_174
-4.86107 -1.48527 0.10511 2.44008 composite 8.53507 -34.72120 0.70562 234.16521 -54.83244 0.01637 5.0829 2.11533 0.376838 3.06503e-19 0.948925 1.99829e-13 1.07002 1.95093549052e+34 0 composite_175
0.76913 -1.24051 0.17117 13.43540 composite 7.30213 6.04782 1.34320 268.57699 -23.05670 0.10538 1.4596 2.15592 0.322358 3.02731e-19 0.937247 1.98405e-13 1.0624 1.15372047599e+34 0 composite_176
3.00324 3.77848 -0.14414 15.79166 composite 12.64125 13.74434 -0.65332 274.44451 -17.31864 0.07155 4.8266 2.30309 0.323083 2.16505e-19 0.670293 1.31231e-13 0.702698 2.01651459761e+34 0 composite_177
2.77915 -10.70800 -0.07808 5.61695 composite 3.55036 128.46670 -1.26016 24.37440 61.11565 0.09061 11.0628 1.80069 0.350157 6.77563e-19 2.09772 5.36843e-13 2.87462 1.12983944816e+34 0 composite_178
-0.92658 -5.86444 0.06306 9.07051 composite 2.79441 -19.37007 1.29308 250.94199 -43.92603 0.18591 5.9372 2.29352 0.193552 3.91969e-18 12.1353 2.5478e-12 13.6426 1.36815207872e+34 1 composite_179
3.67447 -3.87366 -0.07808 17.36825 composite 5.90854 38.45836 -0.75717 286.06101 4.57000 0.16836 5.3392 2.08541 0.346025 3.80312e-19 1.17744 2.55935e-13 1.37045 1.11759413822e+34 0 composite_180
-9.50690 2.64068 0.01802 5.19771 composite 14.64569 -40.47579 0.07050 225.95679 -58.47019 0.02033 9.8668 1.75326 0.303 4.8394e-20 0.149827 4.07444e-14 0.218173 1.29146507574e+34 0 composite_181
0.45268 -3.49098 0.46547 2.80203 composite 5.05093 5.16396 5.28762 264.43271 -21.76820 0.03177 3.5202 1.97414 0.336277 6.07812e-18 18.8177 4.37846e-12 23.4453 1.50343561241e+35 1 composite_182
2.51640 0.95340 0.14114 3.34536 composite 9.78361 14.90591 0.82659 273.66363 -15.59281 0.01958 2.6910 2.13186 0.356081 2.72481e-19 0.843596 1.77887e-13 0.952527 2.10412938551e+34 0 composite_183
2.74820 -2.71571 0.25225 20.73978 composite 6.40892 25.41307 2.25570 277.40175 -5.64818 0.18534 3.8636 2.30071 0.367081 6.32447e-19 1.95804 3.76321e-13 2.01508 1.68780028676e+34 0 composite_184
-0.03328 -6.27881 -0.18919 14.26643 composite 2.22948 -0.85840 -4.86788 270.78362 -32.13258 0.36649 6.2789 2.41129 0.106331 1.01052e-17 31.2853 6.45074e-12 34.5416 1.67841787705e+34 1 composite_185
6.62496 -5.18796 0.14715 15.25206 composite 7.40820 63.43799 1.13815 296.79526 27.43567 0.11792 8.4146 2.02701 0.238545 4.09713e-19 1.26846 3.03041e-13 1.62269 1.5716449173e+34 0 composite_186
0.20180 -0.60810 -0.06006 6.19790 composite 7.89471 1.46476 -0.43589 267.68960 -27.90701 0.04496 0.6407 2.2389 0.384668 2.53839e-19 0.785878 1.54617e-13 0.827922 1.17450544228e+34 0 composite_187
1.83546 0.06706 -0.15015 14.80489 composite 8.76276 12.09259 -0.98181 273.92287 -18.92795 0.09677 1.8367 2.17911 0.273071 2.28698e-19 0.708043 1.51822e-13 0.812958 1.07924857416e+34 0 composite_188
3.17080 14.04090 0.06907 8.11339 composite 22.76293 8.00719 0.17385 270.73229 -21.94275 0.02041 14.3945 2.04892 0.314793 1.80971e-19 0.560281 1.26389e-13 0.676773 7.67804521578e+34 0 composite_189
5.31165 -8.72794 -0.07508 4.35389 composite 5.31707 92.45724 -0.80908 321.50781 49.51041 0.04690 10.2172 2.29315 0.20044 2.21319e-17 68.5199 1.43351e-11 76.7599 2.83645889405e+35 1 composite_190
-13.12210 3.97535 -0.04805 2.15336 composite 18.10597 -46.44734 -0.15205 215.32068 -61.15742 0.01000 13.7111 2.24426 0.127829 1.18054e-19 0.365494 8.20257e-14 0.439222 1.61942937104e+34 0 composite_191
-2.68159 -1.41637 -0.09009 10.88647 composite 7.57475 -20.73474 -0.68146 251.80634 -46.24738 0.08231 3.0327 2.13353 0.273005 2.72401e-19 0.843346 1.85527e-13 0.99344 1.0225525096e+34 0 composite_192
10.68610 3.17664 -0.09009 10.48861 composite 15.82861 42.46379 -0.32611 287.53032 8.32459 0.03795 11.1483 2.34251 0.228276 1.06508e-18 3.29745 6.61821e-13 3.54384 1.20321864353e+35 0 composite_193
-0.72350 4.66647 0.47748 3.05063 composite 13.19498 -3.14525 2.07379 262.44902 -30.48066 0.01324 4.7222 2.31775 0.107528 8.3584e-19 2.58774 5.62842e-13 3.01384 5.39909519258e+34 0 composite_194
10.66470 1.09875 0.11111 11.46049 composite 14.34866 48.01124 0.44368 289.46037 13.59514 0.04575 10.7212 2.14533 0.128736 2.02064e-19 0.625586 1.4908e-13 0.798277 1.96316202205e+34 0 composite_195
0.97348 2.96223 0.09009 6.92820 composite 11.50385 4.85445 0.44870 268.76166 -24.53837 0.03449 3.1181 1.73014 0.238887 1.61257e-19 0.499248 1.44416e-13 0.773299 2.30212426573e+34 0 composite_196
-3.42426 10.51950 -0.05405 5.59355 composite 19.32537 -10.20616 -0.16025 259.88934 -37.57579 0.01658 11.0628 1.76983 0.249769 3.56435e-20 0.110352 3.08228e-14 0.165046 1.39239448875e+34 0 composite_197
-0.66564 -3.80587 0.32432 3.79008 composite 4.75217 -8.07088 3.91329 257.35408 -33.46564 0.04568 3.8636 2.37155 0.249004 1.23097e-18 3.81105 7.45591e-13 3.9924 1.2607160628e+34 0 composite_198
-5.62992 -6.48178 -0.00901 1.09391 composite 5.98074 -70.27820 -0.08632 165.55008 -60.12609 0.01048 8.5854 2.25095 0.188532 9.72038e-19 3.00941 6.49042e-13 3.47541 1.62151825101e+34 0 composite_199
0.18253 0.57262 -0.54054 6.77805 composite 9.09054 1.15257 -3.40892 270.44489 -29.66950 0.04270 0.6010 2.09641 0.269275 1.88139e-19 0.582475 1.31157e-13 0.702305 1.06162887934e+34 0 composite_200
2.32472 2.64339 0.55255 6.15689 composite 11.39670 11.78396 2.77898 270.30414 -17.37369 0.03094 3.5202 2.10235 0.24661 2.11648e-19 0.655256 1.4896e-13 0.797634 1.76455339975e+34 0 composite_201
-4.60421 3.72799 0.10811 3.57295 composite 13.06653 -20.63288 0.47406 250.64504 -45.41616 0.01566 5.9242 1.96231 0.174521 1.21274e-19 0.37546 9.74722e-14 0.521932 1.36235237711e+34 0 composite_202
10.24170 -1.03635 0.02102 2.68415 composite 12.67276 53.91726 0.09504 292.69235 18.63187 0.01213 10.2940 2.45949 0.289215 1.57373e-19 0.487222 8.95015e-14 0.479252 1.11473173076e+34 0 composite_203
-3.78844 6.83715 -0.00901 5.76099 composite 15.79812 -13.87493 -0.03268 256.98849 -40.47425 0.02089 7.8166 2.28275 0.329102 6.84421e-20 0.211895 4.18053e-14 0.223854 1.03835552826e+34 0 composite_204
-0.33878 7.46201 0.30931 18.52246 composite 15.96860 -1.21587 1.10988 264.59072 -29.38335 0.06643 7.4697 1.97223 0.118062 7.49982e-20 0.232193 6.24231e-14 0.334256 1.09735109307e+34 0 composite_205
1.13599 3.87216 -0.30330 8.80775 composite 12.42790 5.24609 -1.39843 270.74107 -25.11991 0.04059 4.0354 2.18911 0.15475 1.7041e-19 0.527586 1.20371e-13 0.644549 1.23881298106e+34 0 composite_206
-2.16022 5.14576 0.14114 0.60409 composite 13.81641 -8.99567 0.58531 259.99198 -36.15651 0.01000 5.5808 2.06942 0.31325 7.9586e-20 0.246396 5.49856e-14 0.294431 1.20242682352e+34 0 composite_207
-4.41235 -2.15859 -0.04805 17.28726 composite 7.72558 -34.83018 -0.35636 235.11714 -55.75219 0.12816 4.9121 2.25025 0.220623 7.51955e-19 2.32803 4.93452e-13 2.64228 2.23692683071e+34 0 composite_208
-2.34582 0.83471 0.32432 18.69940 composite 9.63041 -14.10637 1.92989 254.77322 -39.46273 0.11121 2.4899 2.52329 0.275653 2.21403e-18 6.85457 1.22748e-12 6.57276 8.15058305583e+34 0 composite_209
3.92681 4.66272 -0.20120 4.42067 composite 13.73745 16.61132 -0.83919 276.02047 -14.87723 0.01843 6.0960 2.07116 0.257882 3.9133e-19 1.21155 2.78662e-13 1.49215 5.08306065467e+34 0 composite_210
-0.57012 -5.99557 0.04505 18.19732 composite 2.56890 -12.82453 1.00483 256.72881 -39.01144 0.40571 6.0226 1.60191 0.150967 2.2584e-18 6.99196 2.39421e-12 12.8202 1.5439728124e+34 1 composite_211
-6.29793 9.81378 0.03003 10.23033 composite 19.36645 -18.97759 0.08884 252.57567 -44.40664 0.03025 11.6608 2.29588 0.282154 6.79692e-20 0.210431 4.21598e-14 0.225752 1.36711272468e+34 0 composite_212
1.98304 -10.53610 -0.04204 2.67847 composite 2.84252 135.75637 -0.84742 38.72723 59.42323 0.05397 10.7211 2.33897 0.134477 3.44428e-18 10.6634 2.25495e-12 12.0745 1.05629618912e+34 1 composite_213
-5.38607 -6.12535 0.13213 5.04165 composite 5.88780 -66.20793 1.28590 174.19224 -60.25409 0.04904 8.1566 2.34196 0.342102 5.89176e-19 1.82407 3.47177e-13 1.85902 1.1800642218e+34 0 composite_214
-8.48094 -4.34746 -0.12312 8.59360 composite 9.44379 -63.91215 -0.74699 177.74234 -62.81246 0.05212 9.5303 2.023 0.250346 1.70651e-19 0.528332 1.25613e-13 0.672616 1.100620385e+34 0 composite_215
1.67793 -10.58900 -0.09910 12.62471 composite 2.68127 141.22782 -2.11814 46.83453 55.84960 0.26967 10.7211 1.81219 0.120265 2.78479e-18 8.62165 2.58997e-12 13.8685 1.42698186637e+34 1 composite_216
-2.42757 6.88880 0.09910 24.23950 composite 15.57941 -8.96449 0.36446 260.23872 -36.25706 0.08911 7.3040 2.09336 0.396038 5.67957e-20 0.175838 3.71173e-14 0.198751 1.31260220108e+34 0 composite_217
4.60521 -6.52620 0.04204 23.64551 composite 5.01055 66.79995 0.48073 299.40330 29.98562 0.27028 7.9874 2.02497 0.235136 7.06308e-19 2.18671 5.2417e-13 2.80676 1.2328732006e+34 0 composite_218
3.36661 13.90740 -0.22823 13.25157 composite 22.66005 8.54452 -0.57709 271.72153 -21.84234 0.03349 14.3091 2.15856 0.309966 1.26211e-19 0.390748 8.31225e-14 0.445095 4.47544011483e+34 0 composite_219
-6.77440 2.71441 0.28829 4.87343 composite 13.10491 -31.13533 1.26053 238.36587 -52.19941 0.02130 7.2980 2.26163 0.143526 1.41843e-19 0.439142 9.66174e-14 0.517355 1.02813185583e+34 0 composite_220
-1.72450 -14.63490 0.02703 6.65447 composite 6.37273 -164.29950 0.24302 95.03195 15.40110 0.05981 14.7362 2.23929 0.143436 1.37825e-18 4.26704 9.51339e-13 5.09412 2.42554168717e+34 0 composite_221
2.64473 2.32319 0.21922 19.03165 composite 11.14379 13.73158 1.12719 272.80341 -16.47911 0.09781 3.5202 2.23339 0.146886 2.23195e-19 0.691007 1.54278e-13 0.826111 1.21755217299e+34 0 composite_222
3.58437 1.26641 -0.12012 11.47718 composite 10.40408 20.15364 -0.66152 277.55317 -11.65967 0.06318 3.8015 1.77627 0.145785 1.31414e-19 0.406856 1.22762e-13 0.65735 1.13113985155e+34 0 composite_223
7.22117 1.91078 0.15015 31.68851 composite 12.67092 34.74612 0.67897 283.08239 1.92418 0.14324 7.4697 1.8443 0.141476 9.04134e-20 0.279918 8.07328e-14 0.432298 1.03974582024e+34 0 composite_224
-0.09315 -2.51838 0.05405 18.68380 composite 5.98259 -0.89218 0.51765 265.36402 -29.42394 0.17887 2.5201 2.11556 0.395643 3.15151e-19 0.975699 2.03587e-13 1.09014 1.0369604001e+34 0 composite_225
10.19900 -0.44197 -0.15916 8.45323 composite 12.99911 51.68843 -0.70154 292.30428 16.29413 0.03724 10.2086 2.26579 0.205638 1.75013e-19 0.541835 1.14783e-13 0.614625 1.40144171016e+34 0 composite_226
2.73974 5.07390 0.03604 1.09148 composite 13.84768 11.41120 0.14912 272.52806 -18.98335 0.01000 5.7663 1.70096 0.157541 6.28029e-20 0.194436 6.13765e-14 0.328651 1.0973755436e+34 0 composite_227
-0.39385 10.72510 0.13814 5.66040 composite 19.22963 -1.17361 0.41160 265.29637 -29.71887 0.01686 10.7323 1.99272 0.227364 3.91217e-20 0.12112 2.97596e-14 0.159353 1.03274051199e+34 0 composite_228
0.41316 6.17967 -0.00901 8.33818 composite 14.68549 1.61217 -0.03515 267.38639 -27.57490 0.03252 6.1935 2.33792 0.250805 1.45468e-19 0.450366 8.96056e-14 0.479809 1.48971471468e+34 0 composite_229
-2.29951 7.02255 0.03904 13.39642 composite 15.69200 -8.42651 0.14255 260.84273 -35.94009 0.04890 7.3894 2.22158 0.238185 8.32043e-20 0.257599 5.49595e-14 0.29429 1.10004224553e+34 0 composite_230
-8.63958 8.81688 0.02703 16.80267 composite 19.35245 -26.51511 0.08003 245.08671 -49.97680 0.04973 12.3442 2.24785 0.236854 1.03567e-19 0.320642 6.74646e-14 0.361251 2.00691775383e+34 0 composite_231
0.23465 -1.47645 0.08408 1.76882 composite 7.02797 1.91348 0.68548 266.86678 -26.94501 0.01441 1.4950 2.25216 0.316309 6.07939e-19 1.88216 3.79579e-13 2.03252 1.84727778139e+34 0 composite_232
-1.28724 0.68806 -0.37237 9.11721 composite 9.28526 -7.97519 -2.29837 263.68071 -36.91379 0.05624 1.4596 1.80741 0.302636 1.47618e-19 0.457022 1.20077e-13 0.642973 1.45323897062e+34 0 composite_233
4.92211 1.57626 0.02703 4.76352 composite 11.21423 26.03485 0.13810 279.57903 -6.07187 0.02433 5.1683 2.19055 0.198212 7.1176e-19 2.20359 4.89393e-13 2.62054 4.59376053694e+34 0 composite_234
0.60402 -0.72604 -0.38739 18.04755 composite 7.80701 4.44283 -2.84423 271.70619 -26.52703 0.13240 0.9444 1.8981 0.155263 4.47305e-19 1.38485 3.80618e-13 2.03809 1.87294752902e+34 0 composite_235
-9.11519 3.79525 0.36937 2.55243 composite 15.31001 -36.55171 1.38246 230.86242 -55.31513 0.01000 9.8737 2.39424 0.309818 2.11006e-19 0.65327 1.22854e-13 0.657841 2.47700553266e+34 0 composite_236
9.98388 -1.67322 0.03904 10.51545 composite 12.09481 55.63645 0.18494 293.48857 20.18098 0.04979 10.1231 1.91271 0.198079 1.67869e-19 0.519718 1.37064e-13 0.733933 1.82793690507e+34 0 composite_237
2.63630 -6.99454 -0.18619 7.10624 composite 3.04157 60.27146 -3.50956 299.41122 22.33731 0.13381 7.4749 1.81575 0.393225 1.07646e-18 3.3327 8.23513e-13 4.40965 1.46244433879e+34 0 composite_238
-1.94133 2.29381 -0.23423 12.70294 composite 10.96950 -10.19597 -1.22352 261.00503 -38.17167 0.06632 3.0051 2.40196 0.318978 2.22505e-19 0.688871 1.28538e-13 0.68828 1.35433950647e+34 0 composite_239
0.68812 6.92822 0.05105 3.05764 composite 15.44364 2.55378 0.18940 267.71250 -26.65143 0.01134 6.9623 1.93974 0.215798 5.65498e-20 0.175077 4.4817e-14 0.239981 1.00870671521e+34 0 composite_240
3.02402 4.08550 -0.01201 18.42118 composite 12.94371 13.51080 -0.05316 273.77531 -17.23862 0.08151 5.0829 2.01553 0.399952 6.25888e-19 1.93774 4.2575e-13 2.27975 1.13943998548e+35 0 composite_241
7.37889 2.82731 -0.09610 4.71634 composite 13.51907 33.08122 -0.40729 283.29003 -0.05285 0.01998 7.9020 2.27952 0.140234 4.17709e-19 1.29322 2.82106e-13 1.51059 3.13581037799e+34 0 composite_242
4.29581 8.30954 0.07508 21.14789 composite 17.34994 14.33556 0.24794 273.90966 -16.37009 0.06981 9.3543 2.15013 0.196946 1.64304e-19 0.508681 1.15776e-13 0.619942 2.66645102837e+34 0 composite_243
