sky_model/pwn/ctadc_skymodel_gps_sources_pwn.ecvs.jurgen
# %ECSV 0.9
# ---
# datatype:
# - {name: x, unit: kpc, datatype: float64, description: Galactocentric x coordinate}
# - {name: y, unit: kpc, datatype: float64, description: Galactocentric y coordinate}
# - {name: z, unit: kpc, datatype: float64, description: Galactocentric z coordinate}
# - {name: spiralarm, datatype: string}
# - {name: GLON, unit: deg, datatype: float64, description: Galactic longitude}
# - {name: GLAT, unit: deg, datatype: float64, description: Galactic latitude}
# - {name: RA, unit: deg, datatype: float64}
# - {name: DEC, unit: deg, datatype: float64}
# - {name: distance, unit: pc, datatype: float64, description: Distance observer to
#     source center}
# - {name: sigma, unit: deg, datatype: float64, description: Angular extension (deg)}
# - {name: spec_alpha, datatype: float64, description: Spectral model parameter (log
#     parabola)}
# - {name: spec_beta, datatype: float64, description: Spectral model parameter (log
#     parabola)}
# - {name: spec_norm, unit: 1 / (cm2 MeV s), datatype: float64, description: Spectral
#     model norm parameter (log parabola)}
# - {name: spec_norm_cu, unit: '%', datatype: float64, description: Spectral model norm
#     parameter (log parabola) in crab units}
# - {name: int_flux_above_1TeV, unit: 1 / (cm2 s), datatype: float64, description: 'Integral
#     flux above 1 TeV '}
# - {name: int_flux_above_1TeV_cu, unit: '%', datatype: float64, description: Integral
#     flux above 1 TeV in crab units}
# - {name: source_name, datatype: string, description: source name}
x y z spiralarm GLON GLAT RA DEC distance sigma spec_alpha spec_beta spec_norm spec_norm_cu int_flux_above_1TeV int_flux_above_1TeV_cu source_name
[from data line 323]
6.94737558207 11.5897356723 -0.00318474221833 Norma 19.0762642708 -0.00858407058388 276.450149021 -12.3099338319 21257.081573 0.0272008566883 2.60457652202 0.303870923693 5.02488384392e-22 0.00155569159255 2.65018475103e-16 0.00141908916317 pwn_323
-3.716615333 0.913921282925 -0.0225490655046 Norma -21.5441025357 -0.127651514585 250.432182655 -46.4980469023 10121.0499413 0.0507621977391 1.84422424585 0.243882279749 3.49791169403e-20 0.108294479691 2.89194528825e-14 0.154854419769 pwn_324
5.06119359514 2.38939829082 0.0897381918324 "Carina Sagittarius" 24.9281451489 0.428171000748 278.807901512 -6.92151118395 12008.4440577 0.0691571691857 2.10688792668 0.00665805662323 6.28117058432e-19 1.94463485583 5.2022887132e-13 2.78565920119 pwn_325
4.14128016644 0.921062021313 0.0489457685955 "Carina Sagittarius" 23.7291760076 0.272504058572 278.390108792 -8.05734798599 10291.2101676 0.116724117086 2.09665631645 0.303130953113 4.31932603988e-20 0.133725264392 2.95484499656e-14 0.158222497953 pwn_326
-6.7233380087 -10.4653629639 0.0117322652574 "Carina Sagittarius" -106.294671978 0.095965272748 124.423103188 -35.4828458355 7004.71721094 0.174365603119 2.10344966996 0.494544037678 4.74460352088e-20 0.146891749872 2.94907843833e-14 0.157913717205 pwn_327
-1.01355128512 -6.80096709635 -0.00595822220023 Norma -30.8180204056 -0.172555043965 240.289475687 -53.0895664437 1978.39190144 0.277346034323 1.84869658743 0.409050525012 1.02991122612e-17 31.8857964743 7.65863390027e-12 41.0095347817 pwn_328
-6.27714060488 -6.24451554232 0.0382073309294 "Crux Scutum" -70.2357653254 0.328197163119 165.963130337 -59.7643827428 6670.16972141 0.105854328516 1.92264506887 0.170302321942 2.01573663316e-20 0.0624067069091 1.66817371386e-14 0.0893253664184 pwn_329
-4.71976212999 3.56064193488 -0.0370810795562 "Crux Scutum" -21.3721898569 -0.164044494632 250.636342141 -46.392743759 12951.3170547 0.0294644785477 1.89968391409 0.0760235125222 3.40326804317e-20 0.105364335702 3.08449602605e-14 0.16516489587 pwn_330
3.9029098785 -5.98155752333 -0.00632222886513 Norma 57.1669379136 -0.0779856288173 294.532042153 21.3892213827 4644.921743 0.295603557062 2.19808877862 0.392029307234 3.84162071673e-19 1.18935625905 2.38133363465e-13 1.27512799004 pwn_331
3.47645338125 -1.49191930973 0.109043275134 "Carina Sagittarius" 26.3843336137 0.798585656283 279.150562299 -5.45816002022 7823.73398763 0.0228412552259 2.19901053435 0.371968910316 3.14507925861e-20 0.0973708748795 1.96666581384e-14 0.105308663591 pwn_332
-4.25030383661 -0.692922746972 0.0123167080235 Perseus -28.5646140101 0.0793890765341 242.752683947 -51.396148315 8889.07698468 0.137654441437 2.76778329952 0.48352339599 8.48047796357e-20 0.262553497324 3.92553281227e-14 0.210199725562 pwn_333
14.2447508063 7.60925015778 0.0595813423967 "Crux Scutum" 41.4850139037 0.158749765887 286.640406176 7.67923477592 21504.0558062 0.0631033063296 2.51129670189 0.43742118097 7.10047540414e-20 0.219828959881 3.71960252056e-14 0.199172817146 pwn_334
-1.79911163964 1.11902366325 -0.0187870350027 Perseus -10.5940164097 -0.109997493622 259.555588536 -37.8643327425 9785.84548614 0.13845251165 1.94704702736 0.277831312636 1.03494303338e-19 0.320415799809 7.84268397212e-14 0.419950640446 pwn_335
3.54316835693 8.8683733445 0.0472721154738 Perseus 11.5301943464 0.152796559233 272.585414814 -18.8773775887 17726.1577702 0.0287353150833 2.19746088474 0.0506421234824 4.05835271513e-21 0.0125645594896 3.05647446012e-15 0.0163664430646 pwn_336
-10.3910294059 5.53103692845 -0.0165173518595 Perseus -36.5227079065 -0.0542031418894 232.332824449 -56.4922357612 17459.7755491 0.0398680232296 2.39913539424 0.241750329192 1.88956765322e-21 0.00585005465392 1.13206075225e-15 0.00606182321792 pwn_337
0.208550338077 10.3596753096 0.0913713475633 Perseus 0.633551054634 0.277567428753 266.510762297 -28.2507565959 18861.0496725 0.055407889225 2.1091805473 0.156847527011 2.76609776375e-21 0.0085637701664 2.04903219794e-15 0.0109719119995 pwn_338
2.77923869991 -4.21042155226 -0.114040714431 Perseus 32.9393979994 -1.27816011776 284.000470495 -0.576132696634 5112.5000044 0.103909731064 2.07910752647 0.256204241012 1.78962697388e-19 0.5540640786 1.26969750919e-13 0.679882402571 pwn_339
0.23222044244 -6.91416137428 -0.0187859634109 Norma 8.33083217847 -0.671537369523 271.698196418 -22.07495231 1602.86100244 0.431262953007 2.11547248283 0.15085078732 1.66407910614e-18 5.15194769702 1.23271034654e-12 6.60076960073 pwn_340
8.8671548591 -3.1431484015 -0.026853419732 Norma 58.8628633039 -0.148517040217 295.500776174 22.8299462124 10359.682208 0.0393412481484 2.36018298864 0.430911495988 6.19257447391e-21 0.0191720571948 3.4862363339e-15 0.0186676804315 pwn_341
4.73830224411 12.4601058374 -0.0138753100094 Norma 12.7383353054 -0.0369954966552 273.373046877 -17.9093674289 21489.0143421 0.038928473165 1.84550384316 0.422163506991 1.13054686237e-21 0.00350014508472 8.36133341433e-16 0.00447722659081 pwn_342
0.108795962982 4.25426223944 0.0139493442659 "Crux Scutum" 0.488730606634 0.0626621237331 266.633852208 -28.4861847971 12754.7338827 0.0124449024992 2.00229915935 0.157732578584 9.76973156121e-22 0.00302468469387 7.74157546633e-16 0.00414536603376 pwn_343
-2.24599895427 -6.62353485704 -0.0481140164077 Norma -50.1222497893 -0.941836245852 208.293975978 -62.9780107478 2927.10568547 0.475356734169 2.24112994345 0.299790673187 1.60775801383e-18 4.9775789902 1.01785047143e-12 5.45026369639 pwn_344
7.52564978476 -4.46423398046 -0.0123043059226 Norma 61.7967595552 -0.082555830093 297.047466085 25.4028333066 8539.49433182 0.0247704182749 2.19343412147 0.21509042882 7.4632012989e-20 0.231058863743 5.07353902941e-14 0.271671786381 pwn_345
-3.61645821246 10.6338727332 -0.015463203574 Perseus -10.7031092883 -0.04549850171 259.409097752 -37.9162554363 19472.6499194 0.0479034193229 2.17187482796 0.454546378514 4.61358717362e-22 0.00142835516211 2.81911952081e-16 0.0015095483287 pwn_346
-4.09365713885 -2.09976898135 -0.00242480225085 Perseus -32.6034221589 -0.0182865624758 237.816043764 -54.1181844415 7597.43323381 0.0772257548548 1.98905965011 0.0936804507132 1.09570152564e-19 0.339226478526 9.18705189585e-14 0.491937242555 pwn_347
7.68844510997 1.20977262466 -0.122732600546 Perseus 38.3730776263 -0.56776311984 285.85292044 4.58104050083 12385.7553634 0.0830498720016 2.39176073674 0.348864200892 8.27247156279e-19 2.56113670675 4.74217009538e-13 2.53928039908 pwn_348
4.42935645895 -0.290566317537 -0.105968168191 "Carina Sagittarius" 28.3488453368 -0.650855848335 281.346687734 -4.37529968083 9328.73138641 0.177086887236 2.74016047416 0.485187663919 1.40926261174e-20 0.043630421416 6.59343041435e-15 0.0353057108394 pwn_349
6.26833922252 7.34788080859 0.0110642953695 Perseus 21.5803675995 0.0371973999089 277.595639706 -10.0716121925 17042.5210914 0.0668725307572 2.2219246481 0.0876377597815 5.63151110982e-19 1.74350189159 4.07028011503e-13 2.17950480624 pwn_350
-6.94758570475 -1.88041081222 -0.000975106241128 "Crux Scutum" -46.3848982041 -0.00582201423813 215.3392336 -60.9986726302 9596.24453058 0.0149676096114 2.04204698954 0.100983214212 3.21414726529e-20 0.0995092032597 2.58520682068e-14 0.13842955599 pwn_351
2.53589699605 -5.29110250375 0.0514563458681 Perseus 38.3182767807 0.720807489922 284.677828124 5.12183850314 4090.28660017 0.192763409349 2.32672208667 0.346861669336 4.99577727721e-19 1.54668027158 2.96018950539e-13 1.58508679305 pwn_352
3.76232539726 -0.991780635139 -0.170015260805 "Carina Sagittarius" 26.6151850051 -1.15976246207 281.006687269 -6.14989133527 8399.84259463 0.109336856906 1.93826020897 0.389576962262 4.71032434287e-20 0.145830475011 3.36320329302e-14 0.18008877852 pwn_353
4.23658886832 -4.53225911426 -0.265321948131 Perseus 46.8768558968 -2.61717311677 291.678096821 11.1531675495 5810.51191477 0.165409602699 1.87509289659 0.245274527397 2.67250593836e-18 8.27401219308 2.16376279682e-12 11.5862576578 pwn_354
3.49834754406 1.28708836653 -0.0736852476913 "Carina Sagittarius" 19.6691848306 -0.406193241283 277.092476007 -11.970365016 10393.7944827 0.115275445273 2.10984262428 0.304843232574 5.76823337954e-20 0.178583076766 3.91331295266e-14 0.209545391167 pwn_355
-3.51640930745 10.2972235124 0.0514242684797 Perseus -10.5958903897 0.154073087239 259.281372767 -37.7134169435 19123.3728889 0.0281870480766 1.32516101011 0.106341204406 4.46270816451e-22 0.00138164339459 6.27503208266e-16 0.00336007896187 pwn_356
9.80239455467 -2.44178226265 0.0205499732286 Norma 58.2825055768 0.102176842653 294.953866887 22.4493228015 11523.4267239 0.0257085041633 1.7538148909 0.238307114284 1.11995073753e-21 0.00346733974466 9.87330432953e-16 0.00528683865275 pwn_357
10.7322802192 1.07820282863 0.0345880866018 Norma 48.2521499478 0.13776633403 289.854550647 13.6648806913 14384.8880588 0.050530536029 1.99561144322 0.0560359404375 9.10701285178e-22 0.00281950862284 7.83473772431e-16 0.00419525144294 pwn_358
4.46563965777 8.44014589512 0.0105980140464 Perseus 14.7679373224 0.0346610097616 274.319244345 -16.0911949161 17518.8639135 0.0940160288365 1.69398334256 0.160710962638 2.15543095957e-22 0.000667316086553 2.11154459277e-16 0.00113066458781 pwn_359
6.73382109725 6.33285554399 -0.0135146628383 Perseus 24.4171028159 -0.0475348027808 278.996658927 -7.59411479209 16289.8168438 0.024025123267 1.79020706943 0.142389852515 1.71325844637e-20 0.053042057163 1.58891982877e-14 0.0850815743798 pwn_360
7.35030360866 -4.73770962413 0.0989229297888 Norma 62.8941318595 0.686380000943 296.925620655 26.7382953329 8257.81918898 0.189091793045 1.96897549876 0.222312680051 6.99976846133e-21 0.0216711097874 5.42197313308e-15 0.0290329318103 pwn_361
6.98484129143 -9.51482191951 0.0490785715866 "Crux Scutum" 98.2666146188 0.398395994928 327.226160537 54.2856623967 7058.34825586 0.137931195524 1.60711041194 0.465063181122 1.99344819665e-20 0.0617166624351 1.65689876176e-14 0.088721628798 pwn_362
-3.67062696581 -9.73722943184 -0.0156547022262 "Crux Scutum" -108.62701437 -0.231557095047 122.52374865 -33.7211927475 3873.56219246 0.214719223352 1.97817846112 0.0906338310739 7.74593371509e-20 0.239812189322 6.5595018397e-14 0.351240341748 pwn_363
1.51280959605 -16.0064032007 0.0579603705132 "Carina Sagittarius" 168.605477567 0.433678812303 79.3037112926 38.7048542689 7657.54799458 0.19923727147 1.93941895064 0.200694123312 1.26687372612e-20 0.0392220967839 1.01470118609e-14 0.0543340028074 pwn_364
-2.09599206342 7.46580225094 -0.0126133212062 "Carina Sagittarius" -7.47902551138 -0.0448797801038 261.687724804 -35.2612482711 16102.8004813 0.0518227251125 2.10762156252 0.307798609555 5.45660586295e-21 0.0168935166036 3.70065061512e-15 0.0198158003231 pwn_365
-11.0118978355 -5.79435811144 -0.00778267100048 "Carina Sagittarius" -76.1957782769 -0.039324253377 155.563572579 -57.2633575643 11339.4202911 0.111819757589 2.44625520915 0.473278543037 1.80262445207e-19 0.558088065658 9.59989897388e-14 0.514043883017 pwn_366
-4.16643587392 -1.64878265033 0.100039572183 Norma -31.3050701151 0.71477928142 238.721609669 -52.7282499953 8019.25027543 0.0919338616542 2.15175132495 0.0665740957679 1.00153187676e-18 3.10071788469 7.6827358084e-13 4.11385927902 pwn_367
-1.39923868947 4.3999866155 -0.020611186493 "Crux Scutum" -6.19056929596 -0.0910114634734 262.603244166 -34.2142220275 12975.6675517 0.120347140824 2.1063186064 0.458938308497 3.95375004489e-20 0.122407122133 2.49253006582e-14 0.133467012211 pwn_368
-5.74336414827 -6.13733913291 0.0220467100806 "Crux Scutum" -67.6390918519 0.203398992967 170.742288192 -60.839616256 6210.38518692 0.195195646767 2.12983633711 0.040526894317 2.05460680748e-20 0.0636101178786 1.63057064814e-14 0.0873118425289 pwn_369
7.10188059784 -5.17995311852 -0.0197359596955 Norma 64.944456039 -0.144240008129 298.910604122 28.0756835198 7839.63065643 0.156627967417 2.16821783254 0.24037069858 3.91242124835e-19 1.21127592828 2.66025356176e-13 1.42448068924 pwn_370
-3.79584138064 -1.39658410234 -0.14937115628 Norma -28.1186412305 -1.06249750691 244.54259325 -51.9156018413 8055.38583461 0.0770725903713 1.79497840542 0.227294933615 2.50868198375e-19 0.776681728716 2.1685807519e-13 1.16120562662 pwn_371
9.11978515058 8.62946551505 -0.0892485662615 Norma 28.0309875925 -0.263503848827 280.855458469 -4.48113307567 19406.1081964 0.0680817729407 2.06556740257 0.104801364439 3.1829449861e-20 0.098543188424 2.51331606247e-14 0.134580035844 pwn_372
-6.56097867771 2.33593494098 0.106537338776 "Crux Scutum" -31.1942091114 0.481865161943 239.109081956 -52.8360119773 12667.8837009 0.0887405244882 2.19262537255 0.173729834058 1.00851674103e-20 0.0312234285149 7.02698763697e-15 0.0376272710853 pwn_373
6.46819771936 -9.42434892748 0.0824013102776 "Crux Scutum" 98.1328861463 0.722537618553 326.694015549 54.4494875627 6534.43131821 0.073104498198 1.68877200524 0.227082634174 3.40458873274e-19 1.05405223924 3.1670494672e-13 1.69585368581 pwn_374
-7.87210963683 -2.16025873347 -0.00667588331722 "Crux Scutum" -51.1540436481 -0.037843012447 205.674401213 -62.3195502857 10107.5454008 0.0344256241494 2.35969587684 0.432605731455 1.16368749491e-19 0.360274766226 6.54838142937e-14 0.350644879346 pwn_375
-3.2855860063 1.23826495115 -0.0230236328328 Perseus -18.643842455 -0.128352525956 253.107159219 -44.2878653231 10277.6169296 0.134842773572 2.42441281034 0.477532072687 3.17672591433e-23 9.83506475026e-05 1.70593053055e-17 9.13471231799e-05 pwn_376
10.7743555403 2.98800037996 0.00152012745481 Norma 43.1639481267 0.00552997903806 287.559780315 9.0987686992 15749.9489634 0.104861330673 1.91058720347 0.259462839319 6.46378437959e-20 0.200117163455 5.06861148211e-14 0.271407931985 pwn_377
6.84498700533 -0.858148714267 0.00682319978456 Perseus 41.8515562205 0.0381062329204 286.918729084 7.94919060412 10259.2292465 0.081266510639 2.02759866256 0.435049895147 3.10421734325e-22 0.000961058001006 2.06177201867e-16 0.00110401296645 pwn_378
-7.58176876107 -1.97935052929 -0.0136343123141 "Crux Scutum" -49.3030426563 -0.0781179916282 209.551036059 -61.9391114412 10000.1136474 0.105056358821 1.83654289716 0.304085792838 1.3298249598e-19 0.411710513869 1.06105758191e-13 0.568162395245 pwn_379
2.25511324027 -5.30413996113 0.0536195389071 Perseus 35.2081631906 0.785391455112 283.198363184 2.3839038059 3911.76841971 0.379872535604 2.30981414508 0.174543670994 3.43055912996e-19 1.0620926099 2.23268477414e-13 1.19553128004 pwn_380
1.22402393959 14.9582924684 0.034670938381 Norma 2.98691230705 0.0845670362567 268.060345601 -26.3325636456 23490.2303567 0.0354290946936 1.78163331377 0.0970971038067 1.2698480886e-19 0.393141823096 1.23300392826e-13 0.660234163695 pwn_381
5.75516737516 -2.47556805329 0.00106503429314 Perseus 43.6905295436 0.00732415065015 287.804757114 9.56658935436 8331.61046443 0.196799605333 2.03325689693 0.206567385891 5.65146266022e-20 0.174967884217 4.24897122681e-14 0.227518818084 pwn_382
7.52368372272 4.12510359111 0.0450321065207 Perseus 30.7920017862 0.175556780674 281.727047982 -1.82431198086 14696.9753805 0.0697905952168 1.84232402766 0.261412141462 1.96486224997e-21 0.00608316486058 1.60691176924e-15 0.00860449852413 pwn_383
-9.91894095842 -0.706428303735 -0.00172106218809 "Carina Sagittarius" -51.8423516673 -0.00781717402999 204.204144309 -62.4182535922 12614.4818555 0.113016992273 2.1152862831 0.0222216941298 3.51756983644e-20 0.108903090912 2.86012318924e-14 0.153150448156 pwn_384
3.52384745392 2.99212006561 -0.0301438908006 "Crux Scutum" 17.0471958164 -0.143683751333 275.596934568 -14.1661753407 12020.2842369 0.130564170512 1.56173121855 0.0729205829354 2.78149894932e-19 0.861145185547 3.30018887647e-13 1.76714558077 pwn_385
