sky_model/pwn/ctadc_skymodel_gps_sources_pwn.ecsv
# %ECSV 0.9
# ---
# datatype:
# - {name: x, unit: kpc, datatype: float64, description: Galactocentric x coordinate}
# - {name: y, unit: kpc, datatype: float64, description: Galactocentric y coordinate}
# - {name: z, unit: kpc, datatype: float64, description: Galactocentric z coordinate}
# - {name: spiralarm, datatype: string}
# - {name: GLON, unit: deg, datatype: float64, description: Galactic longitude}
# - {name: GLAT, unit: deg, datatype: float64, description: Galactic latitude}
# - {name: RA, unit: deg, datatype: float64}
# - {name: DEC, unit: deg, datatype: float64}
# - {name: distance, unit: pc, datatype: float64, description: Distance observer to
#     source center}
# - {name: sigma, unit: deg, datatype: float64, description: Angular extension (deg)}
# - {name: spec_alpha, datatype: float64, description: Spectral model parameter (log
#     parabola)}
# - {name: spec_beta, datatype: float64, description: Spectral model parameter (log
#     parabola)}
# - {name: spec_norm, unit: 1 / (cm2 s TeV), datatype: float64, description: Spectral
#     model norm parameter (log parabola)}
x y z spiralarm GLON GLAT RA DEC distance sigma spec_alpha spec_beta spec_norm
[from data line 333]
-4.2943989879 6.34376665886 0.0579774952632 "Carina Sagittarius" -16.1355029264 0.214971918528 254.895889157 -42.1175325021 15452.593073 0.0926604491935 1.48035222715 0.0317768874181 2.24464456964e-07
14.2243960474 -3.8435662602 -0.0359792608081 "Crux Scutum" 71.8738581127 -0.137731947899 303.226143534 33.9375286227 14967.2012278 0.0956654616689 1.08202349574 0.104126626061 4.2592129002e-07
1.22441738 -6.81490503834 0.0432295050991 Norma 36.0027644773 1.18893631903 283.201256268 3.27499375071 2083.41348281 0.687258783319 1.96370627158 0.46619696948 1.35163497303e-05
-4.90850470523 -1.75158393841 0.0939936412113 Norma -36.0305149259 0.645342685455 232.350592895 -55.6369519146 8345.26048641 0.171575736633 1.32590954247 0.107699102172 6.87955246642e-07
-0.331657253958 -4.67578780267 -0.0364936959086 Perseus -4.95661124793 -0.544701145715 263.870827701 -33.4271430114 3838.74032127 0.372998456659 1.92175230469 0.429168819317 1.46394089156e-05
0.37924312051 0.552136144049 -0.00765143185413 "Crux Scutum" 2.39902826412 -0.0483875193633 267.852744805 -26.9060085612 9060.08016848 0.158038801945 1.61531705761 0.401446685781 3.11848971887e-06
7.24083103113 2.76293926767 0.128267564454 Perseus 32.7365583466 0.548853090889 282.281922481 0.0763984172803 13390.2907936 0.106931525045 2.24807871497 0.0795731184711 1.36576996268e-07
-10.0399094728 1.30826506114 -0.0920921584116 "Carina Sagittarius" -45.6686581967 -0.375927333907 216.993208468 -61.0928756823 14036.0367162 0.102012002697 2.08849753782 0.302855978635 5.08814129143e-08
0.5238169055 6.41138966889 -0.0202244947066 "Carina Sagittarius" 2.01189576317 -0.0776629937451 267.658568595 -27.2536260271 14920.601028 0.0959642451841 1.67758583296 0.0578309359525 1.87866676321e-07
-6.17677703541 2.7999349613 -0.0159494092024 "Crux Scutum" -28.6619241833 -0.0709611949117 242.802655385 -51.5725175381 12877.9407926 0.111185805123 1.61428384502 0.363944079185 6.32641511132e-08
-6.34950404613 4.90999584541 0.0499235107694 "Carina Sagittarius" -25.3371048539 0.192784670641 246.243336865 -49.0621079912 14837.3408184 0.0965027515962 1.47219910116 0.318731138686 4.58775305271e-07
-9.22653820667 2.78843694723 0.0405381798813 "Carina Sagittarius" -39.2606465948 0.15931153388 227.868249664 -57.7875524051 14579.4190328 0.0982099637939 1.68095088928 0.405969280846 3.13955543046e-07
6.8751213716 -1.56270174206 -0.00547494277799 Perseus 44.7420836317 -0.0321175940874 288.334781529 10.4803247543 9766.95607489 0.14660086565 1.7243040163 0.239692274695 2.77658449863e-06
3.79768555526 2.17959124388 0.0238631361315 "Carina Sagittarius" 19.5754955916 0.120625287924 276.571418254 -11.8080749016 11334.7542612 0.126323357556 1.70153274301 0.457431543917 7.81479719635e-08
-3.48305124684 -2.70597094019 -0.0179979442168 Norma -31.0119675974 -0.152536899734 240.023036695 -53.2012710918 6760.38036356 0.211799357188 1.84231004092 0.0246744733942 2.38958110627e-07
-1.00546914123 -2.79611053589 0.0349379137834 "Carina Sagittarius" -9.99726763482 0.345619584034 259.51967998 -37.1140788781 5791.93783379 0.247213325909 1.95620080439 0.146444282514 2.84576501085e-06
5.52374969636 2.29691765012 -0.0614845187901 "Carina Sagittarius" 27.0944813476 -0.2904692352 280.449735491 -5.32632258046 12128.0262944 0.118060777623 1.89440670339 0.357526298733 4.98806842712e-07
-9.37674603329 -17.1369490014 -0.00570495599905 Perseus -132.648264773 -0.025640185099 109.523337713 -12.8167224777 12748.3444718 0.112316090808 1.59368114055 0.209054605874 1.38020780948e-07
-5.78756265167 -12.5673075217 0.0406970466484 "Carina Sagittarius" -125.098279448 0.329630189134 113.588193022 -19.2888979357 7073.93300594 0.202411333857 1.41179630207 0.0864756771356 1.21598410739e-05
-7.88475363323 -1.38297228631 -0.0120402794082 "Crux Scutum" -47.9295930897 -0.0649476175336 212.331776396 -61.5469823662 10621.7497759 0.134803045219 2.16842359899 0.0536053727143 2.61286168884e-08
-3.54997490453 -0.511504823627 0.0100651749635 Perseus -23.9596895715 0.0659697539468 247.824026165 -48.1559224079 8741.76631542 0.163793467325 1.61384872017 0.408669555731 9.21106778092e-06
-3.3084765538 -0.759758315097 -0.0473645423892 Norma -23.1437239145 -0.322388035549 249.077747575 -47.8204238799 8417.81455294 0.170096906548 1.62388072802 0.236571489233 9.45377110745e-08
3.6438359372 -0.263538770067 0.0129679003034 "Carina Sagittarius" 23.8647467825 0.0824966854111 278.623512146 -8.02462391603 9006.49777082 0.158979022899 1.65927888568 0.44114183596 9.58069704455e-09
3.41418502036 -1.46960821064 -0.0161345600017 "Carina Sagittarius" 25.9027050399 -0.118282016704 279.747220708 -6.30689092948 7815.58240883 0.183203776821 1.30237122146 0.366644567158 4.60783015849e-07
-6.7732011363 14.6299985576 -0.101687372406 Norma -16.3217134979 -0.241738850799 255.226957154 -42.5457378158 24101.5233384 0.0594088678648 1.67094701891 0.204863102815 4.50477367202e-09
3.55395267503 -6.92570403861 0.0428373185191 Norma 66.1080734829 0.631407373678 298.841086709 29.4727793316 3887.26413127 0.368342404065 1.67049293022 0.186755507078 1.8890355671e-07
2.69135737276 -2.9492562284 0.00981290165797 "Carina Sagittarius" 25.8670894536 0.091142017411 279.543571917 -6.24247447498 6168.81327477 0.232110156617 1.96749674055 0.257819173326 6.14064712112e-05
3.55192569489 0.824781764001 0.00484205787232 "Crux Scutum" 20.852461307 0.0278031030126 277.260935237 -10.7208870947 9978.36432156 0.143494882448 1.98858343026 0.444529976595 7.96183745664e-07
4.09282383831 -4.43041443179 -0.00106491809147 Perseus 45.163119875 -0.0105714289749 288.514194163 10.8632748939 5771.71853112 0.24807935585 1.80101814005 0.368639289857 1.23768176744e-06
-2.8716329505 4.42626688351 0.0105191859495 "Crux Scutum" -12.5251294619 0.0455167029845 257.952843853 -39.342463151 13241.4033244 0.108133872239 2.05159906101 0.00257648213451 2.55495808243e-07
3.99559731476 -10.0686804674 0.150667259998 "Crux Scutum" 111.435083209 2.0102633756 347.237771794 62.5718981455 4295.14341249 0.333363540595 1.89179054563 0.347078925685 4.85229709991e-07
4.03790038134 4.97455760274 0.0323564243561 "Carina Sagittarius" 16.6818170421 0.131793572838 275.168752994 -14.3589911888 14066.6054547 0.101790316076 1.79576582987 0.459753703453 5.37414143859e-07
4.61133570695 -0.111931802331 -0.266608725938 "Carina Sagittarius" 28.799770214 -1.59543770295 282.396007937 -4.4046941773 9575.76029899 0.149527992623 1.84345060544 0.355227879752 2.0696469025e-08
-0.566665960726 7.79190136561 0.172213421494 "Carina Sagittarius" -1.99206241858 0.605256073829 264.60435944 -30.309005969 16302.6629076 0.0878288549215 1.74852355673 0.0885028907837 1.18755580785e-09
-9.37044420123 3.41362539559 0.0278473709242 "Carina Sagittarius" -38.1861731226 0.105266049247 229.62827487 -57.2730447466 15157.1920246 0.094466324173 1.69339063121 0.241759063714 7.6152863282e-09
1.39714409378 -4.2804291159 -0.0539503076657 Perseus 18.3202478086 -0.695403768251 276.711811105 -13.2989492566 4445.18848874 0.322111023858 1.72771194504 0.0701580089617 1.03296781293e-05
-0.805277006471 5.4049387874 0.082637221429 "Crux Scutum" -3.31446948143 0.339935942199 264.038085797 -31.5672360929 13928.4824245 0.102799728765 1.4954369405 0.17949763917 8.90103659076e-09
7.36716453006 -0.0279055321717 -0.00712023944874 Perseus 41.0095715921 -0.0363365062548 286.594714638 7.16732588239 11227.2680819 0.127532735916 1.87571926044 0.46855852097 1.27647655295e-08
-10.5614054092 -1.35658600482 -0.0534476060951 "Carina Sagittarius" -55.9267728985 -0.240173973369 195.381776103 -63.0895616722 12750.4707509 0.112297360884 1.53185662505 0.461652653779 3.5751448526e-07
-6.83918381631 -1.24943393739 -0.0257720093019 "Crux Scutum" -43.3275947183 -0.148148283265 221.186491771 -59.9620597999 9967.23671325 0.143655082802 2.0272404413 0.141418426088 5.8217183468e-06
0.136146653116 5.60438898707 0.00462099545908 "Crux Scutum" 0.55304674036 0.0187708374851 266.714507074 -28.453996871 14105.046826 0.101512900525 1.73264618336 0.169815522083 2.26279663794e-06
0.314754460717 -2.70168914577 0.0145114304853 "Crux Scutum" 3.10718414257 0.143183022346 268.072429089 -26.1992082036 5806.86573931 0.246577806278 1.81336364505 0.300106434066 2.04208637448e-07
