sky_model/pwn/ctadc_skymodel_gps_sources_pwn.ecsv
# %ECSV 0.9
# ---
# datatype:
# - {name: galactocentric_x, unit: kpc, datatype: float64, format: '%.5f', description: Galactocentric
#     x coordinate}
# - {name: galactocentric_y, unit: kpc, datatype: float64, format: '%.5f', description: Galactocentric
#     y coordinate}
# - {name: galactocentric_z, unit: kpc, datatype: float64, format: '%.5f', description: Galactocentric
#     z coordinate}
# - {name: physical_size, unit: pc, datatype: float64, format: '%.5f', description: physical
#     size}
# - {name: spiralarm, datatype: string}
# - {name: distance, unit: kpc, datatype: float64, format: '%.5f', description: Distance
#     observer to source center}
# - {name: GLON, unit: deg, datatype: float64, format: '%.5f', description: Galactic
#     longitude}
# - {name: GLAT, unit: deg, datatype: float64, format: '%.5f', description: Galactic
#     latitude}
# - {name: RA, unit: deg, datatype: float64, format: '%.5f'}
# - {name: DEC, unit: deg, datatype: float64, format: '%.5f'}
# - {name: sigma, unit: deg, datatype: float64, format: '%.5f'}
# - {name: galactocentric_r, unit: kpc, datatype: float64, format: '%0.4f', description: Galactocentric
#     radius in the xy plan}
# - {name: spec_alpha, datatype: float64, format: '%5g', description: Spectral model
#     parameter (log parabola)}
# - {name: spec_beta, datatype: float64, format: '%5g', description: Spectral model
#     parameter (log parabola)}
# - {name: spec_norm, unit: 1 / (cm2 MeV s), datatype: float64, format: '%5g', description: Spectral
#     model norm parameter (log parabola)}
# - {name: spec_norm_cu, unit: '%', datatype: float64, format: '%5g', description: Spectral
#     model norm parameter (log parabola) in crab units}
# - {name: int_flux_above_1TeV, unit: 1 / (cm2 s), datatype: float64, format: '%5g',
#   description: 'Integral flux above 1 TeV '}
# - {name: int_flux_above_1TeV_cu, unit: '%', datatype: float64, format: '%5g', description: Integral
#     flux above 1 TeV in crab units}
galactocentric_x galactocentric_y galactocentric_z physical_size spiralarm distance GLON GLAT RA DEC sigma galactocentric_r spec_alpha spec_beta spec_norm spec_norm_cu int_flux_above_1TeV int_flux_above_1TeV_cu
[from data line 203]
7.37494 10.94580 -0.09910 2.80473 "" 20.79756 20.76954 -0.27301 277.49311 -10.93388 0.01000 13.1985 2.2503 0.150363 1.36229e-21 0.00421762 9.30341e-16 0.00498168
7.04675 0.11787 -0.04204 6.37159 "" 11.13221 39.27254 -0.21637 285.95330 5.54149 0.03278 7.0477 1.95593 0.369162 1.08964e-20 0.033735 7.78834e-15 0.0417041
1.37557 9.85674 -0.03003 25.29249 "" 18.40823 4.28547 -0.09347 268.96159 -25.30309 0.07869 9.9523 2.38083 0.129671 7.32921e-20 0.226911 4.69816e-14 0.251571
10.57030 4.28164 0.06006 11.64708 "" 16.58629 39.59044 0.20747 285.72111 6.01829 0.04022 11.4045 2.34275 0.48201 1.82163e-21 0.00563973 1.01387e-15 0.00542894
1.90437 -0.86826 0.12312 0.81014 "" 7.86672 14.01105 0.89676 273.15408 -16.34483 0.01000 2.0930 1.74057 0.330974 6.36259e-19 1.96984 5.29958e-13 2.83776
4.01929 0.55766 0.02102 24.04639 "" 9.90941 23.92901 0.12154 278.61842 -7.94960 0.13898 4.0578 2.222 0.0343889 2.48599e-18 7.69655 1.86425e-12 9.98245
-7.13026 -2.24347 -0.24024 26.16459 "" 9.48907 -48.73429 -1.45074 211.54229 -63.10694 0.15792 7.4749 2.46051 0.00538888 1.68366e-20 0.0521256 1.10908e-14 0.0593877
-6.12211 -6.49719 -0.12312 5.44749 "" 6.44256 -71.88482 -1.09501 161.75261 -60.33705 0.04843 8.9271 2.14423 0.498523 3.66673e-20 0.113521 2.22958e-14 0.119387
2.85640 5.30216 -0.15315 24.80477 "" 14.09546 11.69248 -0.62254 273.38691 -19.10789 0.10079 6.0226 1.80676 0.110253 3.77499e-21 0.0116873 3.55554e-15 0.0190388
2.99004 -2.70994 -0.24625 12.85429 "" 6.52118 27.31224 -2.16409 282.22501 -5.98732 0.11290 4.0354 2.36382 0.156281 4.00166e-21 0.012389 2.55206e-15 0.0136655
8.26743 9.84614 0.09309 2.78066 "" 20.12312 24.25804 0.26505 278.64284 -7.59145 0.01000 12.8568 2.29063 0.104207 4.12557e-20 0.127727 2.82896e-14 0.151482
-7.27066 5.03123 -0.14414 6.93751 "" 15.36156 -28.25022 -0.53762 243.80034 -51.62949 0.02587 8.8417 2.26278 0.464051 8.18622e-20 0.253443 4.76498e-14 0.255149
6.87611 -1.89768 0.11712 11.00590 "" 9.53337 46.16370 0.70391 288.34217 12.08113 0.06612 7.1332 2.31478 0.326006 3.45362e-20 0.106923 2.07808e-14 0.111275
-14.47620 0.32880 0.00601 16.44586 "" 16.95606 -58.62166 0.02031 189.45789 -62.81039 0.05555 14.4799 1.20162 0.252193 5.26706e-22 0.00163067 6.98226e-16 0.00373877
-3.76625 6.45671 0.18919 32.74495 "" 15.42477 -14.13381 0.70277 256.01388 -40.23696 0.12159 7.4749 2.36428 0.278825 5.91925e-19 1.83258 3.54849e-13 1.9001
5.08478 7.64723 -0.11712 32.73418 "" 16.92932 17.47927 -0.39639 276.03582 -13.90301 0.11074 9.1834 2.64244 0.158936 8.52846e-19 2.64039 4.68983e-13 2.51125
-3.03066 4.39569 -0.05706 17.99284 "" 13.24715 -13.22528 -0.24679 257.72112 -40.07994 0.07779 5.3392 2.23099 0.307088 4.58536e-20 0.141962 2.90821e-14 0.155725
8.01737 -4.30061 -0.08408 6.76751 "" 9.05098 62.35506 -0.53226 297.79100 25.65535 0.04282 9.0980 2.15782 0.2098 2.81466e-19 0.871413 1.95937e-13 1.04918
-1.73746 -0.48183 0.42042 8.39290 "" 8.21502 -12.22642 2.93351 255.24147 -37.36501 0.05851 1.8030 2.30893 0.0996141 9.46795e-19 2.93125 6.43991e-13 3.44837
-2.14092 -0.15415 0.02703 26.27758 "" 8.61612 -14.38757 0.17975 256.35859 -40.75583 0.17467 2.1465 2.20147 0.328303 9.02949e-20 0.279551 5.75748e-14 0.308295
-3.64672 -8.52132 0.18318 13.92254 "" 3.65138 -90.33497 2.87558 140.69030 -46.08159 0.21838 9.2688 2.29553 0.18692 1.61915e-18 5.01284 1.05507e-12 5.64958
-8.00824 9.05463 -0.01802 44.23954 "" 19.29501 -24.52198 -0.05351 247.37300 -48.64662 0.13132 12.0879 2.10044 0.392533 7.92835e-21 0.024546 5.17062e-15 0.027687
-10.37460 -5.50829 0.02703 25.53450 "" 10.79738 -73.91409 0.14343 159.40779 -58.28264 0.13545 11.7462 1.86999 0.207697 4.55999e-21 0.0141176 3.80322e-15 0.020365
4.54255 3.82301 0.02102 10.40995 "" 13.13361 20.23507 0.09170 276.91105 -11.23788 0.04540 5.9372 1.7987 0.254136 3.65506e-20 0.11316 3.09095e-14 0.16551
-2.77281 -9.46921 0.08709 1.52327 "" 2.93861 -109.26660 1.69829 124.02151 -32.12341 0.02969 9.8668 1.80054 0.393733 2.56727e-18 7.9482 1.98126e-12 10.609
9.12881 -2.06105 0.22222 7.76924 "" 11.17339 54.80301 1.13959 292.17085 19.90984 0.03982 9.3586 1.68809 0.223939 4.02819e-20 0.124712 3.75839e-14 0.20125
-0.01023 6.27889 0.05405 10.43903 "" 14.77899 -0.03966 0.20954 266.17718 -28.86066 0.04045 6.2789 1.77968 0.483111 1.15746e-21 0.00358347 8.59912e-16 0.00460455
-2.52028 -3.36862 0.30330 16.48033 "" 5.72493 -26.15799 3.03688 242.37854 -47.59166 0.16487 4.2071 2.62838 0.396514 2.65562e-19 0.822174 1.33977e-13 0.717406
4.55155 0.41410 0.09009 22.46991 "" 10.00929 27.04891 0.51571 279.70922 -4.99759 0.12857 4.5703 2.32623 0.413215 3.33311e-20 0.103192 1.92074e-14 0.102849
-3.24940 6.82639 -0.06306 1.85115 "" 15.66719 -11.97022 -0.23061 258.66168 -39.05537 0.01000 7.5603 1.91249 0.47696 1.46116e-20 0.0452372 1.01154e-14 0.0541648
-0.34704 -6.77394 -0.40240 11.18462 "" 1.80600 -11.36827 -12.87428 273.72685 -45.03645 0.35470 6.7828 1.98288 0.194425 3.15379e-20 0.0976404 2.46708e-14 0.132104
4.55557 13.20350 0.09309 6.26274 "" 22.17665 11.85430 0.24051 272.66945 -18.55118 0.01617 13.9673 2.13377 0.29004 3.35487e-20 0.103866 2.26362e-14 0.12121
2.04377 1.75050 0.09910 23.45702 "" 10.45273 11.27591 0.54322 272.09423 -18.91091 0.12853 2.6910 1.90334 0.346796 1.02388e-19 0.316992 7.64128e-14 0.409166
2.11660 -2.59468 -0.12613 3.38153 "" 6.27445 19.71883 -1.15185 277.79179 -12.27200 0.03087 3.3485 2.12026 0.336729 2.8665e-19 0.887462 1.90158e-13 1.01824
7.10454 -9.46117 0.09910 13.28197 "" 7.16995 97.70474 0.79194 326.05631 54.22617 0.10610 11.8317 2.33328 0.476468 7.40509e-20 0.22926 4.14836e-14 0.222131
4.31813 -6.61782 0.24024 9.59782 "" 4.71663 66.44865 2.91961 296.76395 30.93207 0.11655 7.9020 2.08928 0.144174 4.25891e-21 0.0131855 3.22153e-15 0.0172503
1.28905 4.11698 -0.05105 17.62886 "" 12.68276 5.83355 -0.23062 269.94490 -24.03153 0.07961 4.3141 2.2008 0.145681 4.12513e-20 0.127713 2.9097e-14 0.155805
1.85433 5.64018 -0.15315 3.54654 "" 14.26207 7.47108 -0.61527 271.19052 -22.79748 0.01424 5.9372 2.36595 0.459002 2.39097e-19 0.740238 1.32795e-13 0.711074
-6.11134 -1.39117 0.49850 24.63111 "" 9.38789 -40.68509 3.04386 223.05056 -55.93831 0.15027 6.2677 2.01836 0.399653 4.58104e-21 0.0141828 3.11182e-15 0.0166628
0.23113 -1.78816 0.38138 5.53148 "" 6.72664 1.97227 3.25024 264.46835 -25.54699 0.04710 1.8030 2.18544 0.101678 1.67642e-21 0.00519014 1.22809e-15 0.00657604
-1.03359 -5.93326 -0.17417 28.98774 "" 2.77251 -21.93395 -3.60171 254.02072 -49.02939 0.59882 6.0226 2.00719 0.285023 1.46954e-20 0.0454965 1.06947e-14 0.0572667
2.54969 -3.15670 -0.14114 18.46257 "" 5.92214 25.50932 -1.36564 280.68278 -7.22750 0.17855 4.0578 2.09144 0.372882 2.07321e-19 0.641861 1.37179e-13 0.734549
1.88161 1.03289 0.16817 19.94115 "" 9.71827 11.16557 0.99153 271.62363 -18.78923 0.11752 2.1465 2.00258 0.176518 1.26205e-19 0.390727 9.86883e-14 0.528444
-0.58793 3.49614 -0.10811 10.46146 "" 12.01103 -2.80582 -0.51572 265.20613 -31.59448 0.04988 3.5452 1.94134 0.217191 2.25326e-19 0.697604 1.78226e-13 0.954341
1.28406 -0.09906 0.36336 13.51092 "" 8.50627 8.69024 2.44823 268.98199 -20.21876 0.09097 1.2879 2.15211 0.287698 5.82826e-20 0.180441 3.89727e-14 0.208686
-8.84839 3.03453 -0.03604 6.54492 "" 14.53756 -37.49260 -0.14204 230.95172 -57.10587 0.02579 9.3543 2.26996 0.233554 9.46764e-22 0.00293116 6.10304e-16 0.00326798
4.72734 -4.38765 -0.05706 4.92780 "" 6.26597 48.97974 -0.52176 290.80642 13.99665 0.04504 6.4497 2.14389 0.376521 1.46259e-20 0.0452814 9.39343e-15 0.0502988
-13.73340 2.54582 -0.10511 5.89523 "" 17.62463 -51.19016 -0.34170 205.72785 -62.62455 0.01916 13.9674 2.24962 0.00296938 1.98905e-19 0.615805 1.49883e-13 0.802574
-6.50133 2.72091 0.07808 3.37021 "" 12.96851 -30.08775 0.34497 240.63605 -52.21956 0.01488 7.0477 1.87862 0.217316 3.1732e-20 0.0982414 2.61354e-14 0.139947
-0.65640 7.10290 0.05706 6.07984 "" 15.61681 -2.40896 0.20935 264.73467 -30.87288 0.02230 7.1332 1.73888 0.168791 6.52524e-20 0.20202 6.14274e-14 0.328924
7.75458 -4.42269 0.09610 29.15598 "" 8.76169 62.26489 0.62844 296.62758 26.16553 0.19059 8.9271 2.22511 0.304582 1.80478e-19 0.558756 1.14968e-13 0.615619
0.22162 -2.82465 -0.06006 9.00520 "" 5.67999 2.23624 -0.60585 268.29856 -27.33006 0.09080 2.8333 2.30636 0.387979 9.00615e-20 0.278828 5.2959e-14 0.283579
4.45398 7.83507 0.00601 17.84128 "" 16.93141 15.25173 0.02034 274.57088 -15.67206 0.06035 9.0126 2.11496 0.0380726 1.78609e-20 0.055297 1.43459e-14 0.0768178
4.45623 8.02977 0.00901 16.98639 "" 17.11991 15.08758 0.03015 274.48108 -15.81195 0.05683 9.1834 2.50441 0.0790299 5.5908e-19 1.7309 3.43885e-13 1.84139
-8.83343 -0.42056 0.00901 28.01066 "" 11.97109 -47.55260 0.04312 213.01537 -61.33021 0.13401 8.8434 2.37231 0.332541 1.05707e-19 0.327267 6.16086e-14 0.329895
1.24322 -5.61658 0.15015 2.95175 "" 3.14360 23.32385 2.73770 275.99676 -7.27298 0.05378 5.7525 2.90417 0.369201 7.85854e-19 2.43298 3.56051e-13 1.90654
1.56893 -10.69200 0.10511 11.09966 "" 2.69768 144.40670 2.23299 56.07578 57.70857 0.23565 10.8065 2.03976 0.294101 1.57564e-18 4.87814 1.11913e-12 5.99256
2.42798 -1.95638 0.00901 4.56682 "" 6.97955 20.35714 0.07396 276.98493 -11.13806 0.03748 3.1181 1.80035 0.491402 5.26769e-20 0.163087 3.85118e-14 0.206219
5.89904 -6.00053 0.09610 0.53478 "" 6.40744 67.03724 0.85937 299.17229 30.38535 0.01000 8.4146 1.87796 0.249731 6.02476e-22 0.00186525 4.85421e-16 0.00259927
-4.62333 4.23186 0.03904 27.20636 "" 13.54537 -19.95752 0.16514 251.60427 -45.10684 0.11504 6.2677 1.93035 0.0681462 1.4104e-19 0.436658 1.25861e-13 0.673943
1.02602 -10.50020 0.17417 22.78747 "" 2.25474 152.84405 4.43029 69.66211 53.54771 0.57884 10.5502 2.24281 0.343146 5.6353e-20 0.174468 3.49116e-14 0.186941
3.80411 1.34640 0.16216 34.27310 "" 10.55695 21.12380 0.88013 276.62208 -10.08430 0.18594 4.0353 1.45258 0.301038 2.33169e-21 0.00721884 2.41937e-15 0.012955
-10.44990 -4.97893 -0.04204 13.40458 "" 11.02724 -71.37887 -0.21843 163.44632 -59.78045 0.06962 11.5754 2.49557 0.295211 1.73312e-18 5.36569 9.6595e-13 5.17235
3.82587 3.05178 0.27928 7.30170 "" 12.17205 18.32452 1.31473 274.89292 -12.35269 0.03436 4.8939 2.02821 0.272927 1.55699e-20 0.048204 1.12713e-14 0.0603541
0.29807 -4.47501 0.10811 0.81134 "" 4.03746 4.23530 1.53438 267.38810 -24.51832 0.01151 4.4849 2.02596 0.469548 2.90467e-19 0.899278 1.89963e-13 1.01719
3.65770 -5.08969 0.27628 8.13821 "" 5.00852 47.00461 3.16215 286.49942 13.95894 0.09306 6.2677 1.7762 0.0645782 2.24367e-18 6.94635 2.25498e-12 12.0747
-4.24620 -8.33500 -0.04805 34.20410 "" 4.24968 -87.77470 -0.64784 139.65796 -50.38196 0.46098 9.3543 2.06573 0.0365986 7.64091e-20 0.236561 6.35687e-14 0.34039
10.11310 5.97488 0.05405 12.30000 "" 17.65786 34.94067 0.17538 283.61958 1.86769 0.03990 11.7462 2.10397 0.0770586 3.94353e-19 1.22091 3.0981e-13 1.65893
0.05224 -0.06814 0.19219 19.24776 "" 8.43421 0.35497 1.30571 265.35273 -27.94884 0.13070 0.0859 2.06342 0.122495 5.26321e-21 0.0162948 4.10915e-15 0.0220032
-4.59218 -3.48747 0.09610 28.00157 "" 6.79874 -42.49405 0.80990 221.86272 -58.73984 0.23589 5.7663 2.20172 0.296473 1.44908e-20 0.0448633 9.3862e-15 0.0502601
2.42799 -2.08983 0.20721 10.85105 "" 6.85772 20.74526 1.73149 275.67805 -10.02108 0.09062 3.2035 1.92311 0.306213 1.77546e-20 0.0549677 1.34151e-14 0.0718334
3.24719 -2.09366 0.35435 14.12054 "" 7.19104 26.87914 2.82449 277.57433 -4.08642 0.11246 3.8636 1.83126 0.116301 4.07949e-19 1.263 3.7545e-13 2.01041
6.23973 -2.65943 -0.48949 20.80309 "" 8.56073 46.89249 -3.27788 292.27790 10.85298 0.13918 6.7828 2.2645 0.244613 3.82303e-20 0.11836 2.45758e-14 0.131595
4.48525 3.02338 -0.17417 8.13243 "" 12.36673 21.26750 -0.80697 278.20959 -10.73934 0.03766 5.4091 2.1296 0.241031 1.02271e-21 0.00316628 7.10752e-16 0.00380585
4.47560 3.35833 0.04505 4.99829 "" 12.67490 20.67763 0.20365 277.01977 -10.79402 0.02259 5.5955 2.15915 0.226555 2.10424e-20 0.0651466 1.44954e-14 0.0776181
4.46880 3.90896 -0.06006 28.35429 "" 13.18924 19.80531 -0.26091 277.02567 -11.78231 0.12313 5.9372 2.41771 0.401773 4.9814e-21 0.0154223 2.76047e-15 0.0147814
-5.21695 -7.55768 -0.07808 13.74209 "" 5.30195 -79.76125 -0.84381 149.43193 -55.86471 0.14845 9.1834 1.79323 0.235847 6.22714e-19 1.92791 5.35543e-13 2.86766
4.25060 -1.62465 -0.27327 36.57007 "" 8.08781 31.72592 -1.93627 284.03361 -1.95576 0.25897 4.5505 1.84343 0.379183 1.6299e-20 0.0504612 1.2367e-14 0.0662212
-4.01207 4.60559 -0.09610 7.65951 "" 13.70629 -17.02114 -0.40173 254.80995 -43.19488 0.03201 6.1080 2.47717 0.0832406 6.58459e-20 0.203857 4.10268e-14 0.219685
3.00293 -0.11282 -0.19520 5.90248 "" 8.91069 19.69930 -1.25524 277.87640 -12.33709 0.03794 3.0050 1.65513 0.265984 1.19844e-20 0.0371033 1.10702e-14 0.0592772
-8.72403 -8.97321 0.04805 20.30867 "" 8.73699 -93.10480 0.31511 135.27840 -45.82061 0.13313 12.5151 1.70718 0.412052 6.0285e-20 0.186641 4.86838e-14 0.260686
4.88252 -10.40100 0.02402 2.59777 "" 5.23960 111.27336 0.26266 348.31426 60.89245 0.02840 11.4900 2.34536 0.0888583 2.16382e-19 0.669914 1.4498e-13 0.77632
5.41249 -1.94846 -0.04505 28.50439 "" 8.49822 39.56148 -0.30373 286.16448 5.75818 0.19211 5.7525 2.17146 0.232461 1.63478e-19 0.506125 1.11445e-13 0.596751
14.88900 3.29289 0.04204 8.48569 "" 18.99359 51.61888 0.12682 291.51050 16.62810 0.02559 15.2488 2.13157 0.30454 3.15751e-23 9.77556e-05 2.11668e-17 0.000113341
0.50682 1.36878 0.51351 6.50050 "" 9.89512 2.93989 2.97472 265.29290 -24.87399 0.03763 1.4596 2.0725 0.0923873 8.40757e-20 0.260296 6.66879e-14 0.357092
2.32031 -4.61821 0.12613 29.02744 "" 4.52416 30.86855 1.59757 280.49644 -1.10697 0.36747 5.1683 2.10938 0.378383 4.52619e-19 1.4013 2.95808e-13 1.58396
-3.72592 -8.58020 0.07207 12.10420 "" 3.72748 -91.23309 1.10787 137.94710 -46.67247 0.18598 9.3543 2.07237 0.0394981 3.30241e-19 1.02242 2.7284e-13 1.46097
-7.34429 -4.10687 -0.00901 5.69935 "" 8.55794 -59.11342 -0.06032 188.37195 -62.86076 0.03814 8.4146 2.50663 0.473208 3.1947e-19 0.989072 1.65624e-13 0.886862
14.14970 -1.44825 0.00601 42.88528 "" 15.80953 63.50983 0.02178 297.91766 26.93109 0.15536 14.2236 1.98056 0.234111 9.38969e-20 0.290703 7.16558e-14 0.383694
1.65635 -10.67880 -0.03003 14.08899 "" 2.73707 142.75747 -0.62864 50.56552 56.32384 0.29481 10.8065 2.05159 0.168062 1.47654e-17 45.7133 1.12559e-11 60.2716
0.68082 -0.88448 0.35435 32.27239 "" 7.65410 5.10861 2.65348 266.83072 -23.19387 0.24149 1.1162 2.63833 0.0584035 2.76585e-19 0.856302 1.59896e-13 0.85619
-0.74822 -6.83606 0.06306 3.48737 "" 1.82552 -24.21191 1.97960 245.52570 -47.00588 0.10941 6.8769 2.10825 0.216298 1.9475e-20 0.0602942 1.39061e-14 0.0744625
-3.91270 -8.30819 0.02402 0.96168 "" 3.91747 -87.19347 0.35131 141.40323 -50.08223 0.01406 9.1834 2.7696 0.329902 3.24663e-21 0.0100515 1.57558e-15 0.00843671
4.85107 -3.42305 0.04805 28.02480 "" 7.02215 43.69664 0.39206 287.46149 9.74974 0.22857 5.9372 2.06851 0.0472436 3.61525e-21 0.0111927 2.97644e-15 0.0159379
-9.95909 7.85808 0.11411 37.38884 "" 19.15159 -31.33380 0.34138 239.08148 -53.03335 0.11181 12.6859 2.51022 0.153135 2.43837e-20 0.0754915 1.4387e-14 0.0770376
3.41831 -3.50225 -0.04805 13.29432 "" 6.05513 34.37095 -0.45467 283.92045 1.07328 0.12575 4.8939 1.6034 0.418009 2.64153e-20 0.081781 2.26703e-14 0.121392
2.55835 4.76583 0.13814 22.11383 "" 13.51098 10.91563 0.58582 271.86965 -19.20509 0.09374 5.4091 2.14609 0.323091 4.50619e-20 0.139511 2.96803e-14 0.158929
-3.99213 10.59170 0.03003 9.09904 "" 19.50464 -11.81054 0.08821 258.44940 -38.73937 0.02672 11.3191 1.62466 0.103187 2.21651e-21 0.00686226 2.41814e-15 0.0129484
-2.93282 -0.65490 0.44745 14.94160 "" 8.38733 -20.49780 3.05809 248.08138 -43.58495 0.10203 3.0051 2.35334 0.0804549 2.41731e-20 0.0748394 1.62027e-14 0.0867603
1.18318 1.79092 0.32733 2.92142 "" 10.36388 6.55868 1.80991 268.42073 -22.38007 0.01614 2.1465 1.73614 0.452243 5.22543e-20 0.161778 4.0497e-14 0.216848
10.33490 5.40030 0.10210 20.66526 "" 17.32163 36.63087 0.33772 284.24701 3.44575 0.06833 11.6608 2.18513 0.14351 1.03154e-19 0.319363 7.35543e-14 0.39386
