sky_model/pwn/ctadc_skymodel_gps_sources_pwn.ecsv
# %ECSV 0.9
# ---
# datatype:
# - {name: x, unit: kpc, datatype: float64, description: Galactocentric x coordinate}
# - {name: y, unit: kpc, datatype: float64, description: Galactocentric y coordinate}
# - {name: z, unit: kpc, datatype: float64, description: Galactocentric z coordinate}
# - {name: spiralarm, datatype: string}
# - {name: GLON, unit: deg, datatype: float64, description: Galactic longitude}
# - {name: GLAT, unit: deg, datatype: float64, description: Galactic latitude}
# - {name: RA, unit: deg, datatype: float64}
# - {name: DEC, unit: deg, datatype: float64}
# - {name: distance, unit: pc, datatype: float64, description: Distance observer to
#     source center}
# - {name: sigma, unit: deg, datatype: float64, description: Angular extension (deg)}
# - {name: spec_alpha, datatype: float64, description: Spectral model parameter (log
#     parabola)}
# - {name: spec_beta, datatype: float64, description: Spectral model parameter (log
#     parabola)}
# - {name: spec_norm, unit: 1 / (cm2 MeV s), datatype: float64, description: Spectral
#     model norm parameter (log parabola)}
# - {name: spec_norm_cu, unit: '%', datatype: float64, description: Spectral model norm
#     parameter (log parabola) in crab units}
# - {name: int_flux_above_1TeV, unit: 1 / (cm2 s), datatype: float64, description: 'Integral
#     flux above 1 TeV '}
# - {name: int_flux_above_1TeV_cu, unit: '%', datatype: float64, description: Integral
#     flux above 1 TeV in crab units}
# - {name: source_name, datatype: string, description: source name}
x y z spiralarm GLON GLAT RA DEC distance sigma spec_alpha spec_beta spec_norm spec_norm_cu int_flux_above_1TeV int_flux_above_1TeV_cu source_name
[from data line 257]
3.69424569203 4.28727436634 -0.145163226966 "Carina Sagittarius" 16.1140146121 -0.624851678762 275.583031927 -15.2159965634 13311.0070737 0.0781272476588 1.60152051267 0.135238670473 1.45947375494e-19 0.451849459734 1.57128347141e-13 0.841372038563 pwn_257
-0.771908206746 -1.15593641954 -0.0434261005555 "Crux Scutum" -6.00012361968 -0.336935120593 262.978182759 -34.1899817576 7384.64609712 0.224260133225 2.23445858533 0.308091495308 8.75582899118e-20 0.271078296941 5.54030942513e-14 0.296665848022 pwn_258
-6.72547838284 1.94057209944 0.0288917313883 "Crux Scutum" -32.7883228277 0.133290832559 237.408150062 -54.1159106646 12419.2769505 0.045315340491 2.60885447185 0.192136587621 5.03081936618e-20 0.155752921553 2.77201068463e-14 0.148432305378 pwn_259
-3.20346531404 -1.33301565485 -0.0391285566785 Perseus -24.0834660103 -0.285577731755 248.082652114 -48.4865754441 7850.43856519 0.0610177438767 2.09554268899 0.351703515331 4.38915349538e-20 0.13588710512 2.92880444259e-14 0.156828109584 pwn_260
3.36992403782 -1.73957183099 0.102087114084 "Carina Sagittarius" 26.4952407905 0.774287209777 279.223413137 -5.37081867762 7554.48203571 0.0330427281391 2.34642178111 0.176537480261 8.07947700254e-21 0.025013860689 5.14616421805e-15 0.0275560632928 pwn_261
16.2681387327 4.83036268365 0.0431867062847 "Crux Scutum" 50.6682828101 0.11764910941 291.049430909 15.7868551102 21032.1841993 0.01 2.30117113509 0.0772127123273 2.17339180619e-20 0.0672876720182 1.50617409771e-14 0.0806508051589 pwn_262
0.221936923736 11.6328869318 0.0199172186751 Perseus 0.631580261933 0.0566785513754 266.723982105 -28.3671921902 20134.1200181 0.0796252128854 1.88774829075 0.156344921743 3.63650339787e-20 0.112585244516 3.113750057e-14 0.166731355653 pwn_263
-2.17438784533 -5.38339299371 -0.0339331654605 Norma -34.9026299542 -0.511603842214 235.179371323 -55.9199072685 3800.30961808 0.310347619518 2.11193002038 0.442162113195 2.43298749629e-19 0.753246902878 1.54098603497e-13 0.825148730465 pwn_264
-6.20560514148 2.16381805557 0.0111752098563 "Crux Scutum" -30.1964473006 0.0518958939726 240.819102998 -52.5114636311 12338.0174898 0.110837712868 1.62990158674 0.479266172123 4.16441418379e-21 0.0128929231696 3.38462224861e-15 0.0181235695079 pwn_265
-0.981120376152 5.96757121567 -0.0142153720537 "Carina Sagittarius" -3.87958135935 -0.0561679725227 264.072582401 -32.256720722 14500.807431 0.0376378615358 1.96460908887 0.103756367034 8.65943633832e-21 0.0268094004282 7.3260392484e-15 0.0392285968074 pwn_266
6.23450819785 -5.15784656307 -0.0404766064166 Norma 61.8054288619 -0.32784406001 297.28638472 25.286133515 7073.94659442 0.147457909651 2.17970639249 0.394234193512 3.99711385654e-20 0.123749655001 2.49875155304e-14 0.133800152951 pwn_267
7.26950667652 0.44103804877 -0.0102033791443 Perseus 39.1128189083 -0.0507326222759 285.731856097 5.47545336023 11523.3672517 0.0165147029941 2.31693014812 0.13667436827 1.10322870915e-18 3.41556875898 7.30569446508e-13 3.91196570004 pwn_268
2.7238395978 3.73393381205 0.011029710907 "Carina Sagittarius" 12.5519578359 0.050421357988 273.198463038 -18.0310226019 12533.4975297 0.0701002847657 2.10738363757 0.443565771716 1.54710049825e-22 0.000478978482431 9.81561569212e-17 0.000525594823269 pwn_269
7.70923329599 -4.76481893548 -0.0695802192082 Norma 64.1494654761 -0.465370244909 298.756283245 27.229261399 8566.72031781 0.196280286797 2.31599511904 0.0827728063981 1.32520458256e-19 0.410280056521 9.06987566446e-14 0.485662830174 pwn_270
0.493426558919 4.56954114574 -0.090248813628 "Crux Scutum" 2.1621140522 -0.395355339279 268.052162178 -27.2867938709 13079.1635963 0.115957894564 1.76912813611 0.332979959347 6.56888215574e-21 0.0203370964574 5.36618761675e-15 0.0287342182144 pwn_271
5.10363217245 1.60965755091 0.0253826176815 "Carina Sagittarius" 26.78589552 0.128417981369 279.933783271 -5.4088693304 11324.8788702 0.0563262822282 2.06949081763 0.0421056323566 1.60397107903e-18 4.96585473383 1.32506009746e-12 7.09527297717 pwn_272
3.51672500828 -6.89993517826 0.181083948981 Norma 65.53507307 2.68343105444 296.47075397 30.0240178631 3867.86163328 0.428010121921 2.10578381535 0.486946661987 1.9772317702e-19 0.612146058885 1.23156861073e-13 0.659465597066 pwn_273
-11.6403310662 8.64314739976 -0.0645865088691 Perseus -34.17681112 -0.178582828652 235.848176644 -55.2165541426 20721.7031519 0.0223976654701 2.654877374 0.35031667232 5.74136880443e-19 1.77751356174 2.90934517853e-13 1.55786128237 pwn_274
-3.10123074336 -4.37639392884 -0.0390825775264 Norma -36.9456418447 -0.433989427408 232.086783426 -57.0444377411 5159.77582861 0.316968431315 2.03575000314 0.420907869703 7.98721284552e-22 0.0024728213144 5.31828437444e-16 0.00284777116745 pwn_275
0.955197795032 -11.0089097905 -0.00924702327633 "Crux Scutum" 159.157057046 -0.197353424023 70.7455658776 45.7563721598 2684.60735895 0.604380279069 1.9502950086 0.283334669682 1.44869314357e-18 4.48511809154 1.09192445635e-12 5.84690619174 pwn_276
14.157829311 7.49371658609 -0.00775865377404 "Crux Scutum" 41.5156384286 -0.0208118568591 286.815493622 7.62384434914 21359.8492792 0.0650964780022 2.10640536715 0.238400681964 2.10891115406e-20 0.0652913669987 1.4878554747e-14 0.0796699014921 pwn_277
15.0782943374 -1.19406869861 0.0592748105368 "Crux Scutum" 64.1482801482 0.202696080368 298.110474334 27.5721609719 16755.15162 0.0665462397534 1.82426596654 0.310941195697 2.43159090816e-19 0.75281452265 1.94646100775e-13 1.04226760853 pwn_278
3.20815566157 0.849210505616 -0.0219580275636 "Crux Scutum" 18.9395154413 -0.127282284755 276.492307905 -12.4862688472 9884.35541561 0.15307148927 2.15782615472 0.26437075585 1.19212820817e-21 0.00369079940611 8.04651350685e-16 0.00430865060045 pwn_279
2.22220682518 -0.237504621763 -0.0164630541809 Norma 15.0535436788 -0.110244289002 274.592848905 -15.9084478777 8556.12669854 0.0659420305545 1.99048343504 0.234692177573 4.14720434986e-20 0.1283964195 3.14432294099e-14 0.168368435797 pwn_280
-0.0937059005222 0.272853574059 -0.0307920788332 "Crux Scutum" -0.611972877542 -0.201091727631 266.235746052 -29.5631889469 8773.40804818 0.167739064718 1.56260173559 0.379725125729 2.22282525287e-20 0.0688181192841 2.01021987727e-14 0.107640844372 pwn_281
-11.3003652583 -0.500665384067 -0.0463583169157 "Carina Sagittarius" -54.7059780194 -0.191845514296 198.062412005 -62.9681043727 13845.2070537 0.0790506244645 2.08242403466 0.0891004774696 1.11642223614e-20 0.0345641559176 8.81850918094e-15 0.0472202959023 pwn_282
3.97981500884 -0.757200011514 -0.0178458021109 "Carina Sagittarius" 27.2032565144 -0.117449856267 280.345227084 -5.15043447184 8705.7565805 0.0123501279513 2.00473707182 0.0855860240776 1.33321979424e-18 4.12761546204 1.11288006215e-12 5.95911675776 pwn_283
-3.71933496395 0.428269826869 -0.000977548889563 Norma -22.6156136184 -0.0057908875273 249.25614444 -47.2165892439 9671.99336388 0.0674835822312 1.61027300938 0.215921325325 1.27317178379e-20 0.0394170830894 1.26485060718e-14 0.0677287041581 pwn_284
9.11911229623 -3.14109335017 -0.000892397055216 Norma 59.5590938862 -0.00483406093936 295.7411635 23.5056235306 10577.1494435 0.0309838996179 2.07985975362 0.160373958022 3.02620603564e-19 0.936905893388 2.2778604107e-13 1.2197213884 pwn_285
-5.85842312195 5.63708230837 0.0719969892767 "Carina Sagittarius" -22.5091732125 0.269563145641 249.06179246 -46.9527024697 15303.0520236 0.11034093886 2.54680678862 0.0370622589565 5.8101834236e-19 1.7988183974 3.57222457912e-13 1.91281199798 pwn_286
3.03658673758 4.18422756496 -0.102447040754 "Carina Sagittarius" 13.463149601 -0.450036329512 274.11712289 -17.4695723352 13043.0434842 0.0664534820321 2.25639112448 0.422235246209 2.0788431164e-19 0.643604680001 1.23491885191e-13 0.661259544057 pwn_287
-2.24756594556 -0.834626565426 -0.0222196335171 "Carina Sagittarius" -16.3416771045 -0.159373358374 255.122198973 -42.5107716311 7988.11594077 0.112392431702 2.28357815782 0.385801403347 2.57475623159e-19 0.797138152194 1.53269564502e-13 0.820709491832 pwn_288
-4.01570667585 -9.21320438645 -0.0226373583096 "Crux Scutum" -100.070929657 -0.318008150488 128.579188951 -40.7974284091 4078.61165758 0.2769871894 1.69755098233 0.271960749901 1.32054270725e-20 0.0408836751472 1.17947500432e-14 0.0631571137146 pwn_289
0.0489241339112 -7.13909584921 0.0143906261151 Norma 2.05888103421 0.605449830611 267.027894115 -26.8619535979 1361.85930575 0.504862865962 2.24306951068 0.489662268632 6.42849900527e-19 1.99024737005 3.73901970888e-13 2.00212545472 pwn_290
2.77600969415 -2.92247607261 -0.0600406017245 "Carina Sagittarius" 26.4601559952 -0.552146612837 280.391938682 -6.01007209812 6230.45807758 0.0496549839281 2.14453487441 0.0363000332738 7.63613022924e-19 2.36412700596 6.01969634174e-13 3.22335483999 pwn_291
3.74574797844 11.3058314665 -0.0498897502005 Perseus 10.7094887961 -0.141810639385 272.438526916 -19.7382682636 20156.985811 0.0708367520724 2.2587135715 0.383334650514 5.15362771334e-20 0.159555037565 3.10968457369e-14 0.166513662025 pwn_292
-11.142575742 14.2108641442 -0.00892530778429 Norma -26.1338414484 -0.020215108214 245.615544956 -49.7786222225 25297.0437799 0.0156460912841 2.22678858651 0.133185195805 2.32339737819e-19 0.719318073742 1.62595538813e-13 0.870647101182 pwn_293
7.71126014065 0.704392294809 0.042581645744 Perseus 39.955617764 0.203181499746 285.893272213 6.34090196308 12007.755147 0.0766619444551 1.69206578235 0.184299459972 7.5633988613e-21 0.0234160955458 7.2704946445e-15 0.0389311732205 pwn_294
-2.63236080211 4.71244016365 -0.0307919335097 "Crux Scutum" -11.2676986018 -0.13095528681 259.082067378 -38.4261217568 13472.1507791 0.0335554349357 2.08757975653 0.109639692602 4.92778099842e-21 0.0152562879208 3.82197633867e-15 0.0204654607645 pwn_295
-1.73266076328 -4.10535685868 -0.0416746322406 Perseus -21.5176587136 -0.505457540817 250.871683704 -46.726716474 4724.05952917 0.0519939342019 1.87263874187 0.394518945731 7.62407210627e-19 2.36039384095 5.63698828349e-13 3.01842691642 pwn_296
-2.0808875875 6.96534687156 0.0197237090731 "Carina Sagittarius" -7.6632162228 0.0724194499892 261.442390728 -35.348423667 15604.7247984 0.0956933210998 2.08497477171 0.0721200510108 4.41906357079e-21 0.0136813113647 3.52901782845e-15 0.0188967616504 pwn_297
12.2156449469 12.1871952287 0.0648064766561 "Crux Scutum" 30.5615553898 0.154555188773 281.640524076 -2.03894724207 24024.7003682 0.0696786827538 1.83077972193 0.420008348868 2.63123095259e-20 0.0814622585941 1.96498536012e-14 0.105218680669 pwn_298
-2.09375929773 2.48642209521 0.0596070863309 Perseus -10.7898711711 0.305360796252 258.983244467 -37.7837492756 11184.3127395 0.147911044254 2.49374111014 0.330788824115 8.69251652265e-19 2.69118158596 4.77891566371e-13 2.55895647555 pwn_299
-2.2181303042 -3.2781491617 -0.00166826494065 Perseus -23.0147448881 -0.0168477459621 248.871588335 -47.5192308064 5673.4320307 0.275967591847 1.84230828347 0.0295116226346 4.9793414982e-19 1.54159179511 4.91624772976e-13 2.6324934041 pwn_300
2.98009886374 -0.441803564186 -0.0665391168706 "Carina Sagittarius" 20.2955060003 -0.443728315584 277.423293164 -11.4330307259 8591.8534956 0.157054583943 1.83031735306 0.4054908658 1.26328644122e-20 0.0391110353319 9.5142553364e-15 0.0509457940176 pwn_301
-0.165090265825 2.59540424821 0.0740025448975 Norma -0.852450015597 0.382095260409 265.520296839 -29.4617824134 11096.879138 0.0567460705055 2.12237592196 0.313877858081 3.84456530261e-20 0.119026789555 2.57773799396e-14 0.138029624209 pwn_302
-5.60210132912 -2.18810209739 0.0808681858923 Norma -41.5905374368 0.549003480636 223.641872011 -58.5729004723 8439.79467156 0.0258646869246 1.77687027918 0.452491159789 9.22314064987e-20 0.285546150151 6.97885237691e-14 0.373695221646 pwn_303
1.23050075769 -2.36358910098 0.0108670330986 "Carina Sagittarius" 11.3388256341 0.0994851421464 272.537049668 -19.0706960192 6258.57722879 0.119939623527 1.97260100927 0.374361153204 7.64908960863e-20 0.236813919772 5.40050220652e-14 0.289179618664 pwn_304
10.369609708 5.65462726185 -0.00222410978721 Norma 36.2263200707 -0.00726250602017 284.369450795 2.92831989102 17546.5746904 0.0265001580098 1.85101062074 0.280560463715 9.62596770907e-22 0.00298017576132 7.72884070752e-16 0.00413854697776 pwn_305
3.15779747068 0.34426061005 -0.127068729953 "Carina Sagittarius" 19.6488423994 -0.775208759591 277.417072559 -12.1596444728 9391.95278238 0.0321733450792 2.52335161917 0.41827359031 6.79637569604e-21 0.0210414108236 3.56533051774e-15 0.0190912044863 pwn_306
-7.28148748078 -3.79285290269 0.0412160753622 "Crux Scutum" -57.1191883827 0.27235957813 192.748413182 -62.5993439165 8670.58201584 0.019966360961 2.33574114805 0.139025119151 1.08860356644e-20 0.0337028967937 7.12170681113e-15 0.0381344619653 pwn_307
7.31309959296 -3.46043018257 0.250717498182 Norma 55.4286735574 1.61700778023 292.041963288 20.6873640222 8884.90567565 0.142972826658 2.08275914446 0.273475030922 6.00835342374e-21 0.0186017133862 4.21170101133e-15 0.022552311726 pwn_308
-12.47626559 -13.838537229 0.00145357275914 Perseus -113.165861533 0.00613712649575 119.902337505 -29.7598783024 13570.4526428 0.01 1.98263488435 0.146808409902 7.33846832236e-21 0.0227197161683 5.93684451135e-15 0.0317899033499 pwn_309
-15.6514101681 10.4223224882 -0.000455810697368 Norma -39.5955120597 -0.00106350847024 227.478389564 -58.0958305748 24556.4844554 0.0547200257747 2.38227528437 0.484102195545 4.44922041813e-23 0.000137746762171 2.42972702895e-17 0.000130104110474 pwn_310
-8.23322345809 15.1126837044 -0.0138063856606 Norma -19.2225398437 -0.0316331774338 252.485497875 -44.6719344081 25006.8988651 0.013027285688 2.2215612241 0.113098150421 2.83644571263e-21 0.00878156567378 2.01671470524e-15 0.0107988621634 pwn_311
-2.2695118452 -9.5077042367 0.0527783556289 "Crux Scutum" -113.942085203 1.21760380147 120.61112258 -28.4611706284 2483.73456694 0.0868509632588 2.2494157214 0.00786911983523 3.35118823133e-19 1.03751957626 2.51646447134e-13 1.34748623068 pwn_312
-4.78772762713 -12.8945943609 -0.127523286635 "Carina Sagittarius" -132.548427402 -1.12414206903 108.573038631 -13.4168245549 6500.08135468 0.0357179992957 2.0921423288 0.162927421002 1.65896201527e-19 0.513610531043 1.23707212617e-13 0.662412553545 pwn_313
-2.47146436138 0.757367141643 -0.102747240657 Perseus -14.9477865888 -0.614381736913 256.751920083 -41.6815419017 9582.14691393 0.123447899109 1.59353099167 0.251254698485 6.52885594146e-20 0.202131762893 6.37365027381e-14 0.341288584875 pwn_314
-14.3640653203 -8.42376415858 0.0427596312279 Perseus -89.6959112305 0.170557889208 138.505791154 -48.4328690094 14364.3312694 0.0338633334662 2.06626020523 0.014181467115 2.10138181593e-21 0.00650582605551 1.78011338834e-15 0.00953193779269 pwn_315
-4.13760764596 3.08802586422 -0.0283803841809 "Crux Scutum" -19.6495571801 -0.132152117062 252.207457763 -45.0638740737 12304.5904405 0.0627699263723 1.94025302424 0.279624150017 1.89157260509e-19 0.585626193527 1.43775850099e-13 0.769873687944 pwn_316
-3.13677443078 -2.40639786525 0.0419472987019 Perseus -27.2378342917 0.350674938456 243.984770032 -50.2876710154 6853.69246335 0.14528009202 2.29351658204 0.437141387476 2.9723206758e-20 0.0920223119442 1.72327418826e-14 0.0922758205733 pwn_317
6.6586438778 6.27946153769 0.0389037287882 Perseus 24.2531643613 0.137507098784 278.754796176 -7.65451714244 16210.2293363 0.0919536900491 2.4035527299 0.352366097208 1.36905277104e-20 0.0423855347071 7.79162255079e-15 0.0417216464664 pwn_318
-9.30919107789 14.2712081018 0.104093951695 Norma -22.2354363644 0.242437635128 249.360057635 -46.7681167073 24600.8087772 0.0517327199839 1.90261468657 0.311484161489 5.21360314486e-21 0.016141186207 3.97560920432e-15 0.0212881156178 pwn_319
4.00997589303 -10.5511187543 -0.162009200759 "Crux Scutum" 117.089926192 -2.05999546112 1.02188135314 60.273566284 4507.02138755 0.116965840094 2.24051557028 0.477980875354 2.57924683173e-19 0.798528430877 1.50903207532e-13 0.808038407182 pwn_320
