sky_model/pwn/ctadc_skymodel_gps_sources_pwn.ecsv
# %ECSV 0.9
# ---
# datatype:
# - {name: galactocentric_x, unit: kpc, datatype: float64, format: '%.5f', description: Galactocentric
#     x coordinate}
# - {name: galactocentric_y, unit: kpc, datatype: float64, format: '%.5f', description: Galactocentric
#     y coordinate}
# - {name: galactocentric_z, unit: kpc, datatype: float64, format: '%.5f', description: Galactocentric
#     z coordinate}
# - {name: spiralarm, datatype: string}
# - {name: GLON, unit: deg, datatype: float64, format: '%.5f', description: Galactic
#     longitude}
# - {name: GLAT, unit: deg, datatype: float64, format: '%.5f', description: Galactic
#     latitude}
# - {name: RA, unit: deg, datatype: float64, format: '%.5f'}
# - {name: DEC, unit: deg, datatype: float64, format: '%.5f'}
# - {name: distance, unit: pc, datatype: float64, format: '%.5f', description: Distance
#     observer to source center}
# - {name: sigma, unit: deg, datatype: float64, format: '%.5f', description: Angular
#     size}
# - {name: size_physical, unit: pc, datatype: float64, format: '%.5f', description: Physical
#     size}
# - {name: spec_alpha, datatype: float64, format: '%5g', description: Spectral model
#     parameter (log parabola)}
# - {name: spec_beta, datatype: float64, format: '%5g', description: Spectral model
#     parameter (log parabola)}
# - {name: spec_norm, unit: 1 / (cm2 MeV s), datatype: float64, format: '%5g', description: Spectral
#     model norm parameter (log parabola)}
# - {name: spec_norm_cu, unit: '%', datatype: float64, format: '%5g', description: Spectral
#     model norm parameter (log parabola) in crab units}
# - {name: int_flux_above_1TeV, unit: 1 / (cm2 s), datatype: float64, format: '%5g',
#   description: 'Integral flux above 1 TeV '}
# - {name: int_flux_above_1TeV_cu, unit: '%', datatype: float64, format: '%5g', description: Integral
#     flux above 1 TeV in crab units}
# - {name: source_name, datatype: string, description: source name}
# - {name: galactocentric_r, unit: kpc, datatype: float64, format: '%0.4f', description: Galactocentric
#     radius in the xy plan}
galactocentric_x galactocentric_y galactocentric_z spiralarm GLON GLAT RA DEC distance sigma size_physical spec_alpha spec_beta spec_norm spec_norm_cu int_flux_above_1TeV int_flux_above_1TeV_cu source_name galactocentric_r
[from data line 539]
6.89839 11.03273 -0.02293 Norma 19.45173 -0.06343 276.67888 -12.00336 20715.11507 0.05155 18.63940 2.04826 0.360321 5.18783e-22 0.00160614 3.53723e-16 0.00189407 pwn_539 13.0119
-0.37199 2.83531 -0.07908 Perseus -1.87961 -0.39948 265.66242 -30.74661 11341.68425 0.10754 21.28825 1.66148 0.0517736 2.82676e-21 0.00875157 3.15575e-15 0.0168981 pwn_540 2.8596
-9.20299 -9.23749 0.00165 "Carina Sagittarius" -94.58166 0.01021 133.57905 -44.89949 9232.49738 0.01696 2.73216 1.63536 0.385822 1.31276e-22 0.000406428 1.12757e-16 0.000603777 pwn_541 13.0394
3.61426 2.80055 0.12503 "Crux Scutum" 17.73586 0.60379 275.25132 -13.20690 11865.11459 0.11740 24.31237 2.13797 0.228645 1.38794e-20 0.0429704 9.66779e-15 0.0517679 pwn_542 4.5723
-6.66624 6.00509 0.04095 "Carina Sagittarius" -24.68255 0.14699 246.98579 -48.62417 15963.64750 0.04397 12.25205 2.3379 0.066331 1.75214e-19 0.54246 1.19575e-13 0.640284 pwn_543 8.9722
-0.40038 -5.02577 0.11709 Perseus -6.57389 1.91762 260.34146 -33.40793 3499.18660 0.33721 20.59413 2.29141 0.0186055 9.07641e-18 28.1003 6.58134e-12 35.241 pwn_544 5.0417
4.31329 1.48796 0.01034 "Carina Sagittarius" 23.35704 0.05447 278.41218 -8.48810 10879.52261 0.07866 14.93669 2.20201 0.496689 5.67813e-20 0.175793 3.35905e-14 0.179866 pwn_545 4.5627
2.13047 2.30874 0.02231 "Crux Scutum" 11.15042 0.11605 272.42530 -19.22762 11016.72179 0.11186 21.50843 2.35891 0.137184 1.75156e-20 0.0542277 1.13203e-14 0.0606168 pwn_546 3.1415
-5.10838 1.84366 0.03605 "Crux Scutum" -26.28317 0.17905 245.23400 -49.74317 11536.38323 0.10993 22.13495 1.92309 0.476124 7.6062e-20 0.235486 5.23768e-14 0.280461 pwn_547 5.4309
10.29153 0.54852 -0.06441 Norma 48.67742 -0.26930 290.43019 13.84909 13703.84507 0.02909 6.95710 2.01824 0.250918 3.69724e-20 0.114466 2.72831e-14 0.146093 pwn_548 10.3061
-1.77744 -4.51169 0.03596 Perseus -24.02078 0.47183 247.32027 -47.92140 4366.60037 0.26721 20.36429 2.32126 0.251508 4.09846e-21 0.0126887 2.54614e-15 0.0136338 pwn_549 4.8492
-1.36754 4.73575 0.01392 "Crux Scutum" -5.89897 0.05994 262.64474 -33.88767 13306.22109 0.11089 25.75285 2.22994 0.0455349 2.86669e-21 0.0088752 2.12178e-15 0.0113614 pwn_550 4.9293
-1.78988 -11.09164 -0.00151 "Crux Scutum" -145.36960 -0.02741 103.60973 -1.52408 3149.64680 0.14936 8.21053 2.03694 0.475353 3.26438e-20 0.101064 2.11702e-14 0.11336 pwn_551 11.2351
6.55129 2.53280 -0.08378 Perseus 30.70189 -0.37409 282.17533 -2.15524 12831.56599 0.10314 23.09938 2.49624 0.366448 8.12646e-20 0.251593 4.40033e-14 0.235624 pwn_552 7.0239
2.07263 9.72446 -0.00166 Perseus 6.48825 -0.00519 270.08665 -23.35137 18341.94358 0.06109 19.55651 1.7124 0.259364 3.38201e-22 0.00104706 3.01867e-16 0.0016164 pwn_553 9.9429
7.22756 -15.66240 0.01743 "Carina Sagittarius" 134.74055 0.09815 37.56524 60.68402 10175.35756 0.16166 28.71013 1.9444 0.0601286 3.82169e-19 1.18318 3.39901e-13 1.82006 pwn_554 17.2496
9.86658 -6.10158 -0.03478 "Crux Scutum" 76.33725 -0.19624 306.39156 37.58910 10153.96596 0.05030 8.91360 2.01498 0.0878383 6.913e-19 2.14025 5.71998e-13 3.06287 pwn_555 11.6008
-2.07803 2.87477 -0.05460 Norma -10.35309 -0.27055 259.89715 -37.75940 11563.15319 0.02921 5.89465 2.34496 0.216083 1.97961e-20 0.0612884 1.23608e-14 0.0661882 pwn_556 3.5472
-3.32206 1.19879 -0.16706 Norma -18.90751 -0.93358 253.75036 -45.00095 10253.32168 0.05807 10.39146 2.10072 0.181129 2.46114e-19 0.761962 1.80421e-13 0.966098 pwn_557 3.5317
-11.24187 -2.82726 0.04603 "Carina Sagittarius" -63.22413 0.20945 179.64277 -62.02876 12592.13194 0.04026 8.84843 1.72155 0.279069 2.97001e-24 9.19507e-06 2.59664e-18 1.39042e-05 pwn_558 11.5919
1.87677 -7.01442 -0.03395 Norma 51.63616 -0.81259 292.37975 16.19508 2393.81379 0.55196 23.06158 2.2542 0.038172 1.46428e-17 45.3338 1.07256e-11 57.4321 pwn_559 7.2612
2.32675 2.35167 -0.09836 "Crux Scutum" 12.10180 -0.50777 273.48745 -18.69358 11098.75193 0.11556 22.38504 2.42626 0.020173 1.32909e-18 4.11482 8.85417e-13 4.74112 pwn_560 3.3082
1.42381 6.75254 0.09261 "Carina Sagittarius" 5.33304 0.34637 269.12331 -24.17648 15319.13544 0.07697 20.57812 2.32179 0.255552 2.0656e-21 0.00639503 1.28031e-15 0.00685566 pwn_561 6.9010
-1.98531 -6.13311 -0.06469 Norma -39.98931 -1.19957 228.00035 -59.32791 3089.95518 0.14211 7.66388 2.28575 0.0142507 1.9192e-18 5.9418 1.40098e-12 7.50183 pwn_562 6.4464
-4.14955 -4.19858 0.07356 Norma -43.97043 0.70515 219.33115 -59.44684 5977.15409 0.24972 26.05165 1.53771 0.029776 4.81989e-20 0.149223 6.13663e-14 0.328597 pwn_563 5.9031
2.85467 -10.95035 -0.01079 "Crux Scutum" 130.64167 -0.16428 29.30744 61.71868 3762.10995 0.43787 28.75180 1.83003 0.188171 2.16023e-19 0.668802 1.87789e-13 1.00555 pwn_564 11.3163
-9.25905 5.72733 0.05614 Perseus -33.05581 0.18950 236.99057 -54.23828 16974.98545 0.05618 16.64437 2.24462 0.0308895 1.16498e-20 0.0360674 8.63033e-15 0.0462126 pwn_565 10.8873
0.09297 4.93302 0.05248 "Crux Scutum" 0.39654 0.22382 266.42270 -28.48110 13433.44519 0.08530 19.99945 2.08353 0.192735 1.39897e-21 0.00433118 1.0288e-15 0.00550891 pwn_566 4.9339
-2.67495 -9.51957 0.10732 "Crux Scutum" -110.86467 2.14690 123.42146 -30.54558 2864.68158 0.31529 15.76383 2.25677 0.120875 2.17785e-18 6.74257 1.50836e-12 8.07678 pwn_567 9.8883
6.33290 -5.03612 -0.00468 Norma 61.32284 -0.03713 296.73987 25.01656 7218.31341 0.07602 9.57772 1.7201 0.0938851 3.90425e-20 0.120875 3.98579e-14 0.213426 pwn_568 8.0912
-1.06390 -0.16361 -0.00550 Norma -7.27283 -0.03750 261.82082 -35.08594 8404.00272 0.06580 9.65150 2.08155 0.20234 9.54773e-20 0.295595 6.98753e-14 0.37416 pwn_569 1.0764
-2.66589 -5.92120 0.00029 Norma -45.95134 0.00453 216.16871 -60.83884 3709.06265 0.16109 10.42850 1.68307 0.059952 3.03761e-20 0.0940437 3.30312e-14 0.176872 pwn_570 6.4937
4.20834 4.22109 0.00384 "Carina Sagittarius" 18.30505 0.01642 276.05811 -12.98006 13399.11354 0.02966 6.93656 1.5139 0.17482 1.28304e-21 0.00397227 1.42464e-15 0.00762847 pwn_571 5.9605
0.14221 10.31011 0.04639 Perseus 0.43316 0.14129 266.52457 -28.49279 18810.70648 0.08283 27.19439 2.18873 0.217437 4.31287e-20 0.133525 2.93595e-14 0.15721 pwn_572 10.3111
-2.86048 0.65496 -0.04165 Perseus -17.35151 -0.24879 254.36352 -43.35885 9591.52391 0.15504 25.95444 2.35278 0.415001 1.69894e-19 0.525988 9.65902e-14 0.517209 pwn_573 2.9345
-5.42314 2.44591 0.03323 "Crux Scutum" -26.35606 0.15588 245.17918 -49.81097 12215.74911 0.06872 14.65110 2.17368 0.466403 1.56026e-19 0.483053 9.47721e-14 0.507474 pwn_574 5.9492
10.47422 3.37365 -0.05401 Norma 41.41679 -0.19546 286.92601 7.45571 15833.37275 0.04329 11.96207 2.0901 0.154169 3.01029e-19 0.931977 2.26066e-13 1.21051 pwn_575 11.0041
6.26475 -6.38184 -0.08907 Norma 71.31918 -0.77162 303.49261 33.12505 6613.74715 0.24476 28.25305 1.6314 0.146321 4.54574e-20 0.140735 4.73072e-14 0.253315 pwn_576 8.9429
1.10791 -3.38958 -0.01704 "Carina Sagittarius" 12.23212 -0.18667 273.25596 -18.42539 5229.16835 0.08584 7.83464 2.40183 0.283259 8.87546e-20 0.274782 5.209e-14 0.278925 pwn_577 3.5660
2.25224 5.57095 0.02653 "Carina Sagittarius" 9.09381 0.10666 271.36860 -21.02914 14250.08906 0.06944 17.26932 2.08679 0.0687072 1.92458e-19 0.595844 1.53904e-13 0.824106 pwn_578 6.0090
-2.97349 1.73235 -0.04339 Perseus -16.20371 -0.23332 255.31632 -42.44749 10655.72961 0.01641 3.05202 2.68787 0.174856 2.30654e-20 0.0714098 1.23186e-14 0.0659622 pwn_579 3.4413
-1.66307 -3.78836 -0.02836 Perseus -19.44159 -0.32523 252.60591 -45.02816 4996.61195 0.07966 6.94660 2.38269 0.0266082 3.09393e-18 9.57872 2.10759e-12 11.2854 pwn_580 4.1373
-0.86124 -2.84248 -0.02284 "Carina Sagittarius" -8.65568 -0.22872 261.06227 -36.33874 5722.74004 0.18730 18.70764 1.49846 0.189534 1.69996e-19 0.526303 1.88371e-13 1.00867 pwn_581 2.9701
-11.02935 -6.00334 0.00193 "Carina Sagittarius" -77.24517 0.00977 154.00427 -56.64631 11308.40254 0.10318 20.36443 2.32651 0.0570757 1.04473e-18 3.23446 7.22168e-13 3.86698 pwn_582 12.5573
-0.96308 1.51523 0.07968 "Carina Sagittarius" -5.49279 0.45373 262.51848 -33.33180 10061.74115 0.10279 18.05146 1.68104 0.280906 1.11728e-19 0.345906 1.00247e-13 0.536791 pwn_583 1.7954
2.06190 -2.52884 -0.15731 "Crux Scutum" 19.05031 -1.42648 277.72466 -12.99160 6319.09198 0.23822 26.27369 1.87215 0.320797 6.42978e-21 0.0199064 4.96608e-15 0.0265918 pwn_584 3.2629
-2.39937 11.04611 -0.05609 Perseus -6.99830 -0.16319 262.13459 -34.92746 19692.90129 0.08670 29.80062 2.02477 0.493546 7.84584e-22 0.00242905 5.07812e-16 0.00271917 pwn_585 11.3037
1.57131 -5.38295 -0.00169 Perseus 26.75275 -0.02769 280.05792 -5.50986 3490.70314 0.38180 23.26147 2.07178 0.0975693 2.88522e-18 8.93256 2.2809e-12 12.2135 pwn_586 5.6076
-3.22602 -5.66287 -0.00472 Norma -48.66988 -0.06294 210.83645 -61.75658 4296.10644 0.19671 14.74951 2.21927 0.103601 2.11841e-19 0.655856 1.51761e-13 0.812631 pwn_587 6.5173
1.64726 -10.52877 -0.08534 "Crux Scutum" 140.92504 -1.87044 46.58419 56.21477 2614.69920 0.55346 25.25822 1.79314 0.47371 1.11836e-20 0.034624 8.28689e-15 0.0443737 pwn_588 10.6568
5.19020 -4.03759 -0.13325 Perseus 49.31183 -1.11528 291.50725 14.00805 6846.09973 0.04125 4.92915 1.75479 0.43232 3.87482e-20 0.119963 3.00431e-14 0.160871 pwn_589 6.5757
5.76565 -6.16539 -0.01135 Norma 67.95617 -0.10450 300.68484 30.66064 6220.38973 0.19311 20.96524 2.28018 0.308027 2.69214e-19 0.833481 1.66293e-13 0.890446 pwn_590 8.4413
4.55190 4.38653 -0.00233 "Carina Sagittarius" 19.45473 -0.00975 276.63175 -11.97570 13666.83783 0.06819 16.26638 2.09602 0.420704 4.96476e-22 0.00153708 3.20216e-16 0.00171465 pwn_591 6.3215
-3.39246 -1.17325 -0.17246 Perseus -24.84527 -1.22366 248.33933 -49.68323 8075.87896 0.04663 6.57235 2.15231 0.104846 3.26153e-19 1.00976 2.43459e-13 1.30365 pwn_592 3.5896
1.25884 -15.16207 -0.03846 "Carina Sagittarius" 169.29975 -0.32502 79.02884 37.69938 6780.07298 0.24690 29.21756 1.44189 0.437014 1.72334e-20 0.0533542 1.62174e-14 0.0868392 pwn_593 15.2142
-6.76260 -4.20707 -0.03040 "Crux Scutum" -57.59243 -0.21747 191.70108 -63.08450 8010.17274 0.07969 11.14119 2.04686 0.433654 3.46132e-22 0.00107162 2.27707e-16 0.0012193 pwn_594 7.9644
-10.60860 14.75701 -0.16602 Norma -24.51992 -0.37211 247.72612 -48.86413 25562.83634 0.04266 19.03226 1.83278 0.124056 2.8977e-20 0.0897122 2.64653e-14 0.141713 pwn_595 18.1745
4.84774 7.76901 -0.00689 Perseus 16.59270 -0.02326 275.26663 -14.51064 16975.90204 0.08954 26.52976 1.82381 0.254187 1.54101e-21 0.00477092 1.28185e-15 0.00686392 pwn_596 9.1574
2.84492 2.64234 -0.03182 "Crux Scutum" 14.32304 -0.15855 274.27630 -16.57448 11499.84256 0.07939 15.93452 2.37658 0.464887 1.66884e-21 0.00516668 9.20267e-16 0.00492774 pwn_597 3.8827
-1.76328 0.45315 -0.15680 "Carina Sagittarius" -11.14152 -0.98442 260.06812 -38.81446 9126.48429 0.03001 4.77959 1.7713 0.339575 7.43102e-20 0.230062 6.03636e-14 0.323228 pwn_598 1.8206
2.91473 6.45185 -0.04764 "Carina Sagittarius" 11.03096 -0.17918 272.63811 -19.47485 15233.37866 0.09337 24.82455 1.77213 0.33026 3.76561e-20 0.116582 3.0758e-14 0.164699 pwn_599 7.0797
2.72093 -1.17188 -0.00627 "Crux Scutum" 20.36992 -0.04596 277.09922 -11.18249 7816.96028 0.08475 11.56216 2.0007 0.279882 3.51073e-19 1.08691 2.57264e-13 1.37757 pwn_600 2.9626
-6.86346 0.81704 0.00810 "Crux Scutum" -36.37747 0.04011 232.45259 -56.33224 11572.14302 0.14609 29.50613 2.23509 0.134416 2.26739e-20 0.0701978 1.57767e-14 0.0844792 pwn_601 6.9119
6.76610 4.87296 0.03062 Perseus 26.83732 0.11704 279.96760 -5.36838 14987.22910 0.10199 26.67880 1.8348 0.489208 7.12825e-21 0.0220689 5.11805e-15 0.0274055 pwn_602 8.3382
0.98958 -3.33449 0.06691 "Carina Sagittarius" 10.84497 0.72889 271.70089 -19.19715 5259.86786 0.28119 25.81359 2.47024 0.223755 5.54425e-20 0.171649 3.22913e-14 0.172909 pwn_603 3.4782
3.00320 -10.22083 0.16887 "Crux Scutum" 119.81272 2.79316 5.33384 65.48244 3465.39955 0.19260 11.64878 2.53495 0.155725 4.06842e-20 0.125957 2.36658e-14 0.126723 pwn_604 10.6529
6.39004 -4.80738 -0.04333 Norma 59.97763 -0.33640 296.28263 23.70292 7380.37471 0.17909 23.06941 1.83557 0.36429 5.34184e-19 1.65382 4.10816e-13 2.19979 pwn_605 7.9965
-5.32811 3.48768 0.03474 "Crux Scutum" -23.96350 0.15175 247.72651 -48.09992 13118.47471 0.12928 29.59905 2.02648 0.303852 1.76296e-20 0.0545809 1.25488e-14 0.0671946 pwn_606 6.3681
-11.39225 -1.68724 -0.01133 "Carina Sagittarius" -59.11985 -0.04889 188.35965 -62.84891 13273.92595 0.07119 16.49384 1.8664 0.171121 1.58386e-20 0.0490359 1.36064e-14 0.0728581 pwn_607 11.5165
-0.58369 2.52062 0.04745 Perseus -3.03177 0.24635 264.30885 -31.37922 11036.16618 0.07741 14.91015 1.59439 0.151896 2.47662e-22 0.000766755 2.63867e-16 0.00141292 pwn_608 2.5873
3.97826 -0.71965 -0.04612 "Carina Sagittarius" 27.08164 -0.30240 280.45449 -5.34320 8738.56080 0.01257 1.91724 2.1909 0.107253 6.40225e-20 0.198212 4.65677e-14 0.249355 pwn_609 4.0428
-6.10068 -5.41839 0.04424 "Crux Scutum" -63.20045 0.37087 179.76164 -61.87549 6834.95090 0.17979 21.44764 2.32008 0.0392432 2.93725e-20 0.0909367 2.06237e-14 0.110433 pwn_610 8.1595
10.33181 2.90704 -0.04738 Norma 42.16840 -0.17639 287.25841 8.13160 15390.55639 0.09663 25.95666 2.70356 0.312855 2.59567e-20 0.0803614 1.30438e-14 0.0698455 pwn_611 10.7330
-1.49598 4.50310 -0.07889 "Crux Scutum" -6.56291 -0.34534 262.61230 -34.66506 13089.11371 0.03742 8.54925 1.83078 0.252847 1.15792e-20 0.0358491 9.59731e-15 0.0513905 pwn_612 4.7451
0.18099 -9.98408 -0.07753 "Crux Scutum" 173.04666 -2.96872 79.05180 33.11527 1497.08221 0.40086 10.47435 2.50087 0.117424 1.63208e-18 5.05287 9.85439e-13 5.27671 pwn_613 9.9857
7.36961 1.41633 0.03682 Perseus 36.61898 0.17075 284.39039 3.35894 12355.00026 0.07310 15.76325 2.50271 0.0275623 6.63676e-19 2.05472 4.20736e-13 2.25291 pwn_614 7.5045
-5.03330 6.60777 -0.03859 "Carina Sagittarius" -18.42599 -0.13884 253.31110 -44.12602 15924.20231 0.01278 3.55292 2.15936 0.00945053 9.30469e-20 0.288071 7.41399e-14 0.396995 pwn_615 8.3064
-2.85624 -3.53412 -0.06050 Perseus -29.90639 -0.60511 241.89759 -52.80790 5729.02257 0.04054 4.05325 2.28065 0.369248 1.92112e-18 5.94773 1.15359e-12 6.17713 pwn_616 4.5440
9.67688 -2.08879 -0.17032 Norma 56.47437 -0.84063 294.87904 20.41139 11609.24649 0.06661 13.49648 2.36198 0.0941266 3.21423e-21 0.00995118 2.12591e-15 0.0113835 pwn_617 9.8997
4.51040 1.99565 -0.02956 "Carina Sagittarius" 23.25512 -0.14824 278.54658 -8.67200 11423.80247 0.04484 8.94131 2.69223 0.133322 2.08421e-20 0.0645267 1.13092e-14 0.0605574 pwn_618 4.9322
4.06647 1.69187 0.17385 "Crux Scutum" 21.75157 0.90766 276.89386 -9.51594 10974.54849 0.06822 13.06705 2.24334 0.0070561 7.00509e-20 0.216876 5.28453e-14 0.282969 pwn_619 4.4044
1.47737 9.86247 -0.02312 Perseus 4.59987 -0.07191 269.11576 -25.02054 18421.81734 0.04493 14.44446 2.08196 0.0753195 7.94343e-21 0.0245927 6.3411e-15 0.0339546 pwn_620 9.9725
-0.92735 15.00499 0.04752 Norma -2.25934 0.11574 264.91975 -30.79613 23523.32736 0.07140 29.31254 1.84015 0.437223 2.947e-21 0.00912385 2.16829e-15 0.0116105 pwn_621 15.0336
-0.85743 7.53128 0.01350 "Carina Sagittarius" -3.06154 0.04816 264.48625 -31.51060 16054.20034 0.10136 28.40052 2.1916 0.12103 1.83451e-21 0.00567961 1.3218e-15 0.00707783 pwn_622 7.5799
-6.73298 5.31070 0.08050 "Carina Sagittarius" -25.99011 0.30018 245.42240 -49.45052 15364.72710 0.02044 5.48020 2.40725 0.476979 3.4909e-21 0.0108077 1.88968e-15 0.0101186 pwn_623 8.5753
9.24077 -3.30488 0.04893 Norma 60.65549 0.26446 296.08378 24.59039 10601.11414 0.14400 26.64352 2.17338 0.0821734 1.53557e-21 0.00475408 1.14874e-15 0.00615114 pwn_624 9.8140
0.68564 -7.47721 0.03818 Norma 33.83647 1.77619 281.69064 1.61461 1231.93657 0.17601 3.78445 1.86602 0.126631 3.99223e-19 1.23599 3.55305e-13 1.90254 pwn_625 7.5086
0.92179 1.44006 -0.01581 Perseus 5.29819 -0.09074 269.51913 -24.42576 9982.72210 0.09161 15.96149 2.12672 0.433855 1.56059e-19 0.483154 9.84638e-14 0.527242 pwn_626 1.7098
-13.75813 -8.75378 -0.07050 Perseus -91.05676 -0.29355 136.60855 -47.75342 13760.65447 0.02569 6.16906 2.06125 0.213304 1.62212e-20 0.0502204 1.19369e-14 0.0639181 pwn_627 16.3069
