sky_model/pwn/ctadc_skymodel_gps_sources_pwn.ecsv
# %ECSV 0.9
# ---
# datatype:
# - {name: spiralarm, datatype: unicode, description: 'Which spiralarm?'}
# - {name: galactocentric_x, unit: kpc, datatype: float64, format: '%.5f', description: Galactocentric
#     x coordinate}
# - {name: galactocentric_y, unit: kpc, datatype: float64, format: '%.5f', description: Galactocentric
#     y coordinate}
# - {name: galactocentric_z, unit: kpc, datatype: float64, format: '%.5f', description: Galactocentric
#     z coordinate}
# - {name: type, datatype: string, description: type of PWN}
# - {name: size_physical, unit: pc, datatype: float64, format: '%.5f', description: Physical
#     size}
# - {name: distance, unit: kpc, datatype: float64, format: '%.5f', description: Distance
#     observer to source center}
# - {name: GLON, unit: deg, datatype: float64, format: '%.5f', description: Galactic
#     longitude}
# - {name: GLAT, unit: deg, datatype: float64, format: '%.5f', description: Galactic
#     latitude}
# - {name: RA, unit: deg, datatype: float64, format: '%.5f'}
# - {name: DEC, unit: deg, datatype: float64, format: '%.5f'}
# - {name: sigma, unit: deg, datatype: float64, format: '%.5f'}
# - {name: galactocentric_r, unit: kpc, datatype: float64, format: '%0.4f', description: Galactocentric
#     radius in the xy plan}
# - {name: spec_alpha, datatype: float64, format: '%5g', description: Spectral model
#     parameter (log parabola)}
# - {name: spec_beta, datatype: float64, format: '%5g', description: Spectral model
#     parameter (log parabola)}
# - {name: spec_norm, unit: 1 / (cm2 MeV s), datatype: float64, format: '%5g', description: Spectral
#     model norm parameter (log parabola)}
# - {name: spec_norm_cu, unit: '%', datatype: float64, format: '%5g', description: Spectral
#     model norm parameter (log parabola) in crab units}
# - {name: int_flux_above_1TeV, unit: 1 / (cm2 s), datatype: float64, format: '%5g',
#   description: 'Integral flux above 1 TeV '}
# - {name: int_flux_above_1TeV_cu, unit: '%', datatype: float64, format: '%5g', description: Integral
#     flux above 1 TeV in crab units}
# - {name: luminosity, unit: erg / s, datatype: float64, description: Intrinsic source
#     luminosity}
# - {name: skip, datatype: int64, description: 'skip boolean: 0 take, 1 skip'}
# - {name: source_name, datatype: string, description: source name}
spiralarm galactocentric_x galactocentric_y galactocentric_z type size_physical distance GLON GLAT RA DEC sigma galactocentric_r spec_alpha spec_beta spec_norm spec_norm_cu int_flux_above_1TeV int_flux_above_1TeV_cu luminosity skip source_name
[from data line 396]
"Crux Scutum" 3.57166 -0.11517 -0.00482 isolated 29.63841 9.11384 23.07240 -0.03031 278.35547 -8.77976 0.18626 3.5735 2.29675 0.320698 3.79493e-19 1.1749 2.31028e-13 1.23708 1.84290495189e+34 0 pwn_396
"Crux Scutum" 4.06576 18.68194 0.06548 isolated 7.43782 27.48440 8.50700 0.13650 271.03201 -21.52598 0.01550 19.1192 1.9024 0.115753 2.65323e-20 0.0821434 2.3219e-14 0.12433 1.25331029813e+34 0 pwn_397
Perseus -2.54032 1.52283 0.12024 isolated 7.56458 10.34044 -14.22232 0.66625 255.98136 -40.32943 0.04190 2.9618 2.27989 0.179869 5.89326e-19 1.82454 3.88948e-13 2.08269 2.78829767205e+34 0 pwn_398
"Crux Scutum" 8.75503 -8.94631 0.00192 isolated 14.89144 8.76640 92.91828 0.01257 321.13160 50.42096 0.09729 12.5175 1.90106 0.19212 4.10827e-19 1.27191 3.39466e-13 1.81773 2.35494364387e+34 0 pwn_399
"Crux Scutum" 0.10062 5.07816 0.06732 isolated 9.98216 13.57870 0.42460 0.28407 266.38083 -28.42576 0.04210 5.0792 2.01469 0.298036 8.13711e-20 0.251923 5.85126e-14 0.313316 1.23711220069e+34 0 pwn_400
Norma 0.89211 -6.43395 0.01218 isolated 19.99872 2.25046 23.35438 0.31004 278.18172 -8.37252 0.50896 6.4955 2.14968 0.28096 3.12495e-18 9.67476 2.09999e-12 11.2448 1.03180922253e+34 0 pwn_401
Perseus -2.14789 11.55026 -0.01798 isolated 3.34989 20.16499 -6.11452 -0.05108 262.61353 -34.12875 0.01000 11.7483 2.06756 0.357526 1.12344e-19 0.347814 7.58975e-14 0.406407 4.07227366828e+34 0 pwn_402
"Carina Sagittarius" -8.15159 3.40275 -0.04730 isolated 17.28761 14.42658 -34.40525 -0.18785 235.53863 -55.36215 0.06863 8.8333 2.12196 0.189008 1.13428e-19 0.351171 8.16795e-14 0.437368 1.29782780781e+34 0 pwn_403
"Crux Scutum" 14.73638 0.44440 -0.00955 isolated 25.00407 17.23843 58.74390 -0.03176 295.32682 22.78443 0.08307 14.7431 2.10921 0.118562 1.25117e-19 0.387358 9.50968e-14 0.509213 1.79765454021e+34 0 pwn_404
"Carina Sagittarius" -5.18907 6.51553 0.00233 isolated 28.64168 15.88687 -19.06412 0.00840 252.58473 -44.52461 0.10326 8.3294 1.97711 0.291213 5.25905e-20 0.162819 3.88199e-14 0.207868 1.13641456668e+34 0 pwn_405
Norma 0.60215 2.90518 -0.12101 isolated 22.97717 11.42171 3.02221 -0.60705 268.74633 -26.65295 0.11522 2.9669 2.41437 0.365141 2.83348e-19 0.877239 1.59579e-13 0.854493 2.04150821664e+34 0 pwn_406
"Crux Scutum" 10.87481 -7.80273 -0.06161 isolated 8.05542 10.89732 86.33132 -0.32394 314.75797 45.38995 0.04234 13.3845 2.07716 0.124433 1.92954e-19 0.59738 1.49103e-13 0.798399 1.16620142131e+34 0 pwn_407
"Carina Sagittarius" -10.78687 -0.32105 0.01117 isolated 21.05936 13.53706 -52.82945 0.04727 202.07667 -62.52066 0.08910 10.7917 2.02906 0.254604 8.7003e-20 0.269359 6.36436e-14 0.340791 1.15504487599e+34 0 pwn_408
Norma 9.26939 -3.35435 -0.03994 isolated 21.32935 10.60193 60.96434 -0.21583 296.71115 24.61684 0.11523 9.8577 2.34511 0.233373 2.76899e-19 0.857274 1.71383e-13 0.917701 1.413267165e+34 0 pwn_409
Perseus -2.31554 1.46325 0.05609 isolated 16.26897 10.22895 -13.08375 0.31419 257.24310 -39.63264 0.09109 2.7391 1.93071 0.209986 2.24267e-19 0.694326 1.79482e-13 0.961068 1.75260276554e+34 0 pwn_410
Perseus 4.38168 -4.49601 -0.02125 isolated 23.60680 5.93562 47.57884 -0.20517 289.84159 12.90937 0.22779 6.2780 1.89994 0.293556 3.18754e-19 0.986853 2.46179e-13 1.31821 1.0854538795e+34 0 pwn_411
Perseus -1.76227 -3.47305 -0.07812 isolated 23.88011 5.32747 -19.31885 -0.84017 253.27984 -45.26114 0.25673 3.8946 1.85807 0.206482 4.55313e-19 1.40964 3.83107e-13 2.05142 1.06092743913e+34 0 pwn_412
Norma 10.55549 4.11057 -0.08947 isolated 22.03825 16.44545 39.93052 -0.31172 286.34191 6.08237 0.07675 11.3276 2.19508 0.322833 1.19824e-19 0.370972 7.68706e-14 0.411617 2.19331148752e+34 0 pwn_413
"Crux Scutum" -3.69933 -8.62202 0.10351 isolated 9.94466 3.70279 -91.88912 1.60189 137.81872 -45.85619 0.15382 9.3821 2.1511 0.119716 2.62052e-18 8.11306 1.93801e-12 10.3774 1.65448519202e+34 0 pwn_414
"Carina Sagittarius" -8.21178 -9.34595 -0.07220 isolated 28.01501 8.25556 -95.88169 -0.50106 131.86504 -44.22118 0.19436 12.4411 2.28431 0.224763 3.14567e-19 0.973893 2.02114e-13 1.08225 1.03224816783e+34 0 pwn_415
"Carina Sagittarius" 3.37934 -14.69468 -0.06333 isolated 4.24508 7.05677 151.38649 -0.51422 62.22418 51.10969 0.03445 15.0782 1.69823 0.236817 3.32249e-19 1.02863 3.04675e-13 1.63144 1.86335924587e+34 0 pwn_416
Perseus -0.25128 10.73771 0.06454 isolated 29.21796 19.23946 -0.74836 0.19221 265.76866 -29.47328 0.08698 10.7406 2.09068 0.359442 6.31137e-20 0.195398 4.20608e-14 0.225222 2.02179040345e+34 0 pwn_417
"Carina Sagittarius" 16.34098 -12.24177 -0.03382 isolated 17.35848 16.76394 102.89729 -0.11559 334.32662 56.63765 0.05931 20.4178 2.18158 0.160007 8.26377e-20 0.255844 5.84468e-14 0.312964 1.11483658028e+34 0 pwn_418
Norma 5.65044 -6.07751 0.02015 isolated 20.62327 6.14787 66.79399 0.18779 299.68782 29.82742 0.19213 8.2984 2.22756 0.271655 5.05482e-19 1.56496 3.26967e-13 1.7508 1.09609823293e+34 0 pwn_419
"Crux Scutum" -0.13293 -2.08057 0.05014 isolated 25.45602 6.42101 -1.18631 0.44739 265.25366 -29.71070 0.22706 2.0848 2.36792 0.24013 5.76901e-19 1.78607 3.51597e-13 1.88269 1.06428608934e+34 0 pwn_420
"Crux Scutum" 0.09575 -1.44528 0.01205 isolated 7.38881 7.05538 0.77763 0.09787 266.77000 -28.22095 0.05998 1.4484 1.73652 0.25458 1.8243e-19 0.5648 1.6076e-13 0.86082 1.01250345824e+34 0 pwn_421
Norma -3.18135 -5.01831 0.12300 isolated 27.20667 4.71787 -42.41911 1.49390 221.43213 -58.08975 0.33028 5.9418 2.13773 0.175284 8.64935e-19 2.67782 6.22213e-13 3.33175 1.0074657785e+34 0 pwn_422
"Crux Scutum" 4.73610 -10.01628 0.02702 isolated 3.25587 4.97297 107.75271 0.31135 341.82842 59.47446 0.03750 11.0796 2.19827 0.257954 8.13971e-19 2.52003 5.38949e-13 2.8859 1.16451751025e+34 0 pwn_423
Norma 9.09338 7.81348 -0.07448 isolated 28.10389 18.67685 29.13594 -0.22848 281.33019 -3.48221 0.08618 11.9892 2.15829 0.103317 4.13996e-19 1.28172 3.08181e-13 1.65021 6.3913786817e+34 0 pwn_424
Norma -1.54582 15.90375 0.00620 isolated 14.10800 24.45266 -3.62447 0.01453 264.16436 -32.00366 0.03304 15.9787 1.72849 0.291735 1.65901e-20 0.0513625 1.43075e-14 0.0766121 1.24261572538e+34 0 pwn_425
"Carina Sagittarius" 0.57083 -2.46269 0.02864 isolated 29.87671 6.06430 5.40130 0.27063 269.23268 -24.15548 0.28217 2.5280 2.21855 0.282541 4.88623e-19 1.51276 3.15849e-13 1.69127 1.0697988821e+34 0 pwn_426
Norma 2.26838 -0.17343 0.04627 isolated 9.23095 8.63014 15.23910 0.30717 274.30247 -15.54714 0.06126 2.2750 2.19251 0.214359 4.6544e-19 1.44099 3.16709e-13 1.69588 1.83624931564e+34 0 pwn_427
"Carina Sagittarius" -6.13694 -12.67482 -0.14719 isolated 20.98154 7.42380 -124.22654 -1.13603 112.66987 -20.75982 0.16187 14.0824 2.01873 0.393728 1.80499e-19 0.558821 1.22954e-13 0.658381 1.05658574957e+34 0 pwn_428
"Crux Scutum" -3.13455 4.04876 0.02877 isolated 25.92787 12.93436 -14.02489 0.12744 256.70177 -40.49808 0.11481 5.1203 2.10498 0.274128 3.27588e-19 1.01421 2.26631e-13 1.21353 3.74104338704e+34 0 pwn_429
Perseus 8.37833 0.85961 0.05264 isolated 3.60384 12.56191 41.83359 0.24009 286.72930 8.02618 0.01643 8.4223 2.12812 0.21576 1.6629e-19 0.51483 1.17386e-13 0.628564 1.51683185732e+34 0 pwn_430
"Crux Scutum" 10.36603 13.93497 0.03400 isolated 3.64870 24.71404 24.79920 0.07883 279.06069 -7.19670 0.01000 17.3677 2.17061 0.300542 5.01634e-20 0.155305 3.29799e-14 0.176597 2.03318171343e+34 0 pwn_431
"Carina Sagittarius" -0.06382 5.99526 0.00124 isolated 3.89444 14.49540 -0.25224 0.00492 266.24970 -29.14883 0.01539 5.9956 2.22553 0.357375 7.98619e-20 0.247251 4.95917e-14 0.265548 1.18478776009e+34 0 pwn_432
Norma 8.03958 -5.47537 -0.00440 isolated 3.16105 8.58972 69.38283 -0.02934 301.50246 31.90675 0.02108 9.7270 2.2358 0.141761 4.17185e-19 1.29159 2.88854e-13 1.54672 1.33521612005e+34 0 pwn_433
"Crux Scutum" -3.49601 5.32372 0.00520 isolated 8.76566 14.25894 -14.19248 0.02088 256.68107 -40.69606 0.03521 6.3690 2.10865 0.226609 1.02553e-19 0.317502 7.27604e-14 0.389608 1.26740860646e+34 0 pwn_434
"Carina Sagittarius" -9.55322 -1.33413 0.02630 isolated 24.71597 11.94213 -53.12642 0.12618 201.41610 -62.48334 0.11854 9.6459 2.4768 0.344891 1.93074e-19 0.597753 1.06404e-13 0.569758 1.33667509392e+34 0 pwn_435
"Crux Scutum" -7.42499 -0.67322 0.09336 isolated 8.95118 10.78878 -43.49096 0.49579 220.36027 -59.44473 0.04752 7.4555 2.3696 0.225823 2.19327e-19 0.679031 1.34492e-13 0.720164 1.10793039344e+34 0 pwn_436
Perseus -2.84343 -3.26747 0.01332 isolated 12.59255 5.95522 -28.52034 0.12816 242.75146 -51.33028 0.12111 4.3315 2.23832 0.266444 1.27436e-18 3.94538 8.21681e-13 4.39984 2.52608828772e+34 0 pwn_437
Perseus -0.11448 -5.14305 0.07465 isolated 4.25752 3.35974 -1.95317 1.27312 263.97703 -29.91775 0.07258 5.1443 2.01005 0.15382 2.16022e-18 6.688 1.70787e-12 9.14511 1.43789104176e+34 0 pwn_438
"Crux Scutum" 1.22771 4.54571 0.02573 isolated 11.26640 13.10338 5.37616 0.11251 269.36885 -24.25652 0.04924 4.7086 1.87376 0.142741 3.724e-19 1.15294 3.25396e-13 1.74239 4.41228675513e+34 0 pwn_439
Perseus 7.58159 -1.27749 -0.09951 isolated 5.15493 10.47163 46.38947 -0.54446 289.57858 11.69957 0.02819 7.6885 2.08565 0.29272 1.33285e-19 0.412648 9.22744e-14 0.4941 1.0729803477e+34 0 pwn_440
"Carina Sagittarius" -9.64936 2.71927 0.00007 isolated 10.68616 14.79805 -40.69786 0.00028 225.64942 -58.63911 0.04136 10.0252 2.04418 0.104288 1.80838e-19 0.559871 1.44889e-13 0.775836 2.01689575544e+34 0 pwn_441
Norma -0.60928 15.38717 -0.02786 isolated 18.53243 23.89495 -1.46110 -0.06680 265.59007 -30.21564 0.04442 15.3992 2.1399 0.381833 8.19114e-20 0.253596 5.25845e-14 0.281573 3.99130085384e+34 0 pwn_442
Norma 7.73204 -4.97158 -0.02809 isolated 10.09498 8.49911 65.47102 -0.18936 299.26498 28.50221 0.06803 9.1924 1.9734 0.168884 2.96544e-19 0.918092 2.37571e-13 1.27211 1.37090301456e+34 0 pwn_443
"Crux Scutum" 1.67900 -10.33932 -0.01701 isolated 19.88557 2.49047 137.60891 -0.39129 42.39493 59.07194 0.45731 10.4748 2.32454 0.121732 5.01748e-18 15.534 3.33696e-12 17.8683 1.17423977053e+34 0 pwn_444
"Crux Scutum" 2.43276 3.38881 -0.02316 isolated 20.63974 12.13518 11.56456 -0.10934 272.84571 -18.97366 0.09741 4.1716 1.86586 0.124778 1.72726e-19 0.534755 1.53974e-13 0.824484 1.70341279143e+34 0 pwn_445
"Carina Sagittarius" 1.88716 5.60386 0.00854 isolated 18.59093 14.22956 7.62115 0.03439 270.65779 -22.34737 0.07483 5.9131 1.79202 0.239198 9.49626e-20 0.294002 8.15353e-14 0.436595 1.89100678929e+34 0 pwn_446
Norma -3.22852 -5.73298 0.02286 isolated 15.07548 4.25209 -49.40158 0.30806 209.14332 -61.59034 0.20306 6.5795 2.22339 0.308351 2.07114e-18 6.41219 1.31812e-12 7.05809 2.35241010948e+34 0 pwn_447
Norma 7.60968 -5.09076 -0.03105 isolated 10.08122 8.33853 65.86699 -0.21338 299.52373 28.82752 0.06924 9.1555 2.4126 0.380304 3.00469e-19 0.930243 1.68331e-13 0.901361 1.19856897718e+34 0 pwn_448
"Carina Sagittarius" 3.17589 3.94089 -0.06745 isolated 6.97130 12.84004 14.32053 -0.30099 274.40589 -16.64430 0.03110 5.0613 1.93937 0.237174 8.02268e-20 0.24838 6.26936e-14 0.335704 1.04294662248e+34 0 pwn_449
Perseus 2.39838 -4.65500 -0.10701 isolated 15.44521 4.53296 31.95453 -1.35276 283.61805 -1.48654 0.19515 5.2365 1.85682 0.117286 1.12078e-18 3.46989 1.01181e-12 5.41791 1.53512501691e+34 0 pwn_450
Norma -4.44594 -3.12433 0.00821 isolated 19.61037 6.97598 -39.59236 0.06739 227.41815 -58.03516 0.16100 5.4339 2.18088 0.366558 7.20979e-19 2.23213 4.56277e-13 2.44322 2.70613141748e+34 0 pwn_451
"Crux Scutum" 3.13203 -10.22362 -0.04942 isolated 6.09651 3.57532 118.82492 -0.79196 4.14261 61.80143 0.09766 10.6926 1.84671 0.159629 1.30882e-18 4.05206 1.14992e-12 6.15744 1.24611884144e+34 0 pwn_452
Perseus 7.74589 0.85410 -0.19940 isolated 8.80522 12.14651 39.62731 -0.94065 286.76337 5.52411 0.04152 7.7928 2.51486 0.312367 1.61752e-19 0.500779 8.86916e-14 0.474915 1.02984670922e+34 0 pwn_453
Norma -0.52860 2.91061 0.09659 isolated 7.83574 11.42326 -2.65235 0.48446 264.31203 -30.93129 0.03929 2.9582 2.17588 0.257335 4.99302e-19 1.54583 3.34884e-13 1.7932 3.8789368456e+34 0 pwn_454
Perseus -2.71737 0.56212 0.00385 isolated 9.21828 9.46077 -16.69189 0.02333 254.63302 -42.67306 0.05581 2.7749 2.23969 0.197877 5.21164e-19 1.61351 3.48394e-13 1.86554 2.2481963526e+34 0 pwn_455
Perseus 2.73588 -4.93941 -0.08440 isolated 6.14806 4.49110 37.53783 -1.07683 285.92289 3.60545 0.07840 5.6465 2.43785 0.126286 2.58759e-18 8.01112 1.60965e-12 8.61914 1.75048604567e+34 0 pwn_456
Norma 9.23307 -0.65893 0.05784 isolated 14.36457 12.11343 49.66085 0.27358 290.41369 14.97230 0.06792 9.2566 2.02184 0.278909 8.80391e-20 0.272567 6.37482e-14 0.341351 1.00414785504e+34 0 pwn_457
Norma 8.31445 -3.96621 0.16903 isolated 11.65924 9.47174 61.39681 1.02253 295.76587 25.61081 0.07050 9.2120 2.11453 0.16631 2.47569e-19 0.766468 1.81667e-13 0.972771 1.17499499848e+34 0 pwn_458
"Carina Sagittarius" -8.86016 3.40231 -0.00544 isolated 19.44268 14.83804 -36.66426 -0.02099 232.08702 -56.54470 0.07505 9.4910 1.86772 0.279706 1.54721e-19 0.479012 1.22995e-13 0.658601 3.33044455247e+34 0 pwn_459
"Crux Scutum" -0.81471 -10.02866 -0.12326 isolated 27.40239 1.73659 -151.94442 -4.07011 97.00934 2.47014 0.90375 10.0617 2.14871 0.285983 8.86053e-18 27.432 5.94157e-12 31.8152 1.76543530012e+34 0 pwn_460
Norma -4.31978 -2.61625 -0.07240 isolated 19.15245 7.29960 -36.28567 -0.56825 233.22043 -56.77885 0.15027 5.0503 2.13115 0.279179 3.0255e-19 0.936688 2.05644e-13 1.10116 1.07389037792e+34 0 pwn_461
Norma 4.10989 -6.17149 -0.01352 isolated 7.88744 4.72370 60.46572 -0.16395 296.38685 24.21174 0.09563 7.4147 1.90172 0.148348 3.75583e-18 11.628 3.20495e-12 17.1615 5.6395693094e+34 0 pwn_462
"Crux Scutum" -7.73897 -1.30004 0.07363 isolated 6.00739 10.57054 -47.06639 0.39910 213.74110 -60.84032 0.03255 7.8474 2.31946 0.241613 2.25513e-19 0.698181 1.40927e-13 0.754617 1.20167278126e+34 0 pwn_463
"Carina Sagittarius" -9.42684 3.15156 -0.06087 isolated 20.67243 14.98759 -38.97504 -0.23268 228.70881 -57.97600 0.07900 9.9397 2.28552 0.29133 1.96729e-19 0.609067 1.22151e-13 0.654081 2.45247647662e+34 0 pwn_464
Perseus -14.70628 -5.80873 0.05216 isolated 25.13523 14.95059 -79.62952 0.19989 150.73068 -55.11286 0.09629 15.8119 2.24727 0.101386 1.64345e-19 0.508809 1.15893e-13 0.620572 1.46039201472e+34 0 pwn_465
"Crux Scutum" 2.37320 4.66983 -0.17535 isolated 11.69774 13.38310 10.21507 -0.75073 272.75226 -20.46518 0.05006 5.2383 2.48621 0.315906 1.59936e-19 0.495159 8.87806e-14 0.475392 1.29106279745e+34 0 pwn_466
"Carina Sagittarius" -10.78943 -0.87455 -0.00447 isolated 16.78194 13.21208 -54.74918 -0.01937 197.93776 -62.79962 0.07275 10.8248 1.81106 0.202671 8.72774e-20 0.270209 7.60165e-14 0.407044 1.32578362448e+34 0 pwn_467
Perseus 5.64024 6.53890 0.01703 isolated 24.23772 16.06179 20.55822 0.06073 277.09210 -10.96618 0.08643 8.6354 2.18733 0.207411 9.0376e-20 0.279802 6.19268e-14 0.331598 1.22505044123e+34 0 pwn_468
"Crux Scutum" -7.52700 -1.85938 -0.10569 isolated 3.45606 10.03816 -48.57998 -0.60330 211.34089 -62.25054 0.01972 7.7533 2.24445 0.111036 4.90789e-19 1.51947 3.44566e-13 1.84504 2.00667175194e+34 0 pwn_469
"Carina Sagittarius" -10.42537 0.27354 0.01303 isolated 21.80811 13.62584 -49.91746 0.05477 208.21502 -61.96124 0.09167 10.4290 2.3493 0.294545 1.29914e-19 0.402211 7.79148e-14 0.417209 1.23907229852e+34 0 pwn_470
Norma 1.62473 14.64449 0.10964 isolated 16.74113 23.20171 4.01555 0.27075 268.46297 -25.35202 0.04133 14.7343 2.12522 0.324962 2.67464e-20 0.0828063 1.78021e-14 0.0953244 1.08262001658e+34 0 pwn_471
Norma -1.09232 1.72984 -0.05690 isolated 22.61314 10.28815 -6.09483 -0.31689 262.89517 -34.25825 0.12589 2.0458 2.05362 0.227664 1.78432e-19 0.55242 1.30743e-13 0.700086 1.24010604077e+34 0 pwn_472
Perseus -2.97105 -2.79486 0.03071 isolated 26.55401 6.43247 -27.50904 0.27357 243.76119 -50.53097 0.23643 4.0790 1.94597 0.14578 8.3625e-19 2.58901 6.93817e-13 3.71517 2.18167346691e+34 0 pwn_473
