sky_model/pwn/ctadc_skymodel_gps_sources_pwn.ecvs.jurgen
# %ECSV 0.9
# ---
# datatype:
# - {name: x, unit: kpc, datatype: float64, description: Galactocentric x coordinate}
# - {name: y, unit: kpc, datatype: float64, description: Galactocentric y coordinate}
# - {name: z, unit: kpc, datatype: float64, description: Galactocentric z coordinate}
# - {name: spiralarm, datatype: string}
# - {name: GLON, unit: deg, datatype: float64, description: Galactic longitude}
# - {name: GLAT, unit: deg, datatype: float64, description: Galactic latitude}
# - {name: RA, unit: deg, datatype: float64}
# - {name: DEC, unit: deg, datatype: float64}
# - {name: distance, unit: pc, datatype: float64, description: Distance observer to
#     source center}
# - {name: sigma, unit: deg, datatype: float64, description: Angular extension (deg)}
# - {name: spec_alpha, datatype: float64, description: Spectral model parameter (log
#     parabola)}
# - {name: spec_beta, datatype: float64, description: Spectral model parameter (log
#     parabola)}
# - {name: spec_norm, unit: 1 / (cm2 MeV s), datatype: float64, description: Spectral
#     model norm parameter (log parabola)}
# - {name: spec_norm_cu, unit: '%', datatype: float64, description: Spectral model norm
#     parameter (log parabola) in crab units}
# - {name: int_flux_above_1TeV, unit: 1 / (cm2 s), datatype: float64, description: 'Integral
#     flux above 1 TeV '}
# - {name: int_flux_above_1TeV_cu, unit: '%', datatype: float64, description: Integral
#     flux above 1 TeV in crab units}
# - {name: source_name, datatype: string, description: source name}
x y z spiralarm GLON GLAT RA DEC distance sigma spec_alpha spec_beta spec_norm spec_norm_cu int_flux_above_1TeV int_flux_above_1TeV_cu source_name
[from data line 130]
1.8393847814 6.10161434155 -0.0383523383686 "Carina Sagittarius" 7.17980670015 -0.149311692368 270.594982276 -22.821886743 14717.0631804 0.0743829601663 1.987455865 0.253265841311 1.25083446515e-20 0.0387255252367 9.39053755544e-15 0.050283324874 pwn_130
3.03472283701 2.229218865 -0.0116111385029 "Crux Scutum" 15.7933741029 -0.0596646172652 274.909817464 -15.2326687786 11150.1486523 0.0704735747817 1.73214114247 0.314730613505 1.50512403955e-19 0.465982674784 1.27437234208e-13 0.682385626052 pwn_131
6.95128101481 -16.046530165 0.0229097428044 "Carina Sagittarius" 137.351121746 0.127934870999 42.3873121758 59.6516243124 10260.1632606 0.0299259657021 2.15500175978 0.36607110957 3.82010946403e-20 0.118269642849 2.45134507113e-14 0.131261687483 pwn_132
-2.6771782688 4.78110444394 0.030340009615 "Crux Scutum" -11.3968405201 0.128308222565 258.71711322 -38.3803004706 13548.2817822 0.0422782475523 2.60128290984 0.445055770693 2.5733096166e-19 0.796690283776 1.2922847967e-13 0.691977172537 pwn_133
1.67759997204 -5.23553682613 0.0247608770073 Perseus 27.1985253097 0.386528176386 279.893291631 -4.92383920591 3670.37798882 0.276883130513 2.08316009387 0.494544218615 2.31049559951e-18 7.15323715018 1.45086595955e-12 7.76892312736 pwn_134
2.49679591993 -5.21082070707 0.0816262700777 Perseus 37.2019113942 1.13239926524 283.799292163 4.3163822217 4130.296979 0.254314323592 2.09958448718 0.331428239279 5.87498534998e-19 1.81888091331 3.95266145894e-13 2.11652377815 pwn_135
2.79131539679 -5.08543853251 -0.0796618443171 Perseus 39.265107358 -1.03480486874 286.680171728 5.15920894712 4411.01095772 0.23200648286 1.89381028885 0.422682259334 1.59585866606e-20 0.0494073890422 1.14788031215e-14 0.0614653190101 pwn_136
-2.83067245011 10.907300578 0.0348440957828 Perseus -8.29842014331 0.101792341931 260.973515082 -35.8573565785 19612.680499 0.0587442355217 2.06475763607 0.389019423462 1.15082187461e-20 0.0356291602046 7.66347411083e-15 0.041035452561 pwn_137
12.1387954272 -11.0116382944 0.0222038766978 "Carina Sagittarius" 101.690108674 0.102629549832 332.306417714 56.1334110815 12395.9337832 0.0927998172059 2.23984992781 0.153766019609 5.1705609044e-20 0.160079284966 3.54568331894e-14 0.189860000212 pwn_138
1.62051984538 -10.471154063 0.138329932165 "Crux Scutum" 140.575784943 3.10293231889 50.9788425382 60.6405485761 2555.51718431 0.309180469498 1.98892726779 0.437846135117 2.89892879519e-19 0.897501174981 1.96311071007e-13 1.05118299155 pwn_139
4.19198802697 12.5670136545 0.0105123624297 Norma 11.2539202061 0.0280406433804 272.559856444 -19.1795487807 21480.0358111 0.0721295733207 1.96385878768 0.0213815689739 3.38507853252e-22 0.00104801192957 3.07011930058e-16 0.00164395068207 pwn_140
-5.38312536954 -9.72373879074 0.0854463895381 "Crux Scutum" -102.807314488 0.886759223237 127.731982481 -37.8802805796 5521.12999825 0.124228695536 2.22097936205 0.000183671875729 2.19773794642e-19 0.680414224896 1.69152791812e-13 0.905759093536 pwn_141
-3.19001832708 1.56055062631 0.11640187024 Norma -17.5928780875 0.631888038418 253.216123191 -42.9931695735 10554.8304215 0.0755458862966 1.82459856905 0.136866314694 1.01583284559e-20 0.0314499333001 9.23340789073e-15 0.0494419457803 pwn_142
-6.92047940819 -0.304653435432 0.0056064164714 "Crux Scutum" -40.1790891713 0.0299469029797 226.488670041 -58.3603311612 10726.4519756 0.143738050041 2.17574898812 0.231048764814 1.05907467684e-19 0.327886896854 7.20781330238e-14 0.385955346832 pwn_143
-3.81700383944 -3.56366189076 0.0495289879746 Norma -37.7128460217 0.454770189922 230.018964454 -56.7244937402 6240.14465856 0.224652330554 2.34609653918 0.3191814475 5.4405971486e-22 0.00168439540204 3.23189322195e-16 0.00173057544233 pwn_144
7.21166590651 -0.550920396554 -0.0111705680578 Perseus 42.2153466574 -0.059631955398 287.175597344 8.22707755989 10732.9453772 0.115054128912 2.5079845625 0.0508851332723 1.28433895435e-18 3.97628159242 8.00865626598e-13 4.2883792589 pwn_145
5.00279015638 -3.54177873053 0.0609986108896 Perseus 45.2563587138 0.496179632369 288.100836076 11.1808769108 7043.83335524 0.0354226497978 2.07288539782 0.336505066917 7.86582123554e-20 0.243523877261 5.35675976392e-14 0.286837350781 pwn_146
-0.737753283233 -2.32141282361 -0.0195682040625 "Crux Scutum" -6.80915560515 -0.180180950183 262.279432647 -34.7793581905 6222.50771938 0.25500721039 2.51027917194 0.40090793353 2.21678823332e-21 0.00686312146538 1.17722443304e-15 0.00630366028212 pwn_147
-9.83656361553 3.3385528121 -0.0750276622975 "Carina Sagittarius" -39.7229346285 -0.279286239126 227.537055296 -58.4002828428 15392.0416319 0.0813256924727 2.41032296594 0.0926564597897 1.77568813468e-20 0.0549748648506 1.14302121272e-14 0.0612051297783 pwn_148
0.00603335874811 6.32892660728 0.121479172447 "Carina Sagittarius" 0.0233115978408 0.469358827847 265.962231849 -28.6710068307 14829.4254074 0.115738201401 1.80113620789 0.207562627416 6.53786844997e-20 0.202410787925 5.71180100136e-14 0.305848673381 pwn_149
-9.97118314019 15.1637122256 0.0355504965284 Norma -22.8491077231 0.0793222359212 248.931810483 -47.332082923 25678.7272533 0.012845476213 1.73461844652 0.259992494977 1.08244754719e-22 0.000335123079625 9.51281808422e-17 0.00050938097992 pwn_150
7.47916729908 4.72025569228 -0.0334505695975 Perseus 29.4983798186 -0.126179649446 281.404773044 -3.11304563998 15189.2798709 0.0989483976469 2.00851090864 0.225903509042 1.98420007699e-20 0.0614303429408 1.49611242329e-14 0.0801120346778 pwn_151
-3.64403539178 -3.62417920639 0.0225908843333 Norma -36.7732843511 0.212639721825 231.686429988 -56.4122990264 6087.12844419 0.0576870135548 2.40868064778 0.399914965444 1.23645237394e-20 0.0382802592551 6.88612920853e-15 0.0368730192572 pwn_152
-1.98939672073 2.06000223842 0.116394171472 Norma -10.6688977131 0.620582846124 258.748480486 -37.5018943977 10746.3898213 0.101493620515 2.07831389773 0.48026119906 6.11435514027e-21 0.0189298920751 3.87318840665e-15 0.0207396850074 pwn_153
2.75408361232 3.73695754309 0.0703506963708 "Crux Scutum" 12.6838068331 0.321353712325 273.015263935 -17.7852589852 12543.2474135 0.0229623397579 1.9198027327 0.399476582004 1.69162909382e-20 0.0523724177652 1.21403555598e-14 0.0650077207078 pwn_154
-5.95384719967 3.77423139893 -0.0283306380165 "Crux Scutum" -25.8765783255 -0.118986935871 246.004167435 -49.6654091276 13642.0619972 0.10776351301 2.56567295401 0.0389964089379 9.99768344138e-20 0.309525803139 6.07558970998e-14 0.325328395084 pwn_155
-2.93208530324 4.52074118492 0.0350736323726 "Crux Scutum" -12.6905126787 0.150565518575 257.716731841 -39.4137181925 13346.8369058 0.105170936092 2.1860713464 0.40246778608 7.1355073294e-21 0.022091353961 4.42948123522e-15 0.0237184551639 pwn_156
6.85651249452 12.1195910362 0.0456843443738 Norma 18.3932134683 0.120458074856 276.006132161 -12.8534549831 21729.7350455 0.0467035219439 1.40382171726 0.0332981661178 1.22202936579e-20 0.0378337264952 1.75203065846e-14 0.0938156375699 pwn_157
6.75571976622 -1.4693130886 -0.00654064992242 Perseus 43.8573985394 -0.0384344810626 287.924194348 9.69336894654 9750.4025961 0.076977019263 2.19514818789 0.117985192621 5.02395683347e-19 1.55540459241 3.61908073261e-13 1.93790196939 pwn_158
6.98783494484 0.0845370225817 -0.00233204126634 Perseus 39.1456768653 -0.0120711340659 285.71245518 5.52237261513 11069.0613218 0.0179610628402 2.25601218437 0.0765484484179 3.60122631879e-20 0.111493074885 2.56699009007e-14 0.137454108336 pwn_159
6.90400122612 -8.31507061072 -0.0363353790238 "Crux Scutum" 88.4656519903 -0.301433639643 316.783137082 46.9996890664 6906.57310604 0.177269580469 2.16768259634 0.098759553423 4.12624035838e-18 12.7747379516 3.06284911771e-12 16.400577317 pwn_160
8.96439231331 -1.66670855786 0.0361014763862 Norma 52.6827969203 0.183506560336 291.988528023 17.59059772 11271.8900277 0.0732999934192 2.23491363007 0.264157563529 1.29154673586e-18 3.99859670544 8.35299922933e-13 4.47276390133 pwn_161
-7.43499443464 9.20778636785 -0.00521059786204 Perseus -22.7761458655 -0.0155449139535 249.107799458 -47.3420371015 19205.3343486 0.0658423186957 2.07981731732 0.335844928805 3.86612258877e-21 0.0119694197795 2.62367962581e-15 0.0140489651643 pwn_162
2.5770725001 -1.77851978685 0.0537534052504 "Crux Scutum" 20.9772472024 0.427832250148 276.959560271 -10.4245331422 7198.78381083 0.208383616877 1.70448123911 0.235160641168 1.26512267877e-20 0.0391678847915 1.15658212686e-14 0.0619312733538 pwn_163
1.95248691745 -3.22772511825 -0.084366423132 "Carina Sagittarius" 20.3211539969 -0.859713397018 277.8116881 -11.6029286095 5622.82893968 0.298471956048 1.98878879903 0.479847819515 1.50437031759e-21 0.00465749324331 9.98418661169e-16 0.00534621256807 pwn_164
4.05277400317 -5.73595666834 0.0987905722907 Norma 55.7055155952 1.15368511522 292.618438042 20.7087128654 4906.59477003 0.302213770821 1.81631526133 0.120146160015 1.38509706989e-19 0.428822622258 1.28445940079e-13 0.687786923337 pwn_165
-1.03519463513 5.7203183611 0.0661291514735 "Crux Scutum" -4.163608795 0.265739088417 263.570601879 -32.3216667661 14258.1013914 0.01 1.82017772676 0.381570115127 4.7864215794e-21 0.0148186426607 3.677127687e-15 0.0196898425673 pwn_166
-1.42921916019 1.75131612368 -0.0302021219017 Perseus -7.93690906913 -0.167185630072 261.498141078 -35.7093387635 10350.5102214 0.0650696148391 1.72107949527 0.435091089254 9.04161828949e-20 0.279926262833 7.14093812033e-14 0.382374394746 pwn_167
-7.44806234263 0.106995844471 0.00127248841175 "Crux Scutum" -40.8712684829 0.00640547051479 225.351138032 -58.7169825373 11382.1795692 0.112234743459 2.23574672779 0.281033055377 1.3023536115e-21 0.00403205452477 8.34670237674e-16 0.00446939213819 pwn_168
-4.14580847925 -2.45251431984 0.0433427313369 Norma -34.4322942343 0.338692034661 234.947810742 -54.957119027 7332.23632943 0.0499250394454 2.12936884362 0.228111250981 5.23530488965e-20 0.162083742714 3.66617863328e-14 0.196312138868 pwn_169
0.307746542618 -1.46829318723 0.0439007042599 Perseus 2.5059823296 0.357365153391 267.523750126 -26.6063850249 7038.57484915 0.133038289519 1.9655503912 0.29809222339 6.69867392063e-19 2.07389285468 4.95845239647e-13 2.65509265313 pwn_170
-6.46762585553 -11.970439376 0.025091214851 "Carina Sagittarius" -118.217397057 0.195863035156 117.147717211 -25.3333105573 7339.94299967 0.023788561029 1.90519862168 0.21440488508 1.3952830675e-20 0.0431976181887 1.1317609173e-14 0.060602176977 pwn_171
-3.05138653889 -1.61418694862 0.0202535023194 Norma -23.9000987908 0.154075295067 247.789026046 -48.0521564877 7531.65263356 0.0547509931304 2.09297306849 0.277596941162 1.37631015668e-20 0.042610221569 9.56870784436e-15 0.0512373697802 pwn_172
6.91330899068 4.33416436205 -0.0526833878862 Perseus 28.3097709255 -0.207064259453 280.932879556 -4.20737289406 14577.8047597 0.01 2.42375841843 0.208466976064 1.35169838067e-21 0.00418482470797 8.12358731656e-16 0.00434992116021 pwn_173
0.0155027157042 -2.79454855148 -0.0745750153635 "Carina Sagittarius" 0.155682333448 -0.748858280057 267.230068554 -29.1909661753 5705.95986654 0.242109190331 1.49873528535 0.200234855147 2.02795002295e-19 0.627848304318 2.2238056273e-13 1.19077678092 pwn_174
-2.43300161962 -1.25529946379 0.191071321403 Perseus -18.5636942183 1.43219442884 251.522203632 -43.2242182037 7644.71654087 0.059050385646 2.21306295626 0.34767323407 1.37961699448e-20 0.0427126004484 8.6621063816e-15 0.0463828089402 pwn_175
-3.27558466244 -1.78113598204 -0.124929988106 Perseus -25.9901875385 -0.957523631018 246.814702852 -50.332201105 7475.84082727 0.0868971192773 1.93628640779 0.046425606534 5.45878573508e-21 0.0169002654337 4.94205241164e-15 0.0264631098584 pwn_176
-6.56132848579 0.450662377345 0.0568004417373 "Crux Scutum" -36.2434688083 0.293242027152 232.393105315 -56.0477454253 11098.1356444 0.144242243205 1.53462424651 0.0832710363644 4.18928777472e-21 0.0129699311911 5.02881397383e-15 0.0269276902716 pwn_177
0.984573724865 -5.2804324232 0.0399919016185 Perseus 17.0041196603 0.680555401574 274.826744565 -13.8158764887 3366.98680625 0.367013013937 1.51628907505 0.425599235858 1.72800909366e-20 0.0534987335498 1.56058346669e-14 0.0835642528292 pwn_178
-6.95183823298 0.00442707579457 0.0804721693578 "Crux Scutum" -39.2638545168 0.419750195372 227.6151735 -57.5650053442 10984.5259559 0.0125523317745 1.82616495176 0.385538673408 9.99231764684e-21 0.0309359679469 7.63137800156e-15 0.0408635881624 pwn_179
6.50016960383 2.13773832137 0.0475519427986 Perseus 31.4269362111 0.218546656844 281.978566818 -1.23970176115 12466.5930655 0.0284553541518 2.16585286674 0.140726863647 2.88901825676e-19 0.89443289683 2.08812987314e-13 1.11812675441 pwn_180
7.24925641093 -5.26187621758 -0.0103435058565 Norma 65.9304689771 -0.0746434695218 299.426447966 28.9541009499 7939.60144653 0.138590249153 2.21791888019 0.188634466333 5.19275111899e-20 0.160766288514 3.53367200948e-14 0.189216833011 pwn_181
3.70328681016 3.59383198351 0.0244912632834 "Carina Sagittarius" 17.0252615135 0.110944831367 275.354567208 -14.0658314215 12648.1502626 0.081286373523 1.8183055282 0.463013253314 1.2975974995e-21 0.0040173297198 9.53314119464e-16 0.00510469217475 pwn_182
5.6298141269 -6.7211595278 0.000181944891616 Norma 72.46513675 0.00176564965973 303.480426239 34.5074958172 5904.15790457 0.0803202904066 2.40510629742 0.409038612587 5.16323159245e-21 0.0159852371283 2.87013058369e-15 0.0153686312119 pwn_183
-8.69279976432 -15.5491589617 -0.0226468847184 Perseus -129.039262554 -0.115939724192 111.19501735 -16.0436248042 11191.779246 0.143929787532 2.52689504895 0.30717314999 6.31171249755e-20 0.195409055652 3.448242786e-14 0.184642371355 pwn_184
-13.1432338208 1.13962729657 0.0563337136327 Perseus -53.7426023677 0.198025204836 200.073274606 -62.487263797 16299.3921105 0.0667564012424 2.21882597549 0.110745089401 3.14208301446e-20 0.0972781119029 2.2411644978e-14 0.120007190082 pwn_185
-3.17073171165 -3.06960889103 -0.0132313757297 Perseus -30.280076166 -0.12055740859 240.903635749 -52.6961208066 6288.3115582 0.152700030346 1.92257919966 0.0221259856576 1.42662994801e-19 0.441681098454 1.33362968843e-13 0.714116039568 pwn_186
8.29894364042 11.3300337462 -0.0334941953809 Norma 22.7094933405 -0.0892735028088 278.238894187 -9.12892391059 21496.6003308 0.0487901393808 2.43732575535 0.215628923421 2.15803059272e-20 0.066812092654 1.28333373887e-14 0.0687184167385 pwn_187
6.29716213307 10.179478394 0.0389360013721 Norma 18.6298152813 0.113170902437 276.126258113 -12.6477707918 19712.3991441 0.0648165953149 2.3266187087 0.336313569629 1.1130665921e-20 0.0344602660093 6.62653453909e-15 0.0354829728385 pwn_188
3.4296322938 -2.6054111981 -0.0876606887145 "Carina Sagittarius" 30.1920104114 -0.736439664316 282.265397927 -2.77424009424 6820.28146124 0.0872543490775 2.36022222341 0.414240245259 9.01182714174e-21 0.0279003936277 5.10685009123e-15 0.027345548719 pwn_189
-0.412880447893 -3.9237626914 0.00117999116361 Perseus -5.15542108138 0.014714055449 263.179137017 -33.2903994005 4594.82530258 0.160164489885 1.90306089751 0.426344502871 5.26049442834e-20 0.162863604593 3.75682116978e-14 0.201165756762 pwn_190
4.17060686061 3.18004601794 -0.00926852511649 "Carina Sagittarius" 19.6501775992 -0.0428183963612 276.754714733 -11.8181606816 12402.3192377 0.0345450799114 1.24963364842 0.0163879506467 6.07513962842e-21 0.0188084818217 1.03808805108e-14 0.0555862946206 pwn_191
5.26260060567 -0.588627006733 -0.0603461744227 Perseus 33.6316264149 -0.363880888379 283.502397328 0.456779805596 9502.02238653 0.0410264182138 2.73503730645 0.122078516918 6.05668771243e-20 0.187513551468 3.23374792301e-14 0.173156857542 pwn_192
