sky_model/pwn/ctadc_skymodel_gps_sources_composite.ecsv
# %ECSV 0.9
# ---
# datatype:
# - {name: galactocentric_x, unit: kpc, datatype: float64, format: '%.5f', description: Galactocentric
#     x coordinate}
# - {name: galactocentric_y, unit: kpc, datatype: float64, format: '%.5f', description: Galactocentric
#     y coordinate}
# - {name: galactocentric_z, unit: kpc, datatype: float64, format: '%.5f', description: Galactocentric
#     z coordinate}
# - {name: size_physical, unit: pc, datatype: float64, format: '%.5f', description: physical
#     size}
# - {name: type, datatype: string, description: type of PWN}
# - {name: distance, unit: kpc, datatype: float64, format: '%.5f', description: Distance
#     observer to source center}
# - {name: GLON, unit: deg, datatype: float64, format: '%.5f', description: Galactic
#     longitude}
# - {name: GLAT, unit: deg, datatype: float64, format: '%.5f', description: Galactic
#     latitude}
# - {name: RA, unit: deg, datatype: float64, format: '%.5f'}
# - {name: DEC, unit: deg, datatype: float64, format: '%.5f'}
# - {name: sigma, unit: deg, datatype: float64, format: '%.5f'}
# - {name: galactocentric_r, unit: kpc, datatype: float64, format: '%0.4f', description: Galactocentric
#     radius in the xy plan}
# - {name: spec_alpha, datatype: float64, format: '%5g', description: Spectral model
#     parameter (log parabola)}
# - {name: spec_beta, datatype: float64, format: '%5g', description: Spectral model
#     parameter (log parabola)}
# - {name: spec_norm, unit: 1 / (cm2 MeV s), datatype: float64, format: '%5g', description: Spectral
#     model norm parameter (log parabola)}
# - {name: spec_norm_cu, unit: '%', datatype: float64, format: '%5g', description: Spectral
#     model norm parameter (log parabola) in crab units}
# - {name: int_flux_above_1TeV, unit: 1 / (cm2 s), datatype: float64, format: '%5g',
#   description: 'Integral flux above 1 TeV '}
# - {name: int_flux_above_1TeV_cu, unit: '%', datatype: float64, format: '%5g', description: Integral
#     flux above 1 TeV in crab units}
# - {name: luminosity, unit: erg / s, datatype: float64, description: Intrinsic source
#     luminosity}
# - {name: skip, datatype: int64, description: 'skip boolean: 0 take, 1 skip'}
# - {name: source_name, datatype: string, description: source name}
galactocentric_x galactocentric_y galactocentric_z size_physical type distance GLON GLAT RA DEC sigma galactocentric_r spec_alpha spec_beta spec_norm spec_norm_cu int_flux_above_1TeV int_flux_above_1TeV_cu luminosity skip source_name
[from data line 82]
2.49553 -10.69000 -0.08408 3.84031 composite 3.32127 131.26919 -1.45063 29.87875 60.31448 0.06622 10.9774 2.59856 0.201584 2.36996e-18 7.33735 1.30712e-12 6.9992 8.33482909206e+33 1 composite_82
9.37728 8.02786 0.11712 16.27457 composite 19.00309 29.56893 0.35313 281.01006 -2.83138 0.04905 12.3442 2.17744 0.156899 2.34975e-20 0.0727477 1.66926e-14 0.0893836 4.06896226464e+33 0 composite_83
-13.91160 1.98709 0.08709 2.79154 composite 17.42180 -52.98963 0.28642 201.66218 -62.30618 0.01000 14.0528 1.69443 0.240872 1.29271e-20 0.040022 1.18481e-14 0.0634427 4.49431131689e+33 0 composite_84
2.87361 3.77112 -0.14715 5.19694 composite 12.60395 13.17984 -0.66894 274.17788 -17.82288 0.02362 4.7412 2.23691 0.336818 2.87842e-20 0.0891152 1.79403e-14 0.0960647 3.01875930389e+33 0 composite_85
-6.51819 1.57609 0.08108 1.69794 composite 12.00087 -32.89870 0.38710 236.99201 -53.98583 0.01000 6.7060 2.28846 0.331085 8.25712e-20 0.255638 5.02416e-14 0.269028 7.20580224816e+33 0 composite_86
-2.35972 -4.48248 0.27327 5.96931 composite 4.66727 -30.42816 3.35660 237.14065 -50.12510 0.07325 5.0657 2.25459 0.316692 2.29581e-19 0.710776 1.43134e-13 0.766438 3.06910578735e+33 0 composite_87
-10.42780 -0.87946 0.03303 7.71340 composite 12.91560 -53.84101 0.14653 199.87362 -62.54929 0.03420 10.4648 2.03164 0.366191 2.51754e-20 0.0779424 1.72713e-14 0.0924822 4.04798948256e+33 0 composite_88
10.37800 -0.16984 0.12613 5.38332 composite 13.30828 51.24686 0.54303 290.94418 16.49782 0.02317 10.3794 2.32961 0.173251 5.64178e-20 0.174668 3.63376e-14 0.194576 4.11334639679e+33 0 composite_89
-7.07783 -4.55076 -0.20120 2.02047 composite 8.10757 -60.83965 -1.42202 184.21957 -64.04040 0.01427 8.4146 2.12596 0.214721 8.41225e-20 0.260441 5.94955e-14 0.318579 3.19812978502e+33 0 composite_90
-8.93800 -8.63761 0.05706 8.35097 composite 8.93924 -90.88206 0.36573 137.50354 -47.43579 0.05350 12.4296 2.15435 0.158268 9.40827e-20 0.291278 6.77205e-14 0.362622 3.72030455532e+33 0 composite_91
10.29160 -0.22272 -0.07207 17.54769 composite 13.20741 51.19114 -0.31265 291.70133 16.04282 0.07610 10.2940 2.27096 0.197699 5.46947e-20 0.169334 3.59237e-14 0.19236 4.42098566182e+33 0 composite_92
3.39549 -2.18053 0.21622 9.79516 composite 7.17717 28.24941 1.72636 279.18257 -3.37574 0.07817 4.0354 2.16343 0.16791 3.1629e-19 0.979226 2.25055e-13 1.2051 8.12869672694e+33 0 composite_93
0.32007 9.52493 0.11111 12.52550 composite 18.02811 1.01730 0.35312 266.66362 -27.88364 0.03979 9.5303 1.89069 0.11189 2.13255e-20 0.0660231 1.88766e-14 0.101078 4.364722751e+33 0 composite_94
5.97444 5.92546 -0.12913 0.48598 composite 15.61424 22.49735 -0.47384 278.48550 -9.49454 0.01000 8.4146 2.17857 0.378516 1.70046e-20 0.0526459 1.07142e-14 0.0573709 3.31032985474e+33 0 composite_95
-0.33112 0.27323 0.39640 2.12151 composite 8.78842 -2.16144 2.58519 262.58005 -29.37842 0.01383 0.4293 2.03458 0.332126 4.38413e-20 0.135731 3.05775e-14 0.163733 2.9636749027e+33 0 composite_96
6.74735 4.73626 0.10511 7.04121 composite 14.85720 27.01079 0.40535 279.79012 -5.08207 0.02714 8.2437 2.05005 0.19236 1.12793e-19 0.349203 8.46976e-14 0.453528 1.51568501807e+34 0 composite_97
1.56083 -7.31010 0.12312 1.14234 composite 1.96652 52.67989 3.58952 288.81832 19.18809 0.03327 7.4749 2.00031 0.29393 4.81871e-18 14.9186 3.50276e-12 18.7561 1.55279900885e+34 1 composite_98
2.99011 9.22341 -0.15616 16.84837 composite 17.97455 9.57617 -0.49778 272.18551 -20.90222 0.05369 9.6960 2.02936 0.100755 3.09388e-20 0.0957856 2.51017e-14 0.134412 5.14910338668e+33 0 composite_99
-2.34795 1.48169 -0.12312 10.36357 composite 10.25486 -13.23681 -0.68791 258.17851 -40.34962 0.05788 2.7764 2.19858 0.328748 9.99804e-20 0.309537 6.38348e-14 0.341815 7.18447494518e+33 0 composite_100
10.61250 0.70231 -0.13514 6.42942 composite 14.04727 49.07079 -0.55122 290.87751 14.06299 0.02621 10.6357 2.11864 0.259116 2.64375e-20 0.0818498 1.83006e-14 0.097994 3.37166844236e+33 0 composite_101
-6.77369 -4.84683 0.03303 35.04980 composite 7.69608 -61.66124 0.24590 182.94893 -62.27179 0.26084 8.3291 1.89266 0.138778 1.05521e-19 0.326691 9.12839e-14 0.488796 4.16640977899e+33 0 composite_102
-0.88536 -10.08430 -0.09910 10.90911 composite 1.81761 -150.80208 -3.12545 98.37331 1.89182 0.34375 10.1231 1.56718 0.21603 6.08244e-19 1.88311 6.23856e-13 3.34055 2.61606550488e+33 1 composite_103
1.27804 6.14745 -0.17718 2.10475 composite 14.70417 4.98662 -0.69041 269.92019 -24.99492 0.01000 6.2789 2.43882 0.132651 5.88486e-20 0.182194 3.64634e-14 0.19525 4.30775078819e+33 0 composite_104
-14.13920 1.54768 0.15616 18.41778 composite 17.34639 -54.60142 0.51581 198.16359 -62.25428 0.06081 14.2237 2.60069 0.262752 2.35138e-20 0.0727981 1.26272e-14 0.0676146 2.50210803027e+33 0 composite_105
-3.23256 -3.90019 0.22523 4.81396 composite 5.62658 -35.09799 2.29414 232.07141 -53.74976 0.04900 5.0657 2.13849 0.184349 1.94883e-19 0.603352 1.39345e-13 0.746146 3.28747120904e+33 0 composite_106
-9.46288 -8.05916 0.02402 5.39525 composite 9.47317 -87.33273 0.14528 141.02351 -50.13259 0.03262 12.4296 2.21551 0.305267 5.6662e-20 0.175424 3.62688e-14 0.194208 3.20581779019e+33 0 composite_107
0.83647 -2.88629 0.04805 7.38979 composite 5.67589 8.47499 0.48505 270.68906 -21.38234 0.07457 3.0051 2.1583 0.378195 5.59794e-19 1.73311 3.56523e-13 1.90907 1.48278367065e+34 0 composite_108
-8.84456 -3.05889 0.41141 5.13569 composite 10.39236 -58.40047 2.26880 190.14878 -60.57489 0.02830 9.3586 2.35804 0.112575 7.39911e-20 0.229075 4.85212e-14 0.259815 2.85917658543e+33 0 composite_109
0.11466 0.58997 -0.60360 16.31224 composite 9.11071 0.72269 -3.79873 270.59368 -30.23464 0.10255 0.6010 2.26349 0.200167 1.39624e-19 0.432272 9.19675e-14 0.492456 5.4473006046e+33 0 composite_110
-14.74460 -1.50902 0.09009 17.24175 composite 16.31825 -64.63258 0.31632 176.78767 -61.60763 0.06052 14.8216 1.79296 0.240596 5.53511e-20 0.171366 4.74466e-14 0.254061 1.45287280475e+34 0 composite_111
-9.73304 1.61936 -0.08108 4.72278 composite 14.04066 -43.88519 -0.33087 220.32051 -60.36036 0.01926 9.8668 2.38054 0.317404 7.54787e-20 0.23368 4.41008e-14 0.236146 7.71537102916e+33 0 composite_112
-3.57611 10.64930 0.03904 0.67828 composite 19.48039 -10.57807 0.11482 259.33488 -37.72158 0.01000 11.2337 2.46012 0.154527 7.62869e-20 0.236182 4.61949e-14 0.247359 9.93015029937e+33 0 composite_113
6.52159 5.04260 0.00901 10.69703 composite 15.03108 25.71366 0.03434 279.52351 -6.40486 0.04076 8.2437 1.74036 0.163117 1.70591e-20 0.0528146 1.61188e-14 0.086311 3.36451993514e+33 0 composite_114
5.52429 -10.07480 -0.06907 9.75812 composite 5.74478 105.91117 -0.68889 339.62378 57.72143 0.09729 11.4900 2.06279 0.144794 1.44222e-19 0.446508 1.10901e-13 0.593842 2.57185287161e+33 0 composite_115
3.49424 2.53012 -0.11111 3.93937 composite 11.57089 17.57772 -0.55019 276.22329 -13.88794 0.01950 4.3141 2.07753 0.156423 9.22529e-20 0.285613 6.97252e-14 0.373356 6.71052099835e+33 0 composite_116
-7.60769 -3.17520 0.18619 3.50883 composite 9.28790 -55.01093 1.14866 197.19449 -61.65381 0.02164 8.2437 2.07623 0.182372 5.25676e-20 0.162748 3.90906e-14 0.209317 2.60864819453e+33 0 composite_117
2.05238 -3.86801 0.39039 24.83175 composite 5.08134 23.89757 4.40627 274.78080 -5.98721 0.27989 4.3788 2.48539 0.397843 1.10145e-17 34.1005 5.92311e-12 31.7164 1.53876472122e+35 1 composite_118
4.87381 7.98426 0.04505 19.43647 composite 17.18973 16.47108 0.15016 275.04942 -14.53618 0.06476 9.3543 2.02866 0.112438 2.49447e-20 0.0772283 2.00723e-14 0.107481 3.8907759383e+33 0 composite_119
3.81945 -3.97146 0.24324 2.57999 composite 5.92917 40.14487 2.35118 284.05538 7.49022 0.02492 5.5101 1.79262 0.180404 1.35607e-19 0.419835 1.2171e-13 0.651716 4.02985042894e+33 0 composite_120
-2.95556 2.21245 -0.09610 31.77524 composite 11.11311 -15.42416 -0.49547 256.23888 -41.98966 0.16376 3.6919 2.09478 0.226409 4.92064e-19 1.52342 3.52038e-13 1.88505 3.76193941616e+34 0 composite_121
-9.50635 8.00784 0.03604 3.04196 composite 19.04943 -29.93630 0.10840 241.07724 -52.29683 0.01000 12.4296 1.99784 0.380249 8.60836e-21 0.0266513 5.97356e-15 0.0319865 3.29938217025e+33 0 composite_122
-0.08518 -0.01075 -0.62763 14.73907 composite 8.51285 -0.57488 -4.22811 270.28939 -31.57316 0.09916 0.0859 2.38239 0.18165 1.32303e-19 0.409608 8.23978e-14 0.441214 3.76756504928e+33 0 composite_123
0.99447 -1.33642 -0.08709 8.17859 composite 7.23280 7.90346 -0.68991 271.49023 -22.45694 0.06476 1.6658 2.35656 0.204198 1.17682e-19 0.364341 7.34669e-14 0.393392 2.60245844507e+33 0 composite_124
3.13867 -7.06537 0.00300 4.05837 composite 3.45100 65.43571 0.04981 299.01148 28.59635 0.06735 7.7312 1.98927 0.252892 5.46121e-19 1.69078 4.09638e-13 2.19348 4.9648338586e+33 1 composite_125
-0.10708 4.74000 -0.09610 9.12631 composite 13.24078 -0.46338 -0.41585 266.53548 -29.54829 0.03948 4.7412 1.85354 0.11999 3.80601e-20 0.117833 3.43632e-14 0.184004 4.49463437616e+33 0 composite_126
0.02379 -10.29390 -0.27027 15.05966 composite 1.81430 179.24021 -8.56704 77.91405 24.85119 0.47540 10.2939 2.21996 0.127027 1.91957e-18 5.94293 1.3541e-12 7.25077 2.71681212861e+33 1 composite_127
-0.88049 -8.97205 -0.12312 4.74674 composite 1.00660 -118.19674 -7.02557 110.05058 -28.83387 0.27008 9.0152 2.09569 0.155728 6.04069e-18 18.7018 4.51589e-12 24.1811 3.24444951492e+33 1 composite_128
-8.96309 3.46782 0.06907 20.83699 composite 14.95227 -36.83074 0.26467 231.54781 -56.40110 0.07981 9.6106 1.95204 0.17856 2.88703e-20 0.0893817 2.32937e-14 0.12473 4.34653900415e+33 0 composite_129
-1.97167 -0.11012 -0.00601 17.88270 composite 8.61845 -13.22486 -0.03995 257.50403 -39.95689 0.11884 1.9747 1.66896 0.255578 3.76401e-20 0.116533 3.47155e-14 0.18589 3.47036102294e+33 0 composite_130
-14.15370 1.40906 -0.06907 2.32900 composite 17.27777 -55.00399 -0.22905 197.41413 -63.02776 0.01000 14.2237 2.3914 0.26055 4.31208e-20 0.133501 2.57092e-14 0.137665 5.8303961114e+33 0 composite_131
-2.24164 -2.48745 -0.53453 3.58357 composite 6.43906 -20.44681 -4.76182 256.79046 -48.56339 0.03187 3.3485 2.10018 0.328904 2.69e-19 0.832819 1.81161e-13 0.97006 8.7853129414e+33 0 composite_132
-1.55949 -1.12361 -0.08408 5.45818 composite 7.53991 -11.93748 -0.63894 259.11452 -39.26636 0.04146 1.9221 1.88201 0.235122 9.14077e-20 0.282996 7.41928e-14 0.397279 4.42832675983e+33 0 composite_133
-2.50491 -4.81165 -0.00601 3.42730 composite 4.45854 -34.18204 -0.07723 235.73331 -55.13912 0.04403 5.4246 1.93919 0.311355 1.36506e-19 0.422618 1.01836e-13 0.545297 2.59299426515e+33 0 composite_134
-0.75729 -14.97330 0.08108 7.80488 composite 6.51795 -173.32749 0.71275 90.85636 23.54096 0.06858 14.9924 2.35092 0.312275 3.16849e-19 0.980956 1.88342e-13 1.00851 7.17658618147e+33 0 composite_135
4.97968 0.92936 -0.16216 21.68162 composite 10.66472 27.83870 -0.87123 281.30981 -4.92975 0.11644 5.0657 2.5182 0.388611 7.21949e-20 0.223514 3.83745e-14 0.205483 4.1604906065e+33 0 composite_136
-4.45088 10.40730 -0.03303 9.37404 composite 19.42415 -13.24656 -0.09743 257.54755 -40.00849 0.02764 11.3191 2.07436 0.199008 1.21265e-20 0.0375434 8.9325e-15 0.0478307 2.7367778808e+33 0 composite_137
-4.87637 -1.71252 -0.18619 2.67021 composite 8.35964 -35.69483 -1.27623 234.85645 -57.00630 0.01829 5.1683 2.2835 0.207899 1.37088e-19 0.424421 8.89143e-14 0.476108 4.46120818115e+33 0 composite_138
2.75591 -10.71400 -0.00601 33.15180 composite 3.53509 128.77716 -0.09741 25.47254 62.20039 0.53711 11.0628 2.15273 0.308717 1.97735e-18 6.12184 1.30729e-12 7.00014 1.71537348537e+34 0 composite_139
1.68805 -6.21420 0.00901 2.54690 composite 2.84156 36.44565 0.18167 284.30140 3.20972 0.05133 6.4394 2.30108 0.211979 9.61438e-19 2.97659 6.16193e-13 3.29952 3.56614493973e+33 1 composite_140
-9.11025 2.47210 -0.06006 6.49391 composite 14.26139 -39.70321 -0.24129 227.53281 -58.35753 0.02608 9.4397 2.22163 0.348573 2.02373e-20 0.0626543 1.26442e-14 0.0677055 2.85873048585e+33 0 composite_141
-14.47240 0.46615 -0.04204 4.88611 composite 17.02480 -58.22036 -0.14148 190.32153 -62.99052 0.01644 14.4799 2.17761 0.126927 2.41229e-20 0.074684 1.74647e-14 0.0935179 3.16168834221e+33 0 composite_142
10.61080 1.53422 0.15315 27.82628 composite 14.60473 46.59976 0.60083 288.64270 12.41950 0.10912 10.7211 2.14603 0.3083 4.80729e-20 0.148833 3.19068e-14 0.170851 7.17864426723e+33 0 composite_143
4.15109 2.25118 0.56456 22.89840 composite 11.53855 21.11185 2.80450 274.89161 -9.19386 0.11366 4.7222 2.38702 0.146642 5.27947e-20 0.163451 3.34117e-14 0.178909 2.58085517938e+33 0 composite_144
-1.02984 2.45431 -0.28228 8.40731 composite 11.00623 -5.37072 -1.46964 264.54224 -34.27333 0.04375 2.6616 2.24025 0.265173 6.52998e-20 0.202166 4.20873e-14 0.225364 4.39749351725e+33 0 composite_145
-11.72450 6.06112 -0.12012 8.70867 composite 18.69504 -38.84075 -0.36814 229.05853 -58.02113 0.02668 13.1985 1.84588 0.251855 1.46022e-20 0.0452079 1.1993e-14 0.0642188 4.78867970331e+33 0 composite_146
13.00000 -4.08141 -0.01802 23.14692 composite 13.73041 71.22754 -0.07520 302.73673 33.43177 0.09655 13.6256 2.31409 0.303361 5.36606e-20 0.166132 3.2638e-14 0.174766 5.55252052634e+33 0 composite_147
0.86376 0.76416 0.05405 18.82767 composite 9.30450 5.32667 0.33283 269.13264 -24.18878 0.11589 1.1533 2.15058 0.268435 4.74727e-20 0.146974 3.21028e-14 0.1719 2.59825789021e+33 0 composite_148
2.96520 14.17300 -0.21922 8.73704 composite 22.86712 7.45092 -0.54929 271.11741 -22.78270 0.02188 14.4799 1.69891 0.262661 1.45479e-20 0.0450398 1.30725e-14 0.0699989 9.19294432361e+33 0 composite_149
-0.35686 -10.45870 -0.23423 3.71893 composite 2.00467 -169.67441 -6.70988 85.98765 16.64780 0.10625 10.4648 1.9706 0.25346 2.50634e-18 7.75958 1.90089e-12 10.1786 7.90821892206e+33 1 composite_150
6.92819 4.92444 -0.19820 9.02236 composite 15.10810 27.29771 -0.75167 280.95502 -5.35642 0.03420 8.5000 2.26517 0.333603 7.97513e-20 0.246908 4.90553e-14 0.262675 1.14611204706e+34 0 composite_151
4.09904 -6.35264 0.09309 11.61352 composite 4.62839 62.35135 1.15246 296.16995 26.50296 0.14371 7.5603 2.16471 0.180586 5.08656e-19 1.57479 3.58854e-13 1.92155 5.57086224987e+33 0 composite_152
4.28527 3.72949 0.16817 2.02537 composite 12.95964 19.31070 0.74352 275.88248 -11.75104 0.01000 5.6809 2.25866 0.148283 3.85351e-20 0.119304 2.62201e-14 0.1404 2.76576659954e+33 0 composite_153
2.86827 -4.58599 -0.45045 21.88291 composite 4.87333 36.23476 -5.30351 289.08405 0.51042 0.25718 5.4091 1.74262 0.103783 1.48257e-19 0.459001 1.47376e-13 0.789149 2.65739817045e+33 0 composite_154
-10.58460 -3.49991 0.12613 2.34666 composite 11.70686 -64.71428 0.61732 176.77722 -61.29578 0.01148 11.1482 1.95957 0.139563 9.54077e-20 0.29538 7.88018e-14 0.421958 7.98750157699e+33 0 composite_155
0.69420 -1.28394 0.40541 4.10851 composite 7.26070 5.49506 3.20084 266.53887 -22.58046 0.03241 1.4596 2.38991 0.293522 1.60449e-19 0.496747 9.4301e-14 0.504952 4.1125740055e+33 0 composite_156
9.29391 8.38155 -0.15015 0.96800 composite 19.27138 28.83439 -0.44642 281.38653 -3.84999 0.01000 12.5151 2.10446 0.316316 3.53719e-20 0.10951 2.39229e-14 0.128099 9.95854332116e+33 0 composite_157
6.60661 -9.10266 -0.08408 6.98106 composite 6.63457 95.21214 -0.72613 324.59380 51.44451 0.06026 11.2475 2.1001 0.288876 8.63506e-20 0.267339 5.94176e-14 0.318162 2.70781913383e+33 0 composite_158
-8.64071 3.80079 0.14114 3.76038 composite 15.03300 -35.08619 0.53794 233.82047 -55.18206 0.01433 9.4397 1.93002 0.120586 2.16096e-20 0.0669028 1.84787e-14 0.0989476 2.97609867198e+33 0 composite_159
8.79959 -3.41690 -0.09910 3.87607 composite 10.16270 59.98704 -0.55872 296.49780 23.59962 0.02184 9.4397 1.96305 0.331781 7.2921e-20 0.225762 5.30043e-14 0.283821 7.33593904672e+33 0 composite_160
-3.58272 -1.27105 -0.15916 17.65171 composite 8.06963 -26.36335 -1.13014 246.60182 -50.72038 0.12528 3.8015 1.98998 0.25487 1.09014e-19 0.337505 8.16341e-14 0.437124 5.43999655804e+33 0 composite_161
