sky_model/pwn/ctadc_skymodel_gps_sources_composite.ecsv
# %ECSV 0.9
# ---
# datatype:
# - {name: galactocentric_x, unit: kpc, datatype: float64, format: '%.5f', description: Galactocentric
#     x coordinate}
# - {name: galactocentric_y, unit: kpc, datatype: float64, format: '%.5f', description: Galactocentric
#     y coordinate}
# - {name: galactocentric_z, unit: kpc, datatype: float64, format: '%.5f', description: Galactocentric
#     z coordinate}
# - {name: size_physical, unit: pc, datatype: float64, format: '%.5f', description: physical
#     size}
# - {name: type, datatype: string, description: type of PWN}
# - {name: distance, unit: kpc, datatype: float64, format: '%.5f', description: Distance
#     observer to source center}
# - {name: GLON, unit: deg, datatype: float64, format: '%.5f', description: Galactic
#     longitude}
# - {name: GLAT, unit: deg, datatype: float64, format: '%.5f', description: Galactic
#     latitude}
# - {name: RA, unit: deg, datatype: float64, format: '%.5f'}
# - {name: DEC, unit: deg, datatype: float64, format: '%.5f'}
# - {name: sigma, unit: deg, datatype: float64, format: '%.5f'}
# - {name: galactocentric_r, unit: kpc, datatype: float64, format: '%0.4f', description: Galactocentric
#     radius in the xy plan}
# - {name: spec_alpha, datatype: float64, format: '%5g', description: Spectral model
#     parameter (log parabola)}
# - {name: spec_beta, datatype: float64, format: '%5g', description: Spectral model
#     parameter (log parabola)}
# - {name: spec_norm, unit: 1 / (cm2 MeV s), datatype: float64, format: '%5g', description: Spectral
#     model norm parameter (log parabola)}
# - {name: spec_norm_cu, unit: '', datatype: float64, format: '%5g', description: Spectral
#     model norm parameter (log parabola) in crab units}
# - {name: int_flux_above_1TeV, unit: 1 / (cm2 s), datatype: float64, format: '%5g',
#   description: 'Integral flux above 1 TeV '}
# - {name: int_flux_above_1TeV_cu, unit: '', datatype: float64, format: '%5g', description: Integral
#     flux above 1 TeV in crab units}
# - {name: luminosity, unit: erg / s, datatype: float64, description: Intrinsic source
#     luminosity}
# - {name: skip, datatype: int64, description: 'skip boolean: 0 take, 1 skip'}
# - {name: source_name, datatype: string, description: source name}
galactocentric_x galactocentric_y galactocentric_z size_physical type distance GLON GLAT RA DEC sigma galactocentric_r spec_alpha spec_beta spec_norm spec_norm_cu int_flux_above_1TeV int_flux_above_1TeV_cu luminosity skip source_name
[from data line 82]
2.49553 -10.69000 -0.08408 3.15117 composite 3.32127 131.26919 -1.45063 29.87875 60.31448 0.05434 10.9774 1.87219 0.378411 5.17171e-19 1.60115 3.85986e-13 2.06683 7.31241510769e+33 1 composite_82
9.37728 8.02786 0.11712 13.05176 composite 19.00309 29.56893 0.35313 281.01006 -2.83138 0.03934 12.3442 1.90285 0.299118 4.28772e-21 0.0132747 3.29412e-15 0.017639 1.5124703985e+33 0 composite_83
-13.91160 1.98709 0.08709 8.63275 composite 17.42180 -52.98963 0.28642 201.66218 -62.30618 0.02838 14.0528 1.71242 0.347849 5.85156e-21 0.0181163 4.90688e-15 0.0262747 2.69198842527e+33 0 composite_84
2.87361 3.77112 -0.14715 5.99598 composite 12.60395 13.17984 -0.66894 274.17788 -17.82288 0.02725 4.7412 2.2725 0.236584 9.55483e-20 0.295815 6.14091e-14 0.328826 7.60404957473e+33 0 composite_85
-6.51819 1.57609 0.08108 8.37890 composite 12.00087 -32.89870 0.38710 236.99201 -53.98583 0.03999 6.7060 2.28109 0.353825 1.64459e-20 0.0509161 9.94127e-15 0.0532323 1.53154083106e+33 0 composite_86
-2.35972 -4.48248 0.27327 8.99909 composite 4.66727 -30.42816 3.35660 237.14065 -50.12510 0.11043 5.0657 2.49956 0.115642 1.97449e-19 0.611298 1.19414e-13 0.639425 1.32825895104e+33 0 composite_87
-10.42780 -0.87946 0.03303 7.73464 composite 12.91560 -53.84101 0.14653 199.87362 -62.54929 0.03430 10.4648 2.0397 0.226967 3.79454e-20 0.117478 2.80515e-14 0.150207 4.22961484883e+33 0 composite_88
10.37800 -0.16984 0.12613 3.99671 composite 13.30828 51.24686 0.54303 290.94418 16.49782 0.01720 10.3794 2.03662 0.132008 2.48903e-19 0.770597 1.96419e-13 1.05176 2.39816534589e+34 0 composite_89
-7.07783 -4.55076 -0.20120 3.68727 composite 8.10757 -60.83965 -1.42202 184.21957 -64.04040 0.02605 8.4146 2.04349 0.143502 3.43018e-20 0.106197 2.67303e-14 0.143132 1.24542762342e+33 0 composite_90
-8.93800 -8.63761 0.05706 20.22942 composite 8.93924 -90.88206 0.36573 137.50354 -47.43579 0.12961 12.4296 2.09744 0.29146 2.61654e-20 0.0810074 1.8006e-14 0.0964162 1.50473339639e+33 0 composite_91
10.29160 -0.22272 -0.07207 20.29439 composite 13.20741 51.19114 -0.31265 291.70133 16.04282 0.08801 10.2940 1.56991 0.324061 6.40757e-21 0.0198377 6.0051e-15 0.0321554 1.99225915359e+33 0 composite_92
3.39549 -2.18053 0.21622 15.65692 composite 7.17717 28.24941 1.72636 279.18257 -3.37574 0.12494 4.0354 2.20886 0.20892 9.4873e-20 0.293724 6.41505e-14 0.343505 2.50577181319e+33 0 composite_93
0.32007 9.52493 0.11111 17.50889 composite 18.02811 1.01730 0.35312 266.66362 -27.88364 0.05562 9.5303 1.95065 0.350465 7.89287e-21 0.0244361 5.7177e-15 0.0306164 2.68151161212e+33 0 composite_94
5.97444 5.92546 -0.12913 0.93248 composite 15.61424 22.49735 -0.47384 278.48550 -9.49454 0.01000 8.4146 2.11608 0.325558 2.22527e-19 0.688937 1.48812e-13 0.796841 4.14007004191e+34 0 composite_95
-0.33112 0.27323 0.39640 8.72237 composite 8.78842 -2.16144 2.58519 262.58005 -29.37842 0.05684 0.4293 1.763 0.231993 7.09996e-20 0.219813 6.24982e-14 0.334658 5.52626179306e+33 0 composite_96
6.74735 4.73626 0.10511 1.65961 composite 14.85720 27.01079 0.40535 279.79012 -5.08207 0.01000 8.2437 1.90152 0.248703 7.88809e-21 0.0244213 6.2652e-15 0.0335482 1.49290682322e+33 0 composite_97
1.56083 -7.31010 0.12312 5.27323 composite 1.96652 52.67989 3.58952 288.81832 19.18809 0.15358 7.4749 2.10363 0.327242 1.19512e-18 3.70006 8.04028e-13 4.30531 3.60684202131e+33 1 composite_98
2.99011 9.22341 -0.15616 13.43719 composite 17.97455 9.57617 -0.49778 272.18551 -20.90222 0.04282 9.6960 1.9112 0.372072 6.60398e-21 0.0204458 4.83543e-15 0.0258922 2.522768154e+33 0 composite_99
-2.34795 1.48169 -0.12312 20.73853 composite 10.25486 -13.23681 -0.68791 258.17851 -40.34962 0.11583 2.7764 2.12796 0.398825 7.2502e-20 0.224464 4.64612e-14 0.248785 6.93811749996e+33 0 composite_100
10.61250 0.70231 -0.13514 10.30405 composite 14.04727 49.07079 -0.55122 290.87751 14.06299 0.04201 10.6357 1.84385 0.192647 1.15376e-19 0.3572 9.90204e-14 0.530223 1.84345274365e+34 0 composite_101
-6.77369 -4.84683 0.03303 22.72402 composite 7.69608 -61.66124 0.24590 182.94893 -62.27179 0.16911 8.3291 1.88175 0.323016 1.9736e-20 0.0611023 1.5134e-14 0.0810375 1.25916392688e+33 0 composite_102
-0.88536 -10.08430 -0.09910 35.27645 composite 1.81761 -150.80208 -3.12545 98.37331 1.89182 1.11158 10.1231 2.22726 0.392515 7.25944e-19 2.2475 4.43251e-13 2.37346 1.84850500079e+33 1 composite_103
1.27804 6.14745 -0.17718 3.01906 composite 14.70417 4.98662 -0.69041 269.92019 -24.99492 0.01176 6.2789 2.02079 0.343337 6.928e-20 0.214489 4.84034e-14 0.259185 1.37923948459e+34 0 composite_104
-14.13920 1.54768 0.15616 5.98727 composite 17.34639 -54.60142 0.51581 198.16359 -62.25428 0.01977 14.2237 2.09591 0.361955 1.01051e-20 0.0312851 6.70671e-15 0.0359123 2.62842417722e+33 0 composite_105
-3.23256 -3.90019 0.22523 9.62587 composite 5.62658 -35.09799 2.29414 232.07141 -53.74976 0.09798 5.0657 1.97949 0.123803 5.76664e-19 1.78534 4.75538e-13 2.54636 1.05044265167e+34 1 composite_106
-9.46288 -8.05916 0.02402 14.67010 composite 9.47317 -87.33273 0.14528 141.02351 -50.13259 0.08869 12.4296 2.12181 0.231088 5.54491e-20 0.171669 3.89345e-14 0.208482 3.00191923904e+33 0 composite_107
0.83647 -2.88629 0.04805 10.72747 composite 5.67589 8.47499 0.48505 270.68906 -21.38234 0.10825 3.0051 1.98451 0.159922 1.43692e-19 0.444868 1.15013e-13 0.615859 2.86119336339e+33 0 composite_108
-8.84456 -3.05889 0.41141 3.74618 composite 10.39236 -58.40047 2.26880 190.14878 -60.57489 0.02065 9.3586 2.0045 0.307022 5.27683e-20 0.163369 3.79746e-14 0.203342 4.88273977364e+33 0 composite_109
0.11466 0.58997 -0.60360 6.77990 composite 9.11071 0.72269 -3.79873 270.59368 -30.23464 0.04262 0.6010 2.05299 0.316657 2.46339e-20 0.0762658 1.71468e-14 0.0918156 1.67232509771e+33 0 composite_110
-14.74460 -1.50902 0.09009 29.94252 composite 16.31825 -64.63258 0.31632 176.78767 -61.60763 0.10509 14.8216 2.34703 0.378621 1.66961e-20 0.0516908 9.66154e-15 0.0517344 2.78337106637e+33 0 composite_111
-9.73304 1.61936 -0.08108 11.17403 composite 14.04066 -43.88519 -0.33087 220.32051 -60.36036 0.04558 9.8668 2.14695 0.271627 1.17532e-20 0.0363875 7.95037e-15 0.0425717 1.48320775355e+33 0 composite_112
-3.57611 10.64930 0.03904 0.22252 composite 19.48039 -10.57807 0.11482 259.33488 -37.72158 0.01000 11.2337 1.90487 0.108677 9.23519e-21 0.0285919 8.11428e-15 0.0434494 2.1512425064e+33 0 composite_113
6.52159 5.04260 0.00901 22.88623 composite 15.03108 25.71366 0.03434 279.52351 -6.40486 0.08720 8.2437 1.96706 0.228057 2.13051e-19 0.6596 1.64603e-13 0.881398 3.5683544361e+34 0 composite_114
5.52429 -10.07480 -0.06907 11.91240 composite 5.74478 105.91117 -0.68889 339.62378 57.72143 0.11876 11.4900 2.48711 0.127171 4.4093e-19 1.36511 2.66869e-13 1.429 4.63604123152e+33 0 composite_115
3.49424 2.53012 -0.11111 7.74600 composite 11.57089 17.57772 -0.55019 276.22329 -13.88794 0.03834 4.3141 1.69731 0.22537 1.68807e-20 0.0522623 1.56301e-14 0.0836942 2.47084543993e+33 0 composite_116
-7.60769 -3.17520 0.18619 4.08412 composite 9.28790 -55.01093 1.14866 197.19449 -61.65381 0.02518 8.2437 2.31359 0.365845 2.4182e-20 0.074867 1.43042e-14 0.0765945 1.32690241983e+33 0 composite_117
2.05238 -3.86801 0.39039 11.49748 composite 5.08134 23.89757 4.40627 274.78080 -5.98721 0.12959 4.3788 1.98427 0.32438 3.26406e-18 10.1055 2.35334e-12 12.6014 7.79192217723e+34 1 composite_118
4.87381 7.98426 0.04505 5.57672 composite 17.18973 16.47108 0.15016 275.04942 -14.53618 0.01858 9.3543 1.87909 0.389373 7.67592e-21 0.0237644 5.67048e-15 0.0303636 2.97000101758e+33 0 composite_119
3.81945 -3.97146 0.24324 0.99349 composite 5.92917 40.14487 2.35118 284.05538 7.49022 0.01000 5.5101 1.99276 0.142581 8.36507e-20 0.258981 6.74288e-14 0.36106 1.73120515276e+33 0 composite_120
-2.95556 2.21245 -0.09610 7.70509 composite 11.11311 -15.42416 -0.49547 256.23888 -41.98966 0.03971 3.6919 2.22234 0.113309 2.82202e-20 0.0873689 2.00522e-14 0.107373 1.45698600447e+33 0 composite_121
-9.50635 8.00784 0.03604 2.10734 composite 19.04943 -29.93630 0.10840 241.07724 -52.29683 0.01000 12.4296 2.31612 0.269514 1.08108e-20 0.0334701 6.67528e-15 0.035744 1.99301757799e+33 0 composite_122
-0.08518 -0.01075 -0.62763 33.68497 composite 8.51285 -0.57488 -4.22811 270.28939 -31.57316 0.22663 0.0859 2.13443 0.282419 6.4162e-20 0.198644 4.34538e-14 0.232681 3.10720770986e+33 0 composite_123
0.99447 -1.33642 -0.08709 10.10630 composite 7.23280 7.90346 -0.68991 271.49023 -22.45694 0.08003 1.6658 2.00529 0.326386 9.07268e-20 0.280888 6.45496e-14 0.345643 4.27453572959e+33 0 composite_124
3.13867 -7.06537 0.00300 16.27056 composite 3.45100 65.43571 0.04981 299.01148 28.59635 0.27003 7.7312 1.95935 0.25245 1.68416e-19 0.521412 1.28701e-13 0.689152 1.59643414712e+33 0 composite_125
-0.10708 4.74000 -0.09610 25.03474 composite 13.24078 -0.46338 -0.41585 266.53548 -29.54829 0.10829 4.7412 1.86948 0.381461 8.81892e-21 0.0273031 6.5809e-15 0.0352386 2.00848571627e+33 0 composite_126
0.02379 -10.29390 -0.27027 7.21832 composite 1.81430 179.24021 -8.56704 77.91405 24.85119 0.22787 10.2939 2.17023 0.295147 2.6848e-18 8.31208 1.77042e-12 9.48006 5.7920032203e+33 1 composite_127
-0.88049 -8.97205 -0.12312 5.87787 composite 1.00660 -118.19674 -7.02557 110.05058 -28.83387 0.33444 9.0152 2.43754 0.273669 3.94219e-18 12.2049 2.28215e-12 12.2202 1.7542300558e+33 1 composite_128
-8.96309 3.46782 0.06907 27.09334 composite 14.95227 -36.83074 0.26467 231.54781 -56.40110 0.10378 9.6106 1.65329 0.138533 1.27631e-18 3.95142 1.31554e-12 7.04431 2.65625517053e+35 1 composite_129
-1.97167 -0.11012 -0.00601 44.90361 composite 8.61845 -13.22486 -0.03995 257.50403 -39.95689 0.29841 1.9747 1.89783 0.159042 3.38618e-20 0.104835 2.87361e-14 0.153873 1.74363332626e+33 0 composite_130
-14.15370 1.40906 -0.06907 6.59503 composite 17.27777 -55.00399 -0.22905 197.41413 -63.02776 0.02186 14.2237 2.22228 0.273949 9.1674e-21 0.028382 5.93997e-15 0.0318066 1.58948206884e+33 0 composite_131
-2.24164 -2.48745 -0.53453 1.81682 composite 6.43906 -20.44681 -4.76182 256.79046 -48.56339 0.01616 3.3485 1.99761 0.154306 3.87117e-19 1.1985 3.0844e-13 1.6516 9.63059874136e+33 0 composite_132
-1.55949 -1.12361 -0.08408 9.65839 composite 7.53991 -11.93748 -0.63894 259.11452 -39.26636 0.07337 1.9221 1.9093 0.206484 6.9203e-19 2.14251 5.62945e-13 3.01439 3.00285989087e+34 0 composite_133
-2.50491 -4.81165 -0.00601 2.44333 composite 4.45854 -34.18204 -0.07723 235.73331 -55.13912 0.03139 5.4246 2.10972 0.348863 2.86514e-19 0.887041 1.89987e-13 1.01732 4.65893318896e+33 0 composite_134
-0.75729 -14.97330 0.08108 13.82980 composite 6.51795 -173.32749 0.71275 90.85636 23.54096 0.12152 14.9924 2.1005 0.107719 2.60328e-19 0.805969 2.00494e-13 1.07358 5.29143306129e+33 0 composite_135
4.97968 0.92936 -0.16216 19.96741 composite 10.66472 27.83870 -0.87123 281.30981 -4.92975 0.10723 5.0657 2.31738 0.143944 3.92892e-20 0.121639 2.59024e-14 0.138699 1.76822873546e+33 0 composite_136
-4.45088 10.40730 -0.03303 16.05784 composite 19.42415 -13.24656 -0.09743 257.54755 -40.00849 0.04735 11.3191 2.13187 0.204672 1.07234e-20 0.0331995 7.60324e-15 0.0407129 2.27126704313e+33 0 composite_137
-4.87637 -1.71252 -0.18619 5.37116 composite 8.35964 -35.69483 -1.27623 234.85645 -57.00630 0.03680 5.1683 2.16223 0.249118 4.68569e-20 0.145068 3.18141e-14 0.170354 1.94890850983e+33 0 composite_138
2.75591 -10.71400 -0.00601 31.35372 composite 3.53509 128.77716 -0.09741 25.47254 62.20039 0.50798 11.0628 2.31032 0.181149 2.69543e-19 0.834499 1.7474e-13 0.935676 1.44028169501e+33 0 composite_139
1.68805 -6.21420 0.00901 1.87517 composite 2.84156 36.44565 0.18167 284.30140 3.20972 0.03780 6.4394 2.39089 0.356766 6.72921e-19 2.08335 3.84639e-13 2.05962 3.03859734904e+33 0 composite_140
-9.11025 2.47210 -0.06006 3.21802 composite 14.26139 -39.70321 -0.24129 227.53281 -58.35753 0.01292 9.4397 1.97944 0.178469 1.1087e-20 0.0343251 8.788e-15 0.0470569 1.46279130743e+33 0 composite_141
-14.47240 0.46615 -0.04204 1.84852 composite 17.02480 -58.22036 -0.14148 190.32153 -62.99052 0.01000 14.4799 1.74068 0.33234 4.33912e-21 0.0134338 3.61064e-15 0.0193338 1.73845003487e+33 0 composite_142
10.61080 1.53422 0.15315 8.34708 composite 14.60473 46.59976 0.60083 288.64270 12.41950 0.03273 10.7211 1.99746 0.170013 9.26606e-21 0.0286875 7.30243e-15 0.0391022 1.22791298779e+33 0 composite_143
4.15109 2.25118 0.56456 9.87198 composite 11.53855 21.11185 2.80450 274.89161 -9.19386 0.04900 4.7222 2.10714 0.192833 6.90702e-20 0.21384 5.00662e-14 0.268088 5.19676103335e+33 0 composite_144
-1.02984 2.45431 -0.28228 14.12867 composite 11.00623 -5.37072 -1.46964 264.54224 -34.27333 0.07352 2.6616 1.89428 0.269884 1.67503e-20 0.0518584 1.31799e-14 0.0705739 1.85751252499e+33 0 composite_145
-11.72450 6.06112 -0.12012 9.82567 composite 18.69504 -38.84075 -0.36814 229.05853 -58.02113 0.03010 13.1985 2.37708 0.242596 8.23547e-21 0.0254968 4.98911e-15 0.0267151 1.27972953252e+33 0 composite_146
13.00000 -4.08141 -0.01802 26.15561 composite 13.73041 71.22754 -0.07520 302.73673 33.43177 0.10910 13.6256 2.01706 0.34533 1.45069e-20 0.044913 1.01459e-14 0.0543279 2.54614941331e+33 0 composite_147
0.86376 0.76416 0.05405 4.05295 composite 9.30450 5.32667 0.33283 269.13264 -24.18878 0.02495 1.1533 1.90434 0.336691 1.49525e-20 0.0462926 1.12189e-14 0.0600736 1.39887610235e+33 0 composite_148
2.96520 14.17300 -0.21922 7.82960 composite 22.86712 7.45092 -0.54929 271.11741 -22.78270 0.01961 14.4799 2.30705 0.271034 6.68253e-20 0.206889 4.14295e-14 0.221842 1.80217779433e+34 0 composite_149
-0.35686 -10.45870 -0.23423 5.65731 composite 2.00467 -169.67441 -6.70988 85.98765 16.64780 0.16163 10.4648 2.39382 0.269048 1.59624e-18 4.94193 9.46781e-13 5.06971 2.94773179611e+33 1 composite_150
6.92819 4.92444 -0.19820 24.10708 composite 15.10810 27.29771 -0.75167 280.95502 -5.35642 0.09139 8.5000 2.08218 0.178118 1.38213e-20 0.0427905 1.02683e-14 0.0549832 1.78421818321e+33 0 composite_151
4.09904 -6.35264 0.09309 7.44583 composite 4.62839 62.35135 1.15246 296.16995 26.50296 0.09214 7.5603 2.10574 0.233439 1.59622e-19 0.494186 1.12988e-13 0.605014 2.11936531382e+33 0 composite_152
4.28527 3.72949 0.16817 3.40518 composite 12.95964 19.31070 0.74352 275.88248 -11.75104 0.01505 5.6809 2.08972 0.190439 2.55504e-20 0.0791035 1.8746e-14 0.100379 2.46822274369e+33 0 composite_153
2.86827 -4.58599 -0.45045 27.21868 composite 4.87333 36.23476 -5.30351 289.08405 0.51042 0.31989 5.4091 2.39159 0.282683 2.91452e-19 0.902328 1.71989e-13 0.920948 3.28172978988e+33 0 composite_154
-10.58460 -3.49991 0.12613 1.20548 composite 11.70686 -64.71428 0.61732 176.77722 -61.29578 0.01000 11.1482 1.97125 0.271176 1.47086e-20 0.0455375 1.10286e-14 0.0590545 1.65336682963e+33 0 composite_155
0.69420 -1.28394 0.40541 5.62801 composite 7.26070 5.49506 3.20084 266.53887 -22.58046 0.04439 1.4596 2.18795 0.2861 4.87889e-20 0.151049 3.20109e-14 0.171408 1.60991555187e+33 0 composite_156
9.29391 8.38155 -0.15015 2.51144 composite 19.27138 28.83439 -0.44642 281.38653 -3.84999 0.01000 12.5151 2.00913 0.273394 6.62079e-21 0.0204978 4.84612e-15 0.0259494 1.91984388182e+33 0 composite_157
6.60661 -9.10266 -0.08408 33.25191 composite 6.63457 95.21214 -0.72613 324.59380 51.44451 0.28705 11.2475 2.27103 0.180209 8.49924e-20 0.263134 5.6367e-14 0.301827 1.67448586196e+33 0 composite_158
-8.64071 3.80079 0.14114 2.42021 composite 15.03300 -35.08619 0.53794 233.82047 -55.18206 0.01000 9.4397 2.10355 0.360989 9.32972e-21 0.0288846 6.16947e-15 0.0330355 1.7972372767e+33 0 composite_159
8.79959 -3.41690 -0.09910 5.45787 composite 10.16270 59.98704 -0.55872 296.49780 23.59962 0.03076 9.4397 2.0391 0.324793 3.45959e-20 0.107108 2.4164e-14 0.129391 3.04682182899e+33 0 composite_160
-3.58272 -1.27105 -0.15916 21.42660 composite 8.06963 -26.36335 -1.13014 246.60182 -50.72038 0.15207 3.8015 2.09254 0.389458 2.19078e-20 0.0678261 1.43694e-14 0.0769435 1.33557821466e+33 0 composite_161
