sky_model/pwn/ctadc_skymodel_gps_sources_pwn.ecsv
# %ECSV 0.9
# ---
# datatype:
# - {name: spiralarm, datatype: string, description: 'Which spiralarm?'}
# - {name: galactocentric_x, unit: kpc, datatype: float64, format: '%.5f', description: Galactocentric
#     x coordinate}
# - {name: galactocentric_y, unit: kpc, datatype: float64, format: '%.5f', description: Galactocentric
#     y coordinate}
# - {name: galactocentric_z, unit: kpc, datatype: float64, format: '%.5f', description: Galactocentric
#     z coordinate}
# - {name: type, datatype: string, description: type of PWN}
# - {name: size_physical, unit: pc, datatype: float64, format: '%.5f', description: Physical
#     size}
# - {name: distance, unit: kpc, datatype: float64, format: '%.5f', description: Distance
#     observer to source center}
# - {name: GLON, unit: deg, datatype: float64, format: '%.5f', description: Galactic
#     longitude}
# - {name: GLAT, unit: deg, datatype: float64, format: '%.5f', description: Galactic
#     latitude}
# - {name: RA, unit: deg, datatype: float64, format: '%.5f'}
# - {name: DEC, unit: deg, datatype: float64, format: '%.5f'}
# - {name: sigma, unit: deg, datatype: float64, format: '%.5f'}
# - {name: galactocentric_r, unit: kpc, datatype: float64, format: '%0.4f', description: Galactocentric
#     radius in the xy plan}
# - {name: spec_alpha, datatype: float64, format: '%5g', description: Spectral model
#     parameter (log parabola)}
# - {name: spec_beta, datatype: float64, format: '%5g', description: Spectral model
#     parameter (log parabola)}
# - {name: spec_norm, unit: 1 / (cm2 MeV s), datatype: float64, format: '%5g', description: Spectral
#     model norm parameter (log parabola)}
# - {name: spec_norm_cu, unit: '%', datatype: float64, format: '%5g', description: Spectral
#     model norm parameter (log parabola) in crab units}
# - {name: int_flux_above_1TeV, unit: 1 / (cm2 s), datatype: float64, format: '%5g',
#   description: 'Integral flux above 1 TeV '}
# - {name: int_flux_above_1TeV_cu, unit: '%', datatype: float64, format: '%5g', description: Integral
#     flux above 1 TeV in crab units}
# - {name: luminosity, unit: erg / s, datatype: float64, description: Intrinsic source
#     luminosity}
# - {name: skip, datatype: int64, description: 'skip boolean: 0 take, 1 skip'}
# - {name: source_name, datatype: string, description: source name}
spiralarm galactocentric_x galactocentric_y galactocentric_z type size_physical distance GLON GLAT RA DEC sigma galactocentric_r spec_alpha spec_beta spec_norm spec_norm_cu int_flux_above_1TeV int_flux_above_1TeV_cu luminosity skip source_name
[from data line 474]
Norma 9.18582 7.76419 0.02448 isolated 7.60379 18.67896 29.45724 0.07510 281.20662 -3.05774 0.02331 12.0275 2.26287 0.380726 1.22154e-20 0.0378185 7.36376e-15 0.0394306 3.02481596286e+33 0 pwn_474
Norma -2.76592 14.63783 0.04082 isolated 24.16064 23.30260 -6.81686 0.10038 261.99017 -34.63029 0.05938 14.8969 2.37104 0.174654 2.8463e-20 0.0881208 1.79025e-14 0.0958621 6.07594605223e+33 0 pwn_475
Norma -0.06038 2.65119 -0.00097 isolated 18.57355 11.15135 -0.31021 -0.00498 266.22469 -29.20343 0.09539 2.6519 2.13405 0.275152 3.25217e-20 0.100686 2.21174e-14 0.118432 2.65747103736e+33 0 pwn_476
"Crux Scutum" -2.20752 -0.95005 0.01237 isolated 17.54881 7.86607 -16.29835 0.09010 254.89250 -42.32273 0.12777 2.4033 2.03474 0.338925 9.68034e-20 0.299701 6.72621e-14 0.360167 5.33683477435e+33 0 pwn_477
Perseus -14.04206 4.35070 -0.04275 isolated 4.24448 19.03475 -47.53657 -0.12868 213.15773 -61.48875 0.01277 14.7006 2.24595 0.141506 2.28215e-20 0.0706549 1.57088e-14 0.0841154 3.54197714477e+33 0 pwn_478
"Carina Sagittarius" 2.59225 4.88314 -0.00241 isolated 13.42439 13.63188 10.96216 -0.01012 272.44586 -19.45342 0.05640 5.5285 1.98389 0.145433 3.97006e-20 0.122912 3.21234e-14 0.17201 4.42101308771e+33 0 pwn_479
Norma 2.58972 -7.38348 -0.07478 isolated 26.20024 2.82114 66.67745 -1.51891 301.27765 28.82478 0.53191 7.8245 2.08849 0.192064 5.78022e-19 1.78954 4.2397e-13 2.27022 2.65972949404e+33 0 pwn_480
"Crux Scutum" 11.68679 13.82589 -0.02211 isolated 23.22156 25.19974 27.63042 -0.05026 280.48145 -4.73987 0.05278 18.1035 2.13017 0.282402 9.12514e-21 0.0282512 6.19493e-15 0.0331719 3.89533793617e+33 0 pwn_481
"Crux Scutum" -3.53066 4.24192 -0.02816 isolated 11.59929 13.22206 -15.48751 -0.12202 255.78871 -41.81298 0.05024 5.5190 1.92439 0.280368 2.29433e-20 0.0710318 1.76007e-14 0.0942463 3.60907844578e+33 0 pwn_482
"Carina Sagittarius" -7.60421 4.93931 -0.00588 isolated 16.89772 15.44147 -29.50197 -0.02183 241.74691 -52.10410 0.06268 9.0676 2.1122 0.193056 2.32256e-20 0.0719059 1.67815e-14 0.0898598 3.11044443623e+33 0 pwn_483
Perseus 2.94270 -5.38238 0.09825 isolated 20.50084 4.28820 43.34665 1.31291 286.46839 9.86285 0.27381 6.1343 2.37526 0.341499 2.64595e-19 0.81918 1.53393e-13 0.82137 2.6829057338e+33 0 pwn_484
Norma 10.43157 0.78142 -0.05074 isolated 11.53352 13.96299 48.33913 -0.20821 290.21091 13.57931 0.04731 10.4608 2.35723 0.176251 4.56867e-20 0.141445 2.89307e-14 0.154914 3.56912117827e+33 0 pwn_485
"Carina Sagittarius" -3.42659 5.92358 -0.01100 isolated 22.54257 14.82503 -13.36396 -0.04251 257.39870 -40.07023 0.08709 6.8433 2.25551 0.140073 3.52813e-20 0.10923 2.4169e-14 0.129417 3.27533741078e+33 0 pwn_486
"Crux Scutum" 0.80615 4.52792 0.01313 isolated 30.90232 13.05284 3.54089 0.05765 268.39977 -25.86920 0.13559 4.5991 2.09852 0.218769 3.45482e-20 0.10696 2.47755e-14 0.132665 3.56326432227e+33 0 pwn_487
Perseus 0.96166 -5.31406 0.11161 isolated 20.27429 3.32978 16.79623 1.92079 273.60213 -13.40995 0.34873 5.4004 2.35756 0.338193 5.50806e-19 1.70528 3.22597e-13 1.7274 3.42300512076e+33 0 pwn_488
Norma -4.82080 -0.19838 -0.06617 isolated 17.35383 9.60007 -30.14397 -0.39490 241.37283 -52.81077 0.10353 4.8249 1.96259 0.276073 1.2475e-19 0.386222 9.37472e-14 0.501986 9.67008849981e+33 0 pwn_489
"Crux Scutum" -7.28253 -1.52270 0.09020 isolated 0.10000 10.08593 -46.22622 0.51242 215.28417 -60.45736 0.01000 7.4400 2.01886 0.248083 3.502e-20 0.108421 2.58777e-14 0.138567 2.57711832851e+33 0 pwn_490
"Crux Scutum" -3.67953 -8.99295 -0.09098 isolated 9.28321 3.71352 -97.63051 -1.40383 129.38655 -43.40022 0.14318 9.7166 2.30018 0.283692 3.65089e-19 1.13031 2.25775e-13 1.20895 2.6938447978e+33 0 pwn_491
"Carina Sagittarius" 0.00832 -15.37228 -0.00198 isolated 9.83043 6.87229 179.93060 -0.01650 86.34755 28.98681 0.08193 15.3723 2.25302 0.365223 1.02028e-19 0.315877 6.22427e-14 0.33329 3.33557594635e+33 0 pwn_492
"Crux Scutum" -3.72105 -6.95630 -0.00477 isolated 7.21689 4.02855 -67.46855 -0.06791 170.88689 -61.15231 0.10260 7.8890 1.91386 0.247213 2.34612e-19 0.726354 1.85078e-13 0.991035 3.19433197968e+33 0 pwn_493
Norma 10.05011 1.62798 -0.04348 isolated 6.29757 14.26824 44.77886 -0.17460 288.48048 10.44679 0.02528 10.1811 1.76583 0.139913 1.56648e-20 0.0484977 1.48191e-14 0.0793514 2.53738013253e+33 0 pwn_494
"Crux Scutum" 2.88069 3.02459 -0.01821 isolated 30.29539 11.87918 14.03412 -0.08784 274.06797 -16.79505 0.14606 4.1769 2.22921 0.275109 1.13126e-19 0.350235 7.29792e-14 0.390781 9.21011919721e+33 0 pwn_495
"Carina Sagittarius" 2.27093 5.35919 -0.00482 isolated 10.79418 14.04401 9.30563 -0.01967 271.59747 -20.90605 0.04402 5.8205 2.16137 0.27939 2.71409e-20 0.0840274 1.81354e-14 0.0971091 3.42122267311e+33 0 pwn_496
"Carina Sagittarius" 2.08263 6.22553 0.06548 isolated 26.75068 14.87221 8.04996 0.25226 270.68149 -21.86689 0.10302 6.5646 2.26399 0.185667 4.98974e-20 0.154481 3.31234e-14 0.177365 5.03622629285e+33 0 pwn_497
Perseus 4.48414 8.01600 0.12024 isolated 16.21810 17.11432 15.18981 0.40254 274.19106 -15.54521 0.05427 9.1850 2.15357 0.15828 1.93995e-20 0.0600604 1.39703e-14 0.0748066 2.81459391647e+33 0 pwn_498
Perseus -0.10835 -5.14024 0.00192 isolated 11.41718 3.36150 -1.84707 0.03278 265.25581 -30.49076 0.19453 5.1414 2.16822 0.216777 1.47685e-18 4.57228 1.01772e-12 5.44957 9.17091178412e+33 0 pwn_499
"Crux Scutum" -2.46556 4.70379 0.06732 isolated 3.34011 13.43219 -10.57712 0.28717 259.15801 -37.62104 0.01424 5.3108 2.21079 0.257915 3.50351e-20 0.108468 2.30371e-14 0.123356 3.59580993251e+33 0 pwn_500
"Crux Scutum" -3.11054 4.96697 0.01218 isolated 19.40995 13.82154 -13.00584 0.05048 257.57870 -39.72697 0.08043 5.8606 1.80206 0.278464 5.82481e-20 0.180335 4.83227e-14 0.258753 1.19803504489e+34 0 pwn_501
"Crux Scutum" 3.50614 -11.95839 -0.01798 isolated 25.21985 4.92482 134.60714 -0.20916 37.08237 60.44751 0.29330 12.4618 2.20034 0.215245 3.04696e-19 0.94333 2.06296e-13 1.10465 3.88244889686e+33 0 pwn_502
Perseus 7.66806 1.64963 -0.04730 isolated 12.45040 12.72070 37.07110 -0.21304 284.93935 3.58578 0.05606 7.8435 2.0574 0.160745 6.08738e-20 0.188464 4.64629e-14 0.248794 5.54295220434e+33 0 pwn_503
Perseus -1.86102 1.90792 -0.00955 isolated 26.16277 10.57299 -10.13782 -0.05177 259.82671 -37.45760 0.14172 2.6652 2.00188 0.36066 5.72474e-20 0.177237 4.00502e-14 0.214456 6.35898302808e+33 0 pwn_504
"Crux Scutum" 1.99715 -2.08916 0.00233 isolated 28.63896 6.71472 17.30320 0.01987 275.57205 -13.86335 0.24428 2.8902 2.1754 0.230461 3.55645e-18 11.0107 2.42172e-12 12.9675 8.99448477246e+34 1 pwn_505
Perseus 3.13796 -4.77702 -0.12101 isolated 7.12224 4.87052 40.12626 -1.42370 287.42503 5.74459 0.08375 5.7155 2.28909 0.354097 3.02881e-19 0.937712 1.82323e-13 0.97628 4.59694076341e+33 0 pwn_506
"Carina Sagittarius" -10.17206 -0.84065 -0.06161 isolated 11.80575 12.73343 -53.02101 -0.27723 201.76235 -62.86882 0.05310 10.2067 2.42094 0.353619 5.77299e-20 0.17873 3.2563e-14 0.174364 4.98973377091e+33 0 pwn_507
Perseus 6.06020 6.59486 0.01117 isolated 15.44685 16.26595 21.87419 0.03934 277.73184 -9.81019 0.05439 8.9565 2.02172 0.268262 1.43653e-20 0.0444746 1.04683e-14 0.0560542 2.87733637555e+33 0 pwn_508
"Carina Sagittarius" -8.41471 3.84193 -0.03994 isolated 4.82872 14.93761 -34.28610 -0.15319 235.66868 -55.26256 0.01851 9.2503 2.3138 0.33326 8.77108e-20 0.271551 5.263e-14 0.281817 1.15113817202e+34 0 pwn_509
"Crux Scutum" -0.26101 -10.70342 0.05609 isolated 12.48381 2.21953 -173.24434 1.44813 91.60095 23.82862 0.32214 10.7066 2.22281 0.258398 8.67968e-18 26.8721 5.66798e-12 30.3502 2.39631592956e+34 1 pwn_510
"Carina Sagittarius" 5.07509 0.36010 -0.02125 isolated 18.12734 10.21070 29.80422 -0.11927 281.53841 -2.83778 0.10168 5.0879 2.07551 0.354024 1.77769e-19 0.550368 1.19789e-13 0.641434 1.61730626796e+34 0 pwn_511
Norma 2.97302 -6.11517 -0.07812 isolated 20.46309 3.81213 51.26492 -1.17418 292.52480 15.69600 0.30744 6.7996 2.25016 0.255623 8.43325e-18 26.1091 5.43279e-12 29.0909 6.58415598584e+34 1 pwn_512
"Crux Scutum" -7.48616 -0.53932 -0.08947 isolated 5.40051 10.92808 -43.24047 -0.46911 221.61834 -60.21550 0.02830 7.5056 1.93346 0.119271 7.18955e-20 0.222587 6.13961e-14 0.328757 5.19409963608e+33 0 pwn_513
"Carina Sagittarius" -9.65626 1.13180 0.10351 isolated 11.68387 13.63912 -45.07264 0.43483 217.51533 -60.11978 0.04906 9.7224 2.40047 0.25293 5.93587e-20 0.183773 3.53509e-14 0.189293 4.86939347259e+33 0 pwn_514
"Carina Sagittarius" 2.61038 -17.03372 -0.07220 isolated 16.45300 8.92433 162.99164 -0.46351 73.89675 42.64569 0.10559 17.2326 2.04124 0.362754 6.36307e-20 0.196999 4.34992e-14 0.232925 4.76858206143e+33 0 pwn_515
Perseus 2.03357 -4.50251 -0.06333 isolated 10.34446 4.48546 26.96305 -0.80902 280.85269 -5.68029 0.13209 4.9405 2.63394 0.236325 2.52806e-18 7.8268 1.35069e-12 7.23251 1.65361168033e+34 0 pwn_516
"Carina Sagittarius" -10.74127 -1.55424 0.06454 isolated 28.82018 12.79150 -57.11159 0.28911 192.76499 -62.58261 0.12904 10.8531 2.4416 0.338897 9.96007e-20 0.308361 5.596e-14 0.299648 8.17658781559e+33 0 pwn_517
Perseus 6.06401 7.00241 -0.03382 isolated 22.19327 16.64627 21.36373 -0.11640 277.63200 -10.33476 0.07636 9.2632 2.389 0.101935 6.18362e-20 0.191443 4.00797e-14 0.214614 5.82340516582e+33 0 pwn_518
