sky_model/pwn/ctadc_skymodel_gps_sources_pwn.ecvs.jurgen
# %ECSV 0.9
# ---
# datatype:
# - {name: x, unit: kpc, datatype: float64, description: Galactocentric x coordinate}
# - {name: y, unit: kpc, datatype: float64, description: Galactocentric y coordinate}
# - {name: z, unit: kpc, datatype: float64, description: Galactocentric z coordinate}
# - {name: spiralarm, datatype: string}
# - {name: GLON, unit: deg, datatype: float64, description: Galactic longitude}
# - {name: GLAT, unit: deg, datatype: float64, description: Galactic latitude}
# - {name: RA, unit: deg, datatype: float64}
# - {name: DEC, unit: deg, datatype: float64}
# - {name: distance, unit: pc, datatype: float64, description: Distance observer to
#     source center}
# - {name: sigma, unit: deg, datatype: float64, description: Angular extension (deg)}
# - {name: spec_alpha, datatype: float64, description: Spectral model parameter (log
#     parabola)}
# - {name: spec_beta, datatype: float64, description: Spectral model parameter (log
#     parabola)}
# - {name: spec_norm, unit: 1 / (cm2 MeV s), datatype: float64, description: Spectral
#     model norm parameter (log parabola)}
# - {name: spec_norm_cu, unit: '%', datatype: float64, description: Spectral model norm
#     parameter (log parabola) in crab units}
# - {name: int_flux_above_1TeV, unit: 1 / (cm2 s), datatype: float64, description: 'Integral
#     flux above 1 TeV '}
# - {name: int_flux_above_1TeV_cu, unit: '%', datatype: float64, description: Integral
#     flux above 1 TeV in crab units}
# - {name: source_name, datatype: string, description: source name}
x y z spiralarm GLON GLAT RA DEC distance sigma spec_alpha spec_beta spec_norm spec_norm_cu int_flux_above_1TeV int_flux_above_1TeV_cu source_name
[from data line 258]
5.17483005917 -3.10690515056 0.10043164035 Perseus 43.8168090053 0.769838671985 287.177459259 10.0305620976 7474.91971266 0.221551773293 2.23445858533 0.308091495308 8.54562006068e-20 0.264570280516 5.40729831675e-14 0.289543528628 pwn_258
2.49683266419 -12.0123901796 -0.00966189673968 "Crux Scutum" 144.592339075 -0.128459424416 53.7811113441 55.7021714322 4309.42588743 0.130593674973 2.60885447185 0.192136587621 4.17823166052e-19 1.29357017354 2.30222990785e-13 1.23277047462 pwn_259
-3.51384764802 15.9466661576 -0.00958547297582 Norma -8.17940182328 -0.0222369902833 261.182628935 -35.8288241103 24697.9088871 0.0193950043253 2.09554268899 0.351703515331 4.43453655643e-21 0.013729215345 2.95908775598e-15 0.0158449684149 pwn_260
-1.24099784074 3.37773917205 0.0118646024054 Norma -5.96467804968 0.056922543832 262.604206437 -33.9442022919 11942.3994343 0.02090205553 2.34642178111 0.176537480261 3.23302787476e-21 0.0100093742253 2.05925363236e-15 0.0110266445113 pwn_261
-3.18800394769 -9.98618939801 -0.0605975679503 "Crux Scutum" -114.994076222 -0.986989794148 117.843765118 -28.710261047 3517.92554817 0.0320441053345 2.30117113509 0.0772127123273 7.76843418534e-19 2.40508798308 5.38357341573e-13 2.88273136067 pwn_262
10.7798557089 2.86220903246 -0.0357141047146 Norma 43.4934242722 -0.130649686956 287.836373312 9.32802164387 15662.2590548 0.102359665173 1.88774829075 0.156344921743 6.00952986748e-20 0.186053556269 5.14565007099e-14 0.275533101998 pwn_263
-0.0368221154201 4.67717855557 0.0760556768523 "Crux Scutum" -0.160106073242 0.330693241481 265.987290917 -28.8998871066 13177.4494884 0.0895026798958 2.11193002038 0.442162113195 2.02355549081e-20 0.0626487768052 1.28166328724e-14 0.068628969397 pwn_264
2.53335485122 15.3555679594 0.00893665778482 Norma 6.06183676519 0.0213438523775 269.830214511 -23.7080985375 23989.7079876 0.0570043470561 1.62990158674 0.479266172123 1.10152601109e-21 0.00341029724794 8.95263842643e-16 0.00479385151082 pwn_265
4.96505788047 7.95987359378 0.0629373498913 Perseus 16.7857359674 0.209745272788 275.14834881 -14.2305989615 17192.5332511 0.0317451404208 1.96460908887 0.103756367034 6.16019199778e-21 0.0190718018507 5.2116334817e-15 0.0279066302581 pwn_266
3.09668369646 4.42502209758 0.037476380725 "Carina Sagittarius" 13.4734256602 0.161557697454 273.559143369 -17.1688987772 13290.8634264 0.0784831913724 2.17970639249 0.394234193512 1.1323056699e-20 0.0350559030927 7.07848375783e-15 0.0379030163405 pwn_267
3.81217442039 -4.49206527905 0.0346384118102 Perseus 43.566017837 0.358790617871 287.430283393 9.61850429657 5531.49295927 0.0344039103106 2.31693014812 0.13667436827 4.78784005053e-18 14.8230342122 3.17055713532e-12 16.9773192989 pwn_268
-7.87269236665 5.21921440857 -0.00610512403077 "Carina Sagittarius" -29.8491113999 -0.0221144839383 241.325735923 -52.3363375541 15817.5904094 0.0555458652803 2.10738363757 0.443565771716 9.71364963284e-23 0.000300732186775 6.16284797734e-17 0.000330000796189 pwn_269
2.50986829164 4.25625104524 0.0839173576646 "Crux Scutum" 11.1310999705 0.369826119494 272.180316106 -19.1216385691 13001.0930961 0.129333611294 2.31599511904 0.0827728063981 5.75376830731e-20 0.178135241713 3.93795522866e-14 0.210864906224 pwn_270
8.11761898399 16.4075190592 0.027683671172 "Crux Scutum" 18.0513267161 0.0605473868653 275.896104341 -13.1835818947 26196.9656648 0.0578934328766 1.76912813611 0.332979959347 1.63737981811e-21 0.00506928736256 1.33759246939e-15 0.00716237982015 pwn_271
-10.0797816156 1.35150532466 0.0977745006272 "Carina Sagittarius" -45.656189248 0.397459101522 216.447518827 -60.3668531305 14094.811614 0.0452569598598 2.06949081763 0.0421056323566 1.03548810207e-18 3.20584551723 8.5542936739e-13 4.58055063763 pwn_272
-11.0600507937 -1.28222412239 0.0200191965531 "Carina Sagittarius" -56.871581649 0.0868499438844 193.289121576 -62.7842419664 13206.8699148 0.125350210907 2.10578381535 0.486946661987 1.69589765154e-20 0.0525045712552 1.05633256866e-14 0.0565632301784 pwn_273
1.6239351789 2.31104184299 0.0264493017769 "Crux Scutum" 8.54257708311 0.138619188283 271.048798874 -21.4939551892 10932.3597984 0.0424535766958 2.654877374 0.35031667232 2.06271158711e-18 6.38610398485 1.04524551811e-12 5.59695540856 pwn_274
-3.84516584978 -8.60385667558 -0.0789513033243 "Crux Scutum" -91.5471641616 -1.17583809932 135.140551584 -47.9746813242 3847.37831902 0.425091039851 2.03575000314 0.420907869703 1.43657114387e-21 0.00444758868072 9.56540662557e-16 0.00512196928095 pwn_275
1.80440883626 5.51433300678 -0.0241322720579 "Carina Sagittarius" 7.33672666498 -0.0978537997913 270.630425056 -22.660012717 14130.0390389 0.114827973251 1.9502950086 0.283334669682 5.22939242996e-20 0.161900694426 3.94155346942e-14 0.211057580507 pwn_276
5.20264079133 -3.57442763648 0.0693932555534 Perseus 46.566998351 0.554940008928 288.668723711 12.3691659097 7164.74352198 0.194068490305 2.10640536715 0.238400681964 1.87436149777e-19 0.580297677327 1.32237861735e-13 0.70809145089 pwn_277
0.289700663383 5.7376438556 0.0928842471784 "Crux Scutum" 1.16566584632 0.373706394509 266.730769433 -27.7461338697 14240.8938103 0.078295109258 1.82426596654 0.310941195697 3.36598936235e-19 1.04210196977 2.6944363973e-13 1.44278450427 pwn_278
7.00235180421 5.16275581106 -0.0487994839735 Perseus 27.1357688294 -0.182118088065 280.371952027 -5.24003452711 15352.7264202 0.0985501182353 2.15782615472 0.26437075585 4.9413844993e-22 0.00152984040226 3.33528867479e-16 0.00178594040004 pwn_279
-2.08098137188 5.63001956292 0.00799475632706 "Crux Scutum" -8.3779410542 0.0320719655133 260.989250976 -35.962342569 14282.4367751 0.0395036489268 1.99048343504 0.234692177573 1.48835053816e-20 0.0460789640298 1.12843601293e-14 0.0604241389834 pwn_280
-4.65470066901 -1.15088817797 0.0230628058564 Norma -32.3489079136 0.15189923396 237.97000276 -53.8257116392 8699.20771012 0.169169803668 1.56260173559 0.379725125729 2.26090637448e-20 0.0699971013772 2.04465867425e-14 0.109484931791 pwn_281
10.5688410634 2.87119567993 -0.0340990834218 Norma 42.9056071686 -0.125849666829 287.556984531 8.80895335781 15524.3568422 0.0705003289069 2.08242403466 0.0891004774696 8.879738044e-21 0.0274914490526 7.0140175402e-15 0.0375578203658 pwn_282
-4.48230969731 -0.528422211816 -0.164897044162 Norma -29.3484554502 -1.03297265783 243.055038723 -52.7441695069 9146.82150754 0.0117545977686 2.00473707182 0.0855860240776 1.20774259671e-18 3.73914116629 1.00814033958e-12 5.39826904628 pwn_283
-2.54095203607 -5.16367902849 0.147568419847 Norma -37.2930070334 2.01527893631 229.169459172 -55.1800688764 4196.33784544 0.155540565024 1.61027300938 0.215921325325 6.76360276976e-20 0.209399466556 6.71939731854e-14 0.359802233185 pwn_284
-2.01982952166 -8.78239306374 0.09686262506 "Crux Scutum" -97.9589526148 2.71915720878 133.44858417 -40.572049503 2041.773618 0.160508164916 2.07985975362 0.160373958022 8.12120733545e-18 25.1430567661 6.11292703096e-12 32.7327689192 pwn_285
-4.98002217503 3.37518288518 -0.0833640624827 "Crux Scutum" -22.7514144511 -0.37091654738 249.52215628 -47.5620239529 12877.4042022 0.131125271926 2.54680678862 0.0370622589565 8.2052023702e-19 2.54031033133 5.0447332634e-13 2.70129329752 pwn_286
-2.0583904581 -4.55034584254 -0.0865118464553 Perseus -27.5265945177 -1.11277782216 245.2802068 -51.5359015934 4454.68557152 0.194571680067 2.25639112448 0.422235246209 1.78215506603e-18 5.51750794437 1.05867387043e-12 5.66885993996 pwn_287
3.22845093852 -16.316699115 -0.100480221883 "Carina Sagittarius" 157.558409135 -0.680703301175 68.6852547948 46.6253829599 8457.76429038 0.10615143015 2.28357815782 0.385801403347 2.29674977244e-19 0.711068041002 1.36720452629e-13 0.732094291288 pwn_288
-2.84819710279 1.90306322247 -0.0449454508635 Norma -15.3114827434 -0.238753027622 256.056589746 -41.7443660064 10786.0081235 0.104739693013 1.69755098233 0.271960749901 1.88823340918e-21 0.00584592386742 1.68652183395e-15 0.00903078495592 pwn_289
-10.8216895586 -7.50760673306 -0.0773332051304 "Carina Sagittarius" -84.7603972215 -0.407725379712 143.395735865 -52.3043594696 10867.3727148 0.0632675633917 2.24306951068 0.489662268632 1.00954327983e-20 0.0312552099017 5.87182516034e-15 0.0314417455229 pwn_290
2.08789753113 0.115610880072 -0.184898950065 Norma 13.6223755952 -1.19485666406 274.884279008 -17.682276214 8866.91911314 0.0348907316915 2.14453487441 0.0363000332738 3.770229518e-19 1.16725372074 2.9721385251e-13 1.5914851109 pwn_291
-0.744810308744 -5.13832847903 0.0837057304764 Perseus -12.4926190981 1.39261454359 256.587653812 -38.5130706304 3444.21028107 0.414566849842 2.2587135715 0.383334650514 1.76516336571e-18 5.46490206102 1.06509464667e-12 5.70324114288 pwn_292
5.90108121748 12.2796332179 -0.0867595608474 Norma 15.8536926516 -0.230121855959 275.095085369 -15.2599339002 21601.468548 0.0183228216785 2.22678858651 0.133185195805 3.18637206137e-19 0.986492898257 2.22988063532e-13 1.1940297534 pwn_293
-14.2117214173 -1.62373867051 0.015139191078 Perseus -64.1802430822 0.0549417341318 177.583526098 -61.9701084889 15787.8505412 0.0583067248901 1.69206578235 0.184299459972 4.37516703406e-21 0.0135454087742 4.20573198284e-15 0.0225203494877 pwn_294
3.09326137118 1.10003872172 0.00474675516631 "Crux Scutum" 17.8596375152 0.0269647888837 275.834275767 -13.3686530931 10086.0810973 0.0448205675278 2.08757975653 0.109639692602 8.7918517543e-21 0.0272193552765 6.81894130215e-15 0.0365132495098 pwn_295
6.39604917473 -9.33333963282 -0.0152609039278 "Crux Scutum" 97.4232369403 -0.135561091973 326.705440205 53.3359942096 6450.12657895 0.0380802511887 1.87263874187 0.394518945731 4.0896038737e-19 1.26613123025 3.02371866358e-13 1.61910462517 pwn_296
-1.67601091137 -2.25974661532 0.227746586513 "Carina Sagittarius" -15.0337475153 2.0186809546 253.931736909 -40.1327458601 6465.41904192 0.230962282742 2.08497477171 0.0721200510108 2.57424051446e-20 0.079697848745 2.05576148085e-14 0.11007945157 pwn_297
4.84764046444 -6.88575483587 -0.0714122955147 Norma 71.5824449564 -0.80075954914 303.69598732 33.328027667 5109.8439544 0.327604813405 1.83077972193 0.420008348868 5.81647215969e-19 1.80076537452 4.34370180623e-13 2.32591337598 pwn_298
4.47529686848 2.02476331405 -0.000612294127983 "Carina Sagittarius" 23.0359695843 -0.00306747222741 278.31400176 -8.79950934038 11436.7357779 0.144646462828 2.49374111014 0.330788824115 8.3130416093e-19 2.57369709266 4.57029039361e-13 2.44724431667 pwn_299
2.24783005698 -5.14280108503 -0.0280929102377 Perseus 33.8044930597 -0.398387219019 283.611948894 0.59488017321 4040.33584388 0.387513176012 1.84230828347 0.0295116226346 9.81812805781e-19 3.03966812935 9.69372150759e-13 5.19067779588 pwn_300
14.3862159683 -1.53810908985 0.0176644527209 "Crux Scutum" 64.1763661489 0.0633265350132 298.261651427 27.5247597612 15982.2228417 0.0844306821033 1.83031735306 0.4054908658 3.65091059074e-21 0.0113031287639 2.74962941398e-15 0.0147233859925 pwn_301
1.82139297782 -8.85994221956 -0.00794197407966 Norma 101.178709253 -0.245090155866 331.924746418 55.5533084193 1856.63508963 0.339164270607 2.12237592196 0.313877858081 1.37339621319e-18 4.25200066002 9.20846785223e-13 4.93083998516 pwn_302
-2.21737033835 6.68593585233 -0.00431857619525 "Carina Sagittarius" -8.30732159094 -0.0161228073262 261.087579098 -35.9311458039 15346.9670482 0.0142238297771 1.77687027918 0.452491159789 2.78931442126e-20 0.0863564836303 2.11058405349e-14 0.113015024975 pwn_303
-2.815302454 -9.25308573786 -0.102583891712 "Crux Scutum" -104.975838869 -2.01599883175 123.148009054 -37.7526461387 2916.09147506 0.257416957958 1.97260100927 0.374361153204 3.5233735799e-19 1.09082773372 2.48761457458e-13 1.33203803378 pwn_304
1.78743333681 7.16476017436 -0.104439145988 "Carina Sagittarius" 6.509602092 -0.37953062378 270.452567182 -23.5183226618 15766.7541615 0.0294916123549 1.85101062074 0.280560463715 1.19218734396e-21 0.00369098248903 9.57225948958e-16 0.00512563877042 pwn_305
-2.57484068612 -3.47344695009 -0.0436276958346 Perseus -27.1236938267 -0.442596409084 244.984152861 -50.77631998 5647.82644017 0.0535020934223 2.52335161917 0.41827359031 1.87943147076e-20 0.0581867328407 9.85936428234e-15 0.0527937420338 pwn_306
0.0550395712396 7.55327236896 0.0674428894245 "Carina Sagittarius" 0.196441118623 0.240707775216 266.287509242 -28.6430415683 16053.5083907 0.0107839337083 2.33574114805 0.139025119151 3.1756039634e-21 0.00983159121794 2.07749828063e-15 0.0111243387669 pwn_307
2.12593602796 5.12474568468 -0.00286015548592 "Carina Sagittarius" 8.8686289607 -0.0118839369009 271.361320987 -21.2835242161 13789.6086655 0.0921200963603 2.08275914446 0.273475030922 2.49434907293e-21 0.00772244295026 1.74847446084e-15 0.00936252145622 pwn_308
0.120547210151 -6.93661168779 -0.000412048169489 Norma 4.40914580753 -0.0150562406471 268.955556491 -25.1567614459 1568.02895841 0.0666848150745 1.98263488435 0.146808409902 5.49649621831e-19 1.70170161558 4.44668314584e-13 2.3810565893 pwn_309
-0.750591282932 -1.75694810181 -0.0256193353775 "Carina Sagittarius" -6.35163414931 -0.216350479777 262.622655762 -34.4176784299 6784.74704953 0.198051814242 2.38227528437 0.484102195545 5.82839511091e-22 0.00180445669068 3.18289673371e-16 0.00170433939012 pwn_310
0.543651193008 5.94863937652 -0.0934366355192 "Carina Sagittarius" 2.15482100757 -0.370253880044 268.023679644 -27.2802762241 14459.1654966 0.0225304853012 2.2215612241 0.113098150421 8.48413741687e-21 0.0262666793092 6.03222709804e-15 0.0323006465917 pwn_311
-10.5363582631 -0.82550369293 0.0888300644478 "Carina Sagittarius" -53.931069816 0.390447742738 199.62386837 -62.316381811 13035.3607466 0.0165484288322 2.2494157214 0.00786911983523 1.21664276058e-20 0.0376669585318 9.13597825595e-15 0.0489202412507 pwn_312
-5.72928537879 3.74233949237 0.00239063077214 "Crux Scutum" -25.0790968232 0.0101336604976 246.717467892 -49.0046428191 13516.6413326 0.0171765970211 2.0921423288 0.162927421002 3.83651099462e-20 0.118777430174 2.86084959721e-14 0.153189344979 pwn_313
5.30931026269 -10.7569969446 0.028112245037 "Crux Scutum" 113.030428486 0.279193129881 351.72590397 61.515127885 5769.19413539 0.205036592237 1.59353099167 0.251254698485 1.80107761979e-19 0.557609170215 1.75826193249e-13 0.94149302362 pwn_314
0.531006679113 -7.14524207646 -0.0354751805187 Norma 21.4030375217 -1.39658128561 278.805937077 -10.890662557 1455.53962951 0.334188180061 2.06626020523 0.014181467115 2.04657528724e-19 0.633614640012 1.73368592106e-13 0.928333355611 pwn_315
-11.0230018567 0.0515829167024 0.00336189205413 "Carina Sagittarius" -52.1958910157 0.0138068512771 203.443201846 -62.4567864111 13951.206099 0.0553613953166 1.94025302424 0.279624150017 1.4714104365e-19 0.455545026781 1.11839897545e-13 0.598866877317 pwn_316
-4.42043417297 -8.25298906705 0.0148592908304 "Crux Scutum" -86.8016759558 0.192299064309 141.67125532 -50.468809891 4427.35513338 0.224898396842 2.29351658204 0.437141387476 7.12288888055e-20 0.220522875559 4.1296656359e-14 0.221130385311 pwn_317
-7.41689354941 -1.53477071093 -0.0417710959903 "Crux Scutum" -46.798757644 -0.23521987339 214.690304446 -61.3536720302 10174.7960076 0.146498308457 2.4035527299 0.352366097208 3.47493819825e-20 0.107583225952 1.97767444768e-14 0.10589814072 pwn_318
-5.70279274865 9.28572165325 0.137476347694 Perseus -17.777867128 0.42171697626 253.278399935 -43.269438109 18678.1326585 0.0681367230397 1.90261468657 0.311484161489 9.04419316161e-21 0.0280005980236 6.89660808081e-15 0.0369291302664 pwn_319
0.27654568375 2.11692323682 -0.0145254697975 Norma 1.49208185354 -0.0783621949307 267.358524746 -27.700107567 10620.534239 0.0496366313647 2.24051557028 0.477980875354 4.64493260385e-20 0.143805962968 2.71759654822e-14 0.145518602427 pwn_320
-0.0369731041826 -7.04733235675 -0.287655444757 Norma -1.45796981206 -11.1972058087 277.227892257 -35.5674883332 1481.33586572 0.202877922178 2.62076369931 0.479139666921 5.60783358568e-18 17.3617138876 2.7619871334e-12 14.7895576272 pwn_321
