sky_model/pwn/ctadc_skymodel_gps_sources_pwn.ecsv
# %ECSV 0.9
# ---
# datatype:
# - {name: x, unit: kpc, datatype: float64, description: Galactocentric x coordinate}
# - {name: y, unit: kpc, datatype: float64, description: Galactocentric y coordinate}
# - {name: z, unit: kpc, datatype: float64, description: Galactocentric z coordinate}
# - {name: spiralarm, datatype: string}
# - {name: GLON, unit: deg, datatype: float64, description: Galactic longitude}
# - {name: GLAT, unit: deg, datatype: float64, description: Galactic latitude}
# - {name: RA, unit: deg, datatype: float64}
# - {name: DEC, unit: deg, datatype: float64}
# - {name: distance, unit: pc, datatype: float64, description: Distance observer to
#     source center}
# - {name: sigma, unit: deg, datatype: float64, description: Angular extension (deg)}
# - {name: spec_alpha, datatype: float64, description: Spectral model parameter (log
#     parabola)}
# - {name: spec_beta, datatype: float64, description: Spectral model parameter (log
#     parabola)}
# - {name: spec_norm, unit: 1 / (cm2 MeV s), datatype: float64, description: Spectral
#     model norm parameter (log parabola)}
# - {name: spec_norm_cu, unit: '%', datatype: float64, description: Spectral model norm
#     parameter (log parabola) in crab units}
# - {name: int_flux_above_1TeV, unit: 1 / (cm2 s), datatype: float64, description: 'Integral
#     flux above 1 TeV '}
# - {name: int_flux_above_1TeV_cu, unit: '%', datatype: float64, description: Integral
#     flux above 1 TeV in crab units}
# - {name: source_name, datatype: string, description: source name}
x y z spiralarm GLON GLAT RA DEC distance sigma spec_alpha spec_beta spec_norm spec_norm_cu int_flux_above_1TeV int_flux_above_1TeV_cu source_name
[from data line 129]
1.77050761131 -2.89443737502 -0.0408838922538 "Crux Scutum" 17.52863491 -0.398473700819 276.061513675 -13.8603678016 5878.66490259 0.0951585161293 2.00932508086 0.173303905305 1.46378842912e-20 0.0453185272173 1.14221597104e-14 0.061162011662 pwn_129
-0.885948779211 -5.83097117843 -0.0523833122877 Norma -18.3629026903 -1.06712430363 254.377682846 -44.6597496359 2812.71472089 0.389196499801 1.987455865 0.253265841311 3.4244495739e-19 1.06020110647 2.57087754027e-13 1.37662268859 pwn_130
1.41304858351 4.58085587364 -0.011985451911 "Crux Scutum" 6.16542124625 -0.0521941100352 269.956163204 -23.6548669599 13156.9616682 0.0597243386958 1.73214114247 0.314730613505 1.08099177174e-19 0.334672375152 9.15264110947e-14 0.490094655014 pwn_131
-2.51374818851 11.2233493783 -0.234614898093 Perseus -7.26321036271 -0.67604948234 262.47836589 -35.43170238 19884.2773267 0.0154416119223 2.15500175978 0.36607110957 1.01710251249e-20 0.0314892418727 6.52669577743e-15 0.034948368205 pwn_132
10.4156942063 6.42206419071 -0.11968653984 Norma 34.9152819715 -0.37683065905 284.099604831 1.59315098195 18198.0496312 0.0314757692558 2.60128290984 0.445055770693 1.42629971058e-19 0.441578857764 7.1627037012e-14 0.38353987198 pwn_133
4.15089944844 -0.186600876559 0.00768295423202 "Crux Scutum" 26.5330628421 0.0473738074759 279.88974436 -5.67073000361 9292.07351695 0.109369103231 2.08316009387 0.494544218615 3.60496833937e-19 1.11608926915 2.26372465282e-13 1.21215214221 pwn_134
-6.1899214518 1.83133346933 0.0816388031258 "Crux Scutum" -30.9275374095 0.388375101481 239.545671796 -52.7353705532 12044.0127752 0.0872129332689 2.09958448718 0.331428239279 6.90918676327e-20 0.213906710937 4.64846712032e-14 0.24891054532 pwn_135
6.40374572007 -1.86827652531 -0.0328935477703 Perseus 43.9980543505 -0.204434142549 288.139541901 9.74118566927 9218.9368952 0.111008801751 1.89381028885 0.422682259334 3.65349918866e-21 0.011311142999 2.62791428733e-15 0.0140716404221 pwn_136
9.69796630917 7.69145028622 0.0150681743813 Norma 30.9197533668 0.0457433452315 281.90093597 -1.76986353754 18873.6281609 0.0610445385819 2.06475763607 0.389019423462 1.24271410084e-20 0.0384741207691 8.27539652232e-15 0.0443121013399 pwn_137
-6.85354962001 4.6807090374 0.0148959151627 "Carina Sagittarius" -27.4729976387 0.0574495079456 244.037785158 -50.6620288441 14856.0578557 0.0774324117713 2.23984992781 0.153766019609 3.59988800077e-20 0.111451640891 2.46860313038e-14 0.132185801353 pwn_138
-3.65521960244 1.46066478962 -0.129002987236 Norma -20.1513910094 -0.696593005946 252.364366906 -45.8110647754 10610.9431798 0.0744623724273 1.98892726779 0.437846135117 1.68146248246e-20 0.0520576619958 1.13866094724e-14 0.0609716515091 pwn_139
-1.54481891301 -2.13692245671 0.0330687447388 "Carina Sagittarius" -13.6461682901 0.289356646591 256.830481548 -40.0980716466 6548.00082757 0.236613564776 1.96385878768 0.0213815689739 3.64268233364e-21 0.0112776542837 3.30375476698e-15 0.0176905500107 pwn_140
4.49109448057 -0.703734870719 -0.0550659052535 "Carina Sagittarius" 29.944402338 -0.350660672319 281.808610181 -2.81863667386 8997.48364007 0.0762305112192 2.22097936205 0.000183671875729 8.27541384226e-20 0.256204762918 6.36931876752e-14 0.341056646568 pwn_141
-6.68043552031 -4.11009582504 0.166315990128 "Crux Scutum" -56.6899460718 1.19191512361 193.656335322 -61.6774922461 7995.4448541 0.0997285371177 1.82459856905 0.136866314694 1.77026998881e-20 0.0548071203967 1.60908607694e-14 0.0861614124638 pwn_142
-0.119483043752 -5.65650107101 0.0280269648507 Perseus -2.40613744137 0.564220061717 264.387400439 -30.6807248064 2846.14614307 0.541714730492 2.17574898812 0.231048764814 1.5042650892e-18 4.65716745881 1.02376746016e-12 5.48194727837 pwn_143
-0.554577145929 -10.2200617525 -0.0129154078836 "Crux Scutum" -162.1297964 -0.409453030246 95.4923691269 13.1797826635 1807.30048716 0.775666830446 2.34609653918 0.3191814475 6.48597325344e-21 0.0200804125494 3.85288092888e-15 0.0206309449597 pwn_144
-7.53483332683 -8.345959936 -0.034017999723 "Carina Sagittarius" -88.8288239575 -0.25862116834 138.948565451 -49.355527982 7536.48451393 0.163852215015 2.5079845625 0.0508851332723 2.60483291532e-18 8.06449818986 1.62427616e-12 8.69747928233 pwn_145
-7.93435871548 -8.95420848592 0.048368268124 "Carina Sagittarius" -93.2763652549 0.34870287764 135.152492055 -45.6694779374 7947.49602479 0.0313949502332 2.07288539782 0.336505066917 6.17876359316e-20 0.1912929905 4.20784444694e-14 0.225316610573 pwn_146
1.21194957456 5.09121700941 0.111739138499 "Crux Scutum" 5.09567448088 0.46918062109 268.875902128 -24.3197649163 13645.6032187 0.116285393157 2.51027917194 0.40090793353 4.60966768521e-22 0.00142714169821 2.44796203158e-16 0.00131080536536 pwn_147
-1.27570433921 -15.165778609 -0.00528639309501 "Carina Sagittarius" -169.165675739 -0.0446292829428 92.3294169672 19.538810365 6786.75577664 0.184442830342 2.41032296594 0.0926564597897 9.13344691438e-20 0.282769254315 5.87925512622e-14 0.314815306135 pwn_148
7.17522629978 2.06385143776 0.00455047080232 Perseus 34.1853061174 0.020416446411 283.412898509 1.1247867884 12770.2329798 0.134400917131 1.80113620789 0.207562627416 8.81631673556e-20 0.272950982525 7.70236463823e-14 0.412436988954 pwn_149
2.19411855369 5.26457332141 -0.00882727789608 "Carina Sagittarius" 9.05693938709 -0.0362859058545 271.482915312 -21.1311894843 13938.3540229 0.0236653108085 1.73461844652 0.259992494977 3.67392991626e-22 0.00113743960256 3.22874092499e-16 0.00172888748814 pwn_150
-1.4303087321 -6.19107369791 -0.0542417760851 Norma -31.7769395811 -1.14409255601 240.139351607 -54.451696319 2716.59086134 0.553250372012 2.00851090864 0.225903509042 6.20313681504e-19 1.92047579413 4.67724508229e-13 2.50451513132 pwn_151
-5.03929264565 9.48793307565 -0.00533821052631 Perseus -15.6501365323 -0.016373079297 255.543063204 -41.877166449 18680.4773815 0.0187976063941 2.40868064778 0.399914965444 1.31288408428e-21 0.00406465660768 7.31179755137e-16 0.00391523370753 pwn_152
7.87109871247 10.3761412072 -0.0133054257012 Norma 22.6354843316 -0.0372757741925 278.157566378 -9.17056672409 20451.4810919 0.0533306123664 2.07831389773 0.48026119906 1.68820938812e-21 0.00522665445239 1.0694100817e-15 0.00572634891709 pwn_153
-3.82394284235 2.10074430433 -0.0108100171325 Norma -19.8355905192 -0.0549604013838 251.953945553 -45.1563739444 11269.358257 0.0255580044761 1.9198027327 0.399476582004 2.09568860673e-20 0.0648820002083 1.50401792694e-14 0.0805353491109 pwn_154
-4.46454073369 -2.19060026384 0.0601379946203 Norma -35.2832822413 0.445787454885 233.633399765 -55.3717471631 7729.44147865 0.190196992834 2.56567295401 0.0389964089379 3.11431969651e-19 0.964185664555 1.89257129541e-13 1.01341139133 pwn_155
-0.41833395872 -4.78331306187 0.0801996696914 Perseus -6.4219330043 1.22839764218 261.12650815 -33.672393464 3741.01551508 0.37521879436 2.1860713464 0.40246778608 9.08244015602e-20 0.28119009771 5.63807118175e-14 0.30190067738 pwn_156
-0.489633682268 4.87062443771 0.0941304844114 "Crux Scutum" -2.09724035697 0.403090965362 264.737456975 -30.5058704269 13379.9177705 0.0758491326285 1.40382171726 0.0332981661178 3.2231729925e-20 0.0997886375387 4.62108199562e-14 0.247444159489 pwn_157
1.29320806386 5.97386284467 -0.0197808114807 "Carina Sagittarius" 5.10569537418 -0.077992960238 269.401134287 -24.5860387173 14531.5341249 0.0516502195852 2.19514818789 0.117985192621 2.26187220275e-19 0.70027003181 1.62937269963e-13 0.872476962183 pwn_158
-0.306182906129 -2.0781039883 -0.0349743735517 "Crux Scutum" -2.72967882269 -0.311682176278 265.050613083 -31.4217137578 6429.28608509 0.0309228899371 2.25601218437 0.0765484484179 1.06744744026e-19 0.330479083671 7.60887197373e-14 0.407430755823 pwn_159
5.89727713334 -3.41380708327 0.0548878941381 Perseus 49.2233924368 0.403818771985 290.082079858 14.6474291338 7787.8269533 0.157210133755 2.16768259634 0.098759553423 3.24524256172e-18 10.0471905936 2.40889707182e-12 12.8988732898 pwn_160
3.01880002885 -15.0045835377 -0.0491273703259 "Carina Sagittarius" 155.103820194 -0.392519884277 66.4941740036 48.6070879103 7171.13478545 0.115215999918 2.23491363007 0.264157563529 3.19100762086e-18 9.87928055995 2.06376459e-12 11.0507992465 pwn_161
-9.73940559282 1.01197501394 -0.175863840751 "Carina Sagittarius" -45.6768452823 -0.740112677657 217.254418536 -61.434821939 13614.8675373 0.0928781526061 2.07981731732 0.335844928805 7.69294317716e-21 0.0238171615392 5.22068760444e-15 0.0279551121892 pwn_162
-4.83763973508 3.92491230544 0.0237269505699 "Crux Scutum" -21.2734514816 0.101957969517 250.441071969 -46.1431740831 13333.4829273 0.112506883295 1.70448123911 0.235160641168 3.6877687968e-21 0.011417240857 3.3713785627e-15 0.0180526538061 pwn_163
-3.42881725202 -1.58504865425 -0.195119856836 Norma -26.3747704922 -1.44812361892 246.951494166 -50.9494539758 7720.84267554 0.217367044334 1.98878879903 0.479847819515 7.97875431777e-22 0.00247020257516 5.2953299534e-16 0.00283547980922 pwn_164
10.3524000429 4.18551898896 -0.0345072266562 Norma 39.2172011894 -0.120750247602 285.842432135 5.53614605142 16373.6303066 0.0905627206416 1.81631526133 0.120146160015 1.24380023031e-20 0.0385077470684 1.15342883416e-14 0.0617624246159 pwn_165
-0.0290463501163 -1.67191689509 -0.00173584515969 "Carina Sagittarius" -0.24373212917 -0.0145656838077 266.273813783 -29.1517381271 6828.14510619 0.0153821541694 1.82017772676 0.381570115127 2.08703081587e-20 0.0646139571475 1.60334368157e-14 0.0858539255596 pwn_166
4.55186518076 -1.73167601088 -0.0137445168725 "Carina Sagittarius" 33.9218069671 -0.0965481513228 283.396816702 0.836943226001 8156.58477289 0.0825717787835 1.72107949527 0.435091089254 1.45597184586e-19 0.450765277356 1.14990530714e-13 0.615737510148 pwn_167
-1.96811770089 1.88895728188 -0.00355736330126 Perseus -10.7271752726 -0.0192762397724 259.364343357 -37.9207563029 10573.7379079 0.120815932368 2.23574672779 0.281033055377 1.50911627199e-21 0.00467218660057 9.67183126219e-16 0.00517895626967 pwn_168
11.0190811163 -7.03135486739 -0.0566707051003 "Crux Scutum" 82.4082466475 -0.292084522526 311.247352764 42.3905045832 11116.6667101 0.0329291322225 2.12936884362 0.228111250981 2.27753844912e-20 0.0705120262885 1.59491433157e-14 0.0854025608298 pwn_169
6.29981224486 -2.61215359214 0.0161088493825 Perseus 46.9359682536 0.107036869789 289.250547646 12.4871120536 8622.91303088 0.108594387445 1.9655503912 0.29809222339 4.46324053278e-19 1.38180821448 3.30375324698e-13 1.76905418716 pwn_170
0.0928778017292 15.1629866178 -0.00498284552568 Norma 0.224886182305 -0.0120649950006 266.55038211 -28.7504368557 23663.1694155 0.01 1.90519862168 0.21440488508 1.34246160137e-21 0.00415622786802 1.08891565361e-15 0.00583079501545 pwn_171
-3.98813615027 4.49033037033 0.0209059488892 "Crux Scutum" -17.0669083382 0.0881480920194 254.245776229 -42.9262524019 13588.7582266 0.0303460739181 2.09297306849 0.277596941162 4.22802294012e-21 0.0130898543038 2.9395057558e-15 0.0157401130676 pwn_172
9.69655234315 7.72670795735 -0.0160884060466 Norma 30.8611646382 -0.0487642226758 281.958335491 -1.86511545906 18903.1594532 0.01 2.42375841843 0.208466976064 8.03887465233e-22 0.00248881568184 4.83129232814e-16 0.00258700250399 pwn_173
9.67857525059 1.17717421367 0.0216122599978 Norma 45.0041472691 0.0904747641291 288.347956741 10.7693550427 13686.5988008 0.100935619102 1.49873528535 0.200234855147 3.52471169614e-20 0.109124201119 3.86512173169e-14 0.206964905432 pwn_174
-8.22595342555 -9.68059244926 -0.0204547096583 "Carina Sagittarius" -98.1673428954 -0.141026733637 130.306171963 -42.2053854869 8310.26634264 0.0543211783208 2.21306295626 0.34767323407 1.16748530522e-20 0.0361450558893 7.33020972722e-15 0.0392509283875 pwn_175
-7.08526159401 5.11965879394 0.0611428774226 "Carina Sagittarius" -27.4844942209 0.228186563892 243.838443033 -50.546803467 15352.5169262 0.0423141713627 1.93628640779 0.046425606534 1.29436562354e-21 0.00400732391188 1.17183986729e-15 0.00627482765488 pwn_176
-7.08231198346 5.63357068073 -0.020803537083 "Carina Sagittarius" -26.6153835475 -0.0753983245796 245.146139688 -50.1577919839 15808.7759174 0.101261475848 1.53462424651 0.0832710363644 2.06463727769e-21 0.00639206587519 2.47838710331e-15 0.0132709701807 pwn_177
-7.49091193633 -1.00956183341 -0.00322249800496 "Crux Scutum" -45.0018119199 -0.0174292749292 217.990079471 -60.5125788033 10593.4147445 0.116650580143 1.51628907505 0.425599235858 1.74564890882e-21 0.00540448578583 1.57651417215e-15 0.00844172911493 pwn_178
-3.4106110002 -8.93439505579 -0.00475745187019 "Crux Scutum" -97.2584398628 -0.0792812093169 131.133496917 -42.8824334929 3438.16653065 0.0401031808535 1.82616495176 0.385538673408 1.01994100835e-19 0.315771210017 7.78953957343e-14 0.417104927889 pwn_179
-14.778525411 -5.74097618047 -0.0254694828204 Perseus -79.4251063614 -0.0970670353455 150.70722448 -55.4731194662 15033.8842106 0.023596118992 2.16585286674 0.140726863647 1.98656807179e-19 0.615036554735 1.43585528614e-13 0.76885457727 pwn_180
-7.67071714499 4.33617838809 0.039022500833 "Carina Sagittarius" -30.8619371756 0.149518069632 239.884767651 -52.8744160251 14953.5581012 0.073584583362 2.21791888019 0.188634466333 1.46388117989e-20 0.0453213987582 9.96172516656e-15 0.0533418518268 pwn_181
6.61777595992 -0.931773016121 -0.00180099142021 Perseus 41.166956427 -0.0102640002524 286.644306503 7.3190806213 10053.507924 0.102265027729 1.8183055282 0.463013253314 2.05380299936e-21 0.00635852321785 1.50888037211e-15 0.00807957174964 pwn_182
1.04683872085 -2.46814680844 -0.028286800876 "Carina Sagittarius" 9.84571325381 -0.264733351608 272.107388379 -20.5534768366 6122.08496961 0.0774611394411 2.40510629742 0.409038612587 4.80218434382e-21 0.0148674437889 2.66943210021e-15 0.0142939550299 pwn_183
7.07822176456 3.62850349978 -0.0274628069636 Perseus 30.2679311971 -0.112049918006 281.743835739 -2.42187829096 14042.8834182 0.114707952848 2.52689504895 0.30717314999 4.0089708456e-20 0.124116744446 2.19019874606e-14 0.1172781371 pwn_184
3.86361301539 -5.39389540022 0.193372922617 Perseus 51.2028825366 2.23381883477 289.362368515 17.2524446001 4961.12733204 0.219322885085 2.21882597549 0.110745089401 3.39156170335e-19 1.0500191032 2.41911103133e-13 1.29535657758 pwn_185
-4.65673374723 -7.87422566662 0.0071740212976 "Crux Scutum" -82.3464130124 0.0874817096268 146.950633882 -53.5204647407 4698.59704331 0.204364272337 1.92257919966 0.0221259856576 2.55530671553e-19 0.791116630195 2.38872939941e-13 1.2790881855 pwn_186
3.85444623424 0.640253349363 -0.0932308859352 "Crux Scutum" 22.8651602539 -0.538480436008 278.715362171 -9.19787292097 9920.16527389 0.10572627546 2.43732575535 0.215628923421 1.0133497056e-19 0.31373055901 6.02616974411e-14 0.32268211399 pwn_187
-0.554075746544 -5.50416346807 -0.0659896967492 Perseus -10.4783700938 -1.24082126529 260.820298121 -38.4145412149 3047.35805232 0.419278134066 2.3266187087 0.336313569629 4.65750303336e-19 1.44195140352 2.77279948348e-13 1.48474543033 pwn_188
4.33968920861 1.26046589001 0.00719650808573 "Carina Sagittarius" 23.9708430953 0.0386013354255 278.71220239 -7.95067022905 10681.7437063 0.0557118047192 2.36022222341 0.414240245259 3.6739491503e-21 0.0113744555737 2.0819648733e-15 0.0111482559419 pwn_189
-1.78743540799 -6.63905464743 0.0432346321483 Norma -43.8457236131 0.959931994987 219.357229039 -59.1634950461 2580.68056459 0.285168129987 1.90306089751 0.426344502871 1.66761606653e-19 0.516289803879 1.19094040059e-13 0.637710490108 pwn_190
-3.03764883982 0.711496427233 0.0281437860998 Perseus -18.2508575042 0.166248464223 253.137417754 -43.7971989578 9699.47261328 0.0441713819126 1.24963364842 0.0163879506467 9.93266603961e-21 0.0307512880483 1.69724196673e-14 0.0908818783791 pwn_191
