sky_model/pwn/ctadc_skymodel_gps_sources_pwn.ecsv
# %ECSV 0.9
# ---
# datatype:
# - {name: spiralarm, datatype: unicode, description: 'Which spiralarm?'}
# - {name: galactocentric_x, unit: kpc, datatype: float64, format: '%.5f', description: Galactocentric
#     x coordinate}
# - {name: galactocentric_y, unit: kpc, datatype: float64, format: '%.5f', description: Galactocentric
#     y coordinate}
# - {name: galactocentric_z, unit: kpc, datatype: float64, format: '%.5f', description: Galactocentric
#     z coordinate}
# - {name: type, datatype: string, description: type of PWN}
# - {name: size_physical, unit: pc, datatype: float64, format: '%.5f', description: Physical
#     size}
# - {name: distance, unit: kpc, datatype: float64, format: '%.5f', description: Distance
#     observer to source center}
# - {name: GLON, unit: deg, datatype: float64, format: '%.5f', description: Galactic
#     longitude}
# - {name: GLAT, unit: deg, datatype: float64, format: '%.5f', description: Galactic
#     latitude}
# - {name: RA, unit: deg, datatype: float64, format: '%.5f'}
# - {name: DEC, unit: deg, datatype: float64, format: '%.5f'}
# - {name: sigma, unit: deg, datatype: float64, format: '%.5f'}
# - {name: galactocentric_r, unit: kpc, datatype: float64, format: '%0.4f', description: Galactocentric
#     radius in the xy plan}
# - {name: spec_alpha, datatype: float64, format: '%5g', description: Spectral model
#     parameter (log parabola)}
# - {name: spec_beta, datatype: float64, format: '%5g', description: Spectral model
#     parameter (log parabola)}
# - {name: spec_norm, unit: 1 / (cm2 MeV s), datatype: float64, format: '%5g', description: Spectral
#     model norm parameter (log parabola)}
# - {name: spec_norm_cu, unit: '%', datatype: float64, format: '%5g', description: Spectral
#     model norm parameter (log parabola) in crab units}
# - {name: int_flux_above_1TeV, unit: 1 / (cm2 s), datatype: float64, format: '%5g',
#   description: 'Integral flux above 1 TeV '}
# - {name: int_flux_above_1TeV_cu, unit: '%', datatype: float64, format: '%5g', description: Integral
#     flux above 1 TeV in crab units}
# - {name: luminosity, unit: erg / s, datatype: float64, description: Intrinsic source
#     luminosity}
# - {name: skip, datatype: int64, description: 'skip boolean: 0 take, 1 skip'}
# - {name: source_name, datatype: string, description: source name}
spiralarm galactocentric_x galactocentric_y galactocentric_z type size_physical distance GLON GLAT RA DEC sigma galactocentric_r spec_alpha spec_beta spec_norm spec_norm_cu int_flux_above_1TeV int_flux_above_1TeV_cu luminosity skip source_name
[from data line 555]
Perseus 7.31668 -0.22324 -0.01782 isolated 11.32548 11.04712 41.47676 -0.09242 286.86158 7.55638 0.05872 7.3201 2.17873 0.335781 2.3643e-19 0.73198 1.52036e-13 0.814103 2.06397868602e+34 0 pwn_555
"Carina Sagittarius" -2.76834 6.41149 -0.03120 isolated 18.54404 15.16632 -10.51729 -0.11785 259.61966 -37.80613 0.07003 6.9836 2.07553 0.174598 9.33145e-20 0.288899 6.97723e-14 0.373608 1.21523379255e+34 0 pwn_556
Norma 1.23448 15.08253 -0.10446 isolated 4.86148 23.61505 2.99654 -0.25345 268.39081 -26.49613 0.01179 15.1330 2.20023 0.105996 1.45493e-19 0.450444 1.05301e-13 0.563855 3.4346092458e+34 0 pwn_557
Perseus 0.57892 -5.45689 0.05140 isolated 26.73111 3.09811 10.77131 0.95062 271.45793 -19.15325 0.49417 5.4875 2.40482 0.137375 3.71065e-18 11.4881 2.33689e-12 12.5133 1.2616835084e+34 0 pwn_558
"Crux Scutum" 10.89699 14.58316 -0.01378 isolated 19.25477 25.52600 25.27084 -0.03093 279.37725 -6.82823 0.04320 18.2047 2.17718 0.156177 3.76745e-20 0.116639 2.67801e-14 0.143399 1.17581483159e+34 0 pwn_559
"Carina Sagittarius" -6.86017 -11.74503 0.00771 isolated 13.74528 7.58895 -115.31533 0.05823 118.67506 -27.89785 0.10374 13.6018 2.27556 0.12145 4.60366e-19 1.42528 3.15176e-13 1.68767 1.0574248322e+34 0 pwn_560
Norma -0.03500 -5.91942 0.17008 isolated 4.73166 2.58641 -0.77713 3.77033 262.31791 -27.57238 0.10478 5.9195 2.30246 0.359566 4.72366e-18 14.6243 2.81749e-12 15.0868 2.01066362692e+34 0 pwn_561
"Crux Scutum" 3.71988 -10.94450 -0.28672 isolated 22.69337 4.46041 123.31070 -3.68559 13.59736 59.18399 0.29139 11.5594 2.16155 0.262351 1.33955e-18 4.14722 9.03253e-13 4.83663 1.63645675673e+34 0 pwn_562
"Carina Sagittarius" -10.46577 0.51768 -0.06175 isolated 14.66604 13.81501 -49.25064 -0.25609 209.75650 -62.09762 0.06080 10.4786 1.9587 0.208672 1.15668e-19 0.358107 9.10058e-14 0.487307 1.58050415545e+34 0 pwn_563
Perseus 5.51641 7.02255 0.04081 isolated 24.06247 16.47368 19.56420 0.14195 276.54677 -11.80812 0.08366 8.9301 2.16942 0.283464 1.0061e-19 0.311485 6.6782e-14 0.357596 1.74238898843e+34 0 pwn_564
"Carina Sagittarius" 5.17013 2.80866 0.04707 isolated 24.02532 12.43456 24.56909 0.21690 278.83039 -7.33751 0.11066 5.8838 1.97285 0.335725 1.63667e-18 5.0671 1.18025e-12 6.31987 2.45469202684e+35 0 pwn_565
"Crux Scutum" 3.54433 2.20781 0.03863 isolated 25.98042 11.27923 18.31474 0.19623 275.89976 -12.88730 0.13192 4.1757 1.77282 0.34616 6.26418e-20 0.193937 5.06225e-14 0.271068 1.08964215492e+34 0 pwn_566
Perseus 5.42059 7.65890 0.00384 isolated 15.00465 17.04385 18.54432 0.01290 276.17612 -12.77024 0.05042 9.3830 1.48544 0.268021 2.1245e-20 0.065774 2.21316e-14 0.118507 1.0655070999e+34 0 pwn_567
Perseus -6.13006 9.85694 0.15766 isolated 5.18365 19.35406 -18.46607 0.46674 252.62668 -43.77173 0.01534 11.6076 1.94818 0.307426 3.42884e-20 0.106156 2.55026e-14 0.136558 1.19810473525e+34 0 pwn_568
