sky_model/pwn/ctadc_skymodel_gps_sources_composite.ecsv
# %ECSV 0.9
# ---
# datatype:
# - {name: galactocentric_x, unit: kpc, datatype: float64, format: '%.5f', description: Galactocentric
#     x coordinate}
# - {name: galactocentric_y, unit: kpc, datatype: float64, format: '%.5f', description: Galactocentric
#     y coordinate}
# - {name: galactocentric_z, unit: kpc, datatype: float64, format: '%.5f', description: Galactocentric
#     z coordinate}
# - {name: size_physical, unit: pc, datatype: float64, format: '%.5f', description: physical
#     size}
# - {name: type, datatype: string, description: type of PWN}
# - {name: distance, unit: kpc, datatype: float64, format: '%.5f', description: Distance
#     observer to source center}
# - {name: GLON, unit: deg, datatype: float64, format: '%.5f', description: Galactic
#     longitude}
# - {name: GLAT, unit: deg, datatype: float64, format: '%.5f', description: Galactic
#     latitude}
# - {name: RA, unit: deg, datatype: float64, format: '%.5f'}
# - {name: DEC, unit: deg, datatype: float64, format: '%.5f'}
# - {name: sigma, unit: deg, datatype: float64, format: '%.5f'}
# - {name: galactocentric_r, unit: kpc, datatype: float64, format: '%0.4f', description: Galactocentric
#     radius in the xy plan}
# - {name: spec_alpha, datatype: float64, format: '%5g', description: Spectral model
#     parameter (log parabola)}
# - {name: spec_beta, datatype: float64, format: '%5g', description: Spectral model
#     parameter (log parabola)}
# - {name: spec_norm, unit: 1 / (cm2 MeV s), datatype: float64, format: '%5g', description: Spectral
#     model norm parameter (log parabola)}
# - {name: spec_norm_cu, unit: '%', datatype: float64, format: '%5g', description: Spectral
#     model norm parameter (log parabola) in crab units}
# - {name: int_flux_above_1TeV, unit: 1 / (cm2 s), datatype: float64, format: '%5g',
#   description: 'Integral flux above 1 TeV '}
# - {name: int_flux_above_1TeV_cu, unit: '%', datatype: float64, format: '%5g', description: Integral
#     flux above 1 TeV in crab units}
# - {name: luminosity, unit: erg / s, datatype: float64, description: Intrinsic source
#     luminosity}
# - {name: skip, datatype: int64, description: 'skip boolean: 0 take, 1 skip'}
# - {name: source_name, datatype: string, description: source name}
galactocentric_x galactocentric_y galactocentric_z size_physical type distance GLON GLAT RA DEC sigma galactocentric_r spec_alpha spec_beta spec_norm spec_norm_cu int_flux_above_1TeV int_flux_above_1TeV_cu luminosity skip source_name
[from data line 82]
2.49553 -10.69000 -0.08408 5.25112 composite 3.32127 131.26919 -1.45063 29.87875 60.31448 0.09055 10.9774 1.85599 0.360606 1.86375e-19 0.577011 1.41902e-13 0.759838 2.56683215504e+33 0 composite_82
9.37728 8.02786 0.11712 21.92065 composite 19.00309 29.56893 0.35313 281.01006 -2.83138 0.06607 12.3442 2.15085 0.318188 1.76081e-20 0.0545142 1.15966e-14 0.0620962 4.53053721868e+33 0 composite_83
-13.91160 1.98709 0.08709 3.51026 composite 17.42180 -52.98963 0.28642 201.66218 -62.30618 0.01154 14.0528 2.07938 0.266267 1.23378e-20 0.0381976 8.70122e-15 0.0465922 2.59990022449e+33 0 composite_84
2.87361 3.77112 -0.14715 6.95529 composite 12.60395 13.17984 -0.66894 274.17788 -17.82288 0.03161 4.7412 2.36664 0.253434 5.30237e-19 1.6416 3.21305e-13 1.72048 3.87855909621e+34 0 composite_85
-6.51819 1.57609 0.08108 1.92982 composite 12.00087 -32.89870 0.38710 236.99201 -53.98583 0.01000 6.7060 2.20701 0.108954 1.1571e-19 0.358234 8.32327e-14 0.445684 7.03648824748e+33 0 composite_86
-2.35972 -4.48248 0.27327 8.05057 composite 4.66727 -30.42816 3.35660 237.14065 -50.12510 0.09879 5.0657 1.8486 0.189255 1.78646e-18 5.53085 1.53219e-12 8.20439 3.10390603267e+34 0 composite_87
-10.42780 -0.87946 0.03303 10.75251 composite 12.91560 -53.84101 0.14653 199.87362 -62.54929 0.04768 10.4648 2.09086 0.171157 5.47394e-20 0.169472 4.06324e-14 0.217573 5.03089235025e+33 0 composite_88
10.37800 -0.16984 0.12613 6.89146 composite 13.30828 51.24686 0.54303 290.94418 16.49782 0.02966 10.3794 1.99937 0.187746 2.63949e-20 0.081718 2.05247e-14 0.109903 3.0148576129e+33 0 composite_89
-7.07783 -4.55076 -0.20120 2.75541 composite 8.10757 -60.83965 -1.42202 184.21957 -64.04040 0.01946 8.4146 2.13348 0.299815 8.66712e-20 0.268332 5.81846e-14 0.31156 3.97638104987e+33 0 composite_90
-8.93800 -8.63761 0.05706 9.79236 composite 8.93924 -90.88206 0.36573 137.50354 -47.43579 0.06274 12.4296 2.02779 0.254816 6.33726e-20 0.1962 4.63871e-14 0.248388 3.67723718075e+33 0 composite_91
10.29160 -0.22272 -0.07207 24.05164 composite 13.20741 51.19114 -0.31265 291.70133 16.04282 0.10430 10.2940 2.55543 0.221345 3.31415e-19 1.02605 1.85122e-13 0.991269 1.99955515284e+34 0 composite_92
3.39549 -2.18053 0.21622 12.42285 composite 7.17717 28.24941 1.72636 279.18257 -3.37574 0.09913 4.0354 2.24403 0.295913 1.34822e-19 0.417405 8.5385e-14 0.457209 4.11903903522e+33 0 composite_93
0.32007 9.52493 0.11111 15.17394 composite 18.02811 1.01730 0.35312 266.66362 -27.88364 0.04821 9.5303 2.08879 0.15381 5.56429e-20 0.172269 4.1831e-14 0.223992 9.6322957894e+33 0 composite_94
5.97444 5.92546 -0.12913 0.65635 composite 15.61424 22.49735 -0.47384 278.48550 -9.49454 0.01000 8.4146 2.08297 0.170945 3.15142e-20 0.0975671 2.35107e-14 0.125892 4.27462615001e+33 0 composite_95
-0.33112 0.27323 0.39640 2.20048 composite 8.78842 -2.16144 2.58519 262.58005 -29.37842 0.01434 0.4293 2.33715 0.244385 8.4903e-20 0.262857 5.24855e-14 0.281043 3.07579415196e+33 0 composite_96
6.74735 4.73626 0.10511 9.74605 composite 14.85720 27.01079 0.40535 279.79012 -5.08207 0.03757 8.2437 2.04176 0.311731 1.40787e-20 0.0435874 9.88958e-15 0.0529556 2.55127344074e+33 0 composite_97
1.56083 -7.31010 0.12312 1.15287 composite 1.96652 52.67989 3.58952 288.81832 19.18809 0.03358 7.4749 1.5812 0.132745 7.14066e-19 2.21073 7.83205e-13 4.19381 2.81417762711e+33 0 composite_98
2.99011 9.22341 -0.15616 23.00266 composite 17.97455 9.57617 -0.49778 272.18551 -20.90222 0.07330 9.6960 2.27085 0.353809 4.72064e-20 0.14615 2.86851e-14 0.153599 1.00052542664e+34 0 composite_99
-2.34795 1.48169 -0.12312 13.05415 composite 10.25486 -13.23681 -0.68791 258.17851 -40.34962 0.07291 2.7764 1.86775 0.327196 3.3425e-20 0.103483 2.57835e-14 0.138062 3.91499274668e+33 0 composite_100
10.61250 0.70231 -0.13514 8.82837 composite 14.04727 49.07079 -0.55122 290.87751 14.06299 0.03600 10.6357 1.95794 0.29268 3.45657e-20 0.107014 2.57862e-14 0.138077 6.03054878984e+33 0 composite_101
-6.77369 -4.84683 0.03303 48.96039 composite 7.69608 -61.66124 0.24590 182.94893 -62.27179 0.36436 8.3291 2.28537 0.232879 2.38819e-19 0.739377 1.52705e-13 0.817685 6.91685888158e+33 0 composite_102
-0.88536 -10.08430 -0.09910 13.62957 composite 1.81761 -150.80208 -3.12545 98.37331 1.89182 0.42948 10.1231 1.96256 0.344275 6.44245e-18 19.9457 4.6511e-12 24.9052 2.147093047e+34 1 composite_103
1.27804 6.14745 -0.17718 2.83867 composite 14.70417 4.98662 -0.69041 269.92019 -24.99492 0.01106 6.2789 2.00037 0.214126 7.82591e-20 0.242288 5.97589e-14 0.31999 1.15823544166e+34 0 composite_104
-14.13920 1.54768 0.15616 24.89258 composite 17.34639 -54.60142 0.51581 198.16359 -62.25428 0.08219 14.2237 2.34322 0.159537 4.92651e-20 0.152524 3.17269e-14 0.169888 5.8556391132e+33 0 composite_105
-3.23256 -3.90019 0.22523 6.48911 composite 5.62658 -35.09799 2.29414 232.07141 -53.74976 0.06605 5.0657 2.09459 0.159286 4.339e-19 1.34334 3.23835e-13 1.73403 7.34587258246e+33 0 composite_106
-9.46288 -8.05916 0.02402 6.66732 composite 9.47317 -87.33273 0.14528 141.02351 -50.13259 0.04031 12.4296 2.01099 0.373822 5.02732e-20 0.155645 3.47485e-14 0.186067 4.58524198332e+33 0 composite_107
0.83647 -2.88629 0.04805 10.31667 composite 5.67589 8.47499 0.48505 270.68906 -21.38234 0.10410 3.0051 2.15769 0.278042 2.31236e-19 0.7159 1.5494e-13 0.829653 4.77005461253e+33 0 composite_108
-8.84456 -3.05889 0.41141 6.78267 composite 10.39236 -58.40047 2.26880 190.14878 -60.57489 0.03738 9.3586 2.20016 0.172306 1.2538e-19 0.388173 8.70456e-14 0.466101 6.51057951946e+33 0 composite_109
0.11466 0.58997 -0.60360 22.60862 composite 9.11071 0.72269 -3.79873 270.59368 -30.23464 0.14213 0.6010 2.1452 0.169652 7.56748e-20 0.234287 5.43839e-14 0.291208 3.21823469603e+33 0 composite_110
-14.74460 -1.50902 0.09009 23.59272 composite 16.31825 -64.63258 0.31632 176.78767 -61.60763 0.08281 14.8216 1.9931 0.243925 1.30689e-20 0.040461 9.83496e-15 0.0526631 2.58451644013e+33 0 composite_111
-9.73304 1.61936 -0.08108 6.00579 composite 14.04066 -43.88519 -0.33087 220.32051 -60.36036 0.02450 9.8668 2.32077 0.267991 5.11294e-20 0.158295 3.15162e-14 0.168759 5.07328397171e+33 0 composite_112
-3.57611 10.64930 0.03904 0.93772 composite 19.48039 -10.57807 0.11482 259.33488 -37.72158 0.01000 11.2337 2.1573 0.368985 9.48317e-21 0.0293596 6.06942e-15 0.0324998 2.89217822953e+33 0 composite_113
6.52159 5.04260 0.00901 13.97731 composite 15.03108 25.71366 0.03434 279.52351 -6.40486 0.05326 8.2437 1.77638 0.176698 2.65387e-20 0.0821632 2.41641e-14 0.129391 5.14052693933e+33 0 composite_114
5.52429 -10.07480 -0.06907 13.55879 composite 5.74478 105.91117 -0.68889 339.62378 57.72143 0.13518 11.4900 2.06455 0.29804 1.52112e-18 4.70935 1.06272e-12 5.69051 3.84979592986e+34 0 composite_115
3.49424 2.53012 -0.11111 5.31668 composite 11.57089 17.57772 -0.55019 276.22329 -13.88794 0.02632 4.3141 2.18141 0.317838 8.14843e-20 0.252273 5.27913e-14 0.282681 7.43631146332e+33 0 composite_116
-7.60769 -3.17520 0.18619 4.87570 composite 9.28790 -55.01093 1.14866 197.19449 -61.65381 0.03007 8.2437 2.20981 0.364602 9.80081e-20 0.303431 6.11524e-14 0.327452 6.21970448993e+33 0 composite_117
2.05238 -3.86801 0.39039 33.95440 composite 5.08134 23.89757 4.40627 274.78080 -5.98721 0.38271 4.3788 2.07601 0.362591 4.96555e-19 1.53732 3.33047e-13 1.78336 1.14394791145e+34 0 composite_118
4.87381 7.98426 0.04505 26.66350 composite 17.18973 16.47108 0.15016 275.04942 -14.53618 0.08884 9.3543 2.10804 0.271438 7.98086e-20 0.247086 5.51992e-14 0.295574 1.59258231542e+34 0 composite_119
3.81945 -3.97146 0.24324 3.44074 composite 5.92917 40.14487 2.35118 284.05538 7.49022 0.03324 5.5101 1.8892 0.197945 9.77495e-20 0.30263 8.10656e-14 0.43408 2.64312555383e+33 0 composite_120
-2.95556 2.21245 -0.09610 44.36963 composite 11.11311 -15.42416 -0.49547 256.23888 -41.98966 0.22867 3.6919 2.04664 0.186784 5.51472e-20 0.170734 4.165e-14 0.223023 4.11370325744e+33 0 composite_121
-9.50635 8.00784 0.03604 4.13761 composite 19.04943 -29.93630 0.10840 241.07724 -52.29683 0.01244 12.4296 2.28265 0.306411 2.46539e-20 0.0763279 1.52207e-14 0.0815019 5.15843551814e+33 0 composite_122
-0.08518 -0.01075 -0.62763 19.37451 composite 8.51285 -0.57488 -4.22811 270.28939 -31.57316 0.13035 0.0859 2.08264 0.339336 9.77387e-20 0.302597 6.61039e-14 0.353965 5.88228539581e+33 0 composite_123
0.99447 -1.33642 -0.08709 11.07413 composite 7.23280 7.90346 -0.68991 271.49023 -22.45694 0.08769 1.6658 2.03314 0.223392 7.66983e-20 0.237456 5.70548e-14 0.30551 2.68289592615e+33 0 composite_124
3.13867 -7.06537 0.00300 4.20305 composite 3.45100 65.43571 0.04981 299.01148 28.59635 0.06975 7.7312 1.85323 0.317249 4.18124e-19 1.2945 3.27427e-13 1.75326 5.51669111316e+33 0 composite_125
-0.10708 4.74000 -0.09610 11.62123 composite 13.24078 -0.46338 -0.41585 266.53548 -29.54829 0.05027 4.7412 2.07919 0.128496 3.18466e-20 0.0985964 2.45072e-14 0.131228 2.85777827692e+33 0 composite_126
0.02379 -10.29390 -0.27027 20.52125 composite 1.81430 179.24021 -8.56704 77.91405 24.85119 0.64781 10.2939 2.09254 0.136511 2.17959e-18 6.74796 1.65386e-12 8.85588 3.67047004548e+33 0 composite_127
-0.88049 -8.97205 -0.12312 6.02149 composite 1.00660 -118.19674 -7.02557 110.05058 -28.83387 0.34261 9.0152 2.05553 0.224825 1.01949e-17 31.5633 7.47463e-12 40.0243 6.72068503634e+33 1 composite_128
-8.96309 3.46782 0.06907 28.25482 composite 14.95227 -36.83074 0.26467 231.54781 -56.40110 0.10823 9.6106 1.85865 0.317214 1.53674e-20 0.0475771 1.19941e-14 0.0642248 3.77398455787e+33 0 composite_129
-1.97167 -0.11012 -0.00601 23.53083 composite 8.61845 -13.22486 -0.03995 257.50403 -39.95689 0.15637 1.9747 1.96988 0.374466 3.45843e-20 0.107072 2.44539e-14 0.130943 2.78830341938e+33 0 composite_130
-14.15370 1.40906 -0.06907 2.73827 composite 17.27777 -55.00399 -0.22905 197.41413 -63.02776 0.01000 14.2237 2.25927 0.301694 4.93904e-20 0.152911 3.09397e-14 0.165672 8.68062934619e+33 0 composite_131
-2.24164 -2.48745 -0.53453 4.55836 composite 6.43906 -20.44681 -4.76182 256.79046 -48.56339 0.04055 3.3485 1.81248 0.153839 2.11572e-19 0.655022 1.91292e-13 1.02431 6.75919661066e+33 0 composite_132
-1.55949 -1.12361 -0.08408 7.35519 composite 7.53991 -11.93748 -0.63894 259.11452 -39.26636 0.05587 1.9221 2.41906 0.226024 1.3131e-19 0.406533 7.84433e-14 0.420039 3.0525193789e+33 0 composite_133
-2.50491 -4.81165 -0.00601 4.63146 composite 4.45854 -34.18204 -0.07723 235.73331 -55.13912 0.05950 5.4246 1.79194 0.181966 2.48055e-19 0.767972 2.22464e-13 1.19123 4.18850153812e+33 0 composite_134
-0.75729 -14.97330 0.08108 10.52379 composite 6.51795 -173.32749 0.71275 90.85636 23.54096 0.09247 14.9924 2.51869 0.120232 2.082e-19 0.644581 1.24327e-13 0.665733 2.69658051363e+33 0 composite_135
4.97968 0.92936 -0.16216 29.52177 composite 10.66472 27.83870 -0.87123 281.30981 -4.92975 0.15854 5.0657 1.94846 0.347736 3.35598e-20 0.1039 2.43795e-14 0.130545 3.97307967899e+33 0 composite_136
-4.45088 10.40730 -0.03303 12.76215 composite 19.42415 -13.24656 -0.09743 257.54755 -40.00849 0.03763 11.3191 2.3577 0.203059 1.86764e-20 0.0578216 1.16589e-14 0.0624299 2.96817049075e+33 0 composite_137
-4.87637 -1.71252 -0.18619 3.51548 composite 8.35964 -35.69483 -1.27623 234.85645 -57.00630 0.02409 5.1683 2.10185 0.255299 8.58726e-20 0.265859 6.01531e-14 0.322101 3.93391317953e+33 0 composite_138
2.75591 -10.71400 -0.00601 46.11339 composite 3.53509 128.77716 -0.09741 25.47254 62.20039 0.74711 11.0628 2.21999 0.273008 9.79222e-19 3.03165 6.35583e-13 3.40334 7.11415144716e+33 0 composite_139
1.68805 -6.21420 0.00901 3.30483 composite 2.84156 36.44565 0.18167 284.30140 3.20972 0.06661 6.4394 2.20321 0.376225 4.73574e-19 1.46617 2.94909e-13 1.57915 2.92663626111e+33 0 composite_140
-9.11025 2.47210 -0.06006 8.55733 composite 14.26139 -39.70321 -0.24129 227.53281 -58.35753 0.03437 9.4397 1.89812 0.130092 1.96826e-20 0.060937 1.70792e-14 0.0914539 2.59822572725e+33 0 composite_141
-14.47240 0.46615 -0.04204 6.79431 composite 17.02480 -58.22036 -0.14148 190.32153 -62.99052 0.02286 14.4799 1.99014 0.391726 8.64491e-21 0.0267644 5.98865e-15 0.0320673 2.76765924729e+33 0 composite_142
10.61080 1.53422 0.15315 38.44619 composite 14.60473 46.59976 0.60083 288.64270 12.41950 0.15077 10.7211 2.07278 0.233806 2.59369e-20 0.0803 1.87173e-14 0.100225 3.58938504098e+33 0 composite_143
4.15109 2.25118 0.56456 31.34694 composite 11.53855 21.11185 2.80450 274.89161 -9.19386 0.15560 4.7222 2.27486 0.255859 3.93465e-20 0.121816 2.5006e-14 0.133899 2.72631338303e+33 0 composite_144
-1.02984 2.45431 -0.28228 9.61030 composite 11.00623 -5.37072 -1.46964 264.54224 -34.27333 0.05001 2.6616 2.00938 0.39744 1.76464e-19 0.546329 1.20596e-13 0.645752 2.32854736907e+34 0 composite_145
-11.72450 6.06112 -0.12012 12.13218 composite 18.69504 -38.84075 -0.36814 229.05853 -58.02113 0.03717 13.1985 1.59216 0.152727 8.05526e-21 0.0249389 8.59047e-15 0.0459992 2.97267571524e+33 0 composite_146
13.00000 -4.08141 -0.01802 31.71972 composite 13.73041 71.22754 -0.07520 302.73673 33.43177 0.13231 13.6256 2.00944 0.320583 2.11032e-20 0.065335 1.50273e-14 0.0804662 3.50642529488e+33 0 composite_147
0.86376 0.76416 0.05405 26.35700 composite 9.30450 5.32667 0.33283 269.13264 -24.18878 0.16224 1.1533 2.14546 0.304918 1.05384e-19 0.326266 7.00903e-14 0.375311 6.33953281676e+33 0 composite_148
2.96520 14.17300 -0.21922 10.37146 composite 22.86712 7.45092 -0.54929 271.11741 -22.78270 0.02598 14.4799 2.24604 0.167249 3.15372e-20 0.0976383 2.13773e-14 0.114469 7.41936244524e+33 0 composite_149
-0.35686 -10.45870 -0.23423 5.16264 composite 2.00467 -169.67441 -6.70988 85.98765 16.64780 0.14750 10.4648 2.2464 0.389878 2.71248e-18 8.39776 1.64216e-12 8.79322 8.11262169895e+33 0 composite_150
6.92819 4.92444 -0.19820 10.79944 composite 15.10810 27.29771 -0.75167 280.95502 -5.35642 0.04094 8.5000 1.69874 0.110975 1.5038e-20 0.0465572 1.53577e-14 0.0822353 2.80000568326e+33 0 composite_151
4.09904 -6.35264 0.09309 15.74312 composite 4.62839 62.35135 1.15246 296.16995 26.50296 0.19481 7.5603 1.74191 0.298181 2.20747e-19 0.683428 1.87854e-13 1.0059 5.90751310461e+33 0 composite_152
4.28527 3.72949 0.16817 2.36080 composite 12.95964 19.31070 0.74352 275.88248 -11.75104 0.01043 5.6809 1.94672 0.362065 1.51372e-20 0.0468643 1.09193e-14 0.0584696 2.76238228955e+33 0 composite_153
2.86827 -4.58599 -0.45045 30.33316 composite 4.87333 36.23476 -5.30351 289.08405 0.51042 0.35649 5.4091 2.14987 0.220105 3.54547e-18 10.9767 2.46472e-12 13.1978 4.77484089527e+34 1 composite_154
-10.58460 -3.49991 0.12613 3.24255 composite 11.70686 -64.71428 0.61732 176.77722 -61.29578 0.01586 11.1482 2.11096 0.232973 3.7603e-20 0.116418 2.65428e-14 0.142128 3.16831535581e+33 0 composite_155
0.69420 -1.28394 0.40541 5.53578 composite 7.26070 5.49506 3.20084 266.53887 -22.58046 0.04367 1.4596 1.99257 0.119724 1.09672e-19 0.339543 8.99211e-14 0.481499 3.24326314208e+33 0 composite_156
9.29391 8.38155 -0.15015 1.26789 composite 19.27138 28.83439 -0.44642 281.38653 -3.84999 0.01000 12.5151 2.07234 0.178987 1.21715e-20 0.0376827 9.09281e-15 0.0486891 2.59449611256e+33 0 composite_157
6.60661 -9.10266 -0.08408 7.73750 composite 6.63457 95.21214 -0.72613 324.59380 51.44451 0.06679 11.2475 1.85389 0.31498 6.84413e-20 0.211893 5.36499e-14 0.287278 3.31303913821e+33 0 composite_158
-8.64071 3.80079 0.14114 5.14444 composite 15.03300 -35.08619 0.53794 233.82047 -55.18206 0.01960 9.4397 1.97514 0.39469 1.27135e-20 0.0393606 8.86714e-15 0.0474807 3.27743610113e+33 0 composite_159
8.79959 -3.41690 -0.09910 5.12543 composite 10.16270 59.98704 -0.55872 296.49780 23.59962 0.02889 9.4397 2.11967 0.203506 5.16465e-20 0.159896 3.69121e-14 0.197652 3.03498972499e+33 0 composite_160
-3.58272 -1.27105 -0.15916 24.20767 composite 8.06963 -26.36335 -1.13014 246.60182 -50.72038 0.17181 3.8015 1.67319 0.144439 1.74026e-18 5.3878 1.75705e-12 9.40844 1.04025513599e+35 0 composite_161
