sky_model/pwn/ctadc_skymodel_gps_sources_pwn.ecsv
# %ECSV 0.9
# ---
# datatype:
# - {name: spiralarm, datatype: unicode, description: 'Which spiralarm?'}
# - {name: galactocentric_x, unit: kpc, datatype: float64, format: '%.5f', description: Galactocentric
#     x coordinate}
# - {name: galactocentric_y, unit: kpc, datatype: float64, format: '%.5f', description: Galactocentric
#     y coordinate}
# - {name: galactocentric_z, unit: kpc, datatype: float64, format: '%.5f', description: Galactocentric
#     z coordinate}
# - {name: type, datatype: string, description: type of PWN}
# - {name: size_physical, unit: pc, datatype: float64, format: '%.5f', description: Physical
#     size}
# - {name: distance, unit: kpc, datatype: float64, format: '%.5f', description: Distance
#     observer to source center}
# - {name: GLON, unit: deg, datatype: float64, format: '%.5f', description: Galactic
#     longitude}
# - {name: GLAT, unit: deg, datatype: float64, format: '%.5f', description: Galactic
#     latitude}
# - {name: RA, unit: deg, datatype: float64, format: '%.5f'}
# - {name: DEC, unit: deg, datatype: float64, format: '%.5f'}
# - {name: sigma, unit: deg, datatype: float64, format: '%.5f'}
# - {name: galactocentric_r, unit: kpc, datatype: float64, format: '%0.4f', description: Galactocentric
#     radius in the xy plan}
# - {name: spec_alpha, datatype: float64, format: '%5g', description: Spectral model
#     parameter (log parabola)}
# - {name: spec_beta, datatype: float64, format: '%5g', description: Spectral model
#     parameter (log parabola)}
# - {name: spec_norm, unit: 1 / (cm2 MeV s), datatype: float64, format: '%5g', description: Spectral
#     model norm parameter (log parabola)}
# - {name: spec_norm_cu, unit: '%', datatype: float64, format: '%5g', description: Spectral
#     model norm parameter (log parabola) in crab units}
# - {name: int_flux_above_1TeV, unit: 1 / (cm2 s), datatype: float64, format: '%5g',
#   description: 'Integral flux above 1 TeV '}
# - {name: int_flux_above_1TeV_cu, unit: '%', datatype: float64, format: '%5g', description: Integral
#     flux above 1 TeV in crab units}
# - {name: luminosity, unit: erg / s, datatype: float64, description: Intrinsic source
#     luminosity}
# - {name: skip, datatype: int64, description: 'skip boolean: 0 take, 1 skip'}
# - {name: source_name, datatype: string, description: source name}
spiralarm galactocentric_x galactocentric_y galactocentric_z type size_physical distance GLON GLAT RA DEC sigma galactocentric_r spec_alpha spec_beta spec_norm spec_norm_cu int_flux_above_1TeV int_flux_above_1TeV_cu luminosity skip source_name
Perseus 5.99495 6.28748 -0.00755 isolated 10.41449 15.95648 22.06798 -0.02712 277.88260 -9.66915 0.03738 8.6875 2.28565 0.15559 3.25795e-20 0.100865 2.1729e-14 0.116352 3.48033530391e+33 0 pwn_0
Norma -2.14003 -5.75052 -0.13190 isolated 11.40915 3.48665 -37.89508 -2.16798 232.45907 -59.01137 0.18741 6.1358 2.12807 0.284699 6.54203e-19 2.0254 4.441e-13 2.37802 5.39159842826e+33 1 pwn_1
Perseus 4.95221 -2.66107 0.03882 isolated 24.33473 7.65631 40.30251 0.29053 285.97521 6.68923 0.18204 5.6219 2.26073 0.205605 1.10748e-19 0.342872 7.28427e-14 0.390049 3.0957853135e+33 0 pwn_2
"Crux Scutum" 3.25455 -10.61624 0.00020 isolated 14.18797 3.88208 123.03362 0.00299 13.08253 62.87456 0.20932 11.1039 1.85475 0.209183 4.25386e-19 1.31698 3.58013e-13 1.91705 5.32395860768e+33 1 pwn_3
Perseus 4.58332 8.48239 0.04244 isolated 25.94463 17.59006 15.10353 0.13824 274.39006 -15.74665 0.08448 9.6415 2.21873 0.238799 5.34148e-20 0.165371 3.53272e-14 0.189166 8.91876730093e+33 0 pwn_4
"Carina Sagittarius" 0.02961 -17.68834 0.03424 isolated 15.71401 9.18845 179.81535 0.21348 86.50352 29.20498 0.09795 17.6884 2.17028 0.169927 6.45228e-20 0.199761 4.56656e-14 0.244525 2.70569781774e+33 0 pwn_5
"Carina Sagittarius" 4.31845 3.01714 0.04419 isolated 20.97430 12.30022 20.55395 0.20586 276.95921 -10.90250 0.09766 5.2680 2.13881 0.382861 2.08679e-20 0.0646065 1.33977e-14 0.0717403 2.70629028112e+33 0 pwn_6
"Carina Sagittarius" -5.33790 -9.55552 -0.02544 isolated 28.80133 5.44132 -101.18541 -0.26793 127.76376 -39.87103 0.30315 10.9454 2.30382 0.37691 3.74883e-19 1.16063 2.21769e-13 1.1875 7.35638177748e+33 1 pwn_7
Norma 10.66791 -0.58596 0.04598 isolated 8.73175 13.28301 53.42995 0.19832 292.35035 18.25388 0.03765 10.6840 1.85977 0.118859 6.34208e-20 0.196349 5.7059e-14 0.305533 7.45574375457e+33 0 pwn_8
"Carina Sagittarius" 3.75109 4.15151 0.00513 isolated 10.78935 13.19589 16.51475 0.02228 275.18719 -14.55795 0.04683 5.5952 1.90218 0.252008 3.79745e-20 0.117568 3.00829e-14 0.161084 5.71226780179e+33 0 pwn_9
Perseus 6.39861 5.26537 -0.00276 isolated 15.14754 15.17984 24.93058 -0.01040 279.20141 -7.12104 0.05715 8.2865 2.30022 0.152701 3.66369e-20 0.113427 2.42711e-14 0.129964 3.46303306114e+33 0 pwn_10
Norma -4.98763 -1.43684 0.02154 isolated 24.22379 8.64668 -35.22768 0.14273 234.02513 -55.58541 0.16045 5.1905 2.22643 0.398661 1.12148e-19 0.347208 6.83185e-14 0.365824 6.57598287972e+33 0 pwn_11
Perseus -9.64599 8.09570 -0.15762 isolated 25.14184 19.19602 -30.16663 -0.47047 241.42834 -52.88219 0.07501 12.5931 2.41768 0.319194 2.12744e-20 0.0658649 1.21935e-14 0.0652925 3.88643115521e+33 0 pwn_12
Norma -0.78467 3.13581 -0.07933 isolated 25.10217 11.66251 -3.85796 -0.38975 264.41933 -32.41769 0.12328 3.2325 1.97431 0.383812 3.77376e-20 0.116835 2.64842e-14 0.141815 5.68220739865e+33 0 pwn_13
Perseus -2.72719 -3.87942 -0.02688 isolated 11.85090 5.36545 -30.55022 -0.28700 240.75018 -52.99959 0.12650 4.7421 2.4216 0.356857 1.62036e-19 0.50166 9.12474e-14 0.488601 2.50286069476e+33 0 pwn_14
"Crux Scutum" 0.98346 3.66866 0.16841 isolated 5.39121 12.20950 4.62055 0.79031 268.30761 -24.56711 0.02529 3.7982 1.97954 0.293012 2.303e-20 0.0713004 1.69569e-14 0.0907989 2.9424752074e+33 0 pwn_15
Norma -0.84876 -6.06248 -0.06375 isolated 7.01557 2.58185 -19.19834 -1.41481 254.02369 -45.52927 0.15563 6.1216 2.15019 0.386129 4.51561e-19 1.39802 2.87736e-13 1.54073 2.55872709761e+33 1 pwn_16
"Crux Scutum" -1.48277 -9.96485 -0.02070 isolated 7.19694 2.08443 -134.65158 -0.56896 108.07854 -11.29617 0.19775 10.0746 2.22085 0.229664 4.08432e-18 12.6449 2.71146e-12 14.519 9.3630853319e+33 1 pwn_17
"Crux Scutum" -6.74312 -2.20918 -0.11408 isolated 21.11942 9.22264 -46.98746 -0.70875 214.64507 -61.86296 0.13115 7.0958 2.0377 0.219429 7.49437e-20 0.232024 5.57331e-14 0.298433 4.19679998072e+33 0 pwn_18
"Crux Scutum" -6.91564 0.71070 -0.02060 isolated 18.07393 11.51797 -36.90021 -0.10245 231.81498 -56.74453 0.08987 6.9521 1.85014 0.145651 4.23859e-20 0.131226 3.75658e-14 0.201153 4.03435953352e+33 0 pwn_19
"Crux Scutum" -0.15104 -0.34339 -0.02228 isolated 7.88745 8.15804 -1.06086 -0.15645 265.92135 -29.92232 0.05537 0.3751 2.04573 0.337977 1.17875e-19 0.364937 8.14393e-14 0.436081 6.85838953461e+33 0 pwn_20
"Crux Scutum" -6.10916 2.50714 0.11184 isolated 15.17214 12.58934 -29.03105 0.50901 241.73633 -51.39452 0.06902 6.6036 2.07155 0.377854 2.5302e-20 0.0783343 1.68809e-14 0.090392 3.75497175502e+33 0 pwn_21
"Crux Scutum" -0.29593 -2.36605 0.05855 isolated 16.72746 6.14136 -2.76208 0.54627 264.18250 -30.99065 0.15600 2.3845 2.00134 0.322062 7.91413e-20 0.245019 5.65725e-14 0.302928 2.67328113203e+33 0 pwn_22
Perseus -3.00211 -3.56455 -0.01337 isolated 24.00451 5.77681 -31.31111 -0.13263 239.62128 -53.38075 0.23799 4.6603 2.30543 0.19056 3.31163e-19 1.02527 2.14175e-13 1.14684 4.84040130488e+33 1 pwn_23
"Carina Sagittarius" -2.75833 -12.63719 -0.15022 isolated 18.72936 4.97466 -146.30801 -1.73045 101.66557 -1.46522 0.21563 12.9347 2.63003 0.259453 7.95693e-19 2.46345 4.21962e-13 2.25947 6.69398904102e+33 1 pwn_24
Norma -3.37375 -2.77505 0.05420 isolated 13.18378 6.64531 -30.51107 0.46728 239.98206 -52.40474 0.11363 4.3684 2.22206 0.196584 3.79193e-19 1.17397 2.56251e-13 1.37214 8.22942756821e+33 1 pwn_25
Perseus -9.09936 11.48538 0.01935 isolated 28.63379 21.95937 -24.47982 0.05048 247.30306 -48.54439 0.07468 14.6531 2.08982 0.15618 1.20409e-20 0.0372783 9.03196e-15 0.0483633 3.10378796977e+33 0 pwn_26
Perseus -2.56824 11.63078 -0.05943 isolated 16.56967 20.29403 -7.27040 -0.16777 261.95483 -35.15637 0.04676 11.9110 2.18909 0.297587 2.06748e-20 0.0640088 1.34764e-14 0.0721621 5.46783659303e+33 0 pwn_27
Perseus -3.76977 0.10684 0.23959 isolated 26.26191 9.39927 -23.65325 1.46062 246.64213 -46.97142 0.16003 3.7713 2.15123 0.317306 1.10498e-19 0.342099 7.27915e-14 0.389775 6.93662970515e+33 0 pwn_28
Perseus 7.48692 3.28077 -0.08036 isolated 14.92514 13.95875 32.43678 -0.32985 282.92728 -0.59107 0.06124 8.1742 2.10204 0.295724 2.3671e-20 0.0732847 1.62092e-14 0.0867953 3.33248238506e+33 0 pwn_29
"Carina Sagittarius" -0.42546 -3.13142 0.06619 isolated 3.40399 5.38582 -4.53120 0.70416 262.89828 -32.39080 0.03620 3.1602 2.21059 0.109204 2.73742e-19 0.847498 1.96441e-13 1.05188 3.3402694174e+33 1 pwn_30
"Carina Sagittarius" -9.14805 2.73402 -0.02652 isolated 19.25759 14.48760 -39.15649 -0.10487 228.29134 -57.96082 0.07613 9.5479 1.94759 0.37478 1.43394e-20 0.0443945 1.02665e-14 0.0549739 3.38613097896e+33 0 pwn_31
Norma 5.47950 -5.94602 -0.00694 isolated 24.66550 6.04548 65.00995 -0.06575 298.87294 28.17236 0.23368 8.0858 1.88599 0.208669 1.6816e-19 0.52062 1.38683e-13 0.742602 4.87458897162e+33 0 pwn_32
Norma 10.67919 4.18683 0.04465 isolated 10.66389 16.58321 40.08914 0.15428 285.99860 6.43714 0.03683 11.4706 2.24203 0.284353 3.91339e-20 0.121157 2.4954e-14 0.133621 6.232452804e+33 0 pwn_33
Perseus 6.10567 -3.35299 0.02191 isolated 22.07132 7.98570 49.86948 0.15719 290.62177 15.10149 0.15830 6.9658 2.26709 0.344618 1.76654e-19 0.546916 1.08002e-13 0.578316 7.2645777583e+33 0 pwn_34
Norma 5.87801 12.30515 0.10410 isolated 15.51345 21.61980 15.77639 0.27589 274.59518 -15.08894 0.04110 13.6370 2.17184 0.266639 1.09729e-20 0.0339718 7.33923e-15 0.0392992 3.13645831574e+33 0 pwn_35
"Crux Scutum" -0.17734 -2.47530 0.01386 isolated 12.55885 6.02733 -1.68605 0.13175 265.25732 -30.30176 0.11934 2.4816 1.85978 0.35479 1.57942e-19 0.488983 1.20396e-13 0.644685 7.00150042093e+33 0 pwn_36
Perseus 2.84386 -4.24449 -0.08158 isolated 4.62334 5.11894 33.75386 -0.91318 284.04699 0.31502 0.05173 5.1091 1.67823 0.222035 4.23267e-19 1.31042 3.98298e-13 2.13276 1.23703647492e+34 1 pwn_37
Norma 9.00749 -3.02335 0.07313 isolated 12.60292 10.54200 58.69997 0.39745 294.89814 22.95806 0.06847 9.5013 2.08001 0.20657 1.3989e-19 0.433096 1.02205e-13 0.547273 9.38660180341e+33 0 pwn_38
Norma -0.10698 -6.41696 0.03861 isolated 24.83672 2.08614 -2.93988 1.06049 263.56604 -30.86259 0.68188 6.4179 2.06333 0.282655 8.35642e-19 2.58713 5.89303e-13 3.15553 2.68843195598e+33 1 pwn_39
"Crux Scutum" 0.94992 3.32451 0.02754 isolated 24.48619 11.86264 4.59298 0.13300 268.91661 -24.92337 0.11822 3.4576 1.91238 0.202455 6.5439e-20 0.202598 5.3277e-14 0.285281 6.93052862795e+33 0 pwn_40
Perseus -2.35713 -1.77122 -0.11152 isolated 25.74206 7.13057 -19.30569 -0.89615 253.35328 -45.28637 0.20676 2.9484 2.01736 0.160653 8.55932e-20 0.264994 6.70285e-14 0.358916 2.5797700191e+33 0 pwn_41
"Carina Sagittarius" -9.94098 -3.96905 -0.01164 isolated 24.57042 10.92487 -65.49719 -0.06107 174.82078 -61.74627 0.12881 10.7040 1.81481 0.189983 4.79933e-20 0.148586 4.21002e-14 0.225433 4.8031024151e+33 0 pwn_42
Perseus 5.58778 -0.27377 -0.05471 isolated 23.70103 9.94471 34.18686 -0.31521 283.71234 0.97309 0.13650 5.5945 1.77425 0.20926 1.83713e-19 0.568771 1.63276e-13 0.87429 1.69668010847e+34 0 pwn_43
"Carina Sagittarius" -8.68402 -9.07745 0.05157 isolated 25.50692 8.70335 -93.80430 0.33948 134.64841 -45.27725 0.16785 12.5623 2.19595 0.22979 1.10858e-19 0.343213 7.46345e-14 0.399644 4.57800115873e+33 0 pwn_44
Norma 10.11536 -0.70874 0.02561 isolated 25.13005 12.76812 52.39507 0.11491 291.90781 17.30501 0.11273 10.1402 2.23624 0.198012 5.57474e-20 0.172593 3.73375e-14 0.199931 4.40033666719e+33 0 pwn_45
"Carina Sagittarius" 3.45927 6.66126 0.07257 isolated 8.96653 15.55107 12.85288 0.26739 273.15021 -17.66289 0.03302 7.5059 2.09973 0.151807 3.1063e-20 0.0961703 2.32235e-14 0.124354 3.92954824691e+33 0 pwn_46
Perseus 2.51637 -5.10624 0.13495 isolated 22.09595 4.22704 36.55581 1.82950 282.88207 4.05890 0.29939 5.6926 2.78363 0.287375 6.15866e-19 1.9067 3.01419e-13 1.614 3.30828258205e+33 1 pwn_47
Norma 1.30633 -7.02611 0.03984 isolated 29.90414 1.96988 41.55096 1.15877 285.77381 8.19665 0.86946 7.1465 2.24917 0.279614 2.67982e-18 8.29665 1.7063e-12 9.1367 5.90078054789e+33 1 pwn_48
"Carina Sagittarius" -7.58042 -10.33797 0.22125 isolated 6.91786 7.80319 -103.62907 1.62476 127.87125 -36.78149 0.05078 12.8194 2.43569 0.154014 4.25999e-19 1.31888 2.61455e-13 1.40001 9.13361990766e+33 1 pwn_49
"Carina Sagittarius" -9.32468 1.29944 0.01303 isolated 22.85669 13.52697 -43.57791 0.05518 220.56318 -59.88199 0.09678 9.4148 2.04994 0.207382 2.41141e-20 0.0746566 1.7935e-14 0.0960364 2.77900904728e+33 0 pwn_50
Perseus -0.12265 -0.91405 -0.13000 isolated 27.89862 7.58805 -0.92631 -0.98162 266.81621 -30.23759 0.21058 0.9222 2.05833 0.311748 6.69951e-20 0.207415 4.66172e-14 0.24962 3.09098392698e+33 0 pwn_51
Norma 8.39740 -2.72183 -0.17783 isolated 20.59704 10.19486 55.46850 -0.99944 294.50099 19.45723 0.11571 8.8275 2.06759 0.346734 3.71109e-20 0.114895 2.52118e-14 0.135001 3.34043275196e+33 0 pwn_52
Norma 6.01444 12.83020 -0.01899 isolated 12.23421 22.16193 15.74677 -0.04909 274.87734 -15.26875 0.03162 14.1700 1.58447 0.217505 4.7899e-21 0.0148294 4.84362e-15 0.025936 2.99372943679e+33 0 pwn_53
"Carina Sagittarius" -8.01752 2.76747 0.05201 isolated 21.14711 13.82893 -35.43425 0.21549 233.65292 -55.64689 0.08758 8.4817 2.11427 0.252558 4.57498e-20 0.14164 3.18675e-14 0.17064 5.60209480457e+33 0 pwn_54
"Carina Sagittarius" 3.47005 -1.90464 0.06582 isolated 28.04985 7.45281 27.75042 0.50604 280.04038 -4.37854 0.21556 3.9584 1.9328 0.219022 7.46314e-20 0.231057 5.928e-14 0.317425 3.15535702522e+33 0 pwn_55
"Carina Sagittarius" 1.43745 7.21567 0.12705 isolated 28.25414 15.78178 5.22608 0.46125 268.95549 -24.21113 0.10254 7.3575 2.14304 0.380353 1.65208e-20 0.0511479 1.05958e-14 0.056737 3.48125021667e+33 0 pwn_56
"Crux Scutum" 3.57007 1.31912 -0.10192 isolated 26.38968 10.44849 19.98041 -0.55889 277.37829 -11.76559 0.14466 3.8060 1.87891 0.366156 1.90899e-20 0.0591018 1.42919e-14 0.0765286 2.5496285703e+33 0 pwn_57
Norma -4.02726 -3.52148 -0.12087 isolated 18.02596 6.40462 -38.97034 -1.08134 229.56787 -58.69497 0.16120 5.3497 1.98748 0.38694 7.15047e-20 0.221377 4.97314e-14 0.266296 3.20903637783e+33 0 pwn_58
"Carina Sagittarius" -2.71033 -14.34635 0.08749 isolated 18.43951 6.44464 -155.12788 0.77781 99.86183 7.52511 0.16387 14.6001 2.3191 0.188986 1.4323e-19 0.443438 9.20071e-14 0.492669 2.55499452864e+33 0 pwn_59
"Carina Sagittarius" -4.13121 -13.18703 -0.02472 isolated 28.90587 6.24786 -138.60659 -0.22669 106.53704 -7.62911 0.26498 13.8190 2.08241 0.165735 6.93503e-19 2.14707 5.19331e-13 2.78085 1.49061188673e+34 1 pwn_60
Norma -4.67558 -2.14318 0.00616 isolated 20.88303 7.89115 -36.33531 0.04469 232.51049 -56.30454 0.15157 5.1434 2.31804 0.392574 1.34223e-19 0.415552 7.83227e-14 0.419393 5.64477110617e+33 0 pwn_61
"Crux Scutum" -2.99504 4.85486 0.16685 isolated 3.54604 13.68760 -12.64037 0.69844 257.18661 -39.04757 0.01484 5.7044 1.94553 0.295993 5.16452e-20 0.159892 3.87384e-14 0.207432 8.79061890366e+33 0 pwn_62
Norma 5.93862 -5.57400 -0.01112 isolated 10.47959 6.62033 63.77022 -0.09620 298.18109 27.09432 0.09066 8.1447 1.9741 0.178633 1.40963e-19 0.436418 1.12106e-13 0.600294 4.0383315145e+33 0 pwn_63
"Crux Scutum" 13.34646 6.52548 0.02014 isolated 13.54369 20.09710 41.61325 0.05741 286.79073 7.74650 0.03860 14.8563 1.81087 0.10509 1.10058e-20 0.0340737 1.03814e-14 0.055589 3.06671517981e+33 0 pwn_64
Perseus -3.55203 -1.20211 -0.01106 isolated 16.14342 8.11642 -25.95310 -0.07809 245.87610 -49.69112 0.11392 3.7499 2.02387 0.234608 5.9651e-20 0.184678 4.43126e-14 0.23728 2.73284541923e+33 0 pwn_65
Norma -3.42205 -3.21859 0.03840 isolated 11.19903 6.29327 -32.94097 0.34964 236.97506 -54.04143 0.10192 4.6979 2.05628 0.390678 2.09844e-19 0.649672 1.40264e-13 0.751071 8.25501664401e+33 0 pwn_66
Norma 8.05813 8.98168 0.00284 isolated 8.78949 19.24948 24.74720 0.00847 279.09958 -7.27523 0.02615 12.0667 2.16349 0.167023 1.83839e-20 0.0569161 1.30878e-14 0.0700808 3.39227841696e+33 0 pwn_67
Perseus 6.24288 -1.33638 -0.03723 isolated 22.18592 9.50223 41.07116 -0.22448 286.79164 7.13549 0.13372 6.3843 1.89031 0.225166 8.33792e-20 0.25814 6.77788e-14 0.362934 6.18203724303e+33 0 pwn_68
Norma 7.21960 10.47863 -0.03058 isolated 7.56758 20.30547 20.82714 -0.08628 277.35184 -10.79626 0.02135 12.7249 2.04305 0.21641 1.07262e-20 0.033208 7.9658e-15 0.0426543 2.87034786567e+33 0 pwn_69
Perseus -2.53454 -2.89232 -0.03308 isolated 5.45950 6.15394 -24.32186 -0.30803 247.86116 -48.67596 0.05081 3.8457 2.03683 0.265528 1.80889e-19 0.560028 1.30854e-13 0.70068 5.04145861919e+33 0 pwn_70
"Crux Scutum" -7.09137 0.83516 0.00333 isolated 14.07122 11.72317 -37.22179 0.01629 231.20649 -56.82458 0.06875 7.1404 2.00819 0.282622 1.54569e-19 0.478541 1.12581e-13 0.602838 1.69997430084e+34 0 pwn_71
Norma -4.55496 -3.07562 0.02606 isolated 24.88419 7.08324 -40.02085 0.21076 226.58063 -58.12498 0.20121 5.4961 2.0284 0.326866 7.40242e-20 0.229177 5.196e-14 0.278229 3.23536999126e+33 0 pwn_72
Perseus 2.23732 -4.88893 0.11421 isolated 23.52733 4.24953 31.78127 1.54010 280.96415 -0.32145 0.31709 5.3765 1.80978 0.371631 2.27683e-19 0.7049 1.77056e-13 0.948078 5.71250372046e+33 0 pwn_73
"Carina Sagittarius" 0.00604 6.55602 0.02454 isolated 9.38260 15.05605 0.02298 0.09340 266.32763 -28.86787 0.03569 6.5560 2.02963 0.237844 4.05311e-20 0.125483 2.99438e-14 0.16034 6.38768480458e+33 0 pwn_74
"Crux Scutum" -5.05825 3.91832 0.04129 isolated 10.20618 13.40904 -22.16214 0.17642 249.50328 -46.75788 0.04359 6.3984 2.35787 0.391657 5.03679e-20 0.155938 2.8837e-14 0.154413 5.76510224313e+33 0 pwn_75
"Crux Scutum" -3.13036 4.80529 -0.05427 isolated 29.65299 13.66868 -13.23931 -0.22748 257.68992 -40.07981 0.12425 5.7350 2.25548 0.288826 2.55482e-20 0.0790967 1.61379e-14 0.0864132 2.74243920391e+33 0 pwn_76
"Carina Sagittarius" -5.51726 -12.42303 -0.01452 isolated 5.00596 6.76982 -125.41460 -0.12290 113.00657 -19.23090 0.04235 13.5931 2.29432 0.102681 1.83723e-19 0.568802 1.25821e-13 0.673734 3.18054266785e+33 0 pwn_77
"Carina Sagittarius" -9.67489 1.60490 -0.00948 isolated 5.12350 13.98973 -43.75461 -0.03881 220.31892 -60.04044 0.02098 9.8071 2.04131 0.287929 4.34602e-20 0.134552 3.09494e-14 0.165724 6.57574801822e+33 0 pwn_78
