sky_model/pwn/ctadc_skymodel_gps_sources_pwn.ecsv
# %ECSV 0.9
# ---
# datatype:
# - {name: x, unit: kpc, datatype: float64, description: Galactocentric x coordinate}
# - {name: y, unit: kpc, datatype: float64, description: Galactocentric y coordinate}
# - {name: z, unit: kpc, datatype: float64, description: Galactocentric z coordinate}
# - {name: spiralarm, datatype: string}
# - {name: GLON, unit: deg, datatype: float64, description: Galactic longitude}
# - {name: GLAT, unit: deg, datatype: float64, description: Galactic latitude}
# - {name: RA, unit: deg, datatype: float64}
# - {name: DEC, unit: deg, datatype: float64}
# - {name: distance, unit: pc, datatype: float64, description: Distance observer to
#     source center}
# - {name: sigma, unit: deg, datatype: float64, description: Angular extension (deg)}
# - {name: spec_alpha, datatype: float64, description: Spectral model parameter (log
#     parabola)}
# - {name: spec_beta, datatype: float64, description: Spectral model parameter (log
#     parabola)}
# - {name: spec_norm, unit: 1 / (cm2 MeV s), datatype: float64, description: Spectral
#     model norm parameter (log parabola)}
# - {name: spec_norm_crab, unit: '', datatype: float64, description: Spectral model
#     norm parameter (log parabola) in crab units}
x y z spiralarm GLON GLAT RA DEC distance sigma spec_alpha spec_beta spec_norm spec_norm_crab
[from data line 230]
8.9653923889 -2.50771898068 0.11730396124 Norma 56.2420596947 0.623239598911 293.392293311 20.9230882942 10784.2223976 0.132772133452 1.41550355457 0.375510824428 1.08926867779e-19 0.00325570757947
12.9320601304 -4.47647090378 0.0488577867933 "Crux Scutum" 72.7176068751 0.206691657345 303.442659575 34.8311789427 13543.6092933 0.105721021948 1.66680363149 0.463605903687 6.5591270602e-19 0.0196045292774
2.8243194724 -10.4512430012 -0.143982992407 "Crux Scutum" 124.639505689 -2.40176542278 16.3176368572 60.4241117554 3435.82025638 0.416740140201 1.65342740148 0.0144762745135 7.30368454007e-19 0.0218299319535
-3.7295001756 4.72070727126 -0.00210165353679 "Crux Scutum" -15.7535130065 -0.00876601262134 255.449881783 -41.9542162616 13736.6763349 0.104235127948 1.91233351249 0.447845645605 1.23895092501e-19 0.00370309180774
8.22071091954 -4.07390931374 0.0506257227178 Norma 61.7016538723 0.310674190616 296.618221507 25.5189172446 9336.64445876 0.153357474591 1.48783074341 0.196284394231 2.73891249619e-19 0.00818631652153
9.40500618603 7.14199871858 -0.020470025205 Norma 31.0170736316 -0.0642593591066 282.043288578 -1.7334424523 18251.7583891 0.078449658648 2.01092348746 0.43918624769 6.86778869368e-20 0.00205270858882
1.24486152687 6.92273076979 -0.0117151726488 "Carina Sagittarius" 4.6146832684 -0.0433810263812 269.096767714 -24.9933940856 15472.893778 0.0925388770774 2.20351082701 0.345392388078 8.80506028768e-21 0.000263173834894
-10.2873593308 -3.12114561937 -0.0726320422806 "Carina Sagittarius" -62.3967069022 -0.358477383552 181.159514761 -62.745034743 11608.9238029 0.123339961538 1.24110404325 0.493674378537 1.70651401807e-19 0.00510058788653
6.29070052391 -3.00462439494 0.00729293318331 Perseus 48.8604691177 0.0500246391837 290.228522086 14.1608461225 8352.97068767 0.17141736382 1.91508985731 0.379641225858 4.24263408174e-19 0.0126807795161
4.65551349662 8.04322106586 -0.0223022771978 Perseus 15.7174076985 -0.0743535421238 274.886042284 -15.3065646385 17185.821672 0.0833154354022 1.98276516946 0.182272312998 2.92052586699e-20 0.00087291394631
1.17827895597 -6.84584222672 -0.0470462858679 Norma 35.4627849304 -1.32702921333 285.19536979 1.6462753637 2031.45085838 0.704838224092 1.6278920031 0.250531586417 2.6141328895e-17 0.781336362245
-4.98243932954 -12.7294169112 -0.0219408233106 "Carina Sagittarius" -130.326752051 -0.192351494691 110.493907617 -14.9449900225 6535.52985468 0.219086171617 1.69273661013 0.188194577597 6.60787079236e-19 0.0197502190796
-1.23615824928 -9.09593358134 0.0154197705477 "Crux Scutum" -115.738027296 0.643770795658 118.993444009 -27.233124563 1372.39273532 1.04331958229 1.76412224405 0.182455918011 4.52111990076e-18 0.135131438448
0.829188732678 1.6722327023 -0.157471075178 Norma 4.66015734168 -0.883963997183 269.926283021 -25.3743815765 10207.1871367 0.14027804097 1.71959646256 0.130452249691 2.02317956148e-19 0.00604706732808
14.8598091663 3.81178318783 -0.0078721522522 "Crux Scutum" 50.3572656596 -0.023373018051 291.025599924 15.4461322973 19297.5126816 0.0741983818836 1.71656649836 0.247985147687 1.01398793417e-19 0.00303070148816
7.28243505573 -5.49844632771 -0.00817779553546 Norma 67.6003326057 -0.0594855775992 300.421525613 30.3827966425 7876.75387865 0.181781002353 1.34747897229 0.340869972535 5.29947446378e-20 0.00158395623879
-0.168466003341 5.55159267019 -0.065970488487 "Crux Scutum" -0.686892139243 -0.268975287127 266.257341137 -29.6625292688 14052.7573618 0.101890623917 2.11112952249 0.138670135653 8.57764323808e-20 0.00256376582506
-4.86203319522 4.62787977745 -0.00937860161418 "Crux Scutum" -20.3225822412 -0.0383843438039 251.487145581 -45.5166042292 13999.3100616 0.102279627285 2.09149701985 0.262189905539 7.5158565024e-19 0.0224640912569
3.45684228199 0.545649560749 0.025403871404 "Crux Scutum" 20.9146178982 0.150307758678 277.179893897 -10.6089582659 9683.70692943 0.147861167814 1.58039165001 0.0586901470853 4.52816374952e-20 0.00135341971554
8.23846459279 0.962498208993 0.0157456044162 Perseus 41.0442550752 0.0719058071339 286.513881454 7.24787520914 12546.3707552 0.114124175293 1.40406543149 0.0799226434271 1.261918014e-19 0.00377173798038
3.85027523943 1.10324124763 -0.0348728586236 "Carina Sagittarius" 21.8475754737 -0.19311747161 277.928531227 -9.94132838605 10346.4041094 0.13839051715 1.94068751664 0.0234031773561 2.07539495515e-19 0.00620313355526
-3.97960418609 0.860185446634 -0.00844512174611 Norma -23.0334001838 -0.047573217619 248.886529344 -47.5537319271 10171.0566016 0.140776349148 1.64453724815 0.485365721385 3.14972550949e-19 0.00941419268141
5.41967896624 -5.3116221859 -0.001525595959 Norma 59.5318525837 -0.0139011621075 295.734970774 23.4774802449 6287.97865057 0.227711367185 1.8383273541 0.00193017575513 5.14945006318e-19 0.0153911554997
3.06476721013 -4.93197971379 0.114779347263 Perseus 40.6610796536 1.39788880404 285.148404121 7.5148486068 4704.96983132 0.304325907856 1.71378132737 0.0892899840288 5.15703491336e-19 0.0154138258057
5.13648378776 7.36532962856 -0.089014909989 Perseus 17.9396325868 -0.305834799279 276.175093661 -13.453780224 16676.3327377 0.0858608566925 1.98671546279 0.306433376558 1.6623230084e-19 0.00496850568491
-10.7538510796 -11.8418085316 0.102660947549 Perseus -107.26287175 0.522316789692 124.192255084 -34.4419972823 11261.5956495 0.12714399095 1.98758226879 0.0406847994267 3.06744731591e-20 0.000916827196055
-6.15054431145 -1.70589808273 0.0376265020902 "Crux Scutum" -42.1538194769 0.235235461394 222.943553489 -59.1069141787 9164.62939475 0.156235910224 1.60408870781 0.440948251548 4.84180710008e-20 0.00144716435858
0.792735765037 4.47244469867 0.128247605014 "Crux Scutum" 3.49695085692 0.565361957875 267.889675815 -25.6486343622 12997.2765956 0.110164941465 1.42649173204 0.359810078921 9.15401528487e-19 0.0273603726549
8.5897820394 -3.07008017277 -0.0126329201376 Norma 57.7015010306 -0.0712266415452 294.808062513 21.8582228889 10162.113186 0.140900242808 1.37260663272 0.483194985719 4.1205266663e-19 0.0123158135109
2.47041771422 3.32647268163 0.00634785579066 "Crux Scutum" 11.7987876975 0.0301037217549 272.835757009 -18.7012351502 12081.7407714 0.118513072118 1.96480243236 0.25381777362 2.69136460548e-20 0.000804420096149
7.40404672379 10.4640750781 -0.00288943602528 Norma 21.3269105078 -0.00813198315155 277.517132427 -10.3172235291 20358.193923 0.0703325757072 1.4790080004 0.150201841579 1.15524516871e-20 0.000345290425458
1.26279844873 5.68024268316 0.00276909513081 "Crux Scutum" 5.08895812164 0.0111445245458 269.307093626 -24.5558542712 14236.3601438 0.100576565982 1.66315958434 0.274750286398 1.49319335751e-19 0.004462995247
7.15154863473 2.77182238988 -0.0691189610588 Perseus 32.3935951396 -0.29666326702 282.878041633 -0.614378725781 13349.2848233 0.107259994397 1.63899520962 0.465409358649 3.88119152843e-19 0.011600466381
2.0569022055 6.2412711346 0.0890126731355 "Carina Sagittarius" 7.94339804513 0.342647226307 270.540090132 -21.9149615007 14884.3489815 0.0961979739343 1.78580683001 0.260380718621 2.01394414409e-19 0.00601946365325
-9.42476668524 0.113092710745 0.0597725440019 "Carina Sagittarius" -47.5764776866 0.268232843854 212.825364127 -61.1231389672 12767.7392624 0.112145477435 1.27720445242 0.133603515931 5.7306004103e-21 0.000171281517326
-9.22274893127 -7.42414777608 -0.0262020572672 "Carina Sagittarius" -83.3464033007 -0.161681949172 145.405804761 -53.0628203322 9285.32403337 0.154205088611 1.85097022113 0.438699394587 5.78808488653e-19 0.0172999666841
6.46215868739 -3.14827671979 0.0198253383833 Perseus 50.3696897572 0.1353800766 290.886544821 15.5321533945 8390.52024686 0.170650230644 1.94145057644 0.185959374256 5.76988493983e-19 0.0172455689899
-5.78821645815 -8.00261787105 0.0608865962614 "Crux Scutum" -85.0886316285 0.600462850572 144.100317462 -51.3376476593 5809.86625717 0.246450460642 1.8238739635 0.0006916749995 5.10471857483e-19 0.0152574578651
12.4369304885 -12.9349041673 0.0142064759575 "Carina Sagittarius" 109.625804225 0.0616457741959 345.394674769 60.0642801341 13204.0076028 0.108440123516 1.71606073364 0.123842511246 5.17062361614e-20 0.0015454440985
-8.83797519369 3.1704534345 0.00241328432411 "Carina Sagittarius" -37.1364622186 0.00944518834894 231.343247046 -56.783099722 14639.3064971 0.0978081998376 1.82629804489 0.159116754589 2.04670363786e-20 0.000611737827646
-5.0179591219 -7.56169886845 -0.00660588240123 "Crux Scutum" -79.4086534903 -0.0741418354076 150.754653791 -55.4645503182 5104.93549422 0.280482332631 1.90774251332 0.429388734116 1.14023005736e-18 0.0340802569264
1.74726989855 6.34814083699 0.0380737337359 "Carina Sagittarius" 6.71147266654 0.145911235869 270.064594594 -23.0825821362 14950.6417261 0.0957714218279 1.05139995576 0.229251583533 6.2957814472e-20 0.00188174174052
-0.966248094374 -6.07923521666 -0.0756353712533 Norma -21.7594097601 -1.66215430206 251.932822826 -47.6629387021 2607.5770795 0.549109066269 2.32809632323 0.222293643906 2.66730100444e-18 0.0797227743161
-2.03899912664 -14.638769118 -0.00209566535414 "Carina Sagittarius" -161.626034289 -0.0185625789567 96.0892626507 12.9181556618 6468.53987503 0.221355088322 1.90532519713 0.1680511332 7.29009941023e-19 0.0217893274534
8.63377643226 -4.13413575176 0.0590765458879 Norma 63.1755260284 0.349854735083 297.410239227 26.8106135383 9675.0377857 0.147993656156 1.62384968276 0.440339061524 2.60891664049e-19 0.00779777281204
-14.295831336 -0.870575993752 -0.0709209268492 Perseus -61.9119742067 -0.250763513523 182.242272602 -62.7224175501 16204.4417994 0.088361218058 1.6944425887 0.47251338847 7.2262772644e-20 0.00215985698853
-2.93751408084 16.5163276373 0.0170850068445 Norma -6.69722345361 0.0388633751793 262.132969729 -34.5648820269 25188.2101256 0.0568458103299 1.93331027988 0.495945164577 7.97371555611e-21 0.000238325829999
-3.13051207663 -1.71837078002 -0.00061905916793 Perseus -24.7788274524 -0.0047486949521 247.050658131 -48.7987007533 7469.31061896 0.191696970228 1.76865193646 0.18837063348 1.44977757105e-19 0.00433323010463
2.73303778228 -1.95610945973 0.0098269458142 "Carina Sagittarius" 22.6677196346 0.0793946917694 278.067839836 -9.08808682364 7091.69200482 0.201904455859 1.2517151937 0.483073722814 7.15527622429e-19 0.0213863553701
0.431269761562 -6.91079903301 -0.0143320969673 Norma 15.1829901487 -0.498668952683 275.012465985 -15.9779933138 1646.74185279 0.869501320394 2.35741307257 0.395939784815 3.31747029722e-18 0.0991556391144
3.82241730566 0.306708049494 0.00471874074023 "Crux Scutum" 23.4625188268 0.0281615349093 278.48494352 -8.40663226109 9600.46889449 0.149143154473 1.77015402255 0.337844573822 3.4944121481e-19 0.0104444241796
2.0729860059 4.81235845963 -0.0927699914854 "Carina Sagittarius" 8.85095296672 -0.394516924904 271.710652385 -21.4857933902 13473.1126697 0.106274195908 2.07544663216 0.12244473971 1.07996799557e-18 0.0322790883503
5.15672993977 -7.3453445461 -0.0645397331416 Norma 77.3789459325 -0.699730641823 307.67962818 38.1409804434 5284.81392918 0.2709355967 1.6131465411 0.108228630472 1.89076823198e-19 0.00565130402573
4.28425280933 3.56601463771 -0.000128174700917 "Carina Sagittarius" 19.5483101835 -0.000573558608326 276.6680313 -11.8886206947 12804.0435562 0.1118275027 2.21482180465 0.0830239122606 6.39604698995e-20 0.0019117100389
-15.5190674035 0.392701158898 -0.0143755749662 Perseus -60.1865253656 -0.0460496135509 186.035445887 -62.7524065511 17886.357752 0.0800523077532 1.877312796 0.461378305113 7.47375873971e-20 0.00223382655466
-1.121080685 -9.96783289789 0.0146488063836 "Crux Scutum" -142.628643524 0.454414610858 105.292033941 -3.7424214747 1847.04355821 0.775208689034 1.96438783531 0.147038331192 5.56096548654e-18 0.166211310881
13.0885422096 -1.9802093093 -0.0929389092637 "Crux Scutum" 63.5207443832 -0.364160320405 298.295321953 26.7426586909 14622.7988245 0.0979186154806 1.51778159114 0.226547122724 5.3919495588e-20 0.00161159605566
-1.14249336606 -1.84425922402 0.146079358354 "Carina Sagittarius" -9.74019935857 1.23920013436 258.796644221 -36.3867931379 6754.66620548 0.211978530366 2.12700922821 0.246978916994 9.68978982583e-19 0.0289617454562
1.95365353157 3.57526125138 -0.00233237517118 "Crux Scutum" 9.19023455321 -0.0109248024017 271.528977369 -21.0024913241 12232.2811385 0.117054554187 1.98625090442 0.389085797725 1.2500102636e-19 0.00373614698797
-7.79563559154 -0.156704078605 -0.0108977749917 "Crux Scutum" -43.0564643091 -0.0546827881382 221.596146406 -59.7622013926 11418.52179 0.125396635543 2.15149848198 0.422117480777 1.59967328792e-18 0.0478125237084
-4.1454515509 -3.5333960349 0.143658268302 Norma -39.8505776145 1.27210856858 225.887415332 -57.1161854979 6470.90111229 0.221274315664 1.6304163589 0.0695363505743 2.84924705804e-18 0.0851609472649
1.85527507402 6.06734010264 0.00513313172286 "Carina Sagittarius" 7.25803253434 0.0200276896553 270.477227295 -22.6702232301 14685.0083287 0.0975038068277 1.67012267802 0.213452180106 1.43490503645e-19 0.00428877768934
3.95730431742 3.86138404312 -0.0134137083096 "Carina Sagittarius" 17.7516568398 -0.0592130849043 275.86050143 -13.5044315929 12979.3779839 0.110316859338 2.42205750837 0.421427443918 2.58669770504e-19 0.00773136279031
-7.74007626633 -2.25775393661 0.00570285796162 "Crux Scutum" -51.1143863947 0.0328604247604 205.727908247 -62.2423993962 9943.56319671 0.143997095108 1.51379572787 0.409016652878 8.23194384056e-19 0.0246043997244
-8.48270889792 4.86295776939 -0.0859231397607 "Carina Sagittarius" -32.4070847807 -0.311030499286 238.392019658 -54.2209683001 15828.2144722 0.090461512122 1.76329358082 0.0512068792262 3.0812408108e-20 0.000920949924153
-6.05382412374 -12.3682950726 0.0224584456583 "Carina Sagittarius" -122.577915535 0.179111509323 114.761310659 -21.5618688475 7184.21865421 0.199304097532 2.1069606679 0.078191674434 3.85975878722e-20 0.00115364062097
7.62956689333 -0.635712759508 0.00288910024919 Perseus 44.1320780179 0.0151074421306 288.005042521 9.9616403632 10957.0668122 0.130677693208 1.82638574128 0.1520993458 5.81415103298e-19 0.017377875608
-4.65775151286 -4.05870929559 -0.0625052450364 Norma -46.3627755118 -0.556444560385 215.775626273 -61.5082112289 6436.11833191 0.22247015072 1.95739749353 0.0376795345417 5.02728025914e-19 0.0150260030217
-9.88256474903 -3.74870681534 0.0420357687089 "Carina Sagittarius" -64.3229011449 0.219641926579 177.371943541 -61.7763860298 10965.4749077 0.130577492302 1.6921487621 0.21233150142 2.74991296462e-19 0.00821919574515
2.43306364636 3.3288126101 -0.0292250103551 "Crux Scutum" 11.6230383465 -0.138655540303 272.902641048 -18.9365211441 12076.4837835 0.118564661785 1.89991508972 0.0538088525748 9.48239245874e-20 0.00283418569073
-2.60882582353 1.34468966304 0.0678430926782 Norma -14.8421349522 0.381665104941 255.781345771 -40.9943405554 10184.7184264 0.140587511152 1.44723775003 0.284108796835 4.89741867184e-20 0.0014637860626
4.02973342772 2.93943312632 -0.0188971915237 "Carina Sagittarius" 19.4056727654 -0.089271765126 276.680316528 -12.0561568288 12128.4681165 0.118056476844 2.2476952835 0.123278469906 4.26053928447e-19 0.0127342962521
6.21159175698 1.74095734289 0.00469886589509 Perseus 31.2386567324 0.0224775314235 282.067187025 -1.49669013104 11977.52485 0.11954424919 1.76809570782 0.298216532675 4.9984642613e-19 0.014939875086
1.12678256175 -11.1631398896 0.00268141925861 "Crux Scutum" 157.066630758 0.0531292115311 68.9924690381 47.4836022518 2891.70541427 0.495155629714 1.61635188492 0.0587628214518 1.20618274378e-18 0.0360515121864
1.90114858513 -1.68053189676 0.0251884087701 "Carina Sagittarius" 15.5775415219 0.203853475102 274.563327037 -15.2981841667 7079.558292 0.202250501556 1.97992343215 0.487941934209 9.73644989383e-19 0.0291012074091
6.43331967184 -2.97526442411 0.028198158352 Perseus 49.3450376983 0.190522473338 290.335770384 14.6545618289 8480.04129234 0.168848731508 1.67560565741 0.466280601929 2.62146044456e-19 0.00783526490083
