sky_model/pwn/ctadc_skymodel_gps_sources_pwn.ecsv
# %ECSV 0.9
# ---
# datatype:
# - {name: x, unit: kpc, datatype: float64, description: Galactocentric x coordinate}
# - {name: y, unit: kpc, datatype: float64, description: Galactocentric y coordinate}
# - {name: z, unit: kpc, datatype: float64, description: Galactocentric z coordinate}
# - {name: spiralarm, datatype: string}
# - {name: GLON, unit: deg, datatype: float64, description: Galactic longitude}
# - {name: GLAT, unit: deg, datatype: float64, description: Galactic latitude}
# - {name: RA, unit: deg, datatype: float64}
# - {name: DEC, unit: deg, datatype: float64}
# - {name: distance, unit: pc, datatype: float64, description: Distance observer to
#     source center}
# - {name: sigma, unit: deg, datatype: float64, description: Angular extension (deg)}
# - {name: spec_alpha, datatype: float64, description: Spectral model parameter (log
#     parabola)}
# - {name: spec_beta, datatype: float64, description: Spectral model parameter (log
#     parabola)}
# - {name: spec_norm, unit: 1 / (cm2 MeV s), datatype: float64, description: Spectral
#     model norm parameter (log parabola)}
# - {name: spec_norm_cu, unit: '%', datatype: float64, description: Spectral model norm
#     parameter (log parabola) in crab units}
# - {name: int_flux_above_1TeV, unit: 1 / (cm2 s), datatype: float64, description: 'Integral
#     flux above 1 TeV '}
# - {name: int_flux_above_1TeV_cu, unit: '%', datatype: float64, description: Integral
#     flux above 1 TeV in crab units}
# - {name: source_name, datatype: string, description: source name}
x y z spiralarm GLON GLAT RA DEC distance sigma spec_alpha spec_beta spec_norm spec_norm_cu int_flux_above_1TeV int_flux_above_1TeV_cu source_name
[from data line 194]
10.747847412 3.59030860064 0.0639256484368 Norma 41.635938844 0.226412535502 286.649790665 7.84437067686 16177.0167997 0.0743259547019 2.34403567353 0.481983801004 1.54467543015e-21 0.00478227687352 8.59219132006e-16 0.00460084361492 pwn_194
2.80766180101 2.04064363099 0.0850355690363 "Carina Sagittarius" 14.9152957879 0.446645160167 274.015167893 -15.7657004429 10908.4996215 0.0884347787093 2.24198717847 0.259481913205 1.45525929127e-21 0.00450544672221 9.39815392233e-16 0.00503241080825 pwn_195
-0.507282307223 -0.231895167519 0.0635078218865 Norma -3.5109311902 0.439257806486 263.815374003 -31.6790215863 8283.89558744 0.123169408677 2.32615970507 0.0262857571022 2.07551433413e-19 0.642574097253 1.46444857501e-13 0.784165368851 pwn_196
10.6651538797 4.16906020688 0.0666324356672 Norma 40.091569895 0.230532515496 285.931527366 6.47426449759 16560.6471397 0.0273428461423 1.83354353667 0.341026920181 9.21140362401e-21 0.0285182774737 7.19360125132e-15 0.0385194336957 pwn_197
-3.20732610345 4.96888502466 -0.0301557522218 "Crux Scutum" -13.3943041481 -0.124791079729 257.461563948 -40.1435731673 13845.5304669 0.106148161432 2.03352768054 0.134444025049 3.01948047332e-20 0.0934823675951 2.38347197303e-14 0.127627300184 pwn_198
-4.14666496948 -10.0942437563 -0.060780373914 "Crux Scutum" -111.029958967 -0.78383464843 120.432336174 -31.9912417995 4442.98748339 0.225587655566 2.22727578543 0.0533837962942 4.5510794945e-18 14.0900293947 3.35571143323e-12 17.9687613392 pwn_199
-5.64166540453 6.29910190148 0.000370040255805 "Carina Sagittarius" -20.8676840343 0.00133866418928 250.934542322 -45.9036649882 15837.986165 0.0789332572141 1.84527813819 0.415151842987 2.82186321827e-22 0.000873641863243 2.09540342026e-16 0.00112202150624 pwn_200
-9.89155070191 1.70105151418 -0.0859196242451 "Carina Sagittarius" -44.117501667 -0.346447157631 219.903684076 -60.4692643866 14209.5604951 0.118836186158 2.58885001297 0.0989538014572 5.83397587143e-19 1.80618448032 3.39224252089e-13 1.81643736285 pwn_201
3.71364304026 13.8227314256 0.0510148096352 Norma 9.44530905629 0.129164359459 271.531457516 -20.7114887428 22629.5842967 0.0346829328186 1.86683158735 0.0523771344298 1.94727085017e-21 0.00602870232252 1.84670567877e-15 0.00988851820719 pwn_202
-14.079620032 0.789081177479 -0.0352161640114 Perseus -56.5850205936 -0.119620486999 193.923082436 -62.9873776865 16867.8383187 0.0903540676286 2.00999892692 0.0284532263019 9.74216725234e-21 0.0301615085212 8.48963754143e-15 0.0454592934684 pwn_203
1.07408822246 9.35652981763 -0.0767035486284 Perseus 3.4422512244 -0.245671123717 268.635152665 -26.1078756567 17888.9688376 0.01 1.79803228056 0.364278871767 1.0653696565e-21 0.00329835806967 8.38134625271e-16 0.00448794282562 pwn_204
3.28668727199 1.09029492274 0.0156486319275 "Crux Scutum" 18.9170857604 0.0884407994711 276.286224836 -12.4053865463 10137.8653971 0.013853158581 1.45700758043 0.327635623661 1.73553975847e-20 0.0537318810673 1.75590299967e-14 0.0940229890553 pwn_205
-1.06189825935 5.62367245122 -0.0230291907353 "Carina Sagittarius" -4.29973373431 -0.093159947766 263.840899586 -32.6304420943 14163.5547009 0.0740934046033 2.63907555677 0.00409957029304 8.43234550145e-22 0.00261063328218 5.01509966733e-16 0.00268542545471 pwn_206
-7.74902565945 4.89430039562 -0.036166377982 "Carina Sagittarius" -30.0507367692 -0.133910672842 241.200930733 -52.5539709278 15474.3655691 0.0384048216906 2.03869831893 0.110740270224 6.87265194157e-21 0.0212775601906 5.5002764514e-15 0.0294522210331 pwn_207
-2.30171300339 5.22129622517 -0.011686762532 "Crux Scutum" -9.52256455873 -0.0481277597084 260.264688608 -36.9507738788 13913.0151092 0.0353031378634 1.96562554848 0.352341015558 4.85219441688e-21 0.0150222737365 3.48111077182e-15 0.0186402346861 pwn_208
-5.99617147227 -4.80592156219 -0.0728618053489 "Crux Scutum" -58.3639050367 -0.592740999449 189.961042294 -63.4353144608 7043.12407048 0.0766116285425 2.0403854815 0.076070427352 2.41757598168e-18 7.48475536123 1.98390615939e-12 10.6231828948 pwn_209
0.335893375433 5.26655766682 -0.00239802052451 "Crux Scutum" 1.39769545599 -0.00997748150553 267.237409303 -27.745832699 13770.6550354 0.0439805170812 2.52595919166 0.288375391563 5.81673302993e-20 0.18008461393 3.20371299458e-14 0.171548583197 pwn_210
-4.92791208638 5.72924331072 -0.0637319828291 "Carina Sagittarius" -19.1021386027 -0.242492538514 252.821877139 -44.7140813229 15058.5439035 0.0847209224874 1.81046801758 0.106578233376 9.98800453964e-20 0.309226146738 9.41186146011e-14 0.503975075627 pwn_211
-3.01004735693 -0.0278471442045 0.0162791701977 Norma -19.5594740089 0.103740249595 252.034462571 -44.8430296207 8990.99683652 0.112891887968 2.30387035973 0.224617142405 8.44420655542e-20 0.261430543512 5.36802405928e-14 0.287440517766 pwn_212
-10.7746023881 4.89960427371 0.0369857044421 Perseus -38.8027110982 0.123246102632 228.637087852 -57.582403708 17194.2670462 0.0799019792623 1.97286352544 0.433711530901 7.44114160489e-22 0.0023037590108 5.0935691475e-16 0.00272744335135 pwn_213
4.64044739212 8.51956494441 0.0616961660451 Perseus 15.2511951768 0.200382459483 274.406002755 -15.5871766931 17640.9509186 0.0816873497279 1.92099874334 0.15129821365 1.24333734469e-19 0.384934162442 1.04477329065e-13 0.559442678158 pwn_214
10.7426989766 4.95865084962 0.0260482782714 Norma 38.596877462 0.0866680548784 285.371930961 5.07969483037 17220.3816016 0.0848898291137 2.27011746376 0.342986194963 2.38000208104e-21 0.00736842749549 1.45390372377e-15 0.00778518938307 pwn_215
1.38568613804 -2.53748881585 0.0597221342464 "Crux Scutum" 13.0832836065 0.558975371873 272.998118737 -17.3207496959 6121.70175912 0.12459530455 2.39647217212 0.219140616391 6.05813034635e-20 0.187558215057 3.67442518674e-14 0.196753715428 pwn_216
-1.35962364988 7.63385739151 0.00807142466464 "Carina Sagittarius" -4.81701729591 0.0285626119966 263.385474063 -32.9990893918 16191.0467835 0.0477767893233 1.94582911492 0.0480776271507 3.56448370549e-20 0.110355532678 3.19995626376e-14 0.171347422278 pwn_217
-0.719370932942 6.91314213067 -0.0208359068124 "Carina Sagittarius" -2.67220201239 -0.0773697311959 264.854077349 -31.2484340378 15429.934511 0.103555635707 1.8693452521 0.180317496826 1.54565043365e-19 0.478529546021 1.31596370494e-13 0.704656470488 pwn_218
-0.749316927015 -5.66348363821 0.0530564197687 Norma -14.7976771442 1.03604767731 255.134480506 -40.5581690569 2934.29990142 0.397406195495 1.7492712758 0.420640033174 1.2931356418e-19 0.400351591887 1.01280707662e-13 0.54232579304 pwn_219
-0.0968855600564 3.52401621357 -0.0671419989266 Norma -0.461660518029 -0.319925409391 266.442368246 -29.4969059877 12024.5939958 0.0180677560481 2.43105113002 0.486523121134 3.61296179898e-21 0.0111856402445 1.92820146217e-15 0.0103249020594 pwn_220
-9.54141891015 14.5757933052 0.0327301894717 Norma -22.4642004178 0.0751003409837 249.317300635 -47.0500406667 24970.6223941 0.0388826400477 1.92742320156 0.422540835308 1.01738069813e-21 0.00314978544312 7.18165168169e-16 0.00384554475727 pwn_221
-0.209276487709 3.27546980856 -0.0159390129588 Norma -1.01816721578 -0.0775419952978 265.869710515 -29.8445666728 11777.3401035 0.0566360615672 1.54526078182 0.0811141953868 1.11925177942e-19 0.346517578767 1.33460469255e-13 0.714638123086 pwn_222
5.21612868662 1.16478896701 -0.00939100251007 "Carina Sagittarius" 28.3559297262 -0.0489927438134 280.813063198 -4.09407469491 10982.5421667 0.154581984402 2.52298564152 0.172754649225 8.01018554304e-20 0.247993360466 4.65043033637e-14 0.24901566926 pwn_223
4.23615388437 0.88482389145 0.0232180375511 "Carina Sagittarius" 24.293627195 0.129197369424 278.781033941 -7.62242311576 10296.6236351 0.0105083384197 1.68904214941 0.415594079303 1.02609299185e-18 3.17675848871 8.36068437155e-13 4.47687904917 pwn_224
2.14852532184 7.14304521935 0.0840148751127 "Carina Sagittarius" 7.82047270428 0.304856366108 270.510039062 -22.0405072015 15790.1261329 0.0687249079267 2.33383815938 0.276947967198 4.11883470689e-20 0.12751810238 2.51067831295e-14 0.134438792794 pwn_225
-5.19602139585 6.13213359019 0.000752073012824 "Carina Sagittarius" -19.5504747142 0.00277514614231 252.151595092 -44.9012044127 15527.3298514 0.0816033653379 2.155028594 0.388092898557 2.05076509245e-22 0.000634911793329 1.30224889616e-16 0.000697312629079 pwn_226
-6.81186340493 0.444552304813 0.154544117087 "Crux Scutum" -37.2916513222 0.787522658814 230.335881923 -56.2170828247 11244.1265941 0.0495808959553 2.18637462966 0.388891633308 3.77885908582e-19 1.16992541357 2.35997182319e-13 1.2636894233 pwn_227
-7.99631363662 9.44501631208 0.0117866488084 Perseus -24.0177910054 0.0343747195237 247.798864395 -48.2198959689 19645.9863876 0.0852687165824 1.92468741741 0.0355439503151 1.31731118827e-20 0.0407836281197 1.21457877465e-14 0.0650368083299 pwn_228
1.53926494134 -10.526828884 -0.121611796994 "Crux Scutum" 142.785330235 -2.73570154246 48.6294035899 54.525481511 2547.97200021 0.584360564677 2.20967743807 0.171203282801 2.8752090632e-19 0.890157604706 1.98625846175e-13 1.06357787215 pwn_229
-7.10681257148 5.65027529619 -0.0083503214437 "Carina Sagittarius" -26.6675630462 -0.0302145762396 245.038638276 -50.1623924422 15834.6817338 0.0998146356479 1.59966603213 0.239510752726 1.59397688256e-19 0.493491294909 1.5643569921e-13 0.837663130449 pwn_230
-3.80959689795 5.72583504002 -0.00605655394778 "Carina Sagittarius" -14.9917170883 -0.023563023995 256.087624224 -41.3596365268 14727.0990963 0.01 2.27641132462 0.47261236079 7.64806059213e-21 0.0236782061676 4.40765820525e-15 0.0236015998189 pwn_231
-5.59158018712 -18.058301127 -0.0692342943447 Perseus -149.672481872 -0.358216336379 101.352297474 2.15421557875 11073.9190358 0.0917574286985 2.56710301246 0.449114400508 1.8800827166e-19 0.582068952508 9.569882481e-14 0.512436595836 pwn_232
-0.853847929059 -1.66207287212 -0.0272289593131 "Crux Scutum" -7.11764911088 -0.226395209158 262.118069588 -35.0618421968 6891.08446533 0.0822612107711 2.36520815923 0.211515991466 2.67534934037e-20 0.0828281529526 1.65620682897e-14 0.0886845780105 pwn_233
0.631022074363 -4.14304469391 0.0203119815384 Perseus 8.24090186707 0.26435100758 270.771496806 -21.6947895712 4402.46078622 0.334308971171 1.49413797438 0.0478329637435 2.54397772824e-20 0.0787609203789 3.29566966215e-14 0.176472568605 pwn_234
7.13542947396 -5.39245498843 0.00693257766676 Norma 66.4664327021 0.0510368908065 299.624569856 29.476740391 7782.75258745 0.143768243645 1.80473729932 0.20227114344 9.42630636514e-20 0.291836110376 8.24815352408e-14 0.441662237985 pwn_235
-2.88198976381 -8.9863484965 -0.0823698782611 "Crux Scutum" -99.5786688737 -1.6143071433 127.576836308 -41.9623475333 2923.89887917 0.330216920366 2.04366152341 0.267951666321 8.23828782064e-20 0.255055350484 5.92701256467e-14 0.317372564203 pwn_236
-6.38335071582 6.39219650613 0.052155739278 "Carina Sagittarius" -23.2017783444 0.18443280295 248.464736728 -47.5206922445 16202.69741 0.0168461578352 2.24608119148 0.4521985957 3.56105222084e-21 0.0110249294763 2.09974087619e-15 0.0112434407514 pwn_237
2.70783776539 9.01658235214 -0.0903765366884 Perseus 8.78762946291 -0.292144030258 271.581414221 -21.4911477907 17724.8754744 0.0545965830947 2.0680041979 0.147439633571 3.65041107939e-22 0.00113015822891 2.79262375361e-16 0.00149536069287 pwn_238
2.84583911714 4.688598376 0.119526176277 "Carina Sagittarius" 12.1766034164 0.507566974923 272.58687993 -18.1400244901 13492.6726007 0.0828130455786 1.95203568387 0.154432072834 2.38019183372e-19 0.736901496509 1.95420537386e-13 1.04641446887 pwn_239
-0.669569261644 3.20243236877 0.0256041115892 Norma -3.27467915261 0.125154306892 264.275817486 -31.6492270472 11721.5998017 0.140445727776 2.27859009231 0.313591617274 9.76204755328e-20 0.302230574405 6.01912738352e-14 0.322305018107 pwn_240
4.61024232847 1.59104104543 0.000850716454554 "Carina Sagittarius" 24.553996424 0.00439346979728 279.013650294 -7.4486753141 11094.2978341 0.0938221454067 2.44924552987 0.252595777536 1.07013641877e-19 0.331311584758 6.21712046762e-14 0.332906914443 pwn_241
-0.117333882477 -6.66887762684 -0.138513900823 Norma -3.6663621822 -4.31703849603 268.557260095 -34.2933742967 1840.09849905 0.904843400009 2.03031179784 0.0979344795294 1.72384942696e-17 53.3699512992 1.40070336793e-11 75.0031849466 pwn_242
-4.82105474322 -7.55263360768 -0.0678388418708 "Crux Scutum" -78.8826856184 -0.791050449727 150.744228074 -56.3536772159 4913.72303115 0.336922251839 2.31867896022 0.0723636244213 1.75528997015e-20 0.054343342729 1.20728465538e-14 0.0646462315746 pwn_243
0.0986528263312 -0.68513111965 0.0872599539987 Perseus 0.723248265401 0.639680732642 266.213404873 -27.9854461637 7815.97865253 0.146780624175 1.32628477644 0.244748604903 7.11952384585e-21 0.0220418694918 8.57642704642e-15 0.0459240235064 pwn_244
2.89239516756 8.85055340126 -0.0350380229698 Perseus 9.46436651983 -0.114129029744 271.768546524 -20.8135062187 17590.0221944 0.0518308312681 1.81874718417 0.3896954782 5.72708284693e-21 0.0177309066468 4.38255077195e-15 0.0234671575447 pwn_245
-12.2726786677 5.79545230632 0.00119790506231 Perseus -40.646165945 0.00364287229608 225.733274344 -58.6112246736 18840.8757694 0.0449341674317 2.00362231888 0.389415625778 2.34532817859e-22 0.000726107795228 1.61453695957e-16 0.000864532897928 pwn_246
-0.829173719749 6.55532720398 -0.0715958171296 "Carina Sagittarius" -3.15238627761 -0.272056528005 264.747139287 -31.7584972791 15078.3133088 0.102085537587 1.95343013377 0.48790184366 1.81771365015e-19 0.562759644009 1.22448854318e-13 0.655674447363 pwn_247
4.51216781405 0.564103705732 0.0462724761007 "Carina Sagittarius" 26.4644105896 0.26184426161 279.666582967 -5.63341083686 10125.2049615 0.0130401414104 2.19983946522 0.191359099079 5.9125342104e-20 0.183050594749 4.05958854496e-14 0.217377981245 pwn_248
-3.18841199791 -8.5102544345 -0.00598698766584 "Crux Scutum" -90.1842716037 -0.107585515374 137.696889073 -48.2689127449 3188.43410875 0.085207985818 2.40412516425 0.195994663405 3.75656372561e-19 1.16302282527 2.29540746262e-13 1.22911727342 pwn_249
8.877764351 -3.21252987816 -0.165396748011 Norma 59.2225738563 -0.917030419138 296.417924369 22.7586111193 10334.3793353 0.0244351957387 2.25200070781 0.000909747390265 1.5210533197e-19 0.470914340465 1.14611842325e-13 0.613709754956 pwn_250
1.86981954372 -0.400204015828 0.039527940776 Perseus 12.998887166 0.272442809033 273.219066498 -17.5323718158 8312.91059554 0.158964539524 1.91333235847 0.414958682598 6.04908978148e-21 0.0187278321408 4.32114247356e-15 0.0231383357494 pwn_251
5.05508312581 -3.54060230068 0.0317447013496 Perseus 45.547427707 0.25683706868 288.454649249 11.3278011046 7081.70167933 0.0904194874594 1.64316957285 0.323314222034 4.4386046605e-20 0.137418100944 3.96058433748e-14 0.212076622618 pwn_252
4.41221519848 -0.311943000298 -0.00221726455464 "Carina Sagittarius" 28.318444948 -0.0136584734339 280.764376994 -4.11126204691 9301.17870511 0.121196278329 2.26708923617 0.384961059366 1.15141806827e-18 3.56476182126 6.91346663094e-13 3.70194024098 pwn_253
-4.25644922537 4.72319948886 0.00378768322878 "Crux Scutum" -17.8429796046 0.0156225154833 253.655359767 -43.5763490184 13891.3778682 0.0771317971067 1.5485469781 0.235311599972 4.65695715618e-20 0.144178240129 4.76222540404e-14 0.255001937536 pwn_254
-3.25565843356 -9.03821110869 0.00750099171578 "Crux Scutum" -99.3869871824 0.130240756354 129.598095161 -41.0735189263 3299.85443594 0.216887923372 2.29591118502 0.46009674432 6.36774621829e-20 0.197143845767 3.6538420151e-14 0.195651552426 pwn_255
4.03631953405 1.19205291715 -0.0853217076447 "Carina Sagittarius" 22.609609364 -0.465615157513 278.530550254 -9.39112437452 10499.2878294 0.0908242482844 2.04346527536 0.0145568989164 2.93969771605e-20 0.0910123131905 2.53045391782e-14 0.135497713179 pwn_256
