sky_model/pwn/ctadc_skymodel_gps_sources_composite.ecsv
# %ECSV 0.9
# ---
# datatype:
# - {name: galactocentric_x, unit: kpc, datatype: float64, format: '%.5f', description: Galactocentric
#     x coordinate}
# - {name: galactocentric_y, unit: kpc, datatype: float64, format: '%.5f', description: Galactocentric
#     y coordinate}
# - {name: galactocentric_z, unit: kpc, datatype: float64, format: '%.5f', description: Galactocentric
#     z coordinate}
# - {name: size_physical, unit: pc, datatype: float64, format: '%.5f', description: physical
#     size}
# - {name: type, datatype: string, description: type of PWN}
# - {name: distance, unit: kpc, datatype: float64, format: '%.5f', description: Distance
#     observer to source center}
# - {name: GLON, unit: deg, datatype: float64, format: '%.5f', description: Galactic
#     longitude}
# - {name: GLAT, unit: deg, datatype: float64, format: '%.5f', description: Galactic
#     latitude}
# - {name: RA, unit: deg, datatype: float64, format: '%.5f'}
# - {name: DEC, unit: deg, datatype: float64, format: '%.5f'}
# - {name: sigma, unit: deg, datatype: float64, format: '%.5f'}
# - {name: galactocentric_r, unit: kpc, datatype: float64, format: '%0.4f', description: Galactocentric
#     radius in the xy plan}
# - {name: spec_alpha, datatype: float64, format: '%5g', description: Spectral model
#     parameter (log parabola)}
# - {name: spec_beta, datatype: float64, format: '%5g', description: Spectral model
#     parameter (log parabola)}
# - {name: spec_norm, unit: 1 / (cm2 MeV s), datatype: float64, format: '%5g', description: Spectral
#     model norm parameter (log parabola)}
# - {name: spec_norm_cu, unit: '%', datatype: float64, format: '%5g', description: Spectral
#     model norm parameter (log parabola) in crab units}
# - {name: int_flux_above_1TeV, unit: 1 / (cm2 s), datatype: float64, format: '%5g',
#   description: 'Integral flux above 1 TeV '}
# - {name: int_flux_above_1TeV_cu, unit: '%', datatype: float64, format: '%5g', description: Integral
#     flux above 1 TeV in crab units}
# - {name: luminosity, unit: erg / s, datatype: float64, description: Intrinsic source
#     luminosity}
# - {name: skip, datatype: int64, description: 'skip boolean: 0 take, 1 skip'}
# - {name: source_name, datatype: string, description: source name}
galactocentric_x galactocentric_y galactocentric_z size_physical type distance GLON GLAT RA DEC sigma galactocentric_r spec_alpha spec_beta spec_norm spec_norm_cu int_flux_above_1TeV int_flux_above_1TeV_cu luminosity skip source_name
-1.48813 2.99964 -0.12312 4.50101 composite 11.59618 -7.37348 -0.60834 262.33434 -35.48629 0.02223 3.3485 1.96059 0.231996 3.21082e-20 0.0994063 2.48436e-14 0.133029 3.2613105333e+33 0 composite_0
0.04501 0.07311 -0.24324 30.40688 composite 8.57668 0.30081 -1.62516 268.17908 -29.51462 0.20305 0.0859 2.50836 0.130903 1.42508e-19 0.4412 8.51073e-14 0.455722 3.28466830632e+33 0 composite_1
-5.72280 10.06180 0.00901 28.11953 composite 19.42398 -17.13509 0.02658 254.25337 -43.01795 0.08291 11.5754 2.04196 0.377282 1.02764e-20 0.0318156 6.96986e-15 0.0373214 3.79294899518e+33 0 composite_2
1.50117 -0.63848 -0.55556 17.64734 composite 8.02282 10.81058 -3.97077 276.09200 -21.46381 0.12598 1.6313 1.92666 0.305856 4.65005e-20 0.143964 3.50675e-14 0.187775 2.8719088994e+33 0 composite_3
-1.45152 -0.15333 0.33033 26.65942 composite 8.47838 -9.86531 2.23289 257.70954 -35.90466 0.18009 1.4596 2.21028 0.130301 5.84622e-19 1.80997 4.13979e-13 2.21673 1.83908994876e+34 0 composite_4
-2.58382 1.84817 -0.13213 18.06384 composite 10.66669 -14.01945 -0.70975 257.59216 -40.99394 0.09699 3.1768 2.57769 0.321391 1.47391e-19 0.45632 7.81838e-14 0.418649 6.81754805834e+33 0 composite_5
-0.15949 0.93088 -0.21021 13.14773 composite 9.43457 -0.96886 -1.27670 267.08340 -30.42653 0.07981 0.9444 1.90194 0.191027 4.58487e-20 0.141946 3.78927e-14 0.202903 3.03239002445e+33 0 composite_6
4.32740 -4.54952 0.07207 12.42729 composite 5.85985 47.60707 0.70470 289.02907 13.35944 0.12146 6.2789 1.9442 0.376108 5.62381e-19 1.74112 4.03132e-13 2.15864 2.19259440114e+34 0 composite_7
-1.48883 4.84193 -0.03003 4.35722 composite 13.42478 -6.36731 -0.12817 262.52298 -34.38221 0.01859 5.0657 2.01953 0.119095 8.44393e-20 0.261422 6.80253e-14 0.364254 8.23757930114e+33 0 composite_8
7.67867 0.89934 0.10210 1.45950 composite 12.13754 39.24666 0.48197 285.31752 5.83834 0.01000 7.7312 2.06385 0.193405 3.10945e-20 0.0962677 2.31352e-14 0.123881 2.74427924503e+33 0 composite_9
-0.17227 -7.04563 -0.04505 10.76483 composite 1.46523 -6.75520 -1.76190 263.93689 -35.59788 0.42078 7.0477 1.88559 0.355764 1.69514e-18 5.24812 1.27176e-12 6.80986 4.2750164818e+33 0 composite_10
-3.12670 -4.00747 0.03303 29.03483 composite 5.47359 -34.83705 0.34575 234.37136 -55.19154 0.30381 5.0829 2.36975 0.130993 3.05388e-19 0.945474 1.96845e-13 1.05404 3.33393506645e+33 0 composite_11
5.31456 -6.41328 0.13514 15.51265 composite 5.71115 68.56294 1.35589 299.60646 31.94593 0.15557 8.3291 2.17084 0.182147 9.49295e-19 2.939 6.66653e-13 3.56971 1.575849364e+34 0 composite_12
0.00174 -3.00505 0.05405 9.39370 composite 5.49522 0.01814 0.56356 265.86775 -28.62599 0.09791 3.0051 1.72336 0.152417 1.9123e-18 5.92042 1.84637e-12 9.88672 5.03028048148e+34 0 composite_13
-10.69330 -3.44212 0.05405 1.30998 composite 11.82927 -64.68607 0.26180 176.65021 -61.64723 0.01000 11.2336 2.31609 0.367758 2.90912e-20 0.0900656 1.71724e-14 0.0919529 2.59232988471e+33 0 composite_14
4.13624 2.13723 0.19520 2.65884 composite 11.41478 21.24835 0.97984 276.59141 -9.92765 0.01334 4.6558 2.31827 0.243959 5.32002e-20 0.164707 3.32278e-14 0.177924 3.32687766792e+33 0 composite_15
-6.64852 9.68355 0.04805 12.93139 composite 19.36096 -20.08412 0.14220 251.51241 -45.21801 0.03825 11.7462 2.50975 0.356814 1.49882e-20 0.0464031 8.09483e-15 0.0433452 2.68154965701e+33 0 composite_16
0.40836 1.22142 -0.10811 17.73868 composite 9.73059 2.40536 -0.63659 268.42489 -27.19992 0.10441 1.2879 1.8007 0.197933 1.70191e-19 0.526907 1.49829e-13 0.802288 1.40664201891e+34 0 composite_17
-6.31644 -5.29731 -0.05105 13.16603 composite 7.08218 -63.11315 -0.41300 179.60358 -62.66077 0.10647 8.2437 2.03055 0.300715 1.33436e-19 0.413114 9.49248e-14 0.508292 5.42926284834e+33 0 composite_18
-10.40940 -1.07578 0.03003 4.85308 composite 12.78576 -54.50267 0.13457 198.44583 -62.62582 0.02174 10.4648 2.10056 0.130189 1.20407e-19 0.372778 9.12922e-14 0.488841 9.84356980583e+33 0 composite_19
-4.07975 -4.31345 -0.02102 11.61621 composite 5.84568 -44.25978 -0.20603 219.52525 -60.39789 0.11381 5.9372 2.15291 0.229114 2.07244e-19 0.641624 1.43071e-13 0.766099 4.08031991623e+33 0 composite_20
-4.67569 -2.57777 -0.14715 6.74851 composite 7.54696 -38.29162 -1.11722 230.69963 -58.35934 0.05121 5.3392 1.91866 0.177349 6.92376e-20 0.214358 5.71562e-14 0.306053 2.7720270592e+33 0 composite_21
5.87296 -10.17260 0.00601 31.07668 composite 6.10650 105.89678 0.05639 338.90671 58.36300 0.29147 11.7462 1.86552 0.181516 4.27467e-19 1.32343 3.6456e-13 1.9521 1.2183220586e+34 0 composite_22
-5.77902 10.12800 -0.09309 8.51816 composite 19.50405 -17.23561 -0.27347 254.48923 -43.28351 0.02501 11.6608 2.57558 0.135752 4.22085e-20 0.130676 2.42718e-14 0.129968 4.72566834254e+33 0 composite_23
-10.52350 -1.54094 0.01802 7.19434 composite 12.61637 -56.52383 0.08184 194.04958 -62.78488 0.03266 10.6357 1.91074 0.216494 1.35712e-19 0.420162 1.09527e-13 0.586484 1.68611833703e+34 0 composite_24
0.70435 -1.07820 0.44745 12.25159 composite 7.46856 5.42130 3.43471 266.28101 -22.52213 0.09395 1.2879 2.39967 0.151773 1.28288e-19 0.397177 8.0399e-14 0.430511 2.6134074402e+33 0 composite_25
6.01089 6.13015 0.06006 40.01695 composite 15.81694 22.33562 0.21756 277.78818 -9.31867 0.14490 8.5854 1.95881 0.304963 1.1576e-20 0.0358392 8.56811e-15 0.0458795 2.64141133033e+33 0 composite_26
7.63944 -0.17370 0.44444 27.20922 composite 11.30866 42.53660 2.25235 285.24505 9.57274 0.13780 7.6414 1.82428 0.255215 2.0587e-20 0.0637368 1.71074e-14 0.0916045 2.57406387103e+33 0 composite_27
-6.70805 -5.62801 -0.19219 6.09544 composite 7.29953 -66.82226 -1.50872 171.16937 -62.72580 0.04783 8.7563 2.01556 0.237501 1.39725e-19 0.432586 1.04135e-13 0.557611 5.27440370261e+33 0 composite_28
0.74984 -3.61497 -0.41742 6.30888 composite 4.95984 8.72665 -4.82772 275.87192 -23.70217 0.07285 3.6919 1.81406 0.362202 1.37591e-19 0.425978 1.07331e-13 0.574722 4.54097784814e+33 0 composite_29
-10.14260 -5.57826 0.21622 10.48583 composite 10.55726 -73.93010 1.17354 160.31924 -57.37385 0.05689 11.5754 1.90955 0.155591 3.78679e-20 0.117238 3.19644e-14 0.171159 2.85691309091e+33 0 composite_30
10.76110 3.77641 -0.07808 3.27136 composite 16.32537 41.23675 -0.27403 286.91278 7.25971 0.01148 11.4045 1.68386 0.309762 9.82318e-21 0.0304123 8.61434e-15 0.046127 3.70981269734e+33 0 composite_31
3.31268 12.00070 -0.45345 21.97544 composite 20.77157 9.17900 -1.25088 272.68694 -21.61390 0.06059 12.4495 2.27562 0.155548 3.13581e-20 0.0970838 2.10366e-14 0.112644 5.74421581245e+33 0 composite_32
6.67808 -4.68324 0.24324 1.49080 composite 7.69569 60.25050 1.81127 294.38195 25.00247 0.01110 8.1566 2.14605 0.288562 8.35124e-20 0.258552 5.60069e-14 0.299899 3.30024191742e+33 0 composite_33
6.52166 4.90161 -0.08108 12.22490 composite 14.90442 25.94906 -0.31169 279.94155 -6.35434 0.04698 8.1583 1.74085 0.111722 1.83085e-20 0.0566826 1.80918e-14 0.0968758 3.1344124239e+33 0 composite_34
0.99375 6.11322 0.03003 10.88953 composite 14.64700 3.89032 0.11747 268.53908 -25.53765 0.04258 6.1935 2.39768 0.110318 1.19935e-19 0.371315 7.69825e-14 0.412217 8.78193873045e+33 0 composite_35
-10.26790 -5.34414 -0.12312 23.42532 composite 10.74264 -72.91508 -0.65667 160.34855 -59.46660 0.12489 11.5754 2.28915 0.224212 1.25988e-19 0.390055 8.07566e-14 0.432426 6.94995810155e+33 0 composite_36
3.22416 3.23927 0.16517 7.38857 composite 12.17510 15.35747 0.77731 273.93190 -15.21945 0.03476 4.5703 2.48575 0.397959 3.26341e-20 0.101034 1.75455e-14 0.0939506 2.61680999122e+33 0 composite_37
-3.28581 10.56360 0.06306 23.11172 composite 19.34480 -9.77944 0.18677 259.83954 -37.02720 0.06843 11.0628 1.98266 0.144247 3.48581e-20 0.10792 2.82525e-14 0.151283 7.80956069515e+33 0 composite_38
4.22499 2.33364 -0.07808 4.08879 composite 11.62860 21.30519 -0.38471 277.84629 -10.51083 0.02014 4.8266 1.96749 0.325969 2.82273e-20 0.0873909 2.05327e-14 0.109946 3.63515989819e+33 0 composite_39
-10.01430 0.68515 0.09009 16.44399 composite 13.58901 -47.47285 0.37985 212.95898 -60.98524 0.06931 10.0377 1.77914 0.272159 1.80233e-20 0.0557997 1.52435e-14 0.081624 3.64785414724e+33 0 composite_40
1.62711 -0.11705 0.21622 23.54238 composite 8.54214 10.98439 1.45044 271.10733 -18.72288 0.15785 1.6313 2.23289 0.184233 1.07549e-19 0.332969 7.27402e-14 0.3895 3.71067249838e+33 0 composite_41
-2.86463 -0.99546 0.16216 7.44414 composite 8.03433 -20.89284 1.15650 249.67372 -45.15869 0.05307 3.0327 1.57751 0.330445 2.83238e-20 0.0876897 2.62808e-14 0.140725 3.28215758502e+33 0 composite_42
2.71348 -2.75040 0.27327 27.34423 composite 6.36361 25.26461 2.46119 277.14972 -5.68460 0.24610 3.8636 2.38205 0.188613 1.93598e-19 0.599376 1.20161e-13 0.643421 3.12176080056e+33 0 composite_43
-0.69715 -6.24007 -0.11411 27.47124 composite 2.36777 -17.14411 -2.76233 257.31277 -44.72551 0.66450 6.2789 1.83161 0.150621 6.63517e-19 2.05423 5.93401e-13 3.17747 2.76987437636e+33 0 composite_44
6.57045 -5.78806 -0.01502 3.03383 composite 7.10814 67.57171 -0.12107 300.46452 30.32591 0.02445 8.7563 2.13377 0.158234 5.18635e-19 1.60568 3.78051e-13 2.02434 1.33050962461e+34 0 composite_45
0.54086 0.55189 0.21922 8.05158 composite 9.07068 3.41942 1.38486 267.06656 -25.29455 0.05084 0.7727 2.18818 0.156508 7.23406e-19 2.23965 5.10715e-13 2.73472 2.81436375595e+34 0 composite_46
1.58698 0.85581 0.22523 0.21905 composite 9.49212 9.62717 1.35965 270.48361 -19.94878 0.01000 1.8030 2.23286 0.327568 5.20155e-20 0.161039 3.26318e-14 0.174733 3.04249584182e+33 0 composite_47
4.01399 0.59457 -0.06306 23.00338 composite 9.94119 23.81480 -0.36345 279.00022 -8.27423 0.13253 4.0578 2.13834 0.258536 4.03706e-20 0.124986 2.76407e-14 0.148007 2.50642343607e+33 0 composite_48
-0.81681 -4.49677 -0.14715 24.17586 composite 4.08836 -11.53221 -2.06266 260.92874 -39.74794 0.33868 4.5704 2.0874 0.296069 1.11251e-18 3.44431 7.68015e-13 4.11247 1.3731277261e+34 0 composite_49
-3.31686 -0.62037 0.17718 21.79448 composite 8.55111 -22.82823 1.18726 247.76230 -46.56358 0.14598 3.3744 2.15525 0.368296 2.31841e-19 0.717774 1.48593e-13 0.795667 1.3640956774e+34 0 composite_50
10.64070 1.88588 0.02402 9.53837 composite 14.86915 45.69433 0.09256 288.67263 11.38159 0.03674 10.8065 2.40926 0.15047 4.72764e-20 0.146366 2.94927e-14 0.157924 3.76788205894e+33 0 composite_51
-0.16270 3.00064 -0.10511 1.14742 composite 11.50227 -0.81051 -0.52359 266.43340 -29.90077 0.01000 3.0050 2.12084 0.226706 3.83687e-20 0.118788 2.70257e-14 0.144714 3.03614738492e+33 0 composite_52
1.32725 -5.94972 -0.36036 11.22667 composite 2.89748 27.49396 -7.14439 286.78670 -8.07090 0.22191 6.0960 1.7999 0.304027 5.02208e-19 1.55482 4.10084e-13 2.19587 4.89003269544e+33 0 composite_53
-4.74824 6.20912 -0.00300 9.80467 composite 15.45652 -17.89056 -0.01112 253.64267 -43.63015 0.03633 7.8166 2.38867 0.204935 5.70647e-20 0.176671 3.50007e-14 0.187418 5.55334107278e+33 0 composite_54
5.15877 -10.36230 0.02102 18.01770 composite 5.48466 109.84943 0.21959 345.67539 60.29980 0.18815 11.5754 2.0923 0.298482 1.32252e-19 0.409449 9.0926e-14 0.48688 2.9347875912e+33 0 composite_55
-10.55890 -1.27582 0.03303 3.54483 composite 12.79376 -55.62088 0.14792 196.01483 -62.68835 0.01587 10.6357 2.10062 0.20792 4.64731e-20 0.14388 3.35057e-14 0.179413 4.48181135491e+33 0 composite_56
-3.09393 0.72072 -0.49249 20.76745 composite 9.73841 -18.54872 -2.89879 256.27197 -45.93025 0.12214 3.1768 2.21961 0.153614 7.7566e-20 0.240143 5.38365e-14 0.288277 3.3282592014e+33 0 composite_57
-9.50321 2.65395 -0.00601 14.80260 composite 14.65338 -40.43113 -0.02350 226.11905 -58.53053 0.05786 9.8668 1.69851 0.260212 1.28669e-20 0.0398356 1.15865e-14 0.0620419 3.31794717572e+33 0 composite_58
2.08004 4.80661 -0.53453 5.80931 composite 13.47880 8.88437 -2.27278 273.50172 -22.36238 0.02468 5.2374 2.4162 0.104615 6.9093e-20 0.21391 4.40262e-14 0.235746 4.16103414524e+33 0 composite_59
6.25699 -6.12557 0.17117 2.97641 composite 6.69456 69.21903 1.46513 299.90269 32.56186 0.02546 8.7563 2.75672 0.215524 5.83677e-19 1.80705 2.96848e-13 1.58953 7.21305235463e+33 0 composite_60
7.22619 1.54469 0.08709 5.55295 composite 12.37422 35.73139 0.40325 283.77760 2.67528 0.02570 7.3894 2.06432 0.30561 2.53068e-20 0.0783491 1.76086e-14 0.0942885 3.03014140553e+33 0 composite_61
2.23451 -2.49385 -0.17117 2.25744 composite 6.41063 20.40706 -1.53003 278.45951 -11.83606 0.02017 3.3485 2.05347 0.179318 1.46966e-19 0.455004 1.11068e-13 0.594732 3.55616152121e+33 0 composite_62
-7.38008 9.57354 0.05405 13.07986 composite 19.52233 -22.21197 0.15863 249.47391 -46.80681 0.03837 12.0879 2.05068 0.31785 3.05215e-20 0.0944938 2.12591e-14 0.113836 9.57575758427e+33 0 composite_63
-0.24132 -3.51192 -0.01502 17.56575 composite 4.99394 -2.76977 -0.17233 264.88736 -31.38158 0.20146 3.5202 1.82231 0.247919 1.16569e-19 0.360894 9.74884e-14 0.522019 2.79620335278e+33 0 composite_64
-7.73440 -1.13049 0.01502 4.59321 composite 10.68320 -46.38392 0.08055 215.28066 -60.91711 0.02462 7.8166 1.72526 0.186333 7.242e-20 0.22421 6.78489e-14 0.363309 7.8200889558e+33 0 composite_65
12.19590 -5.26514 0.10811 3.36312 composite 12.61808 75.14484 0.49091 304.82628 37.00299 0.01527 13.2839 2.07238 0.229407 4.12987e-20 0.12786 2.98897e-14 0.16005 4.22519867627e+33 0 composite_66
-4.95981 15.58930 -0.14414 30.03232 composite 24.59502 -11.63420 -0.33579 259.02323 -38.84345 0.06994 16.3593 2.1792 0.119686 1.00445e-20 0.0310975 7.29937e-15 0.0390858 2.70487440674e+33 0 composite_67
-2.44910 10.52540 -0.29129 5.41430 composite 19.18460 -7.33523 -0.86999 262.62854 -35.59860 0.01616 10.8066 2.29078 0.244449 2.96214e-20 0.091707 1.87725e-14 0.100521 5.42451822901e+33 0 composite_68
10.15160 -1.07657 -0.11411 10.94719 composite 12.57678 53.82360 -0.51986 293.21272 18.25348 0.04985 10.2085 2.1451 0.222883 2.76326e-20 0.0855498 1.92319e-14 0.102981 2.5095413659e+33 0 composite_69
-2.05127 -5.38914 0.06607 13.09078 composite 3.72687 -33.40046 1.01579 235.66568 -53.79600 0.20118 5.7663 1.90234 0.238337 2.44468e-19 0.756865 1.95425e-13 1.04644 2.83236618008e+33 0 composite_70
5.12607 7.82469 -0.15315 41.17252 composite 17.11127 17.43266 -0.51282 276.11938 -13.99868 0.13781 9.3543 1.99823 0.130632 7.68579e-20 0.23795 6.22708e-14 0.33344 1.28228915867e+34 0 composite_71
2.32031 -5.09171 0.14114 21.01502 composite 4.12555 34.24642 1.96054 281.71313 2.06334 0.29174 5.5955 1.92125 0.108276 3.8304e-18 11.8588 3.32795e-12 17.8201 3.91382257156e+34 1 composite_72
-4.06738 1.07512 -0.75075 27.08230 composite 10.43025 -23.01512 -4.12761 253.61154 -50.19982 0.14871 4.2071 1.91924 0.13944 5.81999e-20 0.180185 4.94086e-14 0.264567 4.07913304742e+33 0 composite_73
-0.25233 -0.05170 0.42342 3.86484 composite 8.46267 -1.71078 2.86793 262.59245 -28.84696 0.02616 0.2576 2.13434 0.193086 1.39269e-18 4.31174 9.92952e-13 5.31694 5.44329869479e+34 0 composite_74
-0.67673 5.19347 -0.37538 7.68902 composite 13.71532 -2.82925 -1.56835 266.24610 -32.16784 0.03211 5.2374 2.1487 0.132409 5.96211e-20 0.184586 4.37889e-14 0.234476 5.30863625476e+33 0 composite_75
-4.98708 -4.84714 -0.42943 3.28806 composite 6.19667 -53.77854 -3.97379 201.15801 -66.63329 0.03039 6.9545 2.48883 0.330198 1.79918e-19 0.557021 9.91696e-14 0.531022 3.19857566911e+33 0 composite_76
-0.35519 0.24110 -0.54955 2.36218 composite 8.76556 -2.32690 -3.59447 268.61335 -32.77499 0.01543 0.4293 2.51119 0.359024 1.09066e-19 0.337667 5.88148e-14 0.314935 4.01158628546e+33 0 composite_77
0.81366 -5.01737 0.04505 8.53171 composite 3.57670 13.15035 0.72168 272.88252 -17.18370 0.13662 5.0829 2.00555 0.274798 2.75117e-19 0.851755 2.01633e-13 1.07968 2.77194710493e+33 0 composite_78
-5.20876 -7.14455 0.05706 9.09911 composite 5.38253 -75.41370 0.60740 157.41971 -57.12673 0.09682 8.8417 1.91083 0.288379 1.52153e-19 0.471063 1.17108e-13 0.627075 4.13393893215e+33 0 composite_79
-2.99655 -1.84730 0.74174 22.95759 composite 7.33402 -24.24805 5.80464 241.70823 -44.26468 0.17928 3.5202 2.02322 0.388011 4.79747e-20 0.148528 3.26949e-14 0.175071 2.67792591402e+33 0 composite_80
