sky_model/pwn/ctadc_skymodel_gps_sources_composite.ecsv
# %ECSV 0.9
# ---
# datatype:
# - {name: galactocentric_x, unit: kpc, datatype: float64, format: '%.5f', description: Galactocentric
#     x coordinate}
# - {name: galactocentric_y, unit: kpc, datatype: float64, format: '%.5f', description: Galactocentric
#     y coordinate}
# - {name: galactocentric_z, unit: kpc, datatype: float64, format: '%.5f', description: Galactocentric
#     z coordinate}
# - {name: size_physical, unit: pc, datatype: float64, format: '%.5f', description: physical
#     size}
# - {name: type, datatype: string, description: type of PWN}
# - {name: distance, unit: kpc, datatype: float64, format: '%.5f', description: Distance
#     observer to source center}
# - {name: GLON, unit: deg, datatype: float64, format: '%.5f', description: Galactic
#     longitude}
# - {name: GLAT, unit: deg, datatype: float64, format: '%.5f', description: Galactic
#     latitude}
# - {name: RA, unit: deg, datatype: float64, format: '%.5f'}
# - {name: DEC, unit: deg, datatype: float64, format: '%.5f'}
# - {name: sigma, unit: deg, datatype: float64, format: '%.5f'}
# - {name: galactocentric_r, unit: kpc, datatype: float64, format: '%0.4f', description: Galactocentric
#     radius in the xy plan}
# - {name: spec_alpha, datatype: float64, format: '%5g', description: Spectral model
#     parameter (log parabola)}
# - {name: spec_beta, datatype: float64, format: '%5g', description: Spectral model
#     parameter (log parabola)}
# - {name: spec_norm, unit: 1 / (cm2 MeV s), datatype: float64, format: '%5g', description: Spectral
#     model norm parameter (log parabola)}
# - {name: spec_norm_cu, unit: '%', datatype: float64, format: '%5g', description: Spectral
#     model norm parameter (log parabola) in crab units}
# - {name: int_flux_above_1TeV, unit: 1 / (cm2 s), datatype: float64, format: '%5g',
#   description: 'Integral flux above 1 TeV '}
# - {name: int_flux_above_1TeV_cu, unit: '%', datatype: float64, format: '%5g', description: Integral
#     flux above 1 TeV in crab units}
# - {name: luminosity, unit: erg / s, datatype: float64, description: Intrinsic source
#     luminosity}
# - {name: skip, datatype: int64, description: 'skip boolean: 0 take, 1 skip'}
# - {name: source_name, datatype: string, description: source name}
galactocentric_x galactocentric_y galactocentric_z size_physical type distance GLON GLAT RA DEC sigma galactocentric_r spec_alpha spec_beta spec_norm spec_norm_cu int_flux_above_1TeV int_flux_above_1TeV_cu luminosity skip source_name
-1.48813 2.99964 -0.12312 3.28423 composite 11.59618 -7.37348 -0.60834 262.33434 -35.48629 0.01622 3.3485 2.22168 0.288519 3.64316e-20 0.112791 2.34383e-14 0.125504 2.94457274587e+33 0 composite_0
0.04501 0.07311 -0.24324 22.46673 composite 8.57668 0.30081 -1.62516 268.17908 -29.51462 0.15003 0.0859 2.22437 0.204944 2.32376e-19 0.719432 1.56086e-13 0.835793 8.52189840477e+33 0 composite_1
-5.72280 10.06180 0.00901 20.94183 composite 19.42398 -17.13509 0.02658 254.25337 -43.01795 0.06175 11.5754 2.10749 0.266439 1.1935e-20 0.0369506 8.28062e-15 0.0443401 3.00720865465e+33 0 composite_2
1.50117 -0.63848 -0.55556 13.42570 composite 8.02282 10.81058 -3.97077 276.09200 -21.46381 0.09584 1.6313 2.2054 0.227132 7.92256e-20 0.24528 5.31311e-14 0.2845 2.73023236938e+33 0 composite_3
-1.45152 -0.15333 0.33033 19.59568 composite 8.47838 -9.86531 2.23289 257.70954 -35.90466 0.13237 1.4596 2.30403 0.196576 8.75607e-20 0.271086 5.64888e-14 0.302479 2.79409297916e+33 0 composite_4
-2.58382 1.84817 -0.13213 13.70337 composite 10.66669 -14.01945 -0.70975 257.59216 -40.99394 0.07358 3.1768 2.33941 0.281663 1.21403e-19 0.375859 7.36232e-14 0.394229 6.98918890297e+33 0 composite_5
-0.15949 0.93088 -0.21021 9.45525 composite 9.43457 -0.96886 -1.27670 267.08340 -30.42653 0.05740 0.9444 2.08037 0.394139 6.06328e-20 0.187718 3.99376e-14 0.213853 5.21506928776e+33 0 composite_6
4.32740 -4.54952 0.07207 8.89566 composite 5.85985 47.60707 0.70470 289.02907 13.35944 0.08695 6.2789 2.27 0.215362 1.80228e-19 0.557981 1.17305e-13 0.628132 2.9757998354e+33 0 composite_7
-1.48883 4.84193 -0.03003 3.34485 composite 13.42478 -6.36731 -0.12817 262.52298 -34.38221 0.01427 5.0657 1.92441 0.115493 2.78262e-20 0.0861491 2.39839e-14 0.128426 3.04505846711e+33 0 composite_8
7.67867 0.89934 0.10210 1.05760 composite 12.13754 39.24666 0.48197 285.31752 5.83834 0.01000 7.7312 1.85964 0.207837 2.18742e-20 0.0677219 1.8368e-14 0.0983546 2.64859087533e+33 0 composite_9
-0.17227 -7.04563 -0.04505 8.03636 composite 1.46523 -6.75520 -1.76190 263.93689 -35.59788 0.31413 7.0477 2.19678 0.166895 2.5477e-18 7.88762 1.77809e-12 9.52111 2.61239275375e+33 1 composite_10
-3.12670 -4.00747 0.03303 21.55204 composite 5.47359 -34.83705 0.34575 234.37136 -55.19154 0.22551 5.0829 2.36918 0.202125 2.63813e-18 8.16759 1.63746e-12 8.7681 3.27786641849e+34 1 composite_11
5.31456 -6.41328 0.13514 11.13078 composite 5.71115 68.56294 1.35589 299.60646 31.94593 0.11162 8.3291 2.31135 0.252207 1.59586e-19 0.494075 9.96333e-14 0.533504 2.56428600394e+33 0 composite_12
0.00174 -3.00505 0.05405 8.45795 composite 5.49522 0.01814 0.56356 265.86775 -28.62599 0.08815 3.0051 1.64783 0.12194 1.02389e-19 0.316994 1.07664e-13 0.576506 2.7837491394e+33 0 composite_13
-10.69330 -3.44212 0.05405 1.16008 composite 11.82927 -64.68607 0.26180 176.65021 -61.64723 0.01000 11.2336 2.06012 0.127552 3.49023e-20 0.108057 2.72101e-14 0.145701 2.55545146628e+33 0 composite_14
4.13624 2.13723 0.19520 2.56296 composite 11.41478 21.24835 0.97984 276.59141 -9.92765 0.01286 4.6558 1.93311 0.268659 1.89325e-19 0.586144 1.45533e-13 0.779284 2.12557636069e+34 0 composite_15
-6.64852 9.68355 0.04805 9.33985 composite 19.36096 -20.08412 0.14220 251.51241 -45.21801 0.02763 11.7462 2.20643 0.360714 6.74903e-20 0.208948 4.22614e-14 0.226296 1.85178838442e+34 0 composite_16
0.40836 1.22142 -0.10811 12.86882 composite 9.73059 2.40536 -0.63659 268.42489 -27.19992 0.07575 1.2879 1.82273 0.239622 2.0243e-19 0.626717 1.70247e-13 0.911618 1.80270215201e+34 0 composite_17
-6.31644 -5.29731 -0.05105 9.48292 composite 7.08218 -63.11315 -0.41300 179.60358 -62.66077 0.07669 8.2437 1.91773 0.15577 9.29047e-20 0.287631 7.79772e-14 0.417543 3.12073826966e+33 0 composite_18
-10.40940 -1.07578 0.03003 3.47080 composite 12.78576 -54.50267 0.13457 198.44583 -62.62582 0.01555 10.4648 2.18185 0.378331 3.37259e-20 0.104414 2.12153e-14 0.113601 4.37880891787e+33 0 composite_19
-4.07975 -4.31345 -0.02102 8.41232 composite 5.84568 -44.25978 -0.20603 219.52525 -60.39789 0.08242 5.9372 1.92593 0.293535 1.20465e-19 0.372957 9.15735e-14 0.490347 3.8261474925e+33 0 composite_20
-4.67569 -2.57777 -0.14715 5.09587 composite 7.54696 -38.29162 -1.11722 230.69963 -58.35934 0.03867 5.3392 2.24891 0.289756 9.43373e-20 0.292066 5.97717e-14 0.320058 3.12123340726e+33 0 composite_21
5.87296 -10.17260 0.00601 22.54052 composite 6.10650 105.89678 0.05639 338.90671 58.36300 0.21141 11.7462 2.16336 0.339213 5.40848e-19 1.67445 3.50074e-13 1.87453 1.48777177072e+34 1 composite_22
-5.77902 10.12800 -0.09309 7.33958 composite 19.50405 -17.23561 -0.27347 254.48923 -43.28351 0.02155 11.6608 1.95179 0.254768 8.243e-21 0.0255201 6.31932e-15 0.0338379 2.53792736138e+33 0 composite_23
-10.52350 -1.54094 0.01802 5.29176 composite 12.61637 -56.52383 0.08184 194.04958 -62.78488 0.02402 10.6357 2.0566 0.369268 2.19599e-20 0.0679873 1.48356e-14 0.0794399 3.27069395734e+33 0 composite_24
0.70435 -1.07820 0.44745 10.36321 composite 7.46856 5.42130 3.43471 266.28101 -22.52213 0.07947 1.2879 1.91195 0.190729 2.66962e-19 0.826506 2.19229e-13 1.1739 1.09033025706e+34 1 composite_25
6.01089 6.13015 0.06006 28.67841 composite 15.81694 22.33562 0.21756 277.78818 -9.31867 0.10385 8.5854 1.65765 0.38083 7.1686e-21 0.0221938 6.09038e-15 0.0326121 3.295882909e+33 0 composite_26
7.63944 -0.17370 0.44444 20.33496 composite 11.30866 42.53660 2.25235 285.24505 9.57274 0.10299 7.6414 2.10784 0.163733 1.25542e-19 0.388674 9.26581e-14 0.496154 8.52038649436e+33 0 composite_27
-6.70805 -5.62801 -0.19219 4.64615 composite 7.29953 -66.82226 -1.50872 171.16937 -62.72580 0.03645 8.7563 2.09768 0.148274 1.16025e-19 0.359209 8.70592e-14 0.466174 3.21875738277e+33 0 composite_28
0.74984 -3.61497 -0.41742 5.01871 composite 4.95984 8.72665 -4.82772 275.87192 -23.70217 0.05795 3.6919 2.19001 0.184955 1.3052e-18 4.04086 9.04737e-13 4.84458 1.60422861686e+34 1 composite_29
-10.14260 -5.57826 0.21622 7.60969 composite 10.55726 -73.93010 1.17354 160.31924 -57.37385 0.04128 11.5754 1.80746 0.187369 3.91609e-20 0.121241 3.45969e-14 0.185255 3.67475636575e+33 0 composite_30
10.76110 3.77641 -0.07808 2.47271 composite 16.32537 41.23675 -0.27403 286.91278 7.25971 0.01000 11.4045 2.05854 0.241772 2.30364e-20 0.0713202 1.66858e-14 0.089347 4.13891790842e+33 0 composite_31
3.31268 12.00070 -0.45345 16.31109 composite 20.77157 9.17900 -1.25088 272.68694 -21.61390 0.04497 12.4495 2.17872 0.13312 4.81823e-20 0.149171 3.47204e-14 0.185917 9.50011510069e+33 0 composite_32
6.67808 -4.68324 0.24324 1.44046 composite 7.69569 60.25050 1.81127 294.38195 25.00247 0.01072 8.1566 2.41234 0.368025 1.55525e-19 0.481502 8.75731e-14 0.468926 5.13553260207e+33 0 composite_33
6.52166 4.90161 -0.08108 9.01588 composite 14.90442 25.94906 -0.31169 279.94155 -6.35434 0.03465 8.1583 2.13073 0.387209 1.75616e-20 0.0543704 1.12997e-14 0.0605062 3.42493014278e+33 0 composite_34
0.99375 6.11322 0.03003 8.03653 composite 14.64700 3.89032 0.11747 268.53908 -25.53765 0.03143 6.1935 2.09849 0.138566 2.65757e-20 0.0822777 2.00614e-14 0.107423 2.90724909491e+33 0 composite_35
-10.26790 -5.34414 -0.12312 17.27768 composite 10.74264 -72.91508 -0.65667 160.34855 -59.46660 0.09211 11.5754 1.94521 0.290964 2.82495e-20 0.0874597 2.12586e-14 0.113833 2.92428998245e+33 0 composite_36
3.22416 3.23927 0.16517 5.29537 composite 12.17510 15.35747 0.77731 273.93190 -15.21945 0.02491 4.5703 1.85605 0.290166 1.86333e-20 0.0576884 1.48201e-14 0.0793569 2.82734486496e+33 0 composite_37
-3.28581 10.56360 0.06306 16.92107 composite 19.34480 -9.77944 0.18677 259.83954 -37.02720 0.05010 11.0628 2.19511 0.186671 2.14138e-20 0.0662966 1.47842e-14 0.0791648 3.99221823978e+33 0 composite_38
4.22499 2.33364 -0.07808 3.15757 composite 11.62860 21.30519 -0.38471 277.84629 -10.51083 0.01555 4.8266 1.85777 0.369739 4.11244e-20 0.12732 3.11104e-14 0.166586 7.11099485579e+33 0 composite_39
-10.01430 0.68515 0.09009 12.47592 composite 13.58901 -47.47285 0.37985 212.95898 -60.98524 0.05258 10.0377 2.23091 0.296421 2.9628e-20 0.0917277 1.88914e-14 0.101158 3.30744280188e+33 0 composite_40
1.62711 -0.11705 0.21622 17.20819 composite 8.54214 10.98439 1.45044 271.10733 -18.72288 0.11538 1.6313 2.06545 0.176168 1.09931e-18 3.40343 8.26298e-13 4.42456 4.61740352919e+34 0 composite_41
-2.86463 -0.99546 0.16216 6.78549 composite 8.03433 -20.89284 1.15650 249.67372 -45.15869 0.04837 3.0327 1.81879 0.277507 1.44753e-19 0.44815 1.18878e-13 0.636552 9.78054267527e+33 0 composite_42
2.71348 -2.75040 0.27327 20.05222 composite 6.36361 25.26461 2.46119 277.14972 -5.68460 0.18047 3.8636 2.2577 0.188811 1.41537e-19 0.438196 9.41279e-14 0.504025 2.65232103839e+33 0 composite_43
-0.69715 -6.24007 -0.11411 20.13689 composite 2.36777 -17.14411 -2.76233 257.31277 -44.72551 0.48709 6.2789 2.08951 0.147375 1.92672e-18 5.96508 1.45406e-12 7.78602 5.67194878503e+33 1 composite_44
6.57045 -5.78806 -0.01502 2.46957 composite 7.10814 67.57171 -0.12107 300.46452 30.32591 0.01990 8.7563 2.45095 0.204274 2.01195e-19 0.622895 1.19448e-13 0.639604 3.84380197529e+33 0 composite_45
0.54086 0.55189 0.21922 6.88098 composite 9.07068 3.41942 1.38486 267.06656 -25.29455 0.04345 0.7727 2.01321 0.261468 2.04809e-19 0.634084 1.50623e-13 0.806538 1.26976919958e+34 0 composite_46
1.58698 0.85581 0.22523 0.17128 composite 9.49212 9.62717 1.35965 270.48361 -19.94878 0.01000 1.8030 2.6895 0.2946 1.09896e-19 0.340236 5.59438e-14 0.299561 3.34923567779e+33 0 composite_47
4.01399 0.59457 -0.06306 17.74513 composite 9.94119 23.81480 -0.36345 279.00022 -8.27423 0.10223 4.0578 1.91855 0.350219 3.34581e-19 1.03586 2.46983e-13 1.32252 3.63062416585e+34 1 composite_48
-0.81681 -4.49677 -0.14715 17.93997 composite 4.08836 -11.53221 -2.06266 260.92874 -39.74794 0.25132 4.5704 2.21224 0.301619 3.66143e-19 1.13357 2.35205e-13 1.25945 3.84251013419e+33 1 composite_49
-3.31686 -0.62037 0.17718 16.53010 composite 8.55111 -22.82823 1.18726 247.76230 -46.56358 0.11072 3.3744 2.27192 0.189673 7.5631e-20 0.234152 4.98685e-14 0.26703 2.51901428685e+33 0 composite_50
10.64070 1.88588 0.02402 6.81769 composite 14.86915 45.69433 0.09256 288.67263 11.38159 0.02626 10.8065 2.3507 0.199659 5.02434e-20 0.155552 3.15399e-14 0.168886 4.68797350345e+33 0 composite_51
-0.16270 3.00064 -0.10511 1.00217 composite 11.50227 -0.81051 -0.52359 266.43340 -29.90077 0.01000 3.0050 2.03505 0.266609 2.87503e-20 0.0890103 2.08063e-14 0.111411 2.8138253859e+33 0 composite_52
1.32725 -5.94972 -0.36036 9.14525 composite 2.89748 27.49396 -7.14439 286.78670 -8.07090 0.18077 6.0960 2.2478 0.352993 1.28949e-18 3.99224 7.93176e-13 4.2472 7.32321587453e+33 0 composite_53
-4.74824 6.20912 -0.00300 8.19725 composite 15.45652 -17.89056 -0.01112 253.64267 -43.63015 0.03037 7.8166 2.22292 0.256956 2.30658e-20 0.0714111 1.50729e-14 0.0807106 3.07789896485e+33 0 composite_54
5.15877 -10.36230 0.02102 13.23285 composite 5.48466 109.84943 0.21959 345.67539 60.29980 0.13818 11.5754 2.28921 0.328252 3.56957e-19 1.10513 2.17396e-13 1.16408 6.45642723783e+33 1 composite_55
-10.55890 -1.27582 0.03303 2.83216 composite 12.79376 -55.62088 0.14792 196.01483 -62.68835 0.01268 10.6357 1.96138 0.271128 1.94583e-20 0.0602425 1.46781e-14 0.0785966 2.64980789259e+33 0 composite_56
-3.09393 0.72072 -0.49249 15.66769 composite 9.73841 -18.54872 -2.89879 256.27197 -45.93025 0.09215 3.1768 2.07175 0.293429 6.07407e-20 0.188052 4.23699e-14 0.226877 4.32167348805e+33 0 composite_57
-9.50321 2.65395 -0.00601 11.86884 composite 14.65338 -40.43113 -0.02350 226.11905 -58.53053 0.04639 9.8668 1.55879 0.356909 1.83824e-20 0.0569116 1.6941e-14 0.0907136 7.94557139862e+33 0 composite_58
2.08004 4.80661 -0.53453 4.86397 composite 13.47880 8.88437 -2.27278 273.50172 -22.36238 0.02067 5.2374 1.89161 0.231704 1.93388e-20 0.0598725 1.56365e-14 0.0837282 2.92722494068e+33 0 composite_59
6.25699 -6.12557 0.17117 2.58114 composite 6.69456 69.21903 1.46513 299.90269 32.56186 0.02208 8.7563 1.9245 0.309263 6.0321e-20 0.186752 4.54555e-14 0.2434 2.62655359302e+33 0 composite_60
7.22619 1.54469 0.08709 4.07682 composite 12.37422 35.73139 0.40325 283.77760 2.67528 0.01887 7.3894 2.08792 0.350184 5.04841e-20 0.156298 3.38543e-14 0.181279 6.55420712719e+33 0 composite_61
2.23451 -2.49385 -0.17117 1.91635 composite 6.41063 20.40706 -1.53003 278.45951 -11.83606 0.01712 3.3485 1.98364 0.294547 1.20761e-19 0.373874 8.86196e-14 0.47453 4.24483671332e+33 0 composite_62
-7.38008 9.57354 0.05405 10.72035 composite 19.52233 -22.21197 0.15863 249.47391 -46.80681 0.03145 12.0879 1.82606 0.118705 1.37866e-20 0.0426829 1.27102e-14 0.068059 3.66221250278e+33 0 composite_63
-0.24132 -3.51192 -0.01502 13.53323 composite 4.99394 -2.76977 -0.17233 264.88736 -31.38158 0.15521 3.5202 2.29673 0.245783 3.16869e-19 0.981018 2.00034e-13 1.07112 3.91316353559e+33 1 composite_64
-7.73440 -1.13049 0.01502 3.32051 composite 10.68320 -46.38392 0.08055 215.28066 -60.91711 0.01780 7.8166 2.44872 0.278653 5.39996e-20 0.167181 3.10176e-14 0.166089 2.69633699395e+33 0 composite_65
12.19590 -5.26514 0.10811 2.95043 composite 12.61808 75.14484 0.49091 304.82628 37.00299 0.01339 13.2839 1.79155 0.186888 3.48408e-20 0.107866 3.11336e-14 0.16671 4.77264351243e+33 0 composite_66
-4.95981 15.58930 -0.14414 21.68235 composite 24.59502 -11.63420 -0.33579 259.02323 -38.84345 0.05049 16.3593 2.15935 0.282426 1.22021e-20 0.0377775 8.14939e-15 0.0436374 4.7646939422e+33 0 composite_67
-2.44910 10.52540 -0.29129 4.75426 composite 19.18460 -7.33523 -0.86999 262.62854 -35.59860 0.01419 10.8066 1.69208 0.371199 5.64256e-21 0.0174692 4.72003e-15 0.0252742 3.49612464765e+33 0 composite_68
10.15160 -1.07657 -0.11411 7.83016 composite 12.57678 53.82360 -0.51986 293.21272 18.25348 0.03566 10.2085 2.44911 0.281305 4.28829e-20 0.132764 2.45987e-14 0.131718 2.98219258779e+33 0 composite_69
-2.05127 -5.38914 0.06607 9.87191 composite 3.72687 -33.40046 1.01579 235.66568 -53.79600 0.15171 5.7663 2.17621 0.105679 5.27054e-19 1.63175 3.87309e-13 2.07392 3.18583899175e+33 1 composite_70
5.12607 7.82469 -0.15315 29.44879 composite 17.11127 17.43266 -0.51282 276.11938 -13.99868 0.09857 9.3543 1.72226 0.255032 3.07243e-20 0.0951216 2.73286e-14 0.146336 1.02651329705e+34 0 composite_71
2.32031 -5.09171 0.14114 15.52328 composite 4.12555 34.24642 1.96054 281.71313 2.06334 0.21550 5.5955 2.07254 0.185929 5.34696e-19 1.65541 3.97606e-13 2.12905 5.30157819558e+33 1 composite_72
-4.06738 1.07512 -0.75075 19.71567 composite 10.43025 -23.01512 -4.12761 253.61154 -50.19982 0.10826 4.2071 2.20637 0.261083 6.57813e-20 0.203657 4.32874e-14 0.23179 4.12428366235e+33 0 composite_73
-0.25233 -0.05170 0.42342 3.61959 composite 8.46267 -1.71078 2.86793 262.59245 -28.84696 0.02450 0.2576 2.05701 0.318171 4.34547e-20 0.134535 3.01534e-14 0.161462 2.54020655149e+33 0 composite_74
-0.67673 5.19347 -0.37538 6.07639 composite 13.71532 -2.82925 -1.56835 266.24610 -32.16784 0.02537 5.2374 1.96264 0.136193 3.26391e-20 0.10105 2.69705e-14 0.144419 3.70818646046e+33 0 composite_75
-4.98708 -4.84714 -0.42943 2.82882 composite 6.19667 -53.77854 -3.97379 201.15801 -66.63329 0.02615 6.9545 2.32285 0.110359 4.36885e-19 1.35259 2.92813e-13 1.56792 6.21861498563e+33 1 composite_76
-0.35519 0.24110 -0.54955 1.85834 composite 8.76556 -2.32690 -3.59447 268.61335 -32.77499 0.01214 0.4293 2.3282 0.398956 1.40036e-19 0.433547 8.10936e-14 0.434231 7.27745937469e+33 0 composite_77
0.81366 -5.01737 0.04505 7.34861 composite 3.57670 13.15035 0.72168 272.88252 -17.18370 0.11767 5.0829 2.24296 0.152739 5.11974e-19 1.58506 3.50656e-13 1.87765 2.87611324745e+33 1 composite_78
-5.20876 -7.14455 0.05706 7.10910 composite 5.38253 -75.41370 0.60740 157.41971 -57.12673 0.07565 8.8417 2.21548 0.360148 4.82722e-19 1.49449 3.00933e-13 1.6114 1.00889654019e+34 1 composite_79
-2.99655 -1.84730 0.74174 17.50054 composite 7.33402 -24.24805 5.80464 241.70823 -44.26468 0.13667 3.5202 1.91954 0.181494 1.45989e-19 0.451978 1.20083e-13 0.643008 5.56676054295e+33 0 composite_80
