sky_model/pwn/ctadc_skymodel_gps_sources_pwn.ecsv
# %ECSV 0.9
# ---
# datatype:
# - {name: galactocentric_x, unit: kpc, datatype: float64, format: '%.5f', description: Galactocentric
#     x coordinate}
# - {name: galactocentric_y, unit: kpc, datatype: float64, format: '%.5f', description: Galactocentric
#     y coordinate}
# - {name: galactocentric_z, unit: kpc, datatype: float64, format: '%.5f', description: Galactocentric
#     z coordinate}
# - {name: spiralarm, datatype: string}
# - {name: GLON, unit: deg, datatype: float64, format: '%.5f', description: Galactic
#     longitude}
# - {name: GLAT, unit: deg, datatype: float64, format: '%.5f', description: Galactic
#     latitude}
# - {name: RA, unit: deg, datatype: float64, format: '%.5f'}
# - {name: DEC, unit: deg, datatype: float64, format: '%.5f'}
# - {name: distance, unit: kpc, datatype: float64, format: '%.5f'}
# - {name: sigma, unit: deg, datatype: float64, format: '%.5f', description: Angular
#     size}
# - {name: size_physical, unit: pc, datatype: float64, format: '%.5f', description: Physical
#     size}
# - {name: spec_alpha, datatype: float64, format: '%5g', description: Spectral model
#     parameter (log parabola)}
# - {name: spec_beta, datatype: float64, format: '%5g', description: Spectral model
#     parameter (log parabola)}
# - {name: spec_norm, unit: 1 / (cm2 MeV s), datatype: float64, format: '%5g', description: Spectral
#     model norm parameter (log parabola)}
# - {name: spec_norm_cu, unit: '%', datatype: float64, format: '%5g', description: Spectral
#     model norm parameter (log parabola) in crab units}
# - {name: int_flux_above_1TeV, unit: 1 / (cm2 s), datatype: float64, format: '%5g',
#   description: 'Integral flux above 1 TeV '}
# - {name: int_flux_above_1TeV_cu, unit: '%', datatype: float64, format: '%5g', description: Integral
#     flux above 1 TeV in crab units}
# - {name: source_name, datatype: string, description: source name}
# - {name: galactocentric_r, unit: kpc, datatype: float64, format: '%0.4f', description: Galactocentric
#     radius in the xy plan}
galactocentric_x galactocentric_y galactocentric_z spiralarm GLON GLAT RA DEC distance sigma size_physical spec_alpha spec_beta spec_norm spec_norm_cu int_flux_above_1TeV int_flux_above_1TeV_cu source_name galactocentric_r
[from data line 92]
-2.23291 -8.13991 0.05439 "Crux Scutum" -80.83910 1.37748 150.28237 -53.44522 2.26241 0.33368 13.17602 2.22287 0.208233 9.07432e-20 0.280939 6.08915e-14 0.326055 pwn_92 8.4406
-0.72145 1.14765 0.02672 "Crux Scutum" -4.27658 0.15824 263.60500 -32.47489 9.67462 0.13078 22.08280 1.86012 0.417982 1.15999e-20 0.0359131 8.52695e-15 0.0456591 pwn_93 1.3556
-8.58447 -17.14884 -0.03386 Perseus -135.21400 -0.15921 108.18306 -10.60794 12.18592 0.03903 8.30087 2.55349 0.214449 1.20109e-21 0.00371855 6.73593e-16 0.00360688 pwn_94 19.1775
6.87926 4.68716 0.14653 Perseus 27.54938 0.56444 279.89594 -4.53047 14.87437 0.10935 28.38821 2.61194 0.356498 4.92828e-20 0.152578 2.54015e-14 0.136017 pwn_95 8.3243
2.80658 0.86014 0.09680 "Crux Scutum" 16.69106 0.56756 274.77689 -14.14515 9.77233 0.12351 21.06526 2.31054 0.28308 3.42286e-21 0.0105971 2.10586e-15 0.0112762 pwn_96 2.9354
14.10275 -13.48372 0.01658 "Carina Sagittarius" 109.46270 0.06350 345.09570 59.99868 14.95745 0.03713 9.69217 2.12199 0.0599518 1.18775e-17 36.7725 9.33782e-12 50.0011 pwn_97 19.5115
-3.35722 -4.73679 0.11422 Norma -41.73668 1.29745 222.75380 -57.97005 5.04438 0.26587 23.40764 1.96143 0.358976 3.05019e-19 0.94433 2.18552e-13 1.17028 pwn_98 5.8059
5.32484 -3.58734 -0.17322 Perseus 47.30557 -1.36962 290.76274 12.12074 7.24695 0.03059 3.86871 1.91205 0.353186 1.85535e-19 0.574412 1.37248e-13 0.734917 pwn_99 6.4205
-10.42995 0.43910 -0.04259 "Carina Sagittarius" -49.40142 -0.17763 209.40235 -62.06039 13.73657 0.12209 29.26987 2.61325 0.0578591 1.26432e-19 0.39143 7.41011e-14 0.396788 pwn_100 10.4392
-9.63119 2.58674 -0.01183 "Carina Sagittarius" -40.98126 -0.04616 225.21309 -58.81566 14.68590 0.01133 2.90351 2.52432 0.280956 2.95804e-21 0.00915803 1.63552e-15 0.00875771 pwn_101 9.9725
1.20345 -2.88003 0.00578 "Carina Sagittarius" 12.08670 0.05758 272.95652 -18.43564 5.74738 0.28006 28.09292 2.0809 0.167825 2.29907e-19 0.711786 1.72091e-13 0.921494 pwn_102 3.1214
-7.12277 -11.02081 0.08070 "Carina Sagittarius" -109.48932 0.61195 122.80431 -32.53804 7.55611 0.06599 8.70299 1.62602 0.229425 3.35776e-19 1.03955 3.26036e-13 1.74582 pwn_103 13.1222
-9.25739 8.69550 -0.01754 Perseus -28.29630 -0.05145 243.20959 -51.30846 19.52908 0.06774 23.08912 1.2504 0.211379 3.94974e-21 0.0122283 5.25048e-15 0.0281146 pwn_104 12.7008
-3.61077 6.86229 -0.07489 "Carina Sagittarius" -13.22677 -0.27191 257.74643 -40.09602 15.78110 0.01000 2.75432 1.77497 0.0523872 1.89426e-21 0.0058646 1.92824e-15 0.0103251 pwn_105 7.7543
7.42135 2.90255 -0.03174 Perseus 33.05810 -0.13368 283.03599 0.05133 13.60499 0.03682 8.74248 2.06081 0.0790115 5.05272e-22 0.00156431 4.07996e-16 0.00218469 pwn_106 7.9688
-8.44591 4.01038 0.03206 "Carina Sagittarius" -34.02377 0.12170 235.74286 -54.88496 15.09450 0.08670 22.84061 2.52021 0.0434043 9.85942e-21 0.0305245 6.13153e-15 0.0328324 pwn_107 9.3497
-3.54051 5.19845 -0.05851 "Crux Scutum" -14.49159 -0.23696 256.71550 -41.09010 14.14872 0.06749 16.66518 1.9045 0.0962235 4.56717e-22 0.00141398 4.0552e-16 0.00217143 pwn_108 6.2896
-9.18330 -7.24966 0.00604 "Carina Sagittarius" -82.24663 0.03735 147.02598 -53.62278 9.26803 0.02952 4.77430 2.25144 0.426222 3.06493e-19 0.948895 1.82208e-13 0.975665 pwn_109 11.7000
-1.35878 6.21755 -0.01374 "Carina Sagittarius" -5.27481 -0.05325 263.16932 -33.42753 14.78015 0.04928 12.71356 2.49095 0.0122613 3.25533e-19 1.00784 2.09704e-13 1.1229 pwn_110 6.3643
-7.66278 -4.85122 0.02314 "Crux Scutum" -64.53765 0.15623 176.89884 -61.78613 8.48719 0.08235 12.19848 2.13856 0.215809 1.02513e-20 0.0317378 7.1919e-15 0.0385104 pwn_111 9.0693
-0.67744 5.91396 0.04083 "Carina Sagittarius" -2.69085 0.16212 264.60566 -31.13644 14.42993 0.07022 17.68584 2.05727 0.400468 6.12494e-20 0.189627 4.07205e-14 0.218045 pwn_112 5.9526
-1.45407 15.35752 0.00169 Norma -3.48776 0.00405 264.26137 -31.89401 23.90180 0.04921 20.52946 1.70737 0.0501291 2.0933e-21 0.00648081 2.25438e-15 0.0120715 pwn_113 15.4262
-1.66941 -6.17015 0.03820 Norma -35.62271 0.76348 232.82371 -55.30782 2.86646 0.50878 25.45455 1.73926 0.113857 4.46368e-19 1.38194 4.40758e-13 2.36012 pwn_114 6.3920
-6.23698 14.99647 -0.00067 Norma -14.86596 -0.00159 256.16595 -41.24634 24.31017 0.03692 15.66508 2.22483 0.36372 1.75445e-20 0.0543173 1.08666e-14 0.058187 pwn_115 16.2417
-9.94424 1.50476 0.02319 "Carina Sagittarius" -44.82620 0.09420 218.23338 -60.34263 14.10616 0.05145 12.66775 2.03973 0.323776 6.72952e-21 0.0208344 4.70127e-15 0.0251738 pwn_116 10.0574
-4.75014 7.13911 -0.05711 "Carina Sagittarius" -16.89534 -0.20018 254.70000 -42.97128 16.34469 0.01963 5.60118 2.13676 0.281512 4.66509e-20 0.14443 3.15685e-14 0.169039 pwn_117 8.5750
0.44375 -0.28317 -0.03415 "Carina Sagittarius" 3.09125 -0.23780 268.42939 -26.40656 8.22888 0.17009 24.42814 2.08582 0.0858204 2.06207e-21 0.0063841 1.62908e-15 0.00872318 pwn_118 0.5264
6.92077 10.15042 0.13472 Norma 20.35881 0.38802 276.70250 -10.99042 19.89355 0.06285 21.82268 2.29924 0.397266 1.49129e-20 0.0461699 8.76555e-15 0.0469367 pwn_119 12.2853
16.59229 5.93942 -0.05038 "Crux Scutum" 48.96862 -0.13122 290.44595 14.17101 21.99554 0.03423 13.14226 1.86459 0.0707071 1.01084e-20 0.0312955 9.44512e-15 0.0505756 pwn_120 17.6233
-8.02501 -4.71760 0.03100 "Crux Scutum" -64.76425 0.20021 176.45828 -61.68732 8.87177 0.10507 16.26909 1.99933 0.0673989 7.2134e-22 0.00223325 6.13217e-16 0.00328358 pwn_121 9.3089
-7.35426 -2.12242 0.04655 "Crux Scutum" -49.06834 0.27400 209.83829 -61.53839 9.73452 0.12036 20.44988 2.66885 0.397518 1.21888e-21 0.00377362 6.03977e-16 0.0032341 pwn_122 7.6544
1.12084 -3.14778 0.01591 "Carina Sagittarius" 11.82767 0.16670 272.72412 -18.61011 5.46835 0.06491 6.19458 1.86006 0.184612 1.88328e-21 0.00583059 1.60833e-15 0.00861211 pwn_123 3.3414
3.29214 0.73744 -0.02685 "Crux Scutum" 19.61562 -0.15689 276.84144 -11.90185 9.80659 0.01329 2.27426 2.01553 0.156309 1.45021e-19 0.448981 1.14047e-13 0.610683 pwn_124 3.3737
-4.14857 1.41998 -0.00679 Norma -22.69483 -0.03618 249.21095 -47.29570 10.75252 0.05619 10.54481 1.92318 0.139336 5.67895e-20 0.175819 4.80852e-14 0.257481 pwn_125 4.3849
-12.37752 2.57145 -0.16901 Perseus -48.18797 -0.58311 212.13289 -62.11833 16.60749 0.06371 18.46708 2.23343 0.162486 4.75987e-20 0.147364 3.25943e-14 0.174532 pwn_126 12.6418
3.66874 1.55913 0.01126 "Crux Scutum" 20.03781 0.06023 276.84585 -11.42712 10.70728 0.08221 15.36238 2.40672 0.170294 3.4758e-21 0.010761 2.14887e-15 0.0115065 pwn_127 3.9863
5.26321 7.47343 0.01002 Perseus 18.23695 0.03415 276.00932 -13.03195 16.81821 0.07232 21.22966 1.95054 0.348184 1.48203e-19 0.458834 1.07505e-13 0.575657 pwn_128 9.1408
-10.18095 13.29625 0.05996 Norma -25.03710 0.14281 246.61686 -48.88217 24.05685 0.05919 24.85162 1.97058 0.120131 9.09453e-20 0.281564 7.56618e-14 0.405144 pwn_129 16.7464
1.25370 -0.53859 0.05447 Perseus 8.94899 0.38726 271.03053 -21.01783 8.05970 0.10958 15.41471 2.01631 0.162663 1.39636e-20 0.043231 1.09272e-14 0.0585115 pwn_130 1.3645
6.70741 -1.95187 -0.00838 Perseus 45.68844 -0.05121 288.79965 11.30953 9.37376 0.03255 5.32456 2.25895 0.388106 7.42128e-19 2.29761 4.46807e-13 2.39251 pwn_131 6.9856
-6.13306 2.26363 -0.01179 "Crux Scutum" -29.67428 -0.05454 241.57396 -52.24378 12.38832 0.11901 25.73305 1.87818 0.456575 7.17691e-21 0.0222195 5.11563e-15 0.0273925 pwn_132 6.5375
-4.13797 4.61758 0.12487 "Crux Scutum" -17.50800 0.52013 253.40787 -42.99818 13.75533 0.07448 17.88036 1.98721 0.306418 3.18821e-22 0.000987063 2.31852e-16 0.00124149 pwn_133 6.2004
1.84485 1.52665 0.00936 Perseus 10.42548 0.05259 272.11152 -19.89256 10.19496 0.12690 22.57958 1.38834 0.0525591 6.42977e-22 0.00199064 9.12345e-16 0.00488531 pwn_134 2.3946
6.24177 -1.16971 -0.03460 Perseus 40.41451 -0.20592 286.47099 6.56089 9.62777 0.12839 21.57469 1.68548 0.270792 1.4634e-19 0.453064 1.319e-13 0.706282 pwn_135 6.3504
-2.29865 4.73346 0.03011 "Crux Scutum" -9.85393 0.12843 259.84589 -37.12169 13.43165 0.12406 29.08290 2.06627 0.313889 1.73201e-20 0.0536227 1.19836e-14 0.0641684 pwn_136 5.2621
9.86442 7.02427 0.01736 Norma 32.43267 0.05407 282.58370 -0.41967 18.39321 0.03088 9.91245 2.36936 0.157026 1.86368e-19 0.576991 1.18442e-13 0.634217 pwn_137 12.1098
14.10569 -10.87406 0.01756 "Carina Sagittarius" 99.55366 0.07034 329.31275 54.83371 14.30409 0.08649 21.59296 2.18852 0.414 1.45773e-20 0.0451311 8.99116e-15 0.0481448 pwn_138 17.8105
-6.42967 0.87166 0.11749 "Crux Scutum" -34.45307 0.59227 234.65670 -54.76565 11.36584 0.06008 11.91720 1.77037 0.391039 2.8842e-20 0.089294 2.27019e-14 0.121562 pwn_139 6.4885
7.38764 2.74507 0.06335 Perseus 33.30359 0.26979 282.78884 0.45380 13.45485 0.05436 12.76430 1.67992 0.287653 5.85211e-23 0.00018118 5.22858e-17 0.000279974 pwn_140 7.8812
-7.14938 -5.10268 -0.04801 "Crux Scutum" -64.58336 -0.34748 176.53875 -62.26288 7.91566 0.05840 8.06885 2.1524 0.0725078 2.98803e-18 9.25086 2.28136e-12 12.216 pwn_141 8.7836
-3.98007 -1.88692 -0.00896 Norma -31.04155 -0.06650 239.89203 -53.15532 7.71841 0.08388 11.29996 1.60416 0.348691 1.07812e-20 0.0333785 9.6957e-15 0.0519174 pwn_142 4.4047
9.73753 6.92380 -0.01663 Norma 32.26551 -0.05224 282.60209 -0.61692 18.24044 0.08957 28.51552 2.41978 0.447674 3.36039e-20 0.104037 1.82819e-14 0.0978936 pwn_143 11.9482
-4.67215 -0.77303 0.12471 Norma -31.15945 0.79126 238.82556 -52.57635 9.03054 0.06240 9.83449 2.11917 0.125051 2.50261e-19 0.774803 1.88173e-13 1.0076 pwn_144 4.7357
2.33037 10.03162 -0.16575 Perseus 7.16738 -0.50845 270.92765 -23.00963 18.67831 0.02610 8.50746 1.6178 0.479343 1.92133e-20 0.0594839 1.57294e-14 0.0842259 pwn_145 10.2987
2.61321 -1.68061 -0.03074 "Carina Sagittarius" 20.96695 -0.24118 277.55753 -10.74420 7.30300 0.14210 18.11251 1.81021 0.385651 4.82136e-20 0.149268 3.71709e-14 0.199038 pwn_146 3.1070
-6.68676 -3.61406 -0.08748 "Crux Scutum" -53.84485 -0.60522 200.04694 -63.29690 8.28208 0.06123 8.85063 1.88271 0.150161 2.13409e-20 0.0660708 1.84244e-14 0.0986566 pwn_147 7.6009
-1.91718 -21.47731 0.02619 Perseus -171.59628 0.11439 91.21269 21.73907 13.11818 0.06545 14.98574 1.86804 0.308411 1.72485e-20 0.0534009 1.3459e-14 0.0720685 pwn_148 21.5627
1.68992 0.93747 0.08623 Norma 10.15207 0.51532 271.54011 -19.90616 9.58797 0.15097 25.26437 1.65302 0.153924 1.17571e-20 0.0363997 1.19501e-14 0.063989 pwn_149 1.9325
-9.50596 7.53960 0.00643 Perseus -30.65334 0.01976 240.28670 -52.83638 18.64490 0.02478 8.06331 1.8376 0.0497339 3.8601e-20 0.119508 3.75224e-14 0.200921 pwn_150 12.1330
-9.95658 -6.00552 0.00966 "Carina Sagittarius" -75.93486 0.05394 156.06374 -57.32453 10.26431 0.07623 13.65547 1.89468 0.412074 3.82322e-19 1.18366 2.76436e-13 1.48023 pwn_151 11.6275
0.02795 4.97829 -0.04908 "Crux Scutum" 0.11882 -0.20863 266.67923 -28.94319 13.47841 0.08031 18.89171 1.88661 0.332904 9.91029e-21 0.030682 7.53187e-15 0.0403308 pwn_152 4.9784
-11.11470 -4.78323 -0.01118 "Carina Sagittarius" -71.51001 -0.05466 163.35476 -59.57580 11.71968 0.08332 17.04389 2.43839 0.307 1.3129e-19 0.406472 7.48755e-14 0.400934 pwn_153 12.1002
13.99518 6.42004 0.10025 "Crux Scutum" 43.16801 0.28079 287.31432 9.22940 20.45685 0.08198 29.26838 2.13145 0.0710864 1.19926e-20 0.0371287 9.29253e-15 0.0497585 pwn_154 15.3975
-3.14444 -15.21732 0.05206 "Carina Sagittarius" -154.91526 0.40215 99.62349 7.16395 7.41705 0.16132 20.88258 1.80202 0.188689 1.05364e-18 3.26203 9.33387e-13 4.99799 pwn_155 15.5388
14.52918 1.00584 0.06849 "Crux Scutum" 56.80495 0.22602 294.05743 21.22209 17.36268 0.07451 22.57980 1.99961 0.438318 9.41421e-20 0.291462 6.33709e-14 0.339331 pwn_156 14.5640
1.94253 6.15656 -0.01564 "Carina Sagittarius" 7.54978 -0.06060 270.70911 -22.45630 14.78473 0.11257 29.04712 1.83613 0.0816522 8.45583e-20 0.26179 7.99189e-14 0.42794 pwn_157 6.4557
-6.73309 2.04092 0.14201 "Crux Scutum" -32.56869 0.65050 237.15324 -53.57450 12.50862 0.06095 13.30637 2.01 0.0239514 3.29918e-19 1.02142 2.88612e-13 1.54543 pwn_158 7.0356
-1.50062 1.67726 0.07691 Norma -8.38772 0.42834 260.57920 -35.74632 10.28759 0.06474 11.62386 2.36265 0.0955757 3.95134e-19 1.22333 2.61016e-13 1.39766 pwn_159 2.2506
11.97811 -12.80014 -0.01180 "Carina Sagittarius" 109.74811 -0.05310 345.71202 60.00946 12.72661 0.01238 2.74902 2.17568 0.12509 6.45393e-19 1.99812 4.68376e-13 2.508 pwn_160 17.5305
-10.34778 -5.52037 -0.00662 "Carina Sagittarius" -73.93633 -0.03525 159.20336 -58.42727 10.76823 0.03590 6.74723 2.78568 0.391821 2.55411e-19 0.790745 1.20657e-13 0.646079 pwn_161 11.7282
-0.56221 1.47964 0.03359 Perseus -3.22437 0.19254 264.24080 -31.57059 9.99552 0.04733 8.25673 2.21278 0.324071 6.78193e-20 0.209967 4.30732e-14 0.230643 pwn_162 1.5829
-3.26205 -2.60988 0.02434 Perseus -28.97845 0.20715 242.12483 -51.58258 6.73313 0.05725 6.72729 1.82592 0.00867137 3.3434e-20 0.103511 3.41348e-14 0.182781 pwn_163 4.1776
4.06860 -0.27590 -0.09220 "Carina Sagittarius" 26.32238 -0.57571 280.34961 -6.14336 9.17594 0.14363 23.00255 2.34292 0.00864483 3.25791e-21 0.0100864 2.30208e-15 0.0123269 pwn_164 4.0779
4.61092 -3.58865 0.09025 Perseus 43.19286 0.76753 286.88808 9.47566 6.73722 0.14259 16.76626 2.42398 0.283448 1.43373e-19 0.443881 8.32041e-14 0.445531 pwn_165 5.8429
-7.34118 -11.47881 0.03533 "Carina Sagittarius" -112.08573 0.25552 120.80757 -30.54487 7.92259 0.14840 20.51972 2.42825 0.316646 1.8807e-20 0.0582259 1.07351e-14 0.0574828 pwn_166 13.6256
-6.59653 -3.21431 -0.04394 "Crux Scutum" -51.29538 -0.29780 205.48483 -62.60216 8.45308 0.16860 24.87368 1.77173 0.0627109 7.67716e-20 0.237683 7.75669e-14 0.415346 pwn_167 7.3380
-3.79970 1.65707 0.18480 Norma -20.51053 0.97626 250.22414 -44.99282 10.84610 0.04265 8.07396 2.05571 0.305231 4.69602e-19 1.45388 3.28432e-13 1.75865 pwn_168 4.1453
-7.32851 3.46614 -0.14301 "Carina Sagittarius" -31.48485 -0.58393 239.89301 -53.83667 14.03268 0.04403 10.78469 2.43954 0.120176 7.21258e-20 0.2233 4.49729e-14 0.240815 pwn_169 8.1069
-3.42362 10.36939 0.16594 Perseus -10.28374 0.49575 259.15806 -37.26108 19.17818 0.06477 21.67995 1.59458 0.168361 3.01646e-21 0.00933889 3.16391e-15 0.0169417 pwn_170 10.9200
0.68156 -4.11625 -0.05182 Perseus 8.83728 -0.66926 271.96157 -21.63143 4.43672 0.16386 12.68879 1.95017 0.204416 3.14128e-20 0.0972533 2.49223e-14 0.133451 pwn_171 4.1723
1.77841 -1.86721 -0.07336 "Crux Scutum" 15.00931 -0.61205 275.03123 -16.18462 6.86746 0.01947 2.33333 1.67192 0.0580974 3.32658e-21 0.010299 3.6575e-15 0.0195848 pwn_172 2.5786
-9.35472 4.02836 0.02658 "Carina Sagittarius" -36.74811 0.09741 231.84075 -56.49377 15.63558 0.05090 13.89089 1.82023 0.481547 1.44516e-19 0.447418 1.05023e-13 0.562367 pwn_173 10.1852
-1.22437 -2.76144 -0.02727 "Carina Sagittarius" -12.04396 -0.26624 258.64345 -39.13603 5.86779 0.26730 27.37546 1.79626 0.486882 7.5187e-22 0.00232777 5.52261e-16 0.00295718 pwn_174 3.0207
2.68958 5.59544 0.22589 "Carina Sagittarius" 10.80288 0.90186 271.51929 -19.14952 14.35152 0.05251 13.15206 2.47517 0.222501 4.69389e-21 0.0145322 2.72855e-15 0.0146105 pwn_175 6.2083
-7.27677 -0.17422 0.01146 "Crux Scutum" -41.15362 0.05939 224.82344 -58.80435 11.05758 0.05682 10.96488 2.02964 0.128733 2.30654e-22 0.000714099 1.83285e-16 0.000981432 pwn_176 7.2789
-1.45734 2.66420 -0.09889 Norma -7.43716 -0.50325 262.18356 -35.48121 11.25935 0.15108 29.69012 1.84099 0.479297 6.52843e-21 0.0202119 4.69517e-15 0.0251411 pwn_177 3.0367
6.65196 -2.11805 0.02958 Perseus 46.18678 0.18385 288.82392 11.86001 9.21839 0.12343 19.85824 1.78932 0.409029 1.05061e-20 0.0325266 8.08946e-15 0.0433165 pwn_178 6.9810
-5.69585 -12.57516 0.26872 "Carina Sagittarius" -125.58224 2.19731 115.05823 -17.95407 7.00870 0.09750 11.92637 2.1425 0.362114 3.14533e-20 0.0973787 2.0357e-14 0.109005 pwn_179 13.8050
10.82961 0.75060 0.01072 Norma 49.49621 0.04312 290.54379 14.71852 14.24269 0.01772 4.40586 2.09666 0.230906 2.16077e-20 0.0668969 1.54002e-14 0.082463 pwn_180 10.8556
-8.96746 2.39012 -0.02275 "Carina Sagittarius" -39.46973 -0.09238 227.77120 -58.11069 14.10711 0.09725 23.94453 2.50322 0.205289 6.72218e-21 0.0208117 3.88278e-15 0.020791 pwn_181 9.2805
