sky_model/pwn/ctadc_skymodel_gps_sources_pwn.ecsv
# %ECSV 0.9
# ---
# datatype:
# - {name: spiralarm, datatype: unicode, description: 'Which spiralarm?'}
# - {name: galactocentric_x, unit: kpc, datatype: float64, format: '%.5f', description: Galactocentric
#     x coordinate}
# - {name: galactocentric_y, unit: kpc, datatype: float64, format: '%.5f', description: Galactocentric
#     y coordinate}
# - {name: galactocentric_z, unit: kpc, datatype: float64, format: '%.5f', description: Galactocentric
#     z coordinate}
# - {name: type, datatype: string, description: type of PWN}
# - {name: size_physical, unit: pc, datatype: float64, format: '%.5f', description: Physical
#     size}
# - {name: distance, unit: kpc, datatype: float64, format: '%.5f', description: Distance
#     observer to source center}
# - {name: GLON, unit: deg, datatype: float64, format: '%.5f', description: Galactic
#     longitude}
# - {name: GLAT, unit: deg, datatype: float64, format: '%.5f', description: Galactic
#     latitude}
# - {name: RA, unit: deg, datatype: float64, format: '%.5f'}
# - {name: DEC, unit: deg, datatype: float64, format: '%.5f'}
# - {name: sigma, unit: deg, datatype: float64, format: '%.5f'}
# - {name: galactocentric_r, unit: kpc, datatype: float64, format: '%0.4f', description: Galactocentric
#     radius in the xy plan}
# - {name: spec_alpha, datatype: float64, format: '%5g', description: Spectral model
#     parameter (log parabola)}
# - {name: spec_beta, datatype: float64, format: '%5g', description: Spectral model
#     parameter (log parabola)}
# - {name: spec_norm, unit: 1 / (cm2 MeV s), datatype: float64, format: '%5g', description: Spectral
#     model norm parameter (log parabola)}
# - {name: spec_norm_cu, unit: '%', datatype: float64, format: '%5g', description: Spectral
#     model norm parameter (log parabola) in crab units}
# - {name: int_flux_above_1TeV, unit: 1 / (cm2 s), datatype: float64, format: '%5g',
#   description: 'Integral flux above 1 TeV '}
# - {name: int_flux_above_1TeV_cu, unit: '%', datatype: float64, format: '%5g', description: Integral
#     flux above 1 TeV in crab units}
# - {name: luminosity, unit: erg / s, datatype: float64, description: Intrinsic source
#     luminosity}
# - {name: skip, datatype: int64, description: 'skip boolean: 0 take, 1 skip'}
# - {name: source_name, datatype: string, description: source name}
spiralarm galactocentric_x galactocentric_y galactocentric_z type size_physical distance GLON GLAT RA DEC sigma galactocentric_r spec_alpha spec_beta spec_norm spec_norm_cu int_flux_above_1TeV int_flux_above_1TeV_cu luminosity skip source_name
[from data line 159]
Perseus -2.43571 -3.62772 0.10946 isolated 16.57362 5.44829 -26.56100 1.15120 243.88252 -49.24149 0.17423 4.3696 2.22108 0.153233 3.33442e-19 1.03233 2.31285e-13 1.23846 4.46701588227e+33 0 pwn_159
Perseus 6.21562 5.46233 -0.01160 isolated 27.36872 15.28335 23.99721 -0.04347 278.79803 -7.96505 0.10256 8.2747 2.12727 0.230482 3.56999e-20 0.110526 2.4996e-14 0.133846 4.98693370091e+33 0 pwn_160
Perseus -2.48237 2.12118 -0.07724 isolated 10.22462 10.90769 -13.15499 -0.40575 257.94304 -40.11725 0.05369 3.2652 2.33148 0.339671 6.15609e-20 0.190591 3.65056e-14 0.195476 4.26859191487e+33 0 pwn_161
Perseus 6.17419 -2.13325 -0.01009 isolated 12.15398 8.86883 44.12029 -0.06516 288.07173 9.91402 0.07849 6.5323 2.29905 0.199544 3.46051e-19 1.07137 2.23513e-13 1.19684 1.22281995534e+34 0 pwn_162
Perseus 1.47188 -5.28771 -0.02620 isolated 16.32336 3.53354 24.61735 -0.42490 279.42762 -7.58964 0.26458 5.4887 2.08444 0.237319 1.09948e-18 3.40395 7.86298e-13 4.21037 8.83759675185e+33 0 pwn_163
"Crux Scutum" -1.41720 4.86290 -0.00068 isolated 6.78335 13.43784 -6.05384 -0.00289 262.60526 -34.05157 0.02891 5.0652 2.10904 0.152531 4.4102e-20 0.136539 3.27647e-14 0.175445 4.12314665441e+33 0 pwn_164
"Carina Sagittarius" -0.87648 7.62153 0.01883 isolated 24.70219 16.14535 -3.11192 0.06684 264.43609 -31.54314 0.08763 7.6718 2.39584 0.358359 2.60243e-20 0.0805707 1.48298e-14 0.0794089 3.78225897957e+33 0 pwn_165
"Carina Sagittarius" -9.31827 2.76433 -0.00407 isolated 9.79889 14.61900 -39.59882 -0.01595 227.48724 -58.11035 0.03839 9.7197 2.05593 0.264136 1.70426e-20 0.0527634 1.22002e-14 0.0653284 2.60005569618e+33 0 pwn_166
Perseus -2.63465 -0.31020 0.10198 isolated 4.58816 8.60376 -17.83291 0.67914 252.95754 -43.14859 0.03054 2.6528 2.01048 0.196996 6.27894e-20 0.194394 4.81832e-14 0.258005 3.01570423723e+33 0 pwn_167
Norma 8.80919 9.25022 0.07330 isolated 20.94826 19.81610 26.39458 0.21194 279.67896 -5.71835 0.06055 12.7737 2.16624 0.15918 3.76324e-20 0.116509 2.68774e-14 0.14392 7.21820616405e+33 0 pwn_168
"Crux Scutum" -2.42978 -9.51343 0.02585 isolated 17.72304 2.63279 -112.64035 0.56260 120.76710 -29.91189 0.38555 9.8188 2.30113 0.250421 9.11137e-19 2.82086 5.72481e-13 3.06545 3.14040947759e+33 0 pwn_169
"Carina Sagittarius" 2.74109 -2.85196 -0.00106 isolated 28.10023 6.27805 25.88807 -0.00965 279.64335 -6.27008 0.25635 3.9557 2.03606 0.108053 1.37601e-19 0.42601 1.10537e-13 0.591889 2.81135326276e+33 0 pwn_170
"Crux Scutum" 13.32362 0.32080 -0.06672 isolated 24.13131 15.97904 56.49377 -0.23922 294.32947 20.72334 0.08649 13.3275 2.09583 0.26 1.90417e-20 0.0589527 1.33493e-14 0.0714812 3.24979936156e+33 0 pwn_171
Perseus 7.05125 -1.59620 -0.01154 isolated 3.97253 9.86827 45.60537 -0.06703 288.77453 11.22863 0.02306 7.2297 1.88551 0.299857 1.00868e-19 0.312285 7.8286e-14 0.419197 9.8706796112e+33 0 pwn_172
"Crux Scutum" 1.99387 19.36948 0.02626 isolated 17.30457 27.94073 4.09215 0.05385 268.71293 -25.39571 0.03547 19.4718 2.20539 0.128819 2.29033e-20 0.0709082 1.62818e-14 0.0871839 7.84869684413e+33 0 pwn_173
"Carina Sagittarius" 3.27305 2.66188 -0.02814 isolated 26.43141 11.63190 16.34296 -0.13861 275.25024 -14.78528 0.13014 4.2188 2.05416 0.190318 3.93143e-20 0.121716 2.94855e-14 0.157886 3.20593793749e+33 0 pwn_174
"Crux Scutum" -7.61278 0.48354 -0.07852 isolated 3.49506 11.77559 -40.27844 -0.38206 226.71360 -58.76759 0.01700 7.6281 2.02039 0.327952 9.31779e-20 0.288476 6.56649e-14 0.351615 1.14237153689e+34 0 pwn_175
"Crux Scutum" 2.12439 4.84375 0.08448 isolated 13.08355 13.51206 9.04586 0.35823 271.10854 -20.94768 0.05546 5.2891 2.2521 0.230636 3.19692e-20 0.0989758 2.08448e-14 0.111617 2.96406969632e+33 0 pwn_176
Norma -4.75707 -2.19466 0.02705 isolated 25.49348 7.89860 -37.03278 0.19623 231.31216 -56.57015 0.18486 5.2389 1.92127 0.283908 6.9337e-20 0.214666 5.31748e-14 0.284734 3.94694234477e+33 0 pwn_177
"Crux Scutum" -7.13032 -2.80934 0.01309 isolated 9.73206 9.12279 -51.40686 0.08223 205.09119 -62.25053 0.06110 7.6638 2.12322 0.369953 4.54479e-20 0.140706 2.96053e-14 0.158527 3.2062809489e+33 0 pwn_178
"Carina Sagittarius" -5.04865 -12.85833 0.04394 isolated 3.32891 6.66977 -130.80299 0.37744 110.78103 -14.25632 0.02859 13.8140 2.33809 0.16664 3.03773e-19 0.940474 1.95432e-13 1.04648 5.44049352023e+33 0 pwn_179
"Carina Sagittarius" -10.38395 -2.54011 0.05558 isolated 12.19545 11.97288 -60.14625 0.26596 186.19335 -62.44632 0.05834 10.6901 2.34134 0.24167 3.81413e-20 0.118085 2.35574e-14 0.126142 2.53687006713e+33 0 pwn_180
"Carina Sagittarius" -8.62559 2.13876 -0.00170 isolated 3.93392 13.69613 -39.03412 -0.00710 228.39342 -57.81388 0.01645 8.8868 1.94762 0.176126 1.99969e-20 0.0619098 1.62091e-14 0.0867945 2.52708099947e+33 0 pwn_181
"Carina Sagittarius" -4.54636 5.52389 0.07178 isolated 27.72364 14.74259 -17.96203 0.27895 253.26998 -43.50237 0.10770 7.1542 1.94155 0.121284 8.61035e-20 0.266574 7.30054e-14 0.39092 1.12508813333e+34 0 pwn_182
Perseus -14.04485 2.41147 0.08932 isolated 26.02503 17.78555 -52.15631 0.28775 203.43092 -62.18005 0.08381 14.2504 2.28796 0.399084 1.84597e-20 0.0571508 1.09025e-14 0.0583795 4.18789415631e+33 0 pwn_183
Norma -1.48998 -7.24635 -0.03053 isolated 14.39188 1.94747 -49.92328 -0.89836 208.69551 -62.88808 0.42326 7.3979 2.07663 0.257281 1.06085e-18 3.28436 7.53266e-13 4.0335 2.74425451142e+33 0 pwn_184
Perseus -8.12649 7.25700 0.01210 isolated 14.01111 17.72916 -27.28189 0.03910 244.27450 -50.54250 0.04526 10.8951 1.93221 0.369876 9.54785e-21 0.0295599 6.9151e-15 0.0370281 3.41095352351e+33 0 pwn_185
"Carina Sagittarius" -9.79637 -5.91183 0.00272 isolated 29.44450 10.13250 -75.20077 0.01541 157.18901 -57.74348 0.16643 11.4420 1.7073 0.253984 2.68266e-20 0.0830544 2.41256e-14 0.129185 3.20683862111e+33 0 pwn_186
"Crux Scutum" 1.67660 4.00955 0.00394 isolated 16.21005 12.62141 7.63363 0.01788 270.67998 -22.34465 0.07356 4.3460 1.87416 0.338468 1.85271e-20 0.0573595 1.41391e-14 0.0757104 3.35974740371e+33 0 pwn_187
"Carina Sagittarius" -10.24946 0.63678 0.10394 isolated 14.79061 13.73110 -48.28493 0.43372 211.32116 -61.17241 0.06169 10.2692 2.33468 0.170674 7.62201e-20 0.235976 4.90216e-14 0.262495 5.8522963099e+33 0 pwn_188
"Carina Sagittarius" -0.97925 -0.86407 -0.02470 isolated 13.81268 7.69851 -7.30787 -0.18380 261.94566 -35.19643 0.10276 1.3060 2.00293 0.238016 6.17399e-20 0.191145 4.63552e-14 0.248217 2.64190108953e+33 0 pwn_189
Norma -4.47151 -1.83994 0.16971 isolated 11.57783 8.02369 -33.87704 1.21197 234.81974 -53.92498 0.08264 4.8353 2.17049 0.225803 8.08458e-20 0.250297 5.53525e-14 0.296395 2.90855880303e+33 0 pwn_190
Norma -4.14711 1.35410 0.08145 isolated 12.26724 10.69151 -22.82387 0.43650 248.56953 -47.07203 0.06571 4.3626 2.20246 0.110591 5.20461e-20 0.161133 3.75033e-14 0.200818 2.53307715468e+33 0 pwn_191
"Crux Scutum" -6.79461 0.94932 -0.00432 isolated 14.99836 11.63857 -35.71835 -0.02128 233.48575 -56.00460 0.07381 6.8606 2.38077 0.347163 4.10508e-20 0.127092 2.36765e-14 0.12678 3.08334968103e+33 0 pwn_192
Perseus 2.69064 9.77008 0.05034 isolated 27.93513 18.46721 8.37775 0.15617 270.94529 -21.62890 0.08664 10.1338 2.28385 0.112287 3.49668e-20 0.108256 2.39551e-14 0.128272 4.63506914977e+33 0 pwn_193
"Carina Sagittarius" 0.73576 -3.11758 0.03859 isolated 26.70190 5.43261 7.78392 0.40696 270.39480 -22.02179 0.28151 3.2032 2.34349 0.166334 4.22642e-19 1.30849 2.71131e-13 1.45182 4.98730128787e+33 0 pwn_194
Norma 2.03122 -6.88280 0.02197 isolated 23.59476 2.59648 51.47427 0.48479 291.10997 16.67060 0.52046 7.1763 2.31105 0.293067 1.00922e-17 31.2452 6.17794e-12 33.0809 3.66400615686e+34 1 pwn_195
"Crux Scutum" 14.98215 0.36093 -0.02235 isolated 24.16218 17.40636 59.39855 -0.07358 295.71917 23.33215 0.07950 14.9865 1.72487 0.125374 1.06638e-20 0.0330148 1.05342e-14 0.0564072 2.6296494685e+33 0 pwn_196
"Carina Sagittarius" 3.59247 2.83533 -0.04672 isolated 14.44589 11.89107 17.58480 -0.22512 275.93086 -13.72958 0.06958 4.5766 2.24507 0.221147 1.0693e-19 0.331053 7.0354e-14 0.376723 7.5942075628e+33 0 pwn_197
Perseus 4.35068 8.14140 0.02099 isolated 18.73618 17.20073 14.65131 0.06992 274.22928 -16.17709 0.06239 9.2310 2.1139 0.380386 1.12802e-20 0.0349232 7.34722e-15 0.039342 2.95055561472e+33 0 pwn_198
Perseus 7.99367 3.06176 0.05786 isolated 27.21686 14.05619 34.65952 0.23583 283.43747 1.64505 0.11090 8.5600 2.17405 0.272509 2.23569e-20 0.0692164 1.4888e-14 0.0797206 2.72996643343e+33 0 pwn_199
Norma -1.15561 -0.62919 -0.17126 isolated 11.93370 7.95704 -8.35260 -1.23331 262.30969 -36.64758 0.08590 1.3158 2.26741 0.255946 3.92342e-19 1.21468 2.50344e-13 1.34051 1.30566616708e+34 0 pwn_200
Perseus 6.24700 -1.50484 0.01680 isolated 13.73028 9.37857 41.76632 0.10265 286.82127 7.90322 0.08385 6.4257 1.81882 0.138119 5.17589e-20 0.160244 4.71922e-14 0.252699 3.35085447854e+33 0 pwn_201
"Crux Scutum" -4.30129 -8.88236 -0.00608 isolated 10.15722 4.31826 -95.07992 -0.08068 133.03101 -44.57548 0.13472 9.8690 2.17997 0.196607 6.37329e-19 1.97316 4.41348e-13 2.36328 6.16153361955e+33 0 pwn_202
Norma 2.08949 0.74691 0.07943 isolated 4.21335 9.48038 12.73308 0.48006 272.89407 -17.66573 0.02545 2.2190 2.14465 0.309941 5.28837e-20 0.163727 3.50964e-14 0.18793 3.34757756964e+33 0 pwn_203
"Carina Sagittarius" -8.10603 -9.09866 -0.02210 isolated 3.43831 8.12813 -94.22382 -0.15577 133.72602 -45.28006 0.02423 12.1858 2.18988 0.153288 1.46387e-19 0.453209 1.03448e-13 0.553929 4.53457807551e+33 0 pwn_204
Norma 0.75330 -6.68872 -0.00266 isolated 10.35582 1.96169 22.58218 -0.07782 278.16906 -9.23657 0.30235 6.7310 2.33875 0.250135 5.21655e-18 16.1503 3.21292e-12 17.2042 9.50907883423e+33 1 pwn_205
"Crux Scutum" -1.79168 -0.11713 0.00149 isolated 28.41169 8.57220 -12.06435 0.00997 258.33969 -38.99086 0.18983 1.7955 2.16732 0.246796 8.81872e-20 0.273025 5.97796e-14 0.320101 3.81048503702e+33 0 pwn_206
"Crux Scutum" -0.55367 4.43594 -0.06350 isolated 11.75443 12.94794 -2.45080 -0.28099 265.19330 -31.16903 0.05199 4.4704 2.26176 0.157428 5.58648e-19 1.72956 3.77385e-13 2.02078 4.05706688018e+34 0 pwn_207
Perseus -14.86553 -4.68166 0.02772 isolated 26.99145 15.34811 -75.59451 0.10346 156.64821 -57.46271 0.10072 15.5853 2.01263 0.238262 2.95852e-20 0.0915952 2.20785e-14 0.118223 4.96675926716e+33 0 pwn_208
"Carina Sagittarius" -4.44412 6.59717 0.05403 isolated 6.18931 15.73778 -16.40271 0.19671 254.69186 -42.33868 0.02252 7.9544 1.94317 0.100187 3.23199e-20 0.100062 2.78327e-14 0.149035 4.59234999846e+33 0 pwn_209
"Crux Scutum" 2.85686 1.03989 -0.10778 isolated 21.21608 9.95905 16.67109 -0.62010 275.84920 -14.72182 0.12201 3.0402 1.85067 0.123134 3.90497e-19 1.20897 3.52369e-13 1.88682 2.63749473445e+34 0 pwn_210
Perseus -1.63530 -5.10505 -0.02701 isolated 11.87158 3.76837 -25.71945 -0.41069 246.49647 -49.75726 0.18043 5.3606 2.18153 0.242869 3.33988e-19 1.03402 2.25069e-13 1.20517 2.71242187977e+33 0 pwn_211
"Carina Sagittarius" 0.18386 6.50669 -0.12878 isolated 27.09709 15.00837 0.70193 -0.49163 267.29941 -28.59027 0.10341 6.5093 2.12948 0.361074 2.02117e-20 0.0625748 1.31793e-14 0.0705712 3.7344709174e+33 0 pwn_212
"Carina Sagittarius" -1.23114 -1.07597 0.12190 isolated 21.83885 7.52640 -9.41576 0.92805 259.34493 -36.30308 0.16619 1.6351 2.2466 0.106003 2.09209e-19 0.647707 1.47156e-13 0.787976 4.75384049091e+33 0 pwn_213
"Crux Scutum" -4.73873 5.05020 0.02033 isolated 12.23749 14.35492 -19.27558 0.08115 252.31603 -44.64028 0.04883 6.9253 2.17489 0.337135 1.91784e-20 0.059376 1.23498e-14 0.0661295 2.85230477956e+33 0 pwn_214
"Carina Sagittarius" -2.96292 6.03154 0.13154 isolated 16.16341 14.83111 -11.52438 0.50817 258.22944 -38.26123 0.06242 6.7200 1.77811 0.186995 1.81108e-20 0.0560705 1.6335e-14 0.0874688 3.49555851419e+33 0 pwn_215
"Carina Sagittarius" 4.81299 1.16005 0.00325 isolated 9.33531 10.79266 26.48420 0.01723 279.89416 -5.72798 0.04954 4.9508 2.04416 0.377895 2.47642e-20 0.0766694 1.67705e-14 0.0898009 2.81717019487e+33 0 pwn_216
Perseus 6.97982 3.26693 0.04629 isolated 3.81298 13.68140 30.67527 0.19388 281.65744 -1.91982 0.01596 7.7065 2.46783 0.37871 5.13238e-20 0.158897 2.80295e-14 0.150089 5.09215709069e+33 0 pwn_217
Norma 10.16166 0.30671 -0.01447 isolated 4.74779 13.44684 49.08581 -0.06167 290.43958 14.30715 0.02022 10.1663 2.13042 0.168001 4.12568e-20 0.12773 2.99483e-14 0.160364 3.88108770706e+33 0 pwn_218
"Carina Sagittarius" 5.07701 -1.41290 -0.01730 isolated 24.91790 8.71799 35.61683 -0.11373 284.18574 2.33745 0.16370 5.2699 2.27414 0.123509 1.54716e-19 0.478998 1.05879e-13 0.566949 4.71488964495e+33 0 pwn_219
Perseus 7.52496 2.85273 -0.01396 isolated 22.96836 13.62019 33.53771 -0.05874 283.18800 0.51235 0.09658 8.0476 1.81765 0.233915 1.67237e-20 0.0517761 1.41702e-14 0.0758769 2.89655152579e+33 0 pwn_220
Perseus 4.99793 6.74764 0.01895 isolated 20.98082 16.04588 18.14829 0.06768 275.93628 -13.09458 0.07489 8.3970 2.16201 0.164405 4.97182e-20 0.153926 3.54843e-14 0.190007 6.35255979815e+33 0 pwn_221
Perseus -15.58613 -2.73637 -0.01651 isolated 27.65468 16.61768 -69.70599 -0.05693 166.62952 -60.32855 0.09531 15.8245 2.1284 0.113924 3.34837e-20 0.103665 2.52201e-14 0.135046 4.32803006106e+33 0 pwn_222
"Crux Scutum" 0.07810 -10.21862 0.08056 isolated 9.81467 1.72228 177.39823 2.68097 87.51288 32.54808 0.32638 10.2189 2.05613 0.28387 1.29169e-18 3.99903 9.14085e-13 4.89463 2.87037125537e+33 0 pwn_223
"Crux Scutum" 7.08882 -9.71052 0.16924 isolated 3.48759 7.19342 99.69066 1.34813 328.10763 55.92127 0.02777 12.0227 1.58681 0.200098 1.4608e-19 0.452261 1.4974e-13 0.801808 9.13352612339e+33 0 pwn_224
Norma -0.67647 -6.93155 -0.13994 isolated 27.69666 1.71384 -23.33028 -4.68373 253.98469 -50.79283 0.92558 6.9645 2.28374 0.250654 2.72689e-18 8.4424 1.7293e-12 9.25983 4.07491149582e+33 1 pwn_225
"Crux Scutum" 3.64851 1.63071 -0.04744 isolated 29.63742 10.76778 19.80613 -0.25245 277.01841 -11.77766 0.15764 3.9964 2.00505 0.211368 6.74446e-20 0.208807 5.14432e-14 0.275462 5.28416083936e+33 0 pwn_226
Perseus -4.45249 -18.46126 -0.07470 isolated 7.51290 10.91132 -155.91629 -0.39225 98.44788 7.68754 0.03944 18.9906 2.3713 0.359765 4.78182e-20 0.148044 2.75611e-14 0.147581 3.29337179911e+33 0 pwn_227
Perseus -3.33392 -0.42224 -0.12341 isolated 20.87025 8.73959 -22.42734 -0.80906 250.32683 -47.61125 0.13677 3.3606 1.91172 0.324965 7.10155e-20 0.219862 5.34198e-14 0.286046 5.60926295404e+33 0 pwn_228
Norma 0.78995 -6.71288 -0.03933 isolated 5.73384 1.95433 23.84666 -1.15317 279.72429 -8.60845 0.16804 6.7592 2.14277 0.325968 1.57526e-18 4.87695 1.03791e-12 5.55768 4.4219502346e+33 0 pwn_229
Perseus -2.39665 -0.63911 -0.00564 isolated 4.49303 8.21812 -16.95554 -0.03931 254.47668 -42.91857 0.03131 2.4804 2.05536 0.173833 2.32461e-19 0.719694 1.76108e-13 0.943003 9.11125669122e+33 0 pwn_230
"Crux Scutum" 14.15449 1.84536 0.05599 isolated 12.79172 17.53223 53.83734 0.18297 292.57045 18.60401 0.04179 14.2743 1.85204 0.130601 2.08413e-20 0.0645241 1.86727e-14 0.0999864 4.42865856432e+33 0 pwn_231
Perseus -14.12281 -7.40777 -0.04065 isolated 5.71610 14.16504 -85.57766 -0.16441 142.69205 -51.57026 0.02311 15.9477 2.24673 0.136221 3.46579e-20 0.1073 2.39218e-14 0.128093 2.946839772e+33 0 pwn_232
Norma 9.90216 -3.87923 -0.00062 isolated 6.00202 10.92722 64.98423 -0.00327 298.79719 28.18270 0.03146 10.6349 1.82665 0.261728 5.1782e-20 0.160316 4.27699e-14 0.229019 6.12887917429e+33 0 pwn_233
Norma -5.03708 -2.82925 0.09789 isolated 16.33728 7.58546 -41.61331 0.73944 223.43756 -58.41357 0.12335 5.7773 2.10374 0.343356 6.23054e-20 0.192896 4.15662e-14 0.222573 2.91631447097e+33 0 pwn_234
Norma -4.65955 -1.88998 0.02034 isolated 17.30667 8.08728 -35.18087 0.14409 234.09079 -55.55687 0.12257 5.0283 2.03754 0.366718 6.01707e-20 0.186287 4.11332e-14 0.220255 3.76470313602e+33 0 pwn_235
