sky_model/pwn/ctadc_skymodel_gps_sources_pwn.ecsv
# %ECSV 0.9
# ---
# datatype:
# - {name: x, unit: kpc, datatype: float64, description: Galactocentric x coordinate}
# - {name: y, unit: kpc, datatype: float64, description: Galactocentric y coordinate}
# - {name: z, unit: kpc, datatype: float64, description: Galactocentric z coordinate}
# - {name: spiralarm, datatype: string}
# - {name: GLON, unit: deg, datatype: float64, description: Galactic longitude}
# - {name: GLAT, unit: deg, datatype: float64, description: Galactic latitude}
# - {name: RA, unit: deg, datatype: float64}
# - {name: DEC, unit: deg, datatype: float64}
# - {name: distance, unit: pc, datatype: float64, description: Distance observer to
#     source center}
# - {name: sigma, unit: deg, datatype: float64, description: Angular extension (deg)}
# - {name: spec_alpha, datatype: float64, description: Spectral model parameter (log
#     parabola)}
# - {name: spec_beta, datatype: float64, description: Spectral model parameter (log
#     parabola)}
# - {name: spec_norm, unit: 1 / (cm2 MeV s), datatype: float64, description: Spectral
#     model norm parameter (log parabola)}
# - {name: spec_norm_crab, unit: '', datatype: float64, description: Spectral model
#     norm parameter (log parabola) in crab units}
x y z spiralarm GLON GLAT RA DEC distance sigma spec_alpha spec_beta spec_norm spec_norm_crab
[from data line 77]
1.74501505316 -7.31366781399 0.0337761957884 Norma 55.7905411441 0.917056696951 292.883921064 20.6695190927 2110.35599431 0.678484681831 1.64371059051 0.461653033945 4.13659816765e-18 0.123638495096
1.55142885981 -6.51405827823 0.0355972197356 Norma 37.9971538444 0.80926792687 284.451655486 4.87656059849 2520.34981528 0.568113285969 1.71588081633 0.414948684302 5.65069349341e-18 0.168893185042
-10.4671724198 -4.98420325532 -0.0142193031409 "Carina Sagittarius" -71.4334220915 -0.073783411357 163.474325457 -59.62650238 11041.8624971 0.129674157393 1.8151646424 0.484143205147 8.73940346649e-20 0.00261211422729
-7.87628265998 15.9398948169 0.0137645027832 Norma -17.8626542006 0.0307133362841 253.622073645 -43.58212627 25677.7038823 0.0557621593393 1.48540954299 0.459891405389 4.33941757717e-20 0.00129700550329
-3.14436409532 1.64489618284 0.0846244842735 Norma -17.2205830528 0.456502841497 253.722687073 -42.8152081369 10621.3513937 0.134808101369 2.04322315148 0.0180169087143 1.81532866444e-20 0.00054258232267
3.93376847006 -4.31135936246 0.0484865698915 Perseus 43.202711875 0.483448502646 287.14829902 9.3536112042 5746.44200475 0.249170567486 1.92572885873 0.0873860020805 3.45583892269e-19 0.0103291329343
11.5130007291 3.69367353098 0.153464064694 Norma 43.3553590607 0.52430334787 287.182842127 9.50790731444 16770.7606025 0.085377416641 1.38521420471 0.194567338551 3.54709577795e-20 0.00106018899147
9.73588128694 -0.259018672265 0.0228588391449 Norma 49.7536017183 0.102678855096 290.614969706 14.9735978128 12755.4568795 0.112253463665 2.20182809232 0.476071348648 2.39138738e-20 0.000714760111741
-5.84979880281 6.6531520448 -0.0745585174013 "Carina Sagittarius" -21.1088329515 -0.262995331076 250.994777874 -46.2590228064 16243.2669712 0.0881500142727 2.31189007753 0.150014459738 8.5049619454e-20 0.00254204216401
4.03876671431 0.953948571823 -0.054356676737 "Carina Sagittarius" 23.1323779025 -0.302940291951 278.628272119 -8.852210566 10280.6485603 0.139275669911 2.11827048421 0.0802338219438 2.60353465685e-19 0.00778168663856
3.77200042649 9.8867850266 0.0316564470334 Perseus 11.5932286424 0.0966333261575 272.669543775 -18.8492748501 18769.7323626 0.0762847433139 1.75142029433 0.443152333043 1.11656824807e-19 0.00333730307534
3.55047721342 -6.84447912174 0.0276938798789 Norma 65.0012438366 0.405035025057 298.409949477 28.407946778 3917.57639011 0.365492353631 1.51089679219 0.223197207742 1.91258136881e-18 0.0571650115878
2.58869517596 -4.1684902529 -0.0589249075407 Perseus 30.8643419193 -0.669028000585 282.512130082 -2.14515987438 5046.46327125 0.283732217672 2.08470196627 0.453937797177 1.414470415e-18 0.0422770079134
15.0576917703 2.48808877681 -0.0946766965021 "Crux Scutum" 53.8805513153 -0.29100602228 293.030542539 18.413827745 18640.8460133 0.0768121905156 1.69114222432 0.0801152331601 4.16733651633e-20 0.00124557231463
-4.77948425762 -17.5501816749 -0.0126421236943 Perseus -152.161053321 -0.0707728962913 100.469177237 4.4990708468 10234.7163097 0.139900723383 2.130060169 0.330558755754 3.67181425072e-19 0.010974660091
-3.69102643474 -3.57258228822 -0.0151423050872 Norma -36.8361199913 -0.14092117649 231.951080301 -56.740481102 6156.56972167 0.232571753441 1.85623424408 0.220131876415 1.15159436096e-19 0.00344199238069
-0.383820129181 4.33533068607 -0.0863850147632 "Crux Scutum" -1.71282864305 -0.385436945868 265.750558191 -30.5973911129 12841.358732 0.111502547763 2.06369253985 0.0382433845151 3.87606637927e-20 0.00115851478583
1.91879398503 5.94165602549 0.0121351639387 "Carina Sagittarius" 7.5682900255 0.0477255880425 270.617050137 -22.3867687413 14568.5739308 0.0982830730138 1.89621892724 0.348231572326 3.58486160501e-20 0.00107147679327
2.8107468422 -3.18349061399 -0.0192627883478 "Carina Sagittarius" 27.8646361904 -0.183523905878 280.707820406 -4.59252671662 6013.812511 0.238092593131 1.99077475541 0.12369937777 1.42926604477e-18 0.0427192334632
4.60244657659 13.7794007918 -0.05661595624 Norma 11.6718964931 -0.142587895178 272.931136432 -18.8955831929 22749.8883404 0.0629385161776 1.80283500559 0.0198077612898 3.44100647147e-20 0.0010284800324
-5.27057892307 6.99778431393 0.0203645373255 "Carina Sagittarius" -18.782448123 0.0712790185715 252.768878651 -44.267735312 16369.5062705 0.0874702139264 2.28218503335 0.0299721491248 1.95642512113e-19 0.00584754544534
-5.18154070713 3.66958164245 -0.00954144665098 "Crux Scutum" -23.0632400937 -0.0413317156166 248.849858926 -47.571538685 13226.7597125 0.108253589426 1.83426626503 0.0305392685334 2.38323701493e-19 0.00712324054791
4.84439777237 8.75240311564 0.000275422689036 Perseus 15.6845048104 0.000880629023516 274.801181033 -15.3000082146 17919.6429406 0.0799036130406 1.90853712813 0.453866478743 2.33075366211e-19 0.00696637341949
-2.14587503882 7.99744767072 -0.0386696710826 "Carina Sagittarius" -7.41103380446 -0.133177967504 261.8239135 -35.2540052814 16636.4676141 0.0860666007091 2.30845068821 0.369941958915 1.56235512484e-19 0.00466971237263
-6.96701079877 -3.7597689559 0.199648466442 "Crux Scutum" -55.7693210954 1.35722103005 195.580222236 -61.4870796752 8429.05032205 0.169870170499 1.43610505349 0.449031178607 9.56751392273e-19 0.0285962758593
-0.177029733146 -9.76875088902 -0.0454014506802 "Crux Scutum" -172.056761838 -2.02977216523 88.9679105014 21.0743828863 1281.84618287 1.11701718544 1.45696905041 0.336291155648 1.01584000187e-17 0.303623712043
-10.7194325045 -5.69466754128 0.00317768546842 "Carina Sagittarius" -75.3343013183 0.0164314757461 156.976556472 -57.673127346 11080.4392295 0.129222694668 2.0617371112 0.264469964515 1.33642002504e-19 0.00399441652332
1.22999939405 -2.00407061908 0.0133669323126 "Carina Sagittarius" 10.7219769902 0.115841294237 272.205536772 -19.6025964286 6611.36715863 0.216573090103 1.48325668062 0.152223182174 5.51730128944e-19 0.0164906234729
6.45807069184 -1.06906571241 0.117741892144 Perseus 40.9932274951 0.68519470822 285.940845065 7.48399833292 9845.77699323 0.145427244222 2.32477772013 0.498981125664 1.2301603243e-19 0.00367681764238
3.75902199968 13.228783775 -0.0303411096569 Norma 9.81487394865 -0.0788342517863 271.917889268 -20.4901303943 22051.5580247 0.0649316576066 1.68832287519 0.18109452947 1.5399109979e-20 0.000460262927763
-2.41909973269 2.38606033441 -0.0275148688947 Norma -12.5286833935 -0.141368196611 258.145506777 -39.4554834143 11151.6415917 0.128397617838 1.59818720091 0.235324474607 1.00097094584e-18 0.0299179510222
5.22393432076 12.8715643818 -0.0129888965885 Norma 13.7356969259 -0.0338265138154 273.869768323 -17.0317278087 22000.7595919 0.0650815809048 2.31919434715 0.189122587462 7.06142659568e-20 0.00211058488675
-10.8417203458 -1.97558078953 0.0431568520974 "Carina Sagittarius" -58.9609679993 0.195416034397 188.741320722 -62.6157738358 12653.5690066 0.113157340399 2.19973899369 0.489763464668 2.51970461177e-19 0.00753112759951
-2.4890904655 6.08709374445 -0.0396400644282 "Carina Sagittarius" -9.68348540808 -0.153481075896 260.258227586 -37.1430449397 14797.9879237 0.096759385312 2.30424091932 0.0873291926975 4.41567803805e-20 0.00131979893943
-10.5063382215 -1.21943581277 -0.0259436700585 "Carina Sagittarius" -55.2792498854 -0.116289642176 196.79317673 -62.9333733775 12782.4266391 0.112016619049 2.04463205773 0.163994000454 4.14664942068e-19 0.0123938916299
0.756015166079 -5.12888549663 0.223198235137 Perseus 12.6401673267 3.69642054898 269.912126398 -16.1772122582 3462.04988097 0.413582780311 1.56746906504 0.340174333008 1.13463910495e-17 0.339131493384
13.2056237646 8.39825428747 -0.043536535559 "Crux Scutum" 38.0068643411 -0.116312274841 285.282117964 4.46219534456 21446.2442494 0.0667643340575 2.31571753734 0.0316038091693 5.66896184971e-20 0.00169439206673
14.7053174107 5.87213076921 0.0463919026072 "Crux Scutum" 45.6565002811 0.129268966752 288.621541692 11.3651553203 20562.2628912 0.069634564198 1.72763908984 0.303624687006 3.70835781659e-20 0.0011083884901
-4.43342894353 -3.47001146356 -0.0509339208194 Norma -41.3929332356 -0.435238379815 224.86651892 -59.353388836 6705.12275341 0.213544817598 2.01666322687 0.238823251438 6.1919502096e-19 0.0185070769409
0.965195395718 -3.50085459979 0.0895291933127 "Carina Sagittarius" 10.9277552769 1.00739418976 271.486354691 -18.9890266444 5092.25611697 0.281180714885 2.0557580313 0.141999988381 3.07087031114e-18 0.0917850292717
-7.03082063334 6.42303711452 -0.0897097362303 "Carina Sagittarius" -25.226940327 -0.311580405863 246.914548065 -49.3344214072 16496.5912642 0.0867963685602 1.75814727487 0.119206640462 6.93734728497e-20 0.00207349890782
8.45796568295 -3.52417464679 -0.051127525887 Norma 59.5316799928 -0.298517164581 296.003811787 23.3355766339 9813.18681487 0.145910216769 1.96580142999 0.257256371649 5.04472572229e-19 0.0150781456452
-9.96201253828 1.70248007344 -0.006493874169 "Carina Sagittarius" -44.3167632794 -0.0260929565968 219.275107014 -60.2554603211 14259.4647737 0.100413601637 2.04899580132 0.183963790269 8.53580068414e-20 0.0025512595332
-3.53977470137 -8.22657973203 0.0439442938833 "Crux Scutum" -85.5831136931 0.70914589558 143.632895669 -50.9250273043 3550.5907509 0.40326929117 1.90163489341 0.228259945631 9.25740567578e-19 0.0276693954756
2.97587017195 4.24308816965 0.0496693357768 "Carina Sagittarius" 13.1446092452 0.217472139613 273.342887737 -17.4308427727 13086.0447203 0.109417646504 1.50316178654 0.168738690882 5.06547233021e-20 0.00151401550374
6.44317927831 11.7543574355 -0.0268618608208 Norma 17.6465561603 -0.0724115271249 275.821814378 -13.6034561104 21254.511895 0.0673666006738 1.88052430704 0.485246846798 6.45323562576e-20 0.00192880311051
-7.98675634995 -17.4441946014 0.00711126463391 Perseus -138.23660543 0.0339789356256 106.9423617 -7.83774205033 11991.1194069 0.119408719633 2.15812419211 0.0667197158728 1.15589292957e-19 0.00345484034251
-11.9168692086 14.0046519145 0.0216472886537 Norma -27.9025240972 0.0487058035998 243.555976992 -50.9651694597 25465.1055001 0.0562276961837 1.61246667787 0.0484019765892 9.43934817904e-22 2.82132021589e-05
-1.52811374385 2.01880677837 0.043341788242 Perseus -8.26578697887 0.233628297521 260.862026263 -35.7560135137 10629.3135322 0.134707120174 1.75959867411 0.171695864395 2.92550077096e-19 0.008744008919
4.08166708717 4.1143936418 -0.00901524065383 "Carina Sagittarius" 17.9301389612 -0.0389593350948 275.928087962 -13.3372663952 13258.3186881 0.107995911777 1.68250854104 0.295513450435 2.11302678131e-20 0.000631561105889
3.4005275793 0.119463721424 0.00453022527824 "Crux Scutum" 21.5300921761 0.0280123881034 277.580250955 -10.1204224922 9266.00038773 0.154526673369 2.29930120669 0.329588235925 1.67944095826e-19 0.00501966940626
11.0910459519 2.3739005143 -0.0429636936842 Norma 45.5664075642 -0.158484488908 288.838581218 11.1515946881 15532.3809695 0.0921844640664 1.98151958439 0.198628373584 2.42173215692e-19 0.00723829841024
0.180657875909 10.8027438682 -0.0666448782279 Perseus 0.536225921269 -0.197810626147 266.915414685 -28.5805943346 19303.7042987 0.0741745829296 1.91001469579 0.499638996961 4.8213395677e-19 0.0144104683205
-7.61269957861 -1.36277142557 -0.135818341632 "Crux Scutum" -46.8463175747 -0.745686191541 214.953286168 -61.850860042 10436.075566 0.137201403563 1.5921226599 0.175946498097 6.31913076849e-19 0.0188872060293
1.10962184324 10.375654063 0.111164851987 Perseus 3.36431066817 0.336848016346 268.032784602 -25.8792860949 18908.5677555 0.0757246256756 1.94559728165 0.36070333398 7.6023939719e-20 0.0022722742498
9.44997513801 -2.71736558656 0.0122747133204 Norma 58.5366777121 0.0634803301795 295.126035511 22.6513578771 11078.8556059 0.1292411659 1.61793018162 0.318791347265 6.4056113089e-19 0.0191456871154
5.20494581483 6.30662413894 -0.024091768328 Perseus 19.3680125467 -0.0879497177459 276.661175064 -12.0888626126 15694.8450053 0.0912302233546 1.80859425073 0.406526931624 9.71908382394e-20 0.00290493020835
-3.99701620754 1.77126062941 -0.0296115561431 Norma -21.2632822362 -0.153935746985 250.729075623 -46.3040559585 11021.606522 0.129912478049 1.62832155884 0.488112831727 5.81002172099e-20 0.00173655335361
4.50867725421 -6.19068999074 -0.0101180581531 Norma 62.8788222993 -0.11444102338 297.688359511 26.3189607231 5065.68708831 0.282655479975 1.98263698964 0.444896828223 2.86837346678e-19 0.00857326151664
-3.50337009394 -2.47153480847 -0.0280637914311 Norma -30.1624980002 -0.230609420166 241.169285341 -52.7005046048 6972.5735677 0.205353762344 1.95567952049 0.382280987179 2.456812893e-19 0.00734315097844
-0.317372459504 -14.5744958218 0.000291054398356 "Carina Sagittarius" -177.009203033 0.0027415401944 88.146408698 26.3736797845 6082.781013 0.235393023732 1.74375933599 0.349124238909 3.13566298586e-19 0.00937216130226
-0.254955594515 -4.93460080152 0.113258195789 Perseus -4.09016102114 1.81481056025 262.0925648 -31.4109492748 3576.29713791 0.400370595657 1.90692181242 0.167749084838 1.07663945178e-18 0.0321796017366
-10.6380311345 -2.19062692032 -0.0283498532765 "Carina Sagittarius" -59.3279924455 -0.13132916588 187.890960793 -62.9158378801 12368.3749455 0.115766559605 1.50487339264 0.0738427891034 1.97614477346e-20 0.000590648537709
5.29088240769 -5.49394625033 -0.00847602695055 Norma 60.3966088777 -0.0798066391335 296.269049719 24.1940651485 6085.21714 0.235298787604 1.39736044997 0.0313180015299 2.65616653875e-19 0.00793899770452
-5.83283298403 -6.68719238201 -0.0472200833979 "Crux Scutum" -72.735085656 -0.442933483608 160.859381566 -59.3640090846 6108.22738736 0.2344123957 1.91863575934 0.120950852101 1.7487016165e-18 0.0522668210624
3.20872331352 -0.517795098986 -0.0279821175221 "Crux Scutum" 21.8993667218 -0.186359730149 277.946755542 -9.89228049183 8603.03919458 0.16643469627 1.84500184375 0.216140740591 5.28200012114e-20 0.00157873334466
9.8955317235 5.79847466198 0.0339366572755 Norma 34.6859092761 0.1118209772 283.559915143 1.61197924485 17388.7629648 0.0823430751369 1.97145848796 0.260998136815 7.59729502307e-19 0.0227075022853
12.5877273982 -4.47182304 0.000415514362862 "Crux Scutum" 72.2548981735 0.0018013192812 303.339517994 34.3323127687 13216.5461012 0.10833724669 2.44344908921 0.386541777027 8.89828519968e-20 0.00265960227809
3.24226810889 1.84288097919 -0.0291917894402 "Crux Scutum" 17.4050727754 -0.154307305752 275.7797109 -13.8551465124 10839.2039191 0.132098650974 2.05500946149 0.479370461528 2.67958412864e-19 0.00800899037617
1.72078660139 -10.7256408122 -0.0270608013874 "Crux Scutum" 142.290075261 -0.551106912573 49.9292571825 56.6416600212 2813.41711085 0.508934210227 1.55353799913 0.0586602401924 5.69175983435e-18 0.170120614052
3.94863800141 -0.252952206301 0.0575607695496 "Crux Scutum" 25.5848255103 0.360683238585 279.172268425 -6.36944321439 9143.78765173 0.156592023993 2.10159439779 0.0535020700969 2.59695075291e-19 0.00776200805382
0.458937213965 15.2046544258 -0.0419018438191 Norma 1.10914423155 -0.101260555755 267.157645174 -28.0401530265 23709.1336952 0.0603920933493 1.44470499916 0.294847361507 1.93239468408e-20 0.000577572103908
-1.63876705114 -6.79575632616 0.00823798690571 Norma -43.8779412212 0.199634646428 219.899882476 -59.8729503419 2364.33327011 0.605601686297 1.6753721567 0.372699036974 9.31666702025e-18 0.278465212962
2.25587600496 4.99491572674 -0.0619442029828 "Carina Sagittarius" 9.4900941352 -0.259397274771 271.917730028 -20.8617268206 13682.3084348 0.104649315733 1.78157476656 0.424075190173 7.43138249947e-20 0.00222116074967
8.08587599549 -2.56673011652 -0.00852797825213 Norma 53.729450783 -0.0487193880344 292.730064264 18.3980766567 10029.2150665 0.142767325842 2.26260253485 0.467916040108 1.66658232192e-19 0.00498123631749
-1.46869664374 -3.32478227874 -0.0861017956461 Perseus -15.8436331162 -0.916956821213 256.349319257 -42.5786511372 5380.27525439 0.26612843166 1.59891619805 0.49171312113 2.45271090195e-19 0.00733089056592
