sky_model/pwn/ctadc_skymodel_gps_sources_pwn.ecsv
# %ECSV 0.9
# ---
# datatype:
# - {name: galactocentric_x, unit: kpc, datatype: float64, format: '%.5f', description: Galactocentric
#     x coordinate}
# - {name: galactocentric_y, unit: kpc, datatype: float64, format: '%.5f', description: Galactocentric
#     y coordinate}
# - {name: galactocentric_z, unit: kpc, datatype: float64, format: '%.5f', description: Galactocentric
#     z coordinate}
# - {name: size_physical, unit: pc, datatype: float64, format: '%.5f', description: Physical
#     size}
# - {name: spiralarm, datatype: string}
# - {name: distance, unit: kpc, datatype: float64, format: '%.5f', description: Distance
#     observer to source center}
# - {name: GLON, unit: deg, datatype: float64, format: '%.5f', description: Galactic
#     longitude}
# - {name: GLAT, unit: deg, datatype: float64, format: '%.5f', description: Galactic
#     latitude}
# - {name: RA, unit: deg, datatype: float64, format: '%.5f'}
# - {name: DEC, unit: deg, datatype: float64, format: '%.5f'}
# - {name: sigma, unit: deg, datatype: float64, format: '%.5f'}
# - {name: galactocentric_r, unit: kpc, datatype: float64, format: '%0.4f', description: Galactocentric
#     radius in the xy plan}
# - {name: spec_alpha, datatype: float64, format: '%5g', description: Spectral model
#     parameter (log parabola)}
# - {name: spec_beta, datatype: float64, format: '%5g', description: Spectral model
#     parameter (log parabola)}
# - {name: spec_norm, unit: 1 / (cm2 MeV s), datatype: float64, format: '%5g', description: Spectral
#     model norm parameter (log parabola)}
# - {name: spec_norm_cu, unit: '%', datatype: float64, format: '%5g', description: Spectral
#     model norm parameter (log parabola) in crab units}
# - {name: int_flux_above_1TeV, unit: 1 / (cm2 s), datatype: float64, format: '%5g',
#   description: 'Integral flux above 1 TeV '}
# - {name: int_flux_above_1TeV_cu, unit: '%', datatype: float64, format: '%5g', description: Integral
#     flux above 1 TeV in crab units}
galactocentric_x galactocentric_y galactocentric_z size_physical spiralarm distance GLON GLAT RA DEC sigma galactocentric_r spec_alpha spec_beta spec_norm spec_norm_cu int_flux_above_1TeV int_flux_above_1TeV_cu
[from data line 497]
0.44137 4.42132 -0.01079 21.93371 "Crux Scutum" 12.92886 1.95635 -0.04783 267.59773 -27.28604 0.09716 4.4433 2.06047 0.08276 2.19477e-19 0.679496 1.76761e-13 0.946497
1.54136 -6.71840 0.03369 10.60291 Norma 2.35606 40.86486 0.81921 285.76139 7.43132 0.25775 6.8929 2.27796 0.0662336 3.2663e-18 10.1124 2.31245e-12 12.3824
-2.68014 -4.98611 0.00276 25.06134 Norma 4.41934 -37.33384 0.03577 231.01587 -56.87007 0.32479 5.6608 2.44049 0.452253 4.46348e-20 0.138188 2.40136e-14 0.128585
4.28235 3.95386 -0.00126 29.04530 "Carina Sagittarius" 13.16955 18.97590 -0.00549 276.39939 -12.39725 0.12632 5.8285 1.41275 0.0827538 9.6266e-21 0.0298037 1.28656e-14 0.0688914
-7.43478 -1.22906 -0.33967 23.97970 "Crux Scutum" 10.40470 -45.63831 -1.87077 218.23111 -62.46876 0.13200 7.5357 2.36417 0.18518 8.29506e-21 0.0256813 5.20815e-15 0.027888
-10.26071 1.09721 -0.00809 4.45699 "Carina Sagittarius" 14.04950 -46.91367 -0.03301 214.32629 -61.20040 0.01817 10.3192 2.16712 0.395084 1.15908e-22 0.000358849 7.29033e-17 0.000390374
3.69381 3.91544 -0.10314 4.06348 "Carina Sagittarius" 12.95369 16.56866 -0.45619 275.64983 -14.73541 0.01797 5.3828 1.85791 0.0302195 3.72375e-20 0.115286 3.62984e-14 0.194366
-4.05415 -14.22883 -0.04380 3.56742 "Carina Sagittarius" 7.01837 -144.71395 -0.35760 103.61495 -2.25816 0.02911 14.7951 1.98181 0.260012 7.95928e-20 0.246417 5.97084e-14 0.319719
9.43607 7.57813 0.09990 28.24995 Norma 18.64285 30.40819 0.30702 281.43473 -2.10582 0.08679 12.1024 1.83468 0.272952 2.5411e-20 0.0786718 2.0721e-14 0.110954
2.32739 0.17435 -0.04212 7.83072 Norma 8.98125 15.01912 -0.26869 274.72107 -16.01377 0.04994 2.3339 2.08235 0.00203438 3.34822e-21 0.010366 2.83269e-15 0.0151681
4.61637 1.12342 0.06300 26.06725 "Carina Sagittarius" 10.67357 25.62709 0.33817 279.21193 -6.34225 0.13988 4.7511 2.13012 0.196573 3.11487e-20 0.0964357 2.22171e-14 0.118965
-6.93302 1.13958 0.04650 22.80219 "Crux Scutum" 11.87395 -35.72460 0.22439 233.22336 -55.80773 0.10999 7.0261 2.46486 0.453585 8.70328e-20 0.269452 4.62868e-14 0.247851
-2.85667 0.57094 -0.05725 21.25134 Norma 9.51030 -17.48056 -0.34490 254.35631 -43.51968 0.12798 2.9132 1.95689 0.213122 2.17831e-21 0.006744 1.71068e-15 0.00916014
3.00720 4.76933 0.01187 4.26924 "Carina Sagittarius" 13.60583 12.76914 0.04997 273.30835 -17.84066 0.01797 5.6382 1.99499 0.45674 1.83207e-20 0.0567203 1.2253e-14 0.0656109
9.90034 -0.88246 -0.07320 18.38564 Norma 12.49195 52.42451 -0.33576 292.33696 17.11547 0.08430 9.9396 2.54601 0.157874 6.33764e-20 0.196212 3.66171e-14 0.196073
4.86626 8.01893 0.03039 29.27790 Perseus 17.22081 16.41429 0.10113 275.06641 -14.60938 0.09737 9.3800 2.26141 0.252666 3.41148e-21 0.0105619 2.18758e-15 0.0117138
6.59571 5.05915 0.01606 20.45536 Perseus 15.07827 25.94014 0.06103 279.60420 -6.19139 0.07770 8.3125 2.4946 0.421518 1.4839e-21 0.00459413 7.87707e-16 0.00421792
8.82831 -3.39284 0.04885 10.80696 Norma 10.19924 59.95069 0.27442 295.68912 23.98423 0.06069 9.4578 1.94119 0.490725 5.6282e-20 0.174248 3.81102e-14 0.204068
4.04938 -0.12629 -0.00212 23.72542 "Carina Sagittarius" 9.30142 25.80762 -0.01306 279.60927 -6.34312 0.14609 4.0514 1.99534 0.379596 2.12388e-21 0.00657548 1.47638e-15 0.00790556
-2.15203 -5.41909 0.08840 16.10146 Norma 3.75913 -34.93455 1.34754 233.22002 -54.43459 0.24532 5.8308 2.14051 0.171822 1.95122e-18 6.04094 1.40434e-12 7.51977
-4.70279 -7.28572 -0.11578 6.15717 "Crux Scutum" 4.85841 -75.52219 -1.36551 155.27827 -58.74307 0.07258 8.6717 2.26938 0.156967 2.09851e-19 0.649694 1.41173e-13 0.755936
-8.80922 -9.16416 -0.02675 26.65684 "Carina Sagittarius" 8.83427 -94.31159 -0.17351 133.62637 -45.22441 0.17282 12.7116 2.5977 0.028537 6.40624e-21 0.0198336 3.84646e-15 0.0205966
-2.61232 7.09828 0.02809 24.72216 "Carina Sagittarius" 15.81555 -9.50739 0.10178 260.12157 -36.85278 0.08953 7.5637 2.25258 0.101461 1.9657e-19 0.608576 1.38162e-13 0.739816
4.82940 -0.00312 -0.00896 3.72150 "Carina Sagittarius" 9.77344 29.61277 -0.05251 281.39144 -2.97764 0.02181 4.8294 1.79837 0.379865 2.02214e-20 0.0626049 1.57554e-14 0.084365
-1.72761 0.52980 -0.05309 4.09917 "Carina Sagittarius" 9.19373 -10.83109 -0.33087 259.61152 -38.18534 0.02554 1.8070 1.98705 0.207417 5.26331e-21 0.0162951 4.07075e-15 0.0217976
-3.67725 -8.68257 -0.07700 8.09494 "Crux Scutum" 3.68258 -92.84229 -1.19806 133.86530 -47.00787 0.12590 9.4292 2.23689 0.0782702 2.22193e-19 0.687904 1.60096e-13 0.857265
-0.36031 -0.92770 0.05030 26.30199 Norma 7.58104 -2.72424 0.38019 264.36969 -31.04790 0.19871 0.9952 2.29581 0.148792 2.44644e-17 75.7412 1.62849e-11 87.2005
-0.81751 -6.09282 -0.00278 8.25325 Norma 2.54221 -18.75809 -0.06254 252.93467 -44.33424 0.18594 6.1474 1.69952 0.294401 4.58439e-20 0.141932 4.02263e-14 0.215399
7.56862 -0.67136 0.07224 27.88654 Perseus 10.88930 44.03251 0.38010 287.62967 10.04214 0.14667 7.5983 1.78016 0.478292 4.75548e-20 0.147228 3.54117e-14 0.189618
-5.58878 -12.99281 0.03140 16.79334 "Carina Sagittarius" 7.17083 -128.79572 0.25086 111.65129 -16.08378 0.13413 14.1438 2.4679 0.479714 6.55335e-19 2.0289 3.44852e-13 1.84657
0.52039 2.82176 -0.00997 10.75581 Perseus 11.33371 2.63170 -0.05040 267.98775 -26.70697 0.05435 2.8693 2.15345 0.0570188 1.07827e-18 3.33831 8.31992e-13 4.45505
-4.03945 4.80112 -0.01460 6.37600 "Crux Scutum" 13.90098 -16.89315 -0.06016 254.55192 -42.88266 0.02627 6.2744 1.96813 0.118135 1.34291e-20 0.0415762 1.12081e-14 0.0600156
1.38669 -0.98822 0.00158 18.65871 Norma 7.63870 10.45920 0.01186 272.16679 -19.88283 0.13990 1.7028 1.95554 0.299457 3.28968e-19 1.01848 2.44766e-13 1.31064
-2.90120 -4.29126 0.07520 27.20637 Norma 5.11235 -34.57954 0.84279 234.22401 -54.63820 0.30479 5.1799 2.19169 0.456028 5.14804e-19 1.59382 3.11282e-13 1.66682
-6.89761 5.07526 0.03215 19.74980 "Carina Sagittarius" 15.22713 -26.93519 0.12097 244.57485 -50.24210 0.07428 8.5636 2.61328 0.490747 2.12621e-19 0.658269 1.04666e-13 0.560453
-3.79318 -2.76319 -0.22856 14.72628 Norma 6.88124 -33.47270 -1.90339 238.73062 -56.12709 0.12257 4.6929 1.76144 0.363561 9.22838e-21 0.0285708 7.42823e-15 0.0397758
1.57388 3.98627 0.02456 19.87524 "Crux Scutum" 12.58510 7.18419 0.11179 270.35120 -22.68900 0.09045 4.2857 1.83845 0.205819 1.71073e-20 0.0529637 1.45917e-14 0.0781341
2.74108 -1.32292 0.09120 22.83801 "Crux Scutum" 7.68325 20.90292 0.68012 276.69736 -10.37290 0.17024 3.0436 1.92327 0.436399 7.50686e-23 0.000232411 5.27324e-17 0.000282365
-3.29711 7.63369 0.02729 9.45730 "Carina Sagittarius" 16.46717 -11.55002 0.09497 258.63749 -38.52413 0.03289 8.3153 1.69601 0.209666 1.00818e-21 0.00312131 9.46237e-16 0.00506679
4.39665 8.98354 -0.05193 10.28998 Perseus 18.02796 14.11569 -0.16505 274.17942 -16.76002 0.03269 10.0017 1.83027 0.333423 1.07303e-21 0.00332206 8.43626e-16 0.00451735
-7.60441 3.78062 -0.00169 27.09352 "Carina Sagittarius" 14.44439 -31.76663 -0.00670 238.89965 -53.57805 0.10743 8.4924 2.12611 0.244814 2.13122e-20 0.065982 1.48092e-14 0.0792986
15.08390 3.10612 -0.06354 24.07896 "Crux Scutum" 19.03235 52.42396 -0.19129 292.20393 17.18413 0.07246 15.4004 2.46611 0.389735 4.19528e-21 0.0129885 2.2833e-15 0.0122264
-0.54841 0.40897 -0.01658 22.61462 Norma 8.92585 -3.52251 -0.10641 264.34922 -31.98262 0.14511 0.6841 2.01091 0.367793 1.69525e-21 0.00524846 1.17552e-15 0.00629454
6.16081 -6.31443 0.10351 21.10615 Norma 6.53781 70.46769 0.90714 301.25506 33.32463 0.18490 8.8220 1.81097 0.195347 8.33859e-19 2.58161 7.30382e-13 3.91096
5.68584 -5.89744 0.09361 17.02222 Norma 6.25386 65.40520 0.85764 298.20390 28.98704 0.15589 8.1920 2.33395 0.0504067 1.25439e-18 3.88355 8.66882e-13 4.64188
-6.74986 -4.15949 -0.02850 12.78515 "Crux Scutum" 8.02505 -57.25684 -0.20347 192.44261 -63.07460 0.09125 7.9285 2.20137 0.475884 1.3966e-21 0.00432385 8.33501e-16 0.00446313
-13.78295 -5.90631 -0.01935 13.57840 Perseus 14.02488 -79.34263 -0.07905 150.84303 -55.50785 0.05545 14.9951 2.34956 0.459305 4.15131e-20 0.128524 2.3231e-14 0.124395
-0.32681 1.51013 0.01117 5.14241 "Carina Sagittarius" 10.01547 -1.86994 0.06392 265.21111 -30.49366 0.02941 1.5451 2.07684 0.0909388 6.03679e-22 0.00186898 4.77965e-16 0.00255935
5.62546 8.66381 0.13017 26.92719 Perseus 18.06264 18.14663 0.41290 275.62254 -12.93414 0.08538 10.3299 2.17065 0.101651 6.3046e-21 0.0195189 4.66186e-15 0.0249628
12.30286 3.49846 -0.06095 3.56754 Norma 17.18508 45.71764 -0.20320 288.95069 11.26463 0.01189 12.7906 2.23467 0.393858 3.36534e-20 0.10419 2.04591e-14 0.109552
-1.10859 7.05555 -0.03330 25.80751 "Carina Sagittarius" 15.59503 -4.07639 -0.12236 264.01306 -32.45819 0.09478 7.1421 1.9121 0.393382 1.33707e-22 0.000413955 9.67001e-17 0.000517798
-3.66690 4.19758 0.06867 15.29986 "Crux Scutum" 13.21663 -16.10804 0.29769 254.83119 -42.04480 0.06630 5.5737 1.94842 0.482745 8.48597e-21 0.0262723 5.74595e-15 0.0307677
3.02741 -9.74518 -0.00083 7.97569 "Crux Scutum" 3.27349 112.35741 -0.01456 350.60491 61.01629 0.13954 10.2046 2.72688 0.4988 2.03602e-18 6.30347 9.53898e-13 5.10782
-2.17624 1.50980 0.07986 19.82070 Perseus 10.24395 -12.26587 0.44669 257.73339 -38.89618 0.11082 2.6487 1.93098 0.24918 2.23372e-20 0.0691554 1.74101e-14 0.0932252
2.60898 5.78760 -0.04958 16.85480 "Carina Sagittarius" 14.52393 10.34846 -0.19560 272.30278 -20.08024 0.06647 6.3485 1.72402 0.480183 1.36128e-21 0.00421449 1.04588e-15 0.00560035
2.39247 -6.10092 0.00337 20.29839 Norma 3.38814 44.92091 0.05699 288.33885 10.68008 0.34313 6.5533 2.7046 0.407989 8.64421e-18 26.7623 4.20367e-12 22.5093
4.44108 8.00036 -0.02136 12.87581 Perseus 17.08759 15.06420 -0.07161 274.56272 -15.88076 0.04316 9.1504 1.77704 0.378186 1.00239e-19 0.310339 7.91965e-14 0.424072
3.22977 0.79519 -0.02287 24.56107 "Crux Scutum" 9.84035 19.16065 -0.13317 276.60323 -12.29340 0.14295 3.3262 1.74866 0.182976 1.86797e-19 0.578318 1.7258e-13 0.924111
4.32718 -1.18130 -0.00563 14.56227 "Carina Sagittarius" 8.50223 30.59371 -0.03793 281.82660 -2.09817 0.09810 4.4855 2.00479 0.425193 1.39001e-19 0.430345 9.39116e-14 0.502866
3.17935 5.29998 -0.00720 13.48923 "Carina Sagittarius" 14.16149 12.97389 -0.02913 273.48423 -17.69879 0.05455 6.1805 2.69747 0.459556 4.21397e-21 0.0130464 2.0221e-15 0.0108277
-7.10252 -4.79010 -0.01681 19.91227 "Crux Scutum" 8.01308 -62.42031 -0.12019 181.20239 -62.50639 0.14232 8.5668 1.90106 0.367001 2.7468e-19 0.850404 2.02892e-13 1.08642
8.36957 9.53164 0.08847 25.57427 Norma 19.87958 24.89885 0.25497 278.94924 -7.02722 0.07368 12.6847 2.09831 0.323244 6.69118e-19 2.07157 4.52433e-13 2.42263
5.07831 -6.62630 0.03111 5.36797 Norma 5.41304 69.74791 0.32928 301.37666 32.40730 0.05680 8.3485 2.14357 0.3202 3.63765e-19 1.12621 2.40283e-13 1.28664
2.76610 -1.73127 0.03033 14.81104 "Crux Scutum" 7.31217 22.22781 0.23768 277.71954 -9.40493 0.11601 3.2632 2.6724 0.0778402 2.24773e-21 0.00695892 1.26409e-15 0.00676882
12.09565 14.35757 -0.02726 15.77045 "Crux Scutum" 25.86067 27.88666 -0.06041 280.60808 -4.51665 0.03493 18.7735 2.1622 0.109955 5.12772e-20 0.158753 3.79057e-14 0.202973
9.21696 8.14438 0.00843 17.36240 Norma 19.02598 28.97584 0.02540 281.03065 -3.50868 0.05227 12.2997 2.52625 0.114472 2.55114e-19 0.789826 1.52173e-13 0.814837
7.08728 -0.44382 0.04083 11.80129 Perseus 10.73001 41.33911 0.21802 286.51964 7.57690 0.06299 7.1012 1.92765 0.0813378 2.89348e-19 0.895816 2.55847e-13 1.36998
-13.71842 3.16154 0.04469 7.95805 Perseus 18.00524 -49.63334 0.14220 208.75588 -61.80825 0.02531 14.0780 1.98879 0.239 6.01396e-21 0.0186191 4.55192e-15 0.0243741
-1.16047 7.34312 -0.01863 9.16933 "Carina Sagittarius" 15.88557 -4.18930 -0.06721 263.88578 -32.52349 0.03306 7.4343 2.28527 0.0334599 5.17518e-19 1.60222 3.72856e-13 1.99653
-4.86825 -13.16573 0.03899 9.65963 "Carina Sagittarius" 6.74317 -133.78314 0.33125 109.30374 -11.64657 0.08204 14.0370 2.10484 0.143713 1.83448e-19 0.567952 1.3745e-13 0.736001
-6.26356 9.74552 0.03189 14.18263 Perseus 19.29072 -18.94698 0.09471 252.59677 -44.37935 0.04211 11.5848 2.21327 0.403715 1.96007e-20 0.0606834 1.19933e-14 0.0642203
6.00974 -16.47630 -0.06312 17.95273 "Carina Sagittarius" 9.98711 143.00380 -0.36213 51.20127 56.41168 0.10295 17.5381 1.7348 0.462421 1.08273e-19 0.335209 8.34928e-14 0.447077
-14.08512 0.52892 0.06575 11.95907 Perseus 16.73070 -57.33910 0.22517 192.26964 -62.64533 0.04094 14.0950 1.60814 0.432709 9.90831e-21 0.0306759 8.39826e-15 0.04497
-1.81036 -0.30287 -0.00626 25.29236 "Carina Sagittarius" 8.39466 -12.45401 -0.04270 258.09919 -39.33703 0.17256 1.8355 2.26777 0.158584 9.35238e-21 0.0289548 6.29157e-15 0.0336893
-3.43332 -1.93469 -0.00139 15.84820 Perseus 7.40884 -27.60725 -0.01076 243.95955 -50.80424 0.12251 3.9409 2.29211 0.264652 2.74444e-19 0.849671 1.72045e-13 0.921245
-1.03747 5.11699 -0.00546 11.25751 "Carina Sagittarius" 13.65645 -4.35690 -0.02292 263.73403 -32.64053 0.04721 5.2211 2.39031 0.466842 1.08433e-20 0.0335707 5.93737e-15 0.0317927
-0.29673 -14.32314 0.00728 12.33219 "Carina Sagittarius" 5.83070 -177.08291 0.07156 88.17068 26.47215 0.12114 14.3262 2.80553 0.28334 1.79471e-19 0.555639 8.71215e-14 0.466508
2.35039 -4.81079 0.01386 29.71049 Perseus 4.37433 32.50116 0.18159 282.50144 -0.30057 0.38900 5.3543 2.16267 0.127615 1.13762e-19 0.352203 8.30911e-14 0.444926
-3.06616 2.61880 -0.00019 20.86134 Norma 11.53382 -15.41694 -0.00096 255.71789 -41.68320 0.10359 4.0323 2.20727 0.342299 1.51026e-20 0.0467572 9.53559e-15 0.05106
-11.13188 7.57146 0.06607 14.06127 Perseus 19.55031 -34.70837 0.19362 234.71099 -55.23801 0.04119 13.4627 2.13424 0.316528 3.54222e-20 0.109666 2.35624e-14 0.126169
6.39093 -1.38302 0.01474 27.21490 Perseus 9.56533 41.92332 0.08827 286.90711 8.03599 0.16295 6.5389 2.16992 0.0408366 1.09641e-19 0.339445 8.46863e-14 0.453468
12.61902 -4.32949 -0.01099 23.64453 "Crux Scutum" 13.29033 71.71161 -0.04739 303.02769 33.85179 0.10189 13.3411 1.67886 0.385082 9.15419e-22 0.00283412 7.65236e-16 0.00409759
-2.67545 2.48189 -0.00913 26.34457 Norma 11.30310 -13.69186 -0.04627 257.14661 -40.33568 0.13349 3.6494 2.25048 0.0450932 1.48981e-22 0.000461242 1.08859e-16 0.000582906
-7.32900 5.52712 0.04856 7.35015 "Carina Sagittarius" 15.82645 -27.58654 0.17579 243.77931 -50.65520 0.02660 9.1795 1.98744 0.314279 1.89996e-20 0.0588222 1.37524e-14 0.0736396
-1.53682 -6.61255 -0.01811 24.66528 Norma 2.43405 -39.15355 -0.42621 228.61106 -58.23417 0.58038 6.7888 2.31294 0.345253 4.37922e-16 1355.8 2.61478e-10 1400.13
-2.42122 0.32448 -0.04304 15.96308 Norma 9.15072 -15.34294 -0.26950 256.06372 -41.78803 0.09991 2.4429 1.93056 0.296603 6.32072e-20 0.195688 4.78233e-14 0.256079
8.05012 -3.77961 -0.10653 4.83999 Norma 9.33263 59.61369 -0.65401 296.38361 23.22885 0.02970 8.8932 1.92509 0.186638 1.92773e-19 0.596819 1.57402e-13 0.842838
-0.27077 4.92421 0.06965 5.48499 "Crux Scutum" 13.42713 -1.15550 0.29722 265.41921 -29.76397 0.02340 4.9317 2.32455 0.302874 6.34758e-20 0.196519 3.84086e-14 0.205666
1.25807 -1.52615 0.09061 18.48176 "Crux Scutum" 7.08699 10.22610 0.73255 271.37709 -19.73543 0.14936 1.9779 2.22744 0.276296 2.11814e-18 6.55771 1.36693e-12 7.31948
1.74752 -1.46208 -0.07131 13.49532 "Carina Sagittarius" 7.25198 13.94459 -0.56343 274.46104 -17.09972 0.10658 2.2785 2.55141 0.297601 9.86266e-19 3.05345 5.34629e-13 2.86277
-2.66323 0.65033 -0.02012 4.91221 Perseus 9.53004 -16.22777 -0.12094 255.17623 -42.39735 0.02952 2.7415 1.97359 0.404875 8.61994e-22 0.00266871 5.98538e-16 0.00320498
5.23078 10.27040 -0.05239 14.78192 Norma 19.48568 15.57164 -0.15406 274.88749 -15.47270 0.04345 11.5257 2.01196 0.412986 1.85531e-19 0.5744 1.25623e-13 0.67267
-10.20439 0.38860 -0.07310 24.38803 "Carina Sagittarius" 13.53300 -48.94230 -0.30950 210.42186 -62.06786 0.10321 10.2118 1.72952 0.378372 3.38069e-22 0.00104665 2.74976e-16 0.00147241
-7.28212 -10.91664 0.08031 8.80532 "Carina Sagittarius" 7.67306 -108.35894 0.59970 123.53445 -33.48826 0.06573 13.1226 2.03781 0.241148 1.23376e-21 0.00381969 9.05157e-16 0.00484683
