sky_model/pwn/ctadc_skymodel_gps_sources_composite.ecsv
# %ECSV 0.9
# ---
# datatype:
# - {name: galactocentric_x, unit: kpc, datatype: float64, format: '%.5f', description: Galactocentric
#     x coordinate}
# - {name: galactocentric_y, unit: kpc, datatype: float64, format: '%.5f', description: Galactocentric
#     y coordinate}
# - {name: galactocentric_z, unit: kpc, datatype: float64, format: '%.5f', description: Galactocentric
#     z coordinate}
# - {name: size_physical, unit: pc, datatype: float64, format: '%.5f', description: physical
#     size}
# - {name: type, datatype: string, description: type of PWN}
# - {name: distance, unit: kpc, datatype: float64, format: '%.5f', description: Distance
#     observer to source center}
# - {name: GLON, unit: deg, datatype: float64, format: '%.5f', description: Galactic
#     longitude}
# - {name: GLAT, unit: deg, datatype: float64, format: '%.5f', description: Galactic
#     latitude}
# - {name: RA, unit: deg, datatype: float64, format: '%.5f'}
# - {name: DEC, unit: deg, datatype: float64, format: '%.5f'}
# - {name: sigma, unit: deg, datatype: float64, format: '%.5f'}
# - {name: galactocentric_r, unit: kpc, datatype: float64, format: '%0.4f', description: Galactocentric
#     radius in the xy plan}
# - {name: spec_alpha, datatype: float64, format: '%5g', description: Spectral model
#     parameter (log parabola)}
# - {name: spec_beta, datatype: float64, format: '%5g', description: Spectral model
#     parameter (log parabola)}
# - {name: spec_norm, unit: 1 / (cm2 MeV s), datatype: float64, format: '%5g', description: Spectral
#     model norm parameter (log parabola)}
# - {name: spec_norm_cu, unit: '%', datatype: float64, format: '%5g', description: Spectral
#     model norm parameter (log parabola) in crab units}
# - {name: int_flux_above_1TeV, unit: 1 / (cm2 s), datatype: float64, format: '%5g',
#   description: 'Integral flux above 1 TeV '}
# - {name: int_flux_above_1TeV_cu, unit: '%', datatype: float64, format: '%5g', description: Integral
#     flux above 1 TeV in crab units}
# - {name: luminosity, unit: erg / s, datatype: float64, description: Intrinsic source
#     luminosity}
# - {name: skip, datatype: int64, description: 'skip boolean: 0 take, 1 skip'}
# - {name: source_name, datatype: string, description: source name}
galactocentric_x galactocentric_y galactocentric_z size_physical type distance GLON GLAT RA DEC sigma galactocentric_r spec_alpha spec_beta spec_norm spec_norm_cu int_flux_above_1TeV int_flux_above_1TeV_cu luminosity skip source_name
[from data line 163]
4.11218 1.79011 0.00901 21.44413 composite 11.08136 21.78286 0.04659 277.68241 -9.88780 0.11083 4.4849 2.13578 0.154111 5.38527e-20 0.166727 3.93107e-14 0.210496 3.32120328026e+33 0 composite_163
14.64080 0.54106 0.01201 23.12220 composite 17.20738 58.30363 0.03999 295.02368 22.43706 0.07696 14.6508 1.83067 0.133312 1.83026e-20 0.0566645 1.66129e-14 0.0889565 3.88099078824e+33 0 composite_164
-0.58815 3.47072 0.02703 6.42313 composite 11.98519 -2.81282 0.12922 264.56193 -31.25710 0.03069 3.5202 2.07034 0.348952 6.2754e-19 1.94285 4.2519e-13 2.27675 7.82078064743e+34 0 composite_165
0.42414 -0.06632 0.45946 6.81511 composite 8.45683 2.87905 3.11442 265.12679 -24.85184 0.04616 0.4293 2.14095 0.215026 6.77645e-20 0.209797 4.7496e-14 0.254326 2.7498718803e+33 0 composite_166
10.05200 6.55870 -0.03604 6.54782 composite 18.10548 33.72395 -0.11405 283.32215 0.65287 0.02071 12.0025 2.22072 0.219381 1.5843e-20 0.0490496 1.05782e-14 0.056643 2.68122935646e+33 0 composite_167
1.09845 -0.19803 0.21922 14.67249 composite 8.37719 7.53714 1.49953 269.24159 -21.69162 0.10031 1.1162 2.33932 0.353097 7.00298e-20 0.216811 4.11229e-14 0.2202 2.9245990742e+33 0 composite_168
-7.75004 -1.01775 0.04805 15.55176 composite 10.77263 -46.00718 0.25556 215.88194 -60.62325 0.08268 7.8166 2.20665 0.322611 7.53461e-20 0.23327 4.80442e-14 0.257261 5.81896755465e+33 0 composite_169
-7.28056 -2.03754 0.12613 2.85994 composite 9.73580 -48.40671 0.74230 210.90197 -60.91000 0.01682 7.5603 2.29104 0.258083 2.45348e-19 0.759592 1.54399e-13 0.826756 1.19083379699e+34 0 composite_170
-0.51672 6.77177 0.20721 9.98744 composite 15.28191 -1.93786 0.77691 264.47004 -30.17140 0.03743 6.7915 2.10764 0.249997 2.23944e-20 0.0693326 1.56822e-14 0.0839732 3.35921066201e+33 0 composite_171
-6.94247 -3.94460 -0.09009 5.04430 composite 8.30408 -56.72855 -0.62161 193.62015 -63.49135 0.03479 7.9848 2.1759 0.308979 3.98722e-19 1.23443 2.60255e-13 1.39358 1.8483949286e+34 0 composite_172
0.90030 6.47286 -0.00300 6.34716 composite 14.99990 3.44098 -0.01146 268.40965 -25.99035 0.02424 6.5352 2.06562 0.276208 1.76013e-20 0.0544932 1.24418e-14 0.0666221 2.87207091567e+33 0 composite_173
-7.04364 -4.28322 0.03003 4.27651 composite 8.20945 -59.09252 0.20959 188.45808 -62.59294 0.02984 8.2437 1.99546 0.156547 1.02689e-19 0.317923 8.18038e-14 0.438033 4.18484592374e+33 0 composite_174
-4.86107 -1.48527 0.10511 3.14781 composite 8.53507 -34.72120 0.70562 234.16521 -54.83244 0.02112 5.0829 2.01134 0.137731 3.42101e-19 1.05914 2.73357e-13 1.46374 1.41734702361e+34 0 composite_175
0.76913 -1.24051 0.17117 18.72755 composite 7.30213 6.04782 1.34320 268.57699 -23.05670 0.14689 1.4596 1.90234 0.221752 7.88306e-19 2.44058 6.37345e-13 3.41278 3.36373432709e+34 0 composite_176
3.00324 3.77848 -0.14414 21.61926 composite 12.64125 13.74434 -0.65332 274.44451 -17.31864 0.09795 4.8266 1.89473 0.248224 1.81657e-20 0.0562406 1.44953e-14 0.0776179 2.51074169385e+33 0 composite_177
2.77915 -10.70800 -0.07808 5.93422 composite 3.55036 128.46670 -1.26016 24.37440 61.11565 0.09573 11.0628 1.90169 0.124661 6.51928e-19 2.01835 5.66734e-13 3.03468 5.24486889532e+33 0 composite_178
-0.92658 -5.86444 0.06306 10.87166 composite 2.79441 -19.37007 1.29308 250.94199 -43.92603 0.22282 5.9372 2.08604 0.260699 4.98254e-19 1.54258 3.51156e-13 1.88033 2.64066306882e+33 0 composite_179
3.67447 -3.87366 -0.07808 23.56117 composite 5.90854 38.45836 -0.75717 286.06101 4.57000 0.22839 5.3392 2.16674 0.390314 1.31377e-19 0.40674 8.28318e-14 0.443538 3.84596345382e+33 0 composite_180
-9.50690 2.64068 0.01802 7.01115 composite 14.64569 -40.47579 0.07050 225.95679 -58.47019 0.02742 9.8668 1.91846 0.30946 1.37472e-20 0.0425609 1.03958e-14 0.0556662 2.89279323917e+33 0 composite_181
0.45268 -3.49098 0.46547 3.48515 composite 5.05093 5.16396 5.28762 264.43271 -21.76820 0.03952 3.5202 1.81875 0.142771 2.02429e-19 0.626714 1.83869e-13 0.98456 3.84301952743e+33 0 composite_182
2.51640 0.95340 0.14114 4.66492 composite 9.78361 14.90591 0.82659 273.66363 -15.59281 0.02731 2.6910 2.27838 0.270874 6.04752e-20 0.18723 3.80725e-14 0.203866 3.09865831588e+33 0 composite_183
2.74820 -2.71571 0.25225 28.10900 composite 6.40892 25.41307 2.25570 277.40175 -5.64818 0.25120 3.8636 2.15698 0.341326 3.69833e-19 1.14499 2.39952e-13 1.28486 1.13709881997e+34 0 composite_184
-0.03328 -6.27881 -0.18919 19.12975 composite 2.22948 -0.85840 -4.86788 270.78362 -32.13258 0.49143 6.2789 2.24698 0.203098 1.86012e-18 5.75888 1.23472e-12 6.61154 4.46286623247e+33 0 composite_185
6.62496 -5.18796 0.14715 20.60819 composite 7.40820 63.43799 1.13815 296.79526 27.43567 0.15932 8.4146 2.21206 0.22868 1.31517e-19 0.407175 8.77926e-14 0.470101 3.84394644721e+33 0 composite_186
0.20180 -0.60810 -0.06006 8.50640 composite 7.89471 1.46476 -0.43589 267.68960 -27.90701 0.06171 0.6407 1.79923 0.100677 3.17194e-19 0.982024 3.02975e-13 1.62233 1.37176323947e+34 0 composite_187
1.83546 0.06706 -0.15015 18.91411 composite 8.76276 12.09259 -0.98181 273.92287 -18.92795 0.12362 1.8367 1.93614 0.360865 1.14348e-19 0.354019 8.30465e-14 0.444687 9.66645025487e+33 0 composite_188
3.17080 14.04090 0.06907 10.60554 composite 22.76293 8.00719 0.17385 270.73229 -21.94275 0.02668 14.3945 2.0023 0.241055 1.18491e-20 0.0366846 8.88297e-15 0.0475655 4.46950828328e+33 0 composite_189
5.31165 -8.72794 -0.07508 5.34731 composite 5.31707 92.45724 -0.80908 321.50781 49.51041 0.05760 10.2172 2.20468 0.176064 3.24935e-19 1.00599 2.24483e-13 1.20204 4.42534152161e+33 0 composite_190
-13.12210 3.97535 -0.04805 2.61295 composite 18.10597 -46.44734 -0.15205 215.32068 -61.15742 0.01000 13.7111 1.68258 0.159282 1.69614e-20 0.052512 1.67789e-14 0.0898454 5.22667973421e+33 0 composite_191
-2.68159 -1.41637 -0.09009 15.19035 composite 7.57475 -20.73474 -0.68146 251.80634 -46.24738 0.11486 3.0327 2.30443 0.228155 1.67566e-19 0.51878 1.06295e-13 0.569176 4.54490122803e+33 0 composite_192
10.68610 3.17664 -0.09009 14.40799 composite 15.82861 42.46379 -0.32611 287.53032 8.32459 0.05213 11.1483 2.19098 0.167034 6.65054e-20 0.205899 4.65721e-14 0.249379 8.01801511304e+33 0 composite_193
-0.72350 4.66647 0.47748 4.06096 composite 13.19498 -3.14525 2.07379 262.44902 -30.48066 0.01763 4.7222 1.85759 0.369034 2.57869e-20 0.0798357 1.95179e-14 0.104512 5.73089383372e+33 0 composite_194
10.66470 1.09875 0.11111 14.19007 composite 14.34866 48.01124 0.44368 289.46037 13.59514 0.05664 10.7212 2.30742 0.168022 3.32998e-20 0.103095 2.17803e-14 0.116627 2.86927173976e+33 0 composite_195
0.97348 2.96223 0.09009 8.67522 composite 11.50385 4.85445 0.44870 268.76166 -24.53837 0.04319 3.1181 2.22782 0.22073 2.51356e-19 0.778191 1.6703e-13 0.89439 1.70657794727e+34 0 composite_196
-3.42426 10.51950 -0.05405 6.12043 composite 19.32537 -10.20616 -0.16025 259.88934 -37.57579 0.01814 11.0628 1.71259 0.142235 5.88968e-19 1.82343 5.7839e-13 3.09709 1.89764874188e+35 0 composite_197
-0.66564 -3.80587 0.32432 4.99291 composite 4.75217 -8.07088 3.91329 257.35408 -33.46564 0.06018 3.8636 2.11648 0.135659 3.40691e-19 1.05477 2.54772e-13 1.36422 3.81376878049e+33 0 composite_198
-5.62992 -6.48178 -0.00901 1.39746 composite 5.98074 -70.27820 -0.08632 165.55008 -60.12609 0.01338 8.5854 2.34397 0.171319 2.09325e-19 0.648066 1.33886e-13 0.716918 3.01962902738e+33 0 composite_199
0.18253 0.57262 -0.54054 9.27178 composite 9.09054 1.15257 -3.40892 270.44489 -29.66950 0.05842 0.6010 2.1818 0.100892 8.93033e-20 0.276481 6.56052e-14 0.351295 3.16246604362e+33 0 composite_200
2.32472 2.64339 0.55255 8.00935 composite 11.39670 11.78396 2.77898 270.30414 -17.37369 0.04025 3.5202 2.40297 0.27959 6.81467e-20 0.210981 4.00385e-14 0.214393 4.10944918811e+33 0 composite_201
-4.60421 3.72799 0.10811 4.31981 composite 13.06653 -20.63288 0.47406 250.64504 -45.41616 0.01893 5.9242 2.28979 0.166685 3.53261e-20 0.109369 2.33563e-14 0.125066 2.57129874346e+33 0 composite_202
10.24170 -1.03635 0.02102 2.80473 composite 12.67276 53.91726 0.09504 292.69235 18.63187 0.01268 10.2940 2.1771 0.229444 7.95883e-20 0.246404 5.4173e-14 0.290079 7.13761380111e+33 0 composite_203
-3.78844 6.83715 -0.00901 6.37159 composite 15.79812 -13.87493 -0.03268 256.98849 -40.47425 0.02310 7.8166 2.45917 0.342589 6.02748e-20 0.186609 3.35293e-14 0.179539 7.43561242437e+33 0 composite_204
-0.33878 7.46201 0.30931 25.29249 composite 15.96860 -1.21587 1.10988 264.59072 -29.38335 0.09072 7.4697 1.98912 0.224735 2.7645e-20 0.0855881 2.11123e-14 0.11305 5.02618651419e+33 0 composite_205
1.13599 3.87216 -0.30330 11.64708 composite 12.42790 5.24609 -1.39843 270.74107 -25.11991 0.05368 4.0354 2.19098 0.32953 1.21001e-18 3.74615 7.75395e-13 4.15199 1.29338851589e+35 0 composite_206
-2.16022 5.14576 0.14114 0.81014 composite 13.81641 -8.99567 0.58531 259.99198 -36.15651 0.01000 5.5808 2.30462 0.313633 7.88018e-20 0.243968 4.79353e-14 0.256678 8.56023828782e+33 0 composite_207
-4.41235 -2.15859 -0.04805 24.04639 composite 7.72558 -34.83018 -0.35636 235.11714 -55.75219 0.17827 4.9121 2.09532 0.358489 6.78642e-20 0.210106 4.51343e-14 0.24168 3.47221083024e+33 0 composite_208
-2.34582 0.83471 0.32432 26.16459 composite 9.63041 -14.10637 1.92989 254.77322 -39.46273 0.15561 2.4899 1.95438 0.218971 4.00154e-20 0.123887 3.13519e-14 0.16788 2.73989681232e+33 0 composite_209
3.92681 4.66272 -0.20120 5.44749 composite 13.73745 16.61132 -0.83919 276.02047 -14.87723 0.02271 6.0960 1.77998 0.322821 1.29555e-20 0.04011 1.05813e-14 0.0566596 3.08696284194e+33 0 composite_210
-0.57012 -5.99557 0.04505 24.80477 composite 2.56890 -12.82453 1.00483 256.72881 -39.01144 0.55302 6.0226 2.24529 0.268941 8.89023e-19 2.75239 5.70323e-13 3.0539 3.26710274281e+33 0 composite_211
-6.29793 9.81378 0.03003 12.85429 composite 19.36645 -18.97759 0.08884 252.57567 -44.40664 0.03801 11.6608 2.26332 0.256256 2.35193e-20 0.0728152 1.50382e-14 0.0805246 4.66452184649e+33 0 composite_212
1.98304 -10.53610 -0.04204 2.78066 composite 2.84252 135.75637 -0.84742 38.72723 59.42323 0.05603 10.7211 2.14369 0.180728 1.79043e-18 5.54313 1.27904e-12 6.84885 7.59903004476e+33 0 composite_213
-5.38607 -6.12535 0.13213 6.93751 composite 5.88780 -66.20793 1.28590 174.19224 -60.25409 0.06748 8.1566 2.05116 0.252554 2.88461e-19 0.893069 2.08506e-13 1.11648 6.98810959572e+33 0 composite_214
-8.48094 -4.34746 -0.12312 11.00590 composite 9.44379 -63.91215 -0.74699 177.74234 -62.81246 0.06675 9.5303 2.11059 0.116394 1.02404e-19 0.31704 7.78816e-14 0.417031 4.38961867202e+33 0 composite_215
1.67793 -10.58900 -0.09910 16.44586 composite 2.68127 141.22782 -2.11814 46.83453 55.84960 0.35130 10.7211 1.73287 0.134637 4.77305e-19 1.47772 4.64808e-13 2.4889 2.82371224116e+33 0 composite_216
-2.42757 6.88880 0.09910 32.74495 composite 15.57941 -8.96449 0.36446 260.23872 -36.25706 0.12038 7.3040 2.12883 0.243256 3.39959e-20 0.105251 2.36065e-14 0.126405 5.06934685483e+33 0 composite_217
4.60521 -6.52620 0.04204 32.73418 composite 5.01055 66.79995 0.48073 299.40330 29.98562 0.37417 7.9874 2.4477 0.189598 7.78171e-19 2.4092 4.66093e-13 2.49578 7.22124194075e+33 0 composite_218
3.36661 13.90740 -0.22823 17.99284 composite 22.66005 8.54452 -0.57709 271.72153 -21.84234 0.04548 14.3091 2.15653 0.371 7.27582e-21 0.0225258 4.65408e-15 0.0249211 3.02187566237e+33 0 composite_219
-6.77440 2.71441 0.28829 6.76751 composite 13.10491 -31.13533 1.26053 238.36587 -52.19941 0.02958 7.2980 2.01947 0.386145 1.92706e-20 0.0596612 1.31726e-14 0.0705352 3.43643966684e+33 0 composite_220
-1.72450 -14.63490 0.02703 8.39290 composite 6.37273 -164.29950 0.24302 95.03195 15.40110 0.07543 14.7362 2.22948 0.363623 2.04471e-19 0.633037 1.26346e-13 0.676542 5.92238496283e+33 0 composite_221
2.64473 2.32319 0.21922 26.27758 composite 11.14379 13.73158 1.12719 272.80341 -16.47911 0.13505 3.5202 1.73068 0.112387 1.06122e-19 0.32855 1.05615e-13 0.565534 1.03166568952e+34 0 composite_222
3.58437 1.26641 -0.12012 13.92254 composite 10.40408 20.15364 -0.66152 277.55317 -11.65967 0.07664 3.8015 2.27051 0.345802 5.60052e-20 0.173391 3.41617e-14 0.182925 3.90175978528e+33 0 composite_223
7.22117 1.91078 0.15015 44.23954 composite 12.67092 34.74612 0.67897 283.08239 1.92418 0.19997 7.4697 2.07318 0.238058 4.44076e-20 0.137485 3.19573e-14 0.171121 4.66934215604e+33 0 composite_224
-0.09315 -2.51838 0.05405 25.53450 composite 5.98259 -0.89218 0.51765 265.36402 -29.42394 0.24445 2.5201 1.82645 0.114077 1.34325e-19 0.415866 1.24291e-13 0.665541 3.31424824398e+33 0 composite_225
10.19900 -0.44197 -0.15916 10.40995 composite 12.99911 51.68843 -0.70154 292.30428 16.29413 0.04587 10.2086 2.23186 0.135397 4.54512e-20 0.140716 3.16675e-14 0.16957 3.30733639852e+33 0 composite_226
2.73974 5.07390 0.03604 1.52327 composite 13.84768 11.41120 0.14912 272.52806 -18.98335 0.01000 5.7663 2.24118 0.338341 7.91408e-19 2.45018 4.91811e-13 2.63349 9.99581232934e+34 0 composite_227
-0.39385 10.72510 0.13814 7.76924 composite 19.22963 -1.17361 0.41160 265.29637 -29.71887 0.02314 10.7323 2.21662 0.245187 4.94102e-20 0.152973 3.26047e-14 0.174588 1.00261399347e+34 0 composite_228
0.41316 6.17967 -0.00901 10.43903 composite 14.68549 1.61217 -0.03515 267.38639 -27.57490 0.04071 6.1935 2.16694 0.276991 7.15162e-20 0.221412 4.76994e-14 0.255415 9.72681900383e+33 0 composite_229
-2.29951 7.02255 0.03904 16.48033 composite 15.69200 -8.42651 0.14255 260.84273 -35.94009 0.06015 7.3894 1.9734 0.106103 1.89213e-20 0.0585798 1.58819e-14 0.0850423 2.60346965529e+33 0 composite_230
-8.63958 8.81688 0.02703 22.46991 composite 19.35245 -26.51511 0.08003 245.08671 -49.97680 0.06650 12.3442 1.82459 0.111124 3.08153e-20 0.0954034 2.86249e-14 0.153277 7.92310736433e+33 0 composite_231
0.23465 -1.47645 0.08408 1.85115 composite 7.02797 1.91348 0.68548 266.86678 -26.94501 0.01509 1.4950 1.98262 0.228486 8.27546e-20 0.256206 6.33012e-14 0.338957 2.96757454701e+33 0 composite_232
-1.28724 0.68806 -0.37237 11.18462 composite 9.28526 -7.97519 -2.29837 263.68071 -36.91379 0.06899 1.4596 1.89412 0.251454 6.62265e-20 0.205036 5.27517e-14 0.282469 4.9839326961e+33 0 composite_233
4.92211 1.57626 0.02703 6.26274 composite 11.21423 26.03485 0.13810 279.57903 -6.07187 0.03199 5.1683 2.3068 0.147674 3.55461e-19 1.1005 2.35272e-13 1.25981 1.80292358259e+34 0 composite_234
0.60402 -0.72604 -0.38739 23.45702 composite 7.80701 4.44283 -2.84423 271.70619 -26.52703 0.17209 0.9444 1.82866 0.211474 6.05461e-20 0.187449 5.17671e-14 0.277196 3.20068247768e+33 0 composite_235
-9.11519 3.79525 0.36937 3.38153 composite 15.31001 -36.55171 1.38246 230.86242 -55.31513 0.01265 9.8737 1.88319 0.101084 2.82552e-20 0.0874774 2.53708e-14 0.135852 4.11440669837e+33 0 composite_236
9.98388 -1.67322 0.03904 13.28197 composite 12.09481 55.63645 0.18494 293.48857 20.18098 0.06290 10.1231 2.11777 0.140004 5.35373e-19 1.6575 3.98872e-13 2.13583 3.90976436161e+34 0 composite_237
2.63630 -6.99454 -0.18619 9.59782 composite 3.04157 60.27146 -3.50956 299.41122 22.33731 0.18073 7.4749 1.92593 0.107498 5.84752e-19 1.81038 5.06701e-13 2.71322 3.222575435e+33 0 composite_238
-1.94133 2.29381 -0.23423 17.62886 composite 10.96950 -10.19597 -1.22352 261.00503 -38.17167 0.09204 3.0051 2.04961 0.364085 4.09283e-20 0.126713 2.78309e-14 0.149025 4.59209081393e+33 0 composite_239
0.68812 6.92822 0.05105 3.54654 composite 15.44364 2.55378 0.18940 267.71250 -26.65143 0.01315 6.9623 1.74709 0.118414 2.12911e-20 0.0659166 2.08135e-14 0.111449 3.94121190462e+33 0 composite_240
3.02402 4.08550 -0.01201 24.63111 composite 12.94371 13.51080 -0.05316 273.77531 -17.23862 0.10899 5.0829 2.16855 0.26817 2.63261e-20 0.0815051 1.76262e-14 0.0943828 2.71898009023e+33 0 composite_241
7.37889 2.82731 -0.09610 5.53148 composite 13.51907 33.08122 -0.40729 283.29003 -0.05285 0.02343 7.9020 2.19846 0.27556 2.28463e-20 0.0707314 1.49853e-14 0.0802415 2.51384605582e+33 0 composite_242
