sky_model/pwn/ctadc_skymodel_gps_sources_pwn.ecsv
# %ECSV 0.9
# ---
# datatype:
# - {name: galactocentric_x, unit: kpc, datatype: float64, format: '%.5f', description: Galactocentric
#     x coordinate}
# - {name: galactocentric_y, unit: kpc, datatype: float64, format: '%.5f', description: Galactocentric
#     y coordinate}
# - {name: galactocentric_z, unit: kpc, datatype: float64, format: '%.5f', description: Galactocentric
#     z coordinate}
# - {name: spiralarm, datatype: string}
# - {name: GLON, unit: deg, datatype: float64, format: '%.5f', description: Galactic
#     longitude}
# - {name: GLAT, unit: deg, datatype: float64, format: '%.5f', description: Galactic
#     latitude}
# - {name: RA, unit: deg, datatype: float64, format: '%.5f'}
# - {name: DEC, unit: deg, datatype: float64, format: '%.5f'}
# - {name: distance, unit: pc, datatype: float64, format: '%.5f', description: Distance
#     observer to source center}
# - {name: sigma, unit: deg, datatype: float64, format: '%.5f', description: Angular
#     size}
# - {name: size_physical, unit: pc, datatype: float64, format: '%.5f', description: Physical
#     size}
# - {name: spec_alpha, datatype: float64, format: '%5g', description: Spectral model
#     parameter (log parabola)}
# - {name: spec_beta, datatype: float64, format: '%5g', description: Spectral model
#     parameter (log parabola)}
# - {name: spec_norm, unit: 1 / (cm2 MeV s), datatype: float64, format: '%5g', description: Spectral
#     model norm parameter (log parabola)}
# - {name: spec_norm_cu, unit: '%', datatype: float64, format: '%5g', description: Spectral
#     model norm parameter (log parabola) in crab units}
# - {name: int_flux_above_1TeV, unit: 1 / (cm2 s), datatype: float64, format: '%5g',
#   description: 'Integral flux above 1 TeV '}
# - {name: int_flux_above_1TeV_cu, unit: '%', datatype: float64, format: '%5g', description: Integral
#     flux above 1 TeV in crab units}
# - {name: source_name, datatype: string, description: source name}
# - {name: galactocentric_r, unit: kpc, datatype: float64, format: '%0.4f', description: Galactocentric
#     radius in the xy plan}
galactocentric_x galactocentric_y galactocentric_z spiralarm GLON GLAT RA DEC distance sigma size_physical spec_alpha spec_beta spec_norm spec_norm_cu int_flux_above_1TeV int_flux_above_1TeV_cu source_name galactocentric_r
[from data line 180]
9.57101 2.89226 -0.00895 Norma 40.03471 -0.03446 286.14224 6.30220 14879.11174 0.01697 4.40586 2.09666 0.230906 1.97988e-20 0.0612966 1.41109e-14 0.0755595 pwn_180 9.9985
10.86745 -7.34612 0.12800 "Crux Scutum" 83.93917 0.67103 311.52371 44.18794 10929.28474 0.12553 23.94455 2.50322 0.205289 1.11996e-20 0.0346737 6.46897e-15 0.0346393 pwn_181 13.1174
0.10140 -0.55927 0.00732 Norma 0.73160 0.05278 266.78669 -28.28368 7941.38463 0.15636 21.67186 2.25001 0.389675 8.26735e-21 0.0255955 4.99647e-15 0.0267545 pwn_182 0.5684
4.66796 7.98763 -0.03432 Perseus 15.80782 -0.11474 274.96720 -15.24594 17135.72654 0.09283 27.76395 1.67046 0.259807 2.7892e-21 0.00863528 2.56139e-15 0.0137154 pwn_183 9.2516
0.13278 -6.52418 0.07265 Norma 3.84459 2.10100 266.63304 -24.56045 1981.61185 0.22233 7.68944 1.91131 0.330291 3.55346e-19 1.10014 2.66521e-13 1.42713 pwn_184 6.5255
-1.78394 4.54090 0.15462 "Crux Scutum" -7.78946 0.67304 260.74762 -35.11471 13163.26122 0.02078 4.77351 2.42102 0.283096 3.22779e-19 0.999315 1.87626e-13 1.00468 pwn_185 4.8788
-8.55836 -8.76187 0.02660 "Carina Sagittarius" -91.75260 0.17801 136.43424 -46.92120 8562.40928 0.14807 22.12761 1.91368 0.356093 5.58331e-21 0.0172858 4.11939e-15 0.022058 pwn_186 12.2481
6.31835 -5.42158 0.00016 Norma 64.02379 0.00130 298.23334 27.36199 7028.38685 0.05946 7.29398 2.62037 0.0470525 6.60927e-19 2.04621 3.88064e-13 2.07796 pwn_187 8.3256
13.52732 5.28912 0.02232 "Crux Scutum" 44.45090 0.06622 288.10899 10.26789 19316.53826 0.01933 6.51646 1.77051 0.188811 2.39213e-20 0.0740596 2.16597e-14 0.115981 pwn_188 14.5246
10.65902 11.96713 0.05278 "Crux Scutum" 27.50994 0.13104 280.26436 -4.76403 23076.41625 0.02634 10.61043 2.27178 0.0835446 2.69618e-20 0.0834732 1.89459e-14 0.101449 pwn_189 16.0258
5.34017 13.93099 0.07590 Norma 13.39119 0.18860 273.49311 -17.22819 23058.02877 0.06155 24.77001 1.84164 0.121022 6.89386e-22 0.00213432 6.27223e-16 0.00335858 pwn_190 14.9195
-6.19394 9.90731 0.00851 Perseus -18.59776 0.02512 252.98266 -44.15476 19421.47932 0.04977 16.87031 1.94712 0.100412 1.79371e-20 0.0555328 1.54014e-14 0.0824694 pwn_191 11.6842
-4.23626 -1.81335 0.03067 Norma -32.35589 0.22202 237.88602 -53.77566 7915.69315 0.02031 2.80566 2.42957 0.251661 1.32607e-19 0.410549 7.78483e-14 0.416853 pwn_192 4.6081
5.73108 -3.54364 0.05121 Perseus 49.14603 0.38724 290.05968 14.57134 7577.16480 0.11127 14.71536 2.06188 0.00949649 2.287e-19 0.708051 1.95111e-13 1.04476 pwn_193 6.7381
3.85659 -7.21261 0.02081 Norma 71.54024 0.29329 302.57133 33.89503 4065.84484 0.29573 20.98554 2.34404 0.481984 2.4453e-20 0.0757059 1.36019e-14 0.0728338 pwn_194 8.1789
-8.11290 2.82011 0.01498 "Carina Sagittarius" -35.62843 0.06165 233.53073 -55.88491 13927.11002 0.06927 16.83704 2.24199 0.259482 8.92788e-22 0.00276405 5.76568e-16 0.00308734 pwn_195 8.5891
-3.94326 -0.77806 0.02584 Norma -27.05145 0.17075 244.39023 -50.28755 8670.53987 0.11768 17.80801 2.32616 0.0262858 1.89454e-19 0.586543 1.33675e-13 0.715788 pwn_196 4.0193
1.95168 5.93928 0.05017 "Carina Sagittarius" 7.69769 0.19730 270.54551 -22.20039 14570.67048 0.03108 7.90312 1.83354 0.341027 1.18993e-20 0.0368399 9.2927e-15 0.0497594 pwn_197 6.2517
3.39669 -1.14212 -0.08714 "Carina Sagittarius" 24.77995 -0.61607 279.67422 -7.53289 8104.53436 0.18134 25.65080 2.03353 0.134444 8.81242e-20 0.27283 6.95622e-14 0.372483 pwn_198 3.5836
-2.82298 1.47917 0.01446 Perseus -15.79555 0.07989 255.32109 -41.93301 10370.78669 0.09664 17.49316 2.22728 0.0533838 8.35298e-19 2.58606 6.15902e-13 3.29796 pwn_199 3.1870
2.49359 -0.44573 -0.01305 "Crux Scutum" 17.20248 -0.08866 275.62204 -14.00324 8431.45213 0.14827 21.81917 1.84528 0.415152 9.95706e-22 0.00308268 7.39372e-16 0.0039591 pwn_200 2.5331
3.49250 1.19486 -0.04018 "Crux Scutum" 19.81118 -0.22340 276.99454 -11.75968 10304.82835 0.16387 29.47188 2.58885 0.0989538 1.10929e-18 3.43433 6.4501e-13 3.45382 pwn_201 3.6912
-10.09131 7.98201 0.00266 Perseus -31.47755 0.00790 239.25610 -53.38112 19325.92251 0.04061 13.69840 1.86683 0.0523771 2.66992e-21 0.00826602 2.53204e-15 0.0135583 pwn_202 12.8665
-2.74938 -3.17322 0.01469 Norma -27.30022 0.14042 244.14302 -50.48239 5994.48490 0.25425 26.60035 2.01 0.0284532 7.71384e-20 0.238819 6.72209e-14 0.359946 pwn_203 4.1986
7.43991 4.00979 0.06602 Perseus 30.74110 0.25988 281.62874 -1.83112 14555.12288 0.01000 2.54035 1.79803 0.364279 1.60931e-21 0.00498238 1.26606e-15 0.00677932 pwn_204 8.4517
-3.94145 -2.33426 -0.05064 Norma -32.58875 -0.39652 238.24425 -54.40229 7318.05989 0.01919 2.45117 1.45701 0.327636 3.3307e-20 0.103118 3.36978e-14 0.180441 pwn_205 4.5808
-0.52083 -10.25705 -0.09922 "Crux Scutum" -163.48897 -3.09906 92.39940 13.09535 1835.30330 0.57180 18.31655 2.63908 0.00409957 5.02201e-20 0.15548 2.98682e-14 0.159934 pwn_206 10.2703
-7.24321 -3.43820 -0.03267 "Crux Scutum" -55.05285 -0.21183 197.30402 -63.01399 8836.68879 0.06725 10.37233 2.0387 0.11074 2.10752e-20 0.0652482 1.68667e-14 0.090316 pwn_207 8.0178
-0.77759 -10.58867 -0.04609 "Crux Scutum" -159.58026 -1.18461 96.01433 10.56467 2229.19607 0.22034 8.57263 1.96563 0.352341 1.8901e-19 0.585169 1.35601e-13 0.726102 pwn_208 10.6172
0.91725 6.20763 0.04459 "Carina Sagittarius" 3.56868 0.17338 268.30466 -25.78651 14736.26825 0.03662 9.41754 2.04039 0.0760704 5.5225e-19 1.70975 4.53186e-13 2.42667 pwn_209 6.2750
4.98297 12.33326 -0.02348 Norma 13.45148 -0.06280 273.75453 -17.29535 21420.90955 0.02827 10.57042 2.52596 0.288375 2.40388e-20 0.0744235 1.324e-14 0.0708958 pwn_210 13.3019
-4.26116 -1.98245 -0.01424 Norma -33.17655 -0.10477 237.14159 -54.54397 7786.92185 0.16384 22.26651 1.81047 0.106578 3.73519e-19 1.15641 3.51973e-13 1.88471 pwn_211 4.6997
-2.85137 5.45422 -0.17792 "Crux Scutum" -11.54869 -0.71569 259.48505 -38.99357 14243.67487 0.07126 17.71529 2.30387 0.224617 3.36458e-20 0.104166 2.13888e-14 0.11453 pwn_212 6.1546
7.55966 1.01554 -0.08597 Perseus 38.46551 -0.40529 285.75052 4.73764 12153.24290 0.11304 23.97834 1.97286 0.433712 1.48944e-21 0.00461126 1.01954e-15 0.00545932 pwn_213 7.6276
-6.93627 -4.99655 0.10389 "Crux Scutum" -63.20207 0.76598 179.92525 -61.48807 7771.53640 0.18543 25.15102 1.921 0.151298 6.40648e-19 1.98343 5.38335e-13 2.88261 pwn_214 8.5485
-1.13024 -17.89166 -0.12155 "Carina Sagittarius" -173.13773 -0.73619 89.59062 22.65779 9460.20221 0.15452 25.51390 2.27012 0.342986 7.8861e-21 0.0244152 4.81748e-15 0.0257961 pwn_215 17.9273
-3.72221 -1.18423 -0.03063 Perseus -26.96666 -0.21381 244.90715 -50.50316 8208.30092 0.09292 13.31225 2.39647 0.219141 3.36958e-20 0.104322 2.04375e-14 0.109436 pwn_216 3.9061
-9.95079 9.15139 0.11480 Perseus -29.41168 0.32460 241.47967 -51.78625 20263.34167 0.03818 13.50111 1.94583 0.0480776 2.27575e-20 0.0704566 2.04302e-14 0.109397 pwn_217 13.5191
-6.83041 -3.28076 -0.03594 "Crux Scutum" -52.61588 -0.23955 202.62809 -62.77304 8596.29638 0.18588 27.88796 1.86935 0.180317 4.97985e-19 1.54175 4.23984e-13 2.2703 pwn_218 7.5775
-6.88780 5.05602 -0.06514 "Carina Sagittarius" -26.93508 -0.24543 244.97741 -50.50351 15205.65044 0.07669 20.35245 1.74927 0.42064 4.81552e-21 0.0149087 3.7716e-15 0.0201957 pwn_219 8.5443
2.83226 -6.21431 -0.06367 Norma 51.09577 -1.00221 292.28389 15.62992 3640.07413 0.05968 3.79186 2.43105 0.486523 3.94261e-20 0.122062 2.10413e-14 0.112669 pwn_220 6.8293
-2.37307 5.89787 0.01237 "Carina Sagittarius" -9.35938 0.04858 260.28159 -36.76157 14592.13091 0.06654 16.94582 1.92742 0.422541 2.97924e-21 0.00922364 2.10303e-15 0.0112611 pwn_221 6.3574
-3.91934 4.18546 0.08873 "Crux Scutum" -17.16921 0.38290 253.84475 -42.82151 13277.42479 0.05024 11.64174 1.54526 0.0811142 8.80632e-20 0.272642 1.05007e-13 0.56228 pwn_222 5.7340
-3.01664 -8.92284 -0.01809 "Crux Scutum" -97.97911 -0.34026 130.24936 -42.47624 3046.18132 0.55732 29.63144 2.52299 0.172755 1.04121e-18 3.22355 6.04488e-13 3.23684 pwn_223 9.4190
-1.03634 7.24255 -0.05365 "Carina Sagittarius" -3.76639 -0.19486 264.28280 -32.23587 15776.71109 0.01000 2.75356 1.68904 0.415594 4.37062e-19 1.35313 3.56122e-13 1.90692 pwn_224 7.3163
-10.66098 -3.53334 -0.01764 "Carina Sagittarius" -65.02048 -0.08593 175.77910 -61.89822 11761.13919 0.09227 18.93989 2.33384 0.276948 7.42415e-20 0.22985 4.52547e-14 0.242324 pwn_225 11.2312
-0.87105 1.55129 0.13725 "Carina Sagittarius" -4.95290 0.77938 262.54896 -32.70185 10089.89171 0.12558 22.11479 2.15503 0.388093 4.85665e-22 0.00150361 3.084e-16 0.00165138 pwn_226 1.7791
-1.73784 -4.50504 0.01372 Perseus -23.50941 0.18041 248.15860 -47.74894 4356.59782 0.12797 9.73012 2.18637 0.388892 2.5172e-18 7.79318 1.57204e-12 8.41777 pwn_227 4.8286
-6.30375 16.46106 -0.03883 Norma -14.17331 -0.08641 256.80941 -40.74523 25744.77636 0.06507 29.23756 1.92469 0.035544 7.6711e-21 0.0237495 7.07286e-15 0.0378729 pwn_228 17.6268
-4.25777 -0.65995 0.15825 Norma -28.50549 1.01620 241.81494 -50.66585 8923.00315 0.16686 25.98688 2.20968 0.171203 2.34443e-20 0.0725829 1.61958e-14 0.0867234 pwn_229 4.3086
-3.98253 -0.76134 -0.00381 Perseus -27.23162 -0.02505 244.40157 -50.55354 8703.30164 0.18160 27.58560 1.59967 0.239511 5.27634e-19 1.63354 5.17829e-13 2.77281 pwn_230 4.0547
1.28805 -2.66974 0.01102 "Carina Sagittarius" 12.45801 0.10574 273.09998 -18.08688 5970.85346 0.01965 2.04733 2.27641 0.472612 4.65278e-20 0.144049 2.68145e-14 0.143583 pwn_231 2.9642
7.58568 -5.11612 -0.02921 Norma 65.95894 -0.20151 299.56705 28.91211 8306.26221 0.12233 17.73457 2.5671 0.449114 3.34171e-19 1.03458 1.70098e-13 0.910818 pwn_232 9.1497
-5.96602 3.62849 0.16150 "Crux Scutum" -26.19263 0.68458 244.78584 -49.31990 13517.38207 0.04194 9.89373 2.36521 0.211516 6.95297e-21 0.0215262 4.30432e-15 0.0230483 pwn_233 6.9828
-10.55486 -2.23608 0.03124 "Carina Sagittarius" -59.31241 0.14581 187.97126 -62.64070 12273.65784 0.11991 25.68748 1.49414 0.047833 3.27308e-21 0.0101334 4.2402e-15 0.0227049 pwn_234 10.7891
-3.29119 10.79100 -0.23977 Perseus -9.68188 -0.70196 260.82705 -37.45301 19571.20631 0.05717 19.52872 1.80474 0.202271 1.49064e-20 0.0461498 1.30433e-14 0.0698428 pwn_235 11.2817
1.36399 -2.04128 0.00896 "Crux Scutum" 11.92479 0.07775 272.85572 -18.56785 6601.18208 0.14626 16.85156 2.04366 0.267952 1.61629e-20 0.0500398 1.16283e-14 0.062266 pwn_236 2.4551
-2.98276 -5.46442 0.01366 Norma -44.49714 0.18390 218.77554 -60.13311 4255.79348 0.06414 4.76393 2.24608 0.452199 5.16169e-20 0.159805 3.04354e-14 0.162972 pwn_237 6.2255
-3.69081 6.79738 -0.00918 "Carina Sagittarius" -13.56455 -0.03344 257.23278 -40.22590 15736.32777 0.06150 16.88987 2.068 0.14744 4.63128e-22 0.00143383 3.54301e-16 0.00189717 pwn_238 7.7348
8.08489 11.10272 0.01983 Norma 22.41308 0.05359 277.97181 -9.32583 21204.54285 0.05269 19.50178 1.95204 0.154432 9.63718e-20 0.298365 7.9124e-14 0.423684 pwn_239 13.7345
4.75148 -3.77931 0.01333 Perseus 45.18624 0.11404 288.41272 10.94159 6697.88352 0.24579 28.73263 2.27859 0.313592 2.98978e-19 0.925629 1.84345e-13 0.98711 pwn_240 6.0712
-1.50849 -6.53069 0.04488 Norma -37.45211 1.03639 229.85250 -56.09380 2481.07517 0.41953 18.16730 2.44925 0.252596 2.13973e-18 6.62455 1.24311e-12 6.65645 pwn_241 6.7026
2.29920 -5.57107 0.03942 Perseus 38.13181 0.60657 284.69435 4.90380 3723.77908 0.44713 29.06034 2.03031 0.0979345 4.20934e-18 13.032 3.42027e-12 18.3145 pwn_242 6.0269
1.14828 5.99290 -0.02709 "Carina Sagittarius" 4.53012 -0.10675 269.11031 -25.09836 14538.33998 0.11387 28.89471 2.31868 0.0723636 2.00512e-21 0.0062078 1.37912e-15 0.00738474 pwn_243 6.1019
-9.75340 -5.49477 0.05916 "Carina Sagittarius" -72.87485 0.33209 161.32459 -58.61384 10206.06615 0.11241 20.02304 1.32628 0.244749 4.17543e-21 0.012927 5.02987e-15 0.0269333 pwn_244 11.1947
-4.47185 -7.93019 0.03767 "Crux Scutum" -82.73836 0.47874 146.86544 -52.96901 4508.16224 0.20223 15.91233 1.81875 0.389695 8.71901e-20 0.269938 6.67207e-14 0.357268 pwn_245 9.1041
-2.89303 -5.12885 -0.02911 Norma -40.63525 -0.37543 226.10670 -58.93732 4442.42296 0.19057 14.77600 2.00362 0.389416 4.21858e-21 0.0130606 2.90409e-15 0.0155505 pwn_246 5.8885
-0.63977 -10.34631 -0.04332 "Crux Scutum" -160.88803 -1.27002 95.31244 11.67934 1954.49282 0.78756 26.86716 1.95343 0.487902 1.08184e-17 33.4935 7.28773e-12 39.0234 pwn_247 10.3661
-4.50751 -13.12219 0.00395 "Carina Sagittarius" -135.71972 0.03508 108.11990 -10.06976 6456.18405 0.02045 2.30443 2.19984 0.191359 1.45422e-19 0.450222 9.98477e-14 0.534652 pwn_248 13.8748
7.71817 3.38708 0.05306 Perseus 32.99530 0.21450 282.69747 0.15421 14173.06203 0.01917 4.74171 2.40413 0.195995 1.90116e-20 0.0588594 1.16168e-14 0.0622044 pwn_249 8.4287
-6.27569 6.25414 0.15016 "Carina Sagittarius" -23.04253 0.53660 248.24332 -47.16450 16034.07248 0.01575 4.40735 2.252 0.000909747 6.31867e-20 0.195624 4.76114e-14 0.254944 pwn_250 8.8599
-6.81163 5.62114 0.01161 "Carina Sagittarius" -25.75133 0.04242 245.96261 -49.46289 15678.17446 0.08429 23.06381 1.91333 0.414959 1.70061e-21 0.00526505 1.21483e-15 0.006505 pwn_251 8.8315
-1.83625 2.37533 -0.06030 Perseus -9.58373 -0.31326 260.49428 -37.15192 11029.42968 0.05806 11.17576 1.64317 0.323314 1.82985e-20 0.0566517 1.63278e-14 0.0874303 pwn_252 3.0023
-9.71358 2.08428 -0.12107 "Carina Sagittarius" -42.54373 -0.48286 222.88650 -59.92352 14366.46113 0.07847 19.67455 2.26709 0.384961 4.82625e-19 1.49419 2.89783e-13 1.55169 pwn_253 9.9347
7.63215 2.82952 0.01171 Perseus 33.96624 0.04913 283.28742 0.94292 13660.45251 0.07844 18.70064 1.54855 0.235312 4.81574e-20 0.149094 4.92459e-14 0.263696 pwn_254 8.1398
-4.00721 -0.84066 -0.02987 Perseus -27.61767 -0.19797 244.15343 -50.94633 8644.31195 0.08279 12.49131 2.29591 0.460097 9.27928e-21 0.0287284 5.3245e-15 0.028511 pwn_255 4.0944
-4.00117 -2.05521 0.01239 Norma -31.83360 0.09355 238.70502 -53.54382 7585.83520 0.12571 16.64331 2.04347 0.0145569 5.63139e-20 0.174346 4.84743e-14 0.259564 pwn_256 4.4981
-8.73397 3.84146 -0.02724 "Carina Sagittarius" -35.28679 -0.10321 234.19631 -55.81924 15119.34451 0.07533 19.87882 1.74725 0.0576406 3.62532e-21 0.0112239 3.75266e-15 0.0200943 pwn_257 9.5414
3.29701 -3.34748 -0.03287 Perseus 32.61450 -0.30792 282.98879 -0.42291 6117.17294 0.26513 28.30641 2.18618 0.188009 3.41278e-19 1.05659 2.36672e-13 1.2673 pwn_258 4.6985
-3.95894 -3.24521 0.05783 Norma -36.99421 0.50359 231.06352 -56.29256 6579.46227 0.15587 17.89874 2.09914 0.042553 7.83289e-21 0.0242504 6.33764e-15 0.0339361 pwn_259 5.1190
5.40725 -6.47996 0.03710 Norma 69.51535 0.36828 301.19027 32.23182 5772.37095 0.18861 19.00224 2.08902 0.0439439 1.08692e-21 0.00336507 8.84594e-16 0.00473672 pwn_260 8.4397
-0.51831 -0.63966 0.07123 Norma -3.77262 0.51807 263.57077 -31.85633 7877.72818 0.02497 3.43257 2.07473 0.283436 3.76895e-19 1.16686 2.63929e-13 1.41326 pwn_261 0.8233
6.89498 -4.60497 0.08322 Norma 60.53756 0.60210 295.69711 24.65633 7919.52359 0.20711 28.62727 2.22586 0.108061 5.35347e-19 1.65742 3.80862e-13 2.0394 pwn_262 8.2914
4.17344 17.60541 -0.02246 "Crux Scutum" 9.08294 -0.04868 271.50813 -21.11456 26436.91605 0.03586 16.54398 2.37733 0.313268 5.98157e-20 0.185188 3.50693e-14 0.187785 pwn_263 18.0933
-8.29675 -4.38001 0.00534 "Crux Scutum" -63.59196 0.03300 178.79571 -62.12408 9263.39311 0.15047 24.32700 2.24898 0.4647 4.33464e-20 0.134199 2.53927e-14 0.13597 pwn_264 9.3819
11.20226 3.31183 0.04197 Norma 43.48275 0.14770 287.58118 9.44720 16279.18146 0.01032 2.93217 2.40364 0.411941 2.3309e-21 0.00721641 1.29513e-15 0.006935 pwn_265 11.6816
-1.33074 5.31966 -0.05884 "Crux Scutum" -5.50024 -0.24281 263.21238 -33.71988 13883.70340 0.05567 13.49076 2.08676 0.124215 2.66907e-20 0.0826337 2.05007e-14 0.109775 pwn_266 5.4836
4.07456 -3.74335 0.02685 Perseus 40.58342 0.24564 286.14513 6.91826 6263.26710 0.08069 8.82042 2.58554 0.0448315 8.77904e-20 0.271797 5.25981e-14 0.281646 pwn_267 5.5331
-6.55460 -5.87777 0.07209 "Crux Scutum" -68.19564 0.58509 169.94234 -60.29109 7060.02969 0.07389 9.10532 2.27133 0.475096 6.92702e-23 0.000214459 3.99788e-17 0.000214074 pwn_268 8.8040
