sky_model/pwn/ctadc_skymodel_gps_sources_composite.ecsv
# %ECSV 0.9
# ---
# datatype:
# - {name: galactocentric_x, unit: kpc, datatype: float64, format: '%.5f', description: Galactocentric
#     x coordinate}
# - {name: galactocentric_y, unit: kpc, datatype: float64, format: '%.5f', description: Galactocentric
#     y coordinate}
# - {name: galactocentric_z, unit: kpc, datatype: float64, format: '%.5f', description: Galactocentric
#     z coordinate}
# - {name: size_physical, unit: pc, datatype: float64, format: '%.5f', description: physical
#     size}
# - {name: type, datatype: string, description: type of PWN}
# - {name: distance, unit: kpc, datatype: float64, format: '%.5f', description: Distance
#     observer to source center}
# - {name: GLON, unit: deg, datatype: float64, format: '%.5f', description: Galactic
#     longitude}
# - {name: GLAT, unit: deg, datatype: float64, format: '%.5f', description: Galactic
#     latitude}
# - {name: RA, unit: deg, datatype: float64, format: '%.5f'}
# - {name: DEC, unit: deg, datatype: float64, format: '%.5f'}
# - {name: sigma, unit: deg, datatype: float64, format: '%.5f'}
# - {name: galactocentric_r, unit: kpc, datatype: float64, format: '%0.4f', description: Galactocentric
#     radius in the xy plan}
# - {name: spec_alpha, datatype: float64, format: '%5g', description: Spectral model
#     parameter (log parabola)}
# - {name: spec_beta, datatype: float64, format: '%5g', description: Spectral model
#     parameter (log parabola)}
# - {name: spec_norm, unit: 1 / (cm2 MeV s), datatype: float64, format: '%5g', description: Spectral
#     model norm parameter (log parabola)}
# - {name: spec_norm_cu, unit: '', datatype: float64, format: '%5g', description: Spectral
#     model norm parameter (log parabola) in crab units}
# - {name: int_flux_above_1TeV, unit: 1 / (cm2 s), datatype: float64, format: '%5g',
#   description: 'Integral flux above 1 TeV '}
# - {name: int_flux_above_1TeV_cu, unit: '', datatype: float64, format: '%5g', description: Integral
#     flux above 1 TeV in crab units}
# - {name: luminosity, unit: erg / s, datatype: float64, description: Intrinsic source
#     luminosity}
# - {name: skip, datatype: int64, description: 'skip boolean: 0 take, 1 skip'}
# - {name: source_name, datatype: string, description: source name}
galactocentric_x galactocentric_y galactocentric_z size_physical type distance GLON GLAT RA DEC sigma galactocentric_r spec_alpha spec_beta spec_norm spec_norm_cu int_flux_above_1TeV int_flux_above_1TeV_cu luminosity skip source_name
[from data line 163]
4.11218 1.79011 0.00901 6.07280 composite 11.08136 21.78286 0.04659 277.68241 -9.88780 0.03139 4.4849 2.30005 0.304843 2.75836e-20 0.085398 1.68881e-14 0.0904305 1.90083423251e+33 0 composite_163
14.64080 0.54106 0.01201 4.18909 composite 17.20738 58.30363 0.03999 295.02368 22.43706 0.01394 14.6508 1.72285 0.168003 1.01099e-20 0.0313 9.6351e-15 0.0515929 2.71293580032e+33 0 composite_164
-0.58815 3.47072 0.02703 8.52269 composite 11.98519 -2.81282 0.12922 264.56193 -31.25710 0.04073 3.5202 2.24052 0.281956 1.80715e-20 0.0559489 1.15467e-14 0.0618288 1.49817435357e+33 0 composite_165
0.42414 -0.06632 0.45946 8.45038 composite 8.45683 2.87905 3.11442 265.12679 -24.85184 0.05723 0.4293 2.17847 0.360082 1.31224e-19 0.406267 8.34078e-14 0.446622 7.14352048835e+33 0 composite_166
10.05200 6.55870 -0.03604 5.64479 composite 18.10548 33.72395 -0.11405 283.32215 0.65287 0.01786 12.0025 1.87454 0.111163 5.8838e-21 0.0182161 5.27152e-15 0.0282273 1.23881213277e+33 0 composite_167
1.09845 -0.19803 0.21922 31.90069 composite 8.37719 7.53714 1.49953 269.24159 -21.69162 0.21810 1.1162 2.25381 0.10783 7.09277e-20 0.21959 4.96143e-14 0.265669 1.98660701857e+33 0 composite_168
-7.75004 -1.01775 0.04805 10.94586 composite 10.77263 -46.00718 0.25556 215.88194 -60.62325 0.05819 7.8166 1.91357 0.222481 5.2498e-20 0.162533 4.21173e-14 0.225525 4.80648036711e+33 0 composite_169
-7.28056 -2.03754 0.12613 14.95008 composite 9.73580 -48.40671 0.74230 210.90197 -60.91000 0.08795 7.5603 2.28131 0.396675 2.56762e-20 0.0794927 1.52303e-14 0.0815536 1.75160111162e+33 0 composite_170
-0.51672 6.77177 0.20721 20.33132 composite 15.28191 -1.93786 0.77691 264.47004 -30.17140 0.07620 6.7915 2.18805 0.326619 2.32792e-20 0.0720719 1.49626e-14 0.0801201 3.75110104627e+33 0 composite_171
-6.94247 -3.94460 -0.09009 14.89436 composite 8.30408 -56.72855 -0.62161 193.62015 -63.49135 0.10273 7.9848 2.16623 0.192304 5.68756e-20 0.176085 3.98073e-14 0.213155 2.05082126519e+33 0 composite_172
0.90030 6.47286 -0.00300 4.74280 composite 14.99990 3.44098 -0.01146 268.40965 -25.99035 0.01811 6.5352 2.17054 0.19951 1.76955e-20 0.0547849 1.2301e-14 0.065868 2.10214001073e+33 0 composite_173
-7.04364 -4.28322 0.03003 9.98532 composite 8.20945 -59.09252 0.20959 188.45808 -62.59294 0.06966 8.2437 2.13489 0.144116 4.03523e-20 0.12493 2.96637e-14 0.15884 1.34006123788e+33 0 composite_174
-4.86107 -1.48527 0.10511 5.13898 composite 8.53507 -34.72120 0.70562 234.16521 -54.83244 0.03448 5.0829 2.16005 0.314734 6.07669e-20 0.188133 3.98908e-14 0.213602 3.08651947509e+33 0 composite_175
0.76913 -1.24051 0.17117 7.38302 composite 7.30213 6.04782 1.34320 268.57699 -23.05670 0.05791 1.4596 1.83414 0.318042 2.2404e-19 0.693622 1.77433e-13 0.950097 1.36637105473e+34 0 composite_176
3.00324 3.77848 -0.14414 5.78284 composite 12.64125 13.74434 -0.65332 274.44451 -17.31864 0.02620 4.8266 2.26073 0.136464 4.95258e-20 0.153331 3.38962e-14 0.181503 3.30033193633e+33 0 composite_177
2.77915 -10.70800 -0.07808 16.04588 composite 3.55036 128.46670 -1.26016 24.37440 61.11565 0.25885 11.0628 2.20154 0.144985 1.68791e-18 5.22571 1.19057e-12 6.37511 9.67681403363e+33 1 composite_178
-0.92658 -5.86444 0.06306 26.12868 composite 2.79441 -19.37007 1.29308 250.94199 -43.92603 0.53553 5.9372 2.14973 0.316172 2.60603e-19 0.806822 1.71915e-13 0.920549 1.44499868492e+33 0 composite_179
3.67447 -3.87366 -0.07808 11.26545 composite 5.90854 38.45836 -0.75717 286.06101 4.57000 0.10920 5.3392 2.26707 0.199875 9.29317e-20 0.287714 6.10984e-14 0.327163 1.51722739517e+33 0 composite_180
-9.50690 2.64068 0.01802 8.66548 composite 14.64569 -40.47579 0.07050 225.95679 -58.47019 0.03389 9.8668 2.40917 0.153671 1.65285e-20 0.0511718 1.02941e-14 0.0551215 1.28522854254e+33 0 composite_181
0.45268 -3.49098 0.46547 2.00897 composite 5.05093 5.16396 5.28762 264.43271 -21.76820 0.02278 3.5202 2.02445 0.120241 1.38734e-19 0.429518 1.11307e-13 0.596013 1.90845910691e+33 0 composite_182
2.51640 0.95340 0.14114 1.80931 composite 9.78361 14.90591 0.82659 273.66363 -15.59281 0.01059 2.6910 2.40811 0.223024 1.72872e-19 0.535208 1.04015e-13 0.556967 6.81652675279e+33 0 composite_183
2.74820 -2.71571 0.25225 34.97892 composite 6.40892 25.41307 2.25570 277.40175 -5.64818 0.31259 3.8636 1.964 0.316621 1.23967e-19 0.3838 9.08495e-14 0.48647 4.75373415581e+33 0 composite_184
-0.03328 -6.27881 -0.18919 9.80870 composite 2.22948 -0.85840 -4.86788 270.78362 -32.13258 0.25198 6.2789 2.19597 0.319845 6.48003e-19 2.0062 4.1613e-13 2.22824 2.16138917117e+33 0 composite_185
6.62496 -5.18796 0.14715 21.95790 composite 7.40820 63.43799 1.13815 296.79526 27.43567 0.16976 8.4146 2.28922 0.390605 2.84861e-19 0.881922 1.68746e-13 0.903583 1.09517854663e+34 0 composite_186
0.20180 -0.60810 -0.06006 6.55761 composite 7.89471 1.46476 -0.43589 267.68960 -27.90701 0.04757 0.6407 1.66565 0.348383 4.24695e-20 0.131484 3.66879e-14 0.196452 4.33936321871e+33 0 composite_187
1.83546 0.06706 -0.15015 43.13366 composite 8.76276 12.09259 -0.98181 273.92287 -18.92795 0.28192 1.8367 2.30334 0.232621 8.66809e-20 0.268362 5.48921e-14 0.29393 3.17974920733e+33 0 composite_188
3.17080 14.04090 0.06907 8.07239 composite 22.76293 8.00719 0.17385 270.73229 -21.94275 0.02031 14.3945 1.95218 0.228694 9.34595e-21 0.0289348 7.28545e-15 0.0390113 3.67196184535e+33 0 composite_189
5.31165 -8.72794 -0.07508 3.30385 composite 5.31707 92.45724 -0.80908 321.50781 49.51041 0.03559 10.2172 1.95265 0.133495 1.31694e-19 0.407722 1.09783e-13 0.587851 2.26504172836e+33 0 composite_190
-13.12210 3.97535 -0.04805 6.67740 composite 18.10597 -46.44734 -0.15205 215.32068 -61.15742 0.02112 13.7111 2.16568 0.395836 5.6429e-21 0.0174703 3.55066e-15 0.0190127 1.57690501783e+33 0 composite_191
-2.68159 -1.41637 -0.09009 12.83607 composite 7.57475 -20.73474 -0.68146 251.80634 -46.24738 0.09706 3.0327 2.37951 0.335959 7.11804e-20 0.220373 4.12766e-14 0.221023 2.21095144977e+33 0 composite_192
10.68610 3.17664 -0.09009 17.08324 composite 15.82861 42.46379 -0.32611 287.53032 8.32459 0.06181 11.1483 2.24363 0.281875 1.18816e-20 0.0367851 7.57926e-15 0.0405845 1.71056356921e+33 0 composite_193
-0.72350 4.66647 0.47748 6.78946 composite 13.19498 -3.14525 2.07379 262.44902 -30.48066 0.02947 4.7222 2.14986 0.121787 3.83668e-20 0.118783 2.8357e-14 0.151843 3.09293419738e+33 0 composite_194
10.66470 1.09875 0.11111 6.50370 composite 14.34866 48.01124 0.44368 289.46037 13.59514 0.02596 10.7212 2.20292 0.144715 2.03736e-20 0.063076 1.4361e-14 0.0768984 1.90360076165e+33 0 composite_195
0.97348 2.96223 0.09009 8.26323 composite 11.50385 4.85445 0.44870 268.76166 -24.53837 0.04114 3.1181 1.75816 0.323372 1.30271e-20 0.0403316 1.07841e-14 0.0577453 2.25712376423e+33 0 composite_196
-3.42426 10.51950 -0.05405 21.34006 composite 19.32537 -10.20616 -0.16025 259.88934 -37.57579 0.06324 11.0628 1.88456 0.374656 6.15958e-21 0.0190699 4.57379e-15 0.0244912 2.85910599095e+33 0 composite_197
-0.66564 -3.80587 0.32432 9.26744 composite 4.75217 -8.07088 3.91329 257.35408 -33.46564 0.11169 3.8636 2.468 0.133962 2.05026e-19 0.634754 1.2494e-13 0.669016 1.52203677368e+33 0 composite_198
-5.62992 -6.48178 -0.00901 3.26201 composite 5.98074 -70.27820 -0.08632 165.55008 -60.12609 0.03124 8.5854 2.10267 0.127128 3.45371e-18 10.6926 2.62055e-12 14.0322 6.12419496944e+34 1 composite_199
0.18253 0.57262 -0.54054 7.77102 composite 9.09054 1.15257 -3.40892 270.44489 -29.66950 0.04896 0.6010 1.9586 0.135141 6.24722e-20 0.193412 5.18042e-14 0.277395 3.12744984155e+33 0 composite_200
2.32472 2.64339 0.55255 15.92214 composite 11.39670 11.78396 2.77898 270.30414 -17.37369 0.08002 3.5202 1.81871 0.39328 7.3412e-21 0.0227282 5.60612e-15 0.030019 1.39371701927e+33 0 composite_201
-4.60421 3.72799 0.10811 10.08292 composite 13.06653 -20.63288 0.47406 250.64504 -45.41616 0.04420 5.9242 2.26279 0.205471 5.92514e-20 0.183441 3.89294e-14 0.208455 4.81037519977e+33 0 composite_202
10.24170 -1.03635 0.02102 8.15970 composite 12.67276 53.91726 0.09504 292.69235 18.63187 0.03688 10.2940 1.82956 0.154179 9.97827e-21 0.0308925 8.91116e-15 0.0477164 1.20671488861e+33 0 composite_203
-3.78844 6.83715 -0.00901 17.77756 composite 15.79812 -13.87493 -0.03268 256.98849 -40.47425 0.06445 7.8166 2.01131 0.127043 1.23772e-20 0.0383195 9.96741e-15 0.0533723 1.71784271539e+33 0 composite_204
-0.33878 7.46201 0.30931 23.04795 composite 15.96860 -1.21587 1.10988 264.59072 -29.38335 0.08266 7.4697 2.03199 0.354439 5.28379e-21 0.0163585 3.64666e-15 0.0195267 1.25695652326e+33 0 composite_205
1.13599 3.87216 -0.30330 13.44664 composite 12.42790 5.24609 -1.39843 270.74107 -25.11991 0.06197 4.0354 2.38849 0.11075 3.66128e-20 0.113352 2.36182e-14 0.126468 1.95084352971e+33 0 composite_206
-2.16022 5.14576 0.14114 1.25896 composite 13.81641 -8.99567 0.58531 259.99198 -36.15651 0.01000 5.5808 2.34057 0.227483 2.82876e-20 0.0875776 1.76028e-14 0.0942572 2.43678294691e+33 0 composite_207
-4.41235 -2.15859 -0.04805 24.54530 composite 7.72558 -34.83018 -0.35636 235.11714 -55.75219 0.18197 4.9121 1.91658 0.330049 1.37645e-18 4.26147 1.0293e-12 5.51156 8.55166439935e+34 1 composite_208
-2.34582 0.83471 0.32432 12.69875 composite 9.63041 -14.10637 1.92989 254.77322 -39.46273 0.07552 2.4899 1.73563 0.221642 9.05983e-20 0.28049 8.19102e-14 0.438603 8.583621219e+33 0 composite_209
3.92681 4.66272 -0.20120 16.04759 composite 13.73745 16.61132 -0.83919 276.02047 -14.87723 0.06691 6.0960 2.15827 0.312192 4.83564e-20 0.14971 3.18161e-14 0.170365 6.33919753857e+33 0 composite_210
-0.57012 -5.99557 0.04505 10.18272 composite 2.56890 -12.82453 1.00483 256.72881 -39.01144 0.22702 6.0226 1.87359 0.316359 9.75478e-19 3.02005 7.54822e-13 4.04183 6.89332949621e+33 1 composite_211
-6.29793 9.81378 0.03003 8.75896 composite 19.36645 -18.97759 0.08884 252.57567 -44.40664 0.02590 11.6608 2.41454 0.185904 4.92934e-20 0.152611 3.01053e-14 0.161204 7.05275674304e+33 0 composite_212
1.98304 -10.53610 -0.04204 4.47930 composite 2.84252 135.75637 -0.84742 38.72723 59.42323 0.09025 10.7211 1.8615 0.122896 3.04889e-19 0.943929 2.73055e-13 1.46212 1.65245298647e+33 0 composite_213
-5.38607 -6.12535 0.13213 5.04222 composite 5.88780 -66.20793 1.28590 174.19224 -60.25409 0.04905 8.1566 2.05483 0.34107 6.56765e-20 0.203333 4.50706e-14 0.241339 1.97974327403e+33 0 composite_214
-8.48094 -4.34746 -0.12312 4.25577 composite 9.44379 -63.91215 -0.74699 177.74234 -62.81246 0.02581 9.5303 1.88339 0.379855 1.07638e-20 0.0333244 7.97447e-15 0.0427007 1.21371677992e+33 0 composite_215
1.67793 -10.58900 -0.09910 33.32147 composite 2.68127 141.22782 -2.11814 46.83453 55.84960 0.71177 10.7211 2.47007 0.131139 6.00946e-19 1.86051 3.66338e-13 1.96162 1.41058904733e+33 0 composite_216
-2.42757 6.88880 0.09910 43.10204 composite 15.57941 -8.96449 0.36446 260.23872 -36.25706 0.15845 7.3040 2.07713 0.120569 1.34659e-20 0.0416899 1.04342e-14 0.0558716 1.65069941489e+33 0 composite_217
4.60521 -6.52620 0.04204 5.96095 composite 5.01055 66.79995 0.48073 299.40330 29.98562 0.06814 7.9874 1.98549 0.388656 3.35864e-19 1.03983 2.33642e-13 1.25108 9.2999123788e+33 0 composite_218
3.36661 13.90740 -0.22823 7.75352 composite 22.66005 8.54452 -0.57709 271.72153 -21.84234 0.01960 14.3091 2.04149 0.343245 4.18376e-21 0.0129528 2.88929e-15 0.0154712 1.91682048395e+33 0 composite_219
-6.77440 2.71441 0.28829 3.24748 composite 13.10491 -31.13533 1.26053 238.36587 -52.19941 0.01419 7.2980 2.03972 0.105595 1.5959e-20 0.0494086 1.28121e-14 0.0686047 1.40732454328e+33 0 composite_220
-1.72450 -14.63490 0.02703 5.67517 composite 6.37273 -164.29950 0.24302 95.03195 15.40110 0.05100 14.7362 1.76016 0.233525 3.86236e-20 0.119578 3.40253e-14 0.182195 1.59394574397e+33 0 composite_221
2.64473 2.32319 0.21922 26.58930 composite 11.14379 13.73158 1.12719 272.80341 -16.47911 0.13666 3.5202 2.16523 0.364832 1.75241e-20 0.0542543 1.11912e-14 0.0599252 1.70991151573e+33 0 composite_222
3.58437 1.26641 -0.12012 20.20999 composite 10.40408 20.15364 -0.66152 277.55317 -11.65967 0.11125 3.8015 1.77861 0.225681 4.22687e-20 0.130863 3.69896e-14 0.198067 4.4302368957e+33 0 composite_223
7.22117 1.91078 0.15015 43.73828 composite 12.67092 34.74612 0.67897 283.08239 1.92418 0.19770 7.4697 2.01633 0.346793 1.01642e-20 0.0314681 7.10594e-15 0.0380501 1.52696907131e+33 0 composite_224
-0.09315 -2.51838 0.05405 22.38141 composite 5.98259 -0.89218 0.51765 265.36402 -29.42394 0.21427 2.5201 2.03574 0.101946 6.80893e-20 0.210803 5.4958e-14 0.294282 1.24841800855e+33 0 composite_225
10.19900 -0.44197 -0.15916 28.47807 composite 12.99911 51.68843 -0.70154 292.30428 16.29413 0.12547 10.2086 2.23162 0.369028 1.35876e-20 0.042067 8.36605e-15 0.0447975 1.65499255542e+33 0 composite_226
2.73974 5.07390 0.03604 1.38293 composite 13.84768 11.41120 0.14912 272.52806 -18.98335 0.01000 5.7663 2.22987 0.111121 8.15064e-20 0.252342 5.77302e-14 0.309127 6.45102300586e+33 0 composite_227
-0.39385 10.72510 0.13814 9.28009 composite 19.22963 -1.17361 0.41160 265.29637 -29.71887 0.02764 10.7323 1.82504 0.386603 2.18941e-20 0.0677836 1.67218e-14 0.0895401 1.14773582631e+34 0 composite_228
0.41316 6.17967 -0.00901 15.55019 composite 14.68549 1.61217 -0.03515 267.38639 -27.57490 0.06065 6.1935 2.02575 0.254216 2.03283e-20 0.062936 1.49034e-14 0.0798027 3.18795186993e+33 0 composite_229
-2.29951 7.02255 0.03904 30.92462 composite 15.69200 -8.42651 0.14255 260.84273 -35.94009 0.11287 7.3894 2.16855 0.388784 7.40165e-21 0.0229153 4.66558e-15 0.0249827 1.51792737914e+33 0 composite_230
-8.63958 8.81688 0.02703 31.66969 composite 19.35245 -26.51511 0.08003 245.08671 -49.97680 0.09373 12.3442 2.12802 0.267474 5.33287e-21 0.0165104 3.65464e-15 0.0195694 1.29957705014e+33 0 composite_231
0.23465 -1.47645 0.08408 4.35417 composite 7.02797 1.91348 0.68548 266.86678 -26.94501 0.03548 1.4950 2.18521 0.289981 6.47893e-20 0.200586 4.24874e-14 0.227506 2.02909302137e+33 0 composite_232
-1.28724 0.68806 -0.37237 19.63827 composite 9.28526 -7.97519 -2.29837 263.68071 -36.91379 0.12113 1.4596 1.99785 0.324395 1.61288e-20 0.0499343 1.15374e-14 0.0617789 1.25970455766e+33 0 composite_233
4.92211 1.57626 0.02703 8.10999 composite 11.21423 26.03485 0.13810 279.57903 -6.07187 0.04142 5.1683 2.43267 0.354564 2.36886e-18 7.33393 1.32813e-12 7.11172 1.56661531205e+35 0 composite_234
0.60402 -0.72604 -0.38739 7.90232 composite 7.80701 4.44283 -2.84423 271.70619 -26.52703 0.05797 0.9444 2.42349 0.112899 2.34288e-19 0.725349 1.47989e-13 0.792436 4.75957320655e+33 0 composite_235
-9.11519 3.79525 0.36937 4.07853 composite 15.31001 -36.55171 1.38246 230.86242 -55.31513 0.01526 9.8737 2.03717 0.242843 2.6974e-20 0.0835109 1.97767e-14 0.105898 4.40196149401e+33 0 composite_236
9.98388 -1.67322 0.03904 17.94693 composite 12.09481 55.63645 0.18494 293.48857 20.18098 0.08499 10.1231 2.02113 0.389908 1.71587e-20 0.0531228 1.16957e-14 0.062627 2.62738342869e+33 0 composite_237
2.63630 -6.99454 -0.18619 12.40763 composite 3.04157 60.27146 -3.50956 299.41122 22.33731 0.23364 7.4749 2.29856 0.342495 3.91079e-19 1.21077 2.35507e-13 1.26107 2.22127266022e+33 0 composite_238
-1.94133 2.29381 -0.23423 8.24392 composite 10.96950 -10.19597 -1.22352 261.00503 -38.17167 0.04304 3.0051 1.99672 0.307931 7.98915e-19 2.47342 5.77252e-13 3.091 8.35169496886e+34 0 composite_239
0.68812 6.92822 0.05105 13.22230 composite 15.44364 2.55378 0.18940 267.71250 -26.65143 0.04904 6.9623 2.22182 0.1838 1.13785e-20 0.0352275 7.74721e-15 0.0414838 1.29984933103e+33 0 composite_240
3.02402 4.08550 -0.01201 26.80880 composite 12.94371 13.51080 -0.05316 273.77531 -17.23862 0.11862 5.0829 1.82719 0.330656 6.72916e-21 0.0208333 5.30976e-15 0.0284321 1.35120179628e+33 0 composite_241
