sky_model/pwn/ctadc_skymodel_gps_sources_pwn.ecsv
# %ECSV 0.9
# ---
# datatype:
# - {name: x, unit: kpc, datatype: float64, description: Galactocentric x coordinate}
# - {name: y, unit: kpc, datatype: float64, description: Galactocentric y coordinate}
# - {name: z, unit: kpc, datatype: float64, description: Galactocentric z coordinate}
# - {name: spiralarm, datatype: string}
# - {name: GLON, unit: deg, datatype: float64, description: Galactic longitude}
# - {name: GLAT, unit: deg, datatype: float64, description: Galactic latitude}
# - {name: RA, unit: deg, datatype: float64}
# - {name: DEC, unit: deg, datatype: float64}
# - {name: distance, unit: pc, datatype: float64, description: Distance observer to
#     source center}
# - {name: sigma, unit: deg, datatype: float64, description: Angular extension (deg)}
# - {name: spec_alpha, datatype: float64, description: Spectral model parameter (log
#     parabola)}
# - {name: spec_beta, datatype: float64, description: Spectral model parameter (log
#     parabola)}
# - {name: spec_norm, unit: 1 / (cm2 s TeV), datatype: float64, description: Spectral
#     model norm parameter (log parabola)}
x y z spiralarm GLON GLAT RA DEC distance sigma spec_alpha spec_beta spec_norm
-6.53107673556 1.16913374747 0.0295272019592 "Crux Scutum" -34.0373045853 0.144990579352 235.699618624 -54.8746217164 11668.2467667 0.12271288429 2.27629413341 0.137411784934 8.43962050653e-07
-6.70413839937 -4.33170118118 -0.0430893192461 "Crux Scutum" -58.1287124276 -0.31273290528 190.509434087 -63.1651202715 7894.43116445 0.181373956593 1.90804244626 0.296115209381 1.89558465129e-06
-0.963140018427 1.94992336576 -0.0248113032705 Norma -5.26591338622 -0.135463242037 263.257720768 -33.464914345 10494.2437863 0.136440914134 2.06425925571 0.448380579112 1.65361385993e-07
0.292690786243 5.00323142883 -0.0058592186826 "Crux Scutum" 1.24172656223 -0.024855505657 267.160936214 -27.8871584752 13506.404453 0.106012241847 2.40504116378 0.203366672918 2.16165058335e-06
5.85178066991 -2.37902003097 -0.142882866293 Perseus 43.7119607773 -0.966657278002 288.68948235 9.13412376191 8469.36528339 0.169061572791 2.30424065734 0.276039138346 5.85059333427e-07
-0.104837226705 1.53835168766 -0.0450558856147 Norma -0.598356427636 -0.257149187882 266.298893265 -29.5808378101 10039.0002232 0.142628168494 1.53613497243 0.135826383803 2.29773945081e-07
2.97813390876 -4.39292678438 -0.0370481349063 Perseus 35.9467369526 -0.418407537418 284.607810955 2.49183705054 5073.33268585 0.282229513421 2.05652387273 0.227722074725 5.88441684351e-08
2.58261937032 -2.44075611457 0.0204349462673 "Crux Scutum" 23.0850602849 0.177757586552 278.174633088 -8.67249737403 6586.71214356 0.217383754465 1.75913355376 0.20085676769 3.51636295971e-08
12.0343899168 -5.7615693574 -0.00980714163422 "Crux Scutum" 77.1806049503 -0.045528005059 306.856506844 38.363467834 12342.0273551 0.116013696466 1.77213091002 0.124206732541 1.03951131001e-08
4.11820153544 2.65936809982 -0.00473402877532 "Carina Sagittarius" 20.2558444794 -0.0228028416661 277.024260742 -11.2727353086 11895.0032654 0.120373587413 1.91086159552 0.252933191913 1.77263992291e-09
14.0329988473 5.0086313949 0.0491419071073 "Crux Scutum" 46.0907274651 0.144550757977 288.813801928 11.7566990438 19478.4648712 0.0735090893874 1.83889176421 0.15519041299 1.43724329179e-09
3.11341151794 -1.31296444998 0.00409085771955 "Carina Sagittarius" 23.4221783457 0.0299254693825 278.464560047 -8.44161649625 7832.42159312 0.182809900913 2.19265384688 0.18651743194 2.85003762727e-06
10.2197774304 1.41826085589 0.013941805465 Norma 45.8577963839 0.0560906760171 288.783121432 11.5093553981 14241.3462673 0.100541352515 2.00548018579 0.262485221127 9.61645206595e-08
-4.4420485327 3.8124480141 0.00518627401292 "Crux Scutum" -19.8382796867 0.0227019769659 251.867456794 -45.1082511921 13089.2397856 0.109390937809 1.83285225445 0.375297511464 1.59047806331e-06
0.896129085805 1.67759688552 0.108473053884 Perseus 5.03186986617 0.608283394681 268.708793463 -24.3046521869 10217.5482434 0.140135791996 1.91984307284 0.166753732896 2.25175896761e-06
-8.82041368258 3.03651757236 0.0132509780756 "Carina Sagittarius" -37.4002506947 0.0522807116868 230.897697238 -56.8927363119 14522.0904424 0.0985976654689 1.89009206839 0.46207938331 7.4766862034e-07
0.512586041083 -5.53162129072 -0.0724924548269 Perseus 9.79733864781 -1.37857956158 273.126357839 -21.133270815 3013.18299597 0.475193248224 2.20340134975 0.431159273418 1.07227728796e-07
3.98186102223 8.89407104051 -9.01141884494e-05 Perseus 12.8940123571 -0.00028934980388 273.417512171 -17.7551243265 17844.0164921 0.0802422602547 1.74460726878 0.0243451479878 2.51531643901e-07
1.10342947114 6.00127862414 0.0566007274191 "Carina Sagittarius" 4.35135810105 0.222988519642 268.6963512 -25.0865693847 14543.3091824 0.0984538111231 1.88452827945 0.126821262128 4.90408130562e-07
-7.19917197706 -0.183707776733 -0.0250445967846 "Crux Scutum" -40.881785227 -0.130455788148 225.459746523 -58.8421722488 10999.5191136 0.130173346722 1.56939415039 0.22306775633 2.60605429706e-06
8.96522153805 -3.48824195094 0.212780093484 Norma 60.793839624 1.18680634844 295.277164697 25.1686556737 10273.1782491 0.139376946514 1.11069274972 0.0523139443712 1.54834708363e-08
7.52634039274 3.38213619002 -0.0314496762552 Perseus 32.3508418187 -0.128112338422 282.708529024 -0.575573951745 14065.2745877 0.101799947553 1.97647702077 0.174237994517 3.26523232478e-08
4.44228351519 -6.43985261599 0.0951517194747 Norma 65.1200797309 1.11321058442 297.786367588 28.8728298249 4897.66719193 0.29235228921 2.03339777369 0.370048762809 4.33517032532e-06
-10.3507288039 -4.86404444204 -0.155634990695 "Carina Sagittarius" -70.6448835847 -0.812762574473 164.26264534 -60.6333469359 10971.8723033 0.130501356174 1.59961544449 0.340257240571 1.39990580172e-07
-1.70605011297 -8.87442295727 -0.128326662644 "Crux Scutum" -102.378326735 -4.20197147982 122.612540578 -41.1192452288 1751.36154784 0.817560609982 2.41283374848 0.311192214283 0.000193292160203
7.71246410376 -3.81728360675 -0.136237007669 Norma 58.7354600631 -0.865059584163 296.105331751 22.3628927227 9023.77392745 0.158674655068 1.40732126786 0.355264201361 3.30760620771e-10
-1.60955621208 -4.12887848147 -0.0586789861374 Perseus -20.2149681881 -0.721736500398 252.333468275 -45.8759517899 4658.41365198 0.307367340541 1.81235479967 0.10246184348 1.74397714786e-07
-6.62731529506 6.29463345845 0.0402462142534 "Carina Sagittarius" -24.1301846962 0.142243372132 247.565325358 -48.227641976 16211.2339736 0.0883241965219 1.74946036049 0.170849057432 8.19824518075e-06
-8.57795175295 -9.67419821248 0.00819977913876 "Carina Sagittarius" -97.7945252387 0.0542637589747 130.824526731 -42.3788975384 8657.94807992 0.165379163993 2.21385038788 0.338121241139 7.37845194018e-06
-0.139272958118 6.40546504691 0.210064417326 "Carina Sagittarius" -0.535341934087 0.807387257188 265.298484269 -28.967879431 14907.5957914 0.0960479634262 2.19672686787 0.439617381516 2.73233549222e-06
2.80343245498 -0.360658228659 0.0418541707347 "Carina Sagittarius" 19.0052378721 0.278564044824 276.156364693 -12.2385875215 8608.70894919 0.16632508124 1.84183580494 0.271839026914 3.87249538815e-07
2.53298625545 -0.556559825146 0.0275130164121 "Carina Sagittarius" 17.6863246917 0.189069862166 275.603514045 -13.4456417534 8337.56668026 0.171734064657 1.90210388029 0.141349825473 1.85257415553e-08
-6.9207356152 5.4809157586 0.0508123807003 "Carina Sagittarius" -26.3360101104 0.186622384103 245.167693247 -49.7750231872 15600.1656659 0.0917839108903 1.56029784814 0.015117629003 2.68558061361e-06
-4.99054821556 0.462590983597 -0.00417849046434 Norma -29.1099268005 -0.023338062155 242.219296709 -51.841395814 10258.3442178 0.139578491904 1.26518495358 0.355168414487 3.2799176056e-06
2.77270534602 -5.13967810413 -0.0350030305106 Perseus 39.5270927661 -0.460335789178 286.288451996 5.65575518913 4356.70556635 0.328652968061 1.70606371968 0.00394205175422 3.81475624232e-07
1.14748419605 -1.6329662872 0.0603360582293 "Carina Sagittarius" 9.48650088461 0.496522940424 271.210691531 -20.4958504854 6962.50762533 0.205650649507 1.84221422166 0.18633953491 3.70371343523e-08
-0.817367322221 0.401197808235 -0.0677299498561 "Crux Scutum" -5.24656685832 -0.434133484642 263.571060124 -33.6110862177 8938.90368596 0.160181188393 2.1321784838 0.265268607281 1.15830180915e-07
-2.67828235777 -3.48441241156 0.00195590533783 Perseus -28.1018488697 0.0197093451147 243.357528364 -51.1232959541 5685.88771177 0.251824216012 2.12464255917 0.461055730884 1.39011098058e-07
-1.2988085119 -0.190275968106 0.0495428198463 "Crux Scutum" -8.88344652876 0.337497579706 260.32342996 -36.2058245436 8410.75927178 0.170239590634 1.6954217593 0.0447472725165 7.45838287514e-08
0.157252022611 7.29242709373 -0.06240421066 "Carina Sagittarius" 0.570499987235 -0.226393449435 266.963455377 -28.5660440837 15793.3332769 0.0906613056437 1.71837825734 0.202971160984 9.93435534984e-10
-7.2973076098 -9.61601836045 0.00713124195675 "Carina Sagittarius" -98.6951925342 0.0553483371535 130.080397551 -41.6678155356 7382.15728547 0.193960133871 1.51689069943 0.0121565998551 2.28929573363e-06
-1.98566819524 10.5955931973 -0.226967752397 Perseus -5.9366042584 -0.677326379011 263.365230578 -34.3224995056 19199.8977107 0.0745756168562 1.41659515696 0.171305492171 6.85252960074e-07
2.45062937389 -2.55446733118 0.0971330908273 "Carina Sagittarius" 22.4004748448 0.865352601294 277.237191262 -8.96102927323 6431.51443142 0.222629402549 1.33930704853 0.31111552942 7.96642795148e-08
1.14575421622 -0.432553626164 -0.00166562225124 Perseus 8.0831991797 -0.011711883158 270.946788065 -21.9679251286 8148.40146857 0.175720872477 2.32670935671 0.139533974114 7.30569728247e-06
-5.57095889059 3.54509607819 -0.14985634142 "Crux Scutum" -24.8209408494 -0.646956465295 247.716388838 -49.2716937426 13271.8642028 0.107885689115 1.66239391093 0.104874974828 5.30823344665e-09
-6.35297333828 -11.6537675124 -0.0272491238429 "Carina Sagittarius" -116.400898379 -0.220120708323 117.777433793 -27.1091513791 7092.76125878 0.201874018187 1.68171993856 0.0578516166635 1.71558777736e-09
3.13391449829 -0.483891229795 -0.0104229152561 "Crux Scutum" 21.353117443 -0.0693845602992 277.584648071 -10.3223816077 8606.94652798 0.166359139178 1.46174525279 0.28857012201 0.00012176355672
5.99005631221 -2.49738231407 -0.013337033523 Perseus 44.9399872426 -0.0901115061103 288.480451582 10.6287204828 8480.11624822 0.168847239052 2.00992239607 0.347635002952 6.85151614892e-07
5.78457522922 -3.01230710792 0.00338132314999 Perseus 46.5086736149 0.0242975451506 289.121489213 12.0705504623 7973.46193906 0.179576227527 1.36424758116 0.335978570298 2.49427287306e-06
3.88378413724 1.37150824456 -0.00677480258526 "Carina Sagittarius" 21.4763488852 -0.0365918344115 277.613125305 -10.1979785783 10608.039411 0.134977271471 1.74256012434 0.47443051036 1.05194791978e-06
-3.33500554443 0.735939037533 0.0148673631879 Perseus -19.8541460612 0.086748466469 251.783732498 -45.0789209051 9819.62590555 0.145814538061 1.55822402848 0.00135160694675 8.37122164001e-07
-7.51046670049 -2.33123550744 -0.0748173763126 "Crux Scutum" -50.601833122 -0.441053017998 207.023723589 -62.5993486192 9719.38079631 0.147318460441 1.90446367442 0.323598326947 5.50633545702e-07
0.0785955628742 -1.94214000846 0.0838783419599 "Crux Scutum" 0.686653642256 0.732749384971 266.10190616 -27.9679919947 6558.86731893 0.218306629136 1.66208261286 0.300196118549 4.25881298117e-07
-3.47703835783 -1.20925342784 0.113341139048 Norma -25.4969949248 0.803912561307 245.411599555 -48.745654555 8078.21932947 0.177247504302 1.48122931029 0.294369804985 2.44897261639e-07
0.932122966669 6.60339953957 -0.000346204753244 "Carina Sagittarius" 3.53159299254 -0.00131085734338 268.451016214 -25.9071098918 15132.1357051 0.0946227448165 1.79239079835 0.48138515992 7.58694685569e-08
-3.30191241545 -0.577482162285 -0.0188186413783 Perseus -22.6251846632 -0.125622683769 249.377662667 -47.3040527999 8583.08036951 0.166821718277 1.91564960504 0.00843583668502 2.48076849182e-07
-7.04751154814 1.16235303138 -0.0618879388294 "Crux Scutum" -36.1062033095 -0.296492358803 233.202370278 -56.4533307926 11959.6118349 0.119723301652 1.81795965004 0.348241215351 2.52494072564e-08
-5.43330739621 6.45707747212 0.0549295019778 "Carina Sagittarius" -19.9640566847 0.197771955484 251.563090255 -45.0906268109 15913.4538369 0.0899769610058 1.88166741239 0.406839324851 3.81664973904e-08
0.613046680566 -10.5454380683 0.0820958744274 "Crux Scutum" 163.315783957 2.20173322081 77.0662268351 44.0224370639 2136.90965099 0.670053698662 1.62873303471 0.254903598311 3.91430535779e-05
-1.85437697376 5.43931549196 0.0660523729864 "Crux Scutum" -7.57768704244 0.269126863973 261.301606268 -35.1673342634 14062.2755364 0.101821658354 1.70205988518 0.166982434798 3.94940548633e-08
6.75464764831 5.59074887666 -0.00776981384152 Perseus 25.6115470004 -0.0284893856698 279.532529458 -6.52441976467 15626.0848944 0.0916316674985 1.6184356791 0.395420081614 1.40245526428e-08
2.68063351408 4.7794856253 0.137763374149 "Carina Sagittarius" 11.4125185298 0.582622522896 272.127852733 -18.7723379368 13548.0446285 0.105686411184 1.70292064638 0.0486214628162 4.49072943436e-08
3.88183218877 2.41090929727 0.00775572027185 "Crux Scutum" 19.5843031888 0.0383710335142 276.649960786 -11.8386263432 11580.873153 0.123638709831 1.58045050385 0.221017818865 2.94108247531e-07
-7.54997539883 3.67296316422 -0.129818385515 "Carina Sagittarius" -31.8082215883 -0.51924950172 239.403920063 -53.9972015295 14324.804136 0.0999555876478 1.33390369737 0.259976187285 1.28506123558e-08
-1.5615597883 2.77676468405 -0.051514377399 Perseus -7.88394494509 -0.259262141497 261.62863476 -35.7168834325 11384.4870083 0.125771518234 1.84790505841 0.346978205467 9.13362127849e-06
4.09530951029 9.01451915625 0.0781704558566 Perseus 13.1606641637 0.249003415003 273.321945018 -17.4016422123 17987.1079354 0.0796039152315 1.69151914722 0.0454428660162 6.93992080913e-07
-8.52636413861 4.41880871754 -0.0209848645619 "Carina Sagittarius" -33.4246579045 -0.0776765827017 236.776250911 -54.676359904 15478.8547531 0.0925032399479 1.35984644632 0.113879750769 5.76659844732e-09
-2.28571633797 4.8468695378 0.00675978685526 "Crux Scutum" -9.71790975025 0.0286021869956 260.04614151 -37.0673521738 13541.1768813 0.105740012696 1.92495120899 0.205150781345 2.68922306016e-06
5.06717827384 -11.0542091023 0.0416854478373 "Crux Scutum" 116.751271253 0.4208908353 359.311281851 62.6405202786 5674.68214739 0.252321483065 1.55502944162 0.31164733651 9.25483262014e-08
-7.86233213414 4.77624361619 -0.0382904599577 "Carina Sagittarius" -30.6344667614 -0.142185565207 240.486506543 -52.9461600957 15429.7238246 0.0927977863782 1.81402525686 0.443480390609 4.15478620746e-08
10.9476353134 4.01271978348 0.0847540264391 Norma 41.1833459177 0.292075656954 286.381114801 7.47255971896 16626.0656374 0.0861204476499 1.99685445179 0.309413084121 5.15729046026e-07
-10.0361072883 6.99644327142 -0.0894984181917 Perseus -32.9286843592 -0.277743900052 237.661411332 -54.5243606646 18462.6978942 0.0775533577787 1.8348253859 0.0667307354675 8.39950196245e-09
-0.373104776587 2.39015286962 -0.00873550899829 Perseus -1.9622287151 -0.0459327070012 265.262549934 -30.6301252217 10896.5459209 0.131403494808 2.10763818483 0.490290066394 1.0451446392e-07
0.530201208678 6.80430700945 0.02819904665 "Carina Sagittarius" 1.98415693835 0.105507281752 267.465746596 -27.1834927454 15313.5143435 0.0935019998176 1.4665970285 0.435892867378 5.65235694344e-08
-4.72657412285 -2.62599452428 0.0705112128829 Norma -38.822223947 0.535826449754 228.209576618 -57.2394980157 7539.85511126 0.189903412495 1.90863224312 0.251360380573 3.8273626494e-09
-0.139820433037 4.79480637313 -0.119007015824 "Crux Scutum" -0.602552992433 -0.512834892915 266.54752377 -29.7175982348 13296.0741921 0.107689246815 1.61510127545 0.461173990898 2.49534076982e-06
-4.16188459461 -3.49523600405 -0.100172993532 Norma -39.7463882349 -0.88168849108 228.088940988 -58.9304480969 6509.91402882 0.219948252621 1.56488476972 0.270690396879 6.11211967686e-07
-3.67503132567 1.6907636184 0.0162507140754 Norma -19.8305076987 0.0859486970038 251.806256732 -45.0614177246 10833.179702 0.132172109642 1.64371059051 0.461653033945 1.50215747158e-07
-1.12711239538 4.8946901006 -0.0242874058693 "Crux Scutum" -4.80989172332 -0.10352339555 263.522346563 -33.0648928204 13442.0495134 0.106519784347 1.71588081633 0.414948684302 3.66308074055e-07
-2.70602639663 -4.04808630348 0.0634782393971 Perseus -31.2926744435 0.698078361915 238.754976423 -52.7331777111 5210.19614865 0.27481579858 1.8151646424 0.484143205147 1.83050476868e-07
-6.99796191086 -6.00360357734 0.101396869887 "Crux Scutum" -70.3670599181 0.781874498442 166.085506534 -59.2961850411 7430.59535503 0.192695759483 1.48540954299 0.459891405389 8.93149531058e-07
-1.84848948522 2.68023908448 0.0168526361088 Norma -9.388092694 0.0852084869435 260.223599432 -36.7642789603 11332.0317408 0.12635370674 2.04322315148 0.0180169087143 2.10913877418e-09
