sky_model/pwn/ctadc_skymodel_gps_sources_pwn.ecsv
# %ECSV 0.9
# ---
# datatype:
# - {name: spiralarm, datatype: string, description: 'Which spiralarm?'}
# - {name: galactocentric_x, unit: kpc, datatype: float64, format: '%.5f', description: Galactocentric
#     x coordinate}
# - {name: galactocentric_y, unit: kpc, datatype: float64, format: '%.5f', description: Galactocentric
#     y coordinate}
# - {name: galactocentric_z, unit: kpc, datatype: float64, format: '%.5f', description: Galactocentric
#     z coordinate}
# - {name: type, datatype: string, description: type of PWN}
# - {name: size_physical, unit: pc, datatype: float64, format: '%.5f', description: Physical
#     size}
# - {name: distance, unit: kpc, datatype: float64, format: '%.5f', description: Distance
#     observer to source center}
# - {name: GLON, unit: deg, datatype: float64, format: '%.5f', description: Galactic
#     longitude}
# - {name: GLAT, unit: deg, datatype: float64, format: '%.5f', description: Galactic
#     latitude}
# - {name: RA, unit: deg, datatype: float64, format: '%.5f'}
# - {name: DEC, unit: deg, datatype: float64, format: '%.5f'}
# - {name: sigma, unit: deg, datatype: float64, format: '%.5f'}
# - {name: galactocentric_r, unit: kpc, datatype: float64, format: '%0.4f', description: Galactocentric
#     radius in the xy plan}
# - {name: spec_alpha, datatype: float64, format: '%5g', description: Spectral model
#     parameter (log parabola)}
# - {name: spec_beta, datatype: float64, format: '%5g', description: Spectral model
#     parameter (log parabola)}
# - {name: spec_norm, unit: 1 / (cm2 MeV s), datatype: float64, format: '%5g', description: Spectral
#     model norm parameter (log parabola)}
# - {name: spec_norm_cu, unit: '%', datatype: float64, format: '%5g', description: Spectral
#     model norm parameter (log parabola) in crab units}
# - {name: int_flux_above_1TeV, unit: 1 / (cm2 s), datatype: float64, format: '%5g',
#   description: 'Integral flux above 1 TeV '}
# - {name: int_flux_above_1TeV_cu, unit: '%', datatype: float64, format: '%5g', description: Integral
#     flux above 1 TeV in crab units}
# - {name: luminosity, unit: erg / s, datatype: float64, description: Intrinsic source
#     luminosity}
# - {name: skip, datatype: int64, description: 'skip boolean: 0 take, 1 skip'}
# - {name: source_name, datatype: string, description: source name}
spiralarm galactocentric_x galactocentric_y galactocentric_z type size_physical distance GLON GLAT RA DEC sigma galactocentric_r spec_alpha spec_beta spec_norm spec_norm_cu int_flux_above_1TeV int_flux_above_1TeV_cu luminosity skip source_name
[from data line 80]
Norma 1.92408 0.92839 0.05558 isolated 15.82887 9.62287 11.53417 0.33091 272.42269 -18.78782 0.09421 2.1364 2.15347 0.318334 8.46094e-20 0.261949 5.56398e-14 0.297933 5.56355384133e+33 0 pwn_80
Perseus 1.75612 -5.42977 -0.00170 isolated 21.81523 3.53699 29.76882 -0.02747 281.44046 -2.82737 0.35325 5.7067 1.98312 0.104924 5.5281e-19 1.71148 4.6135e-13 2.47038 3.80771686238e+33 1 pwn_81
Perseus -2.87408 -1.08804 0.07178 isolated 9.44652 7.95001 -21.19440 0.51730 250.06825 -45.80907 0.06806 3.0731 1.9962 0.16494 6.43555e-20 0.199243 5.09392e-14 0.272763 2.50292205752e+33 0 pwn_82
Norma -1.49877 -6.14720 0.08932 isolated 6.68167 2.79105 -32.49766 1.83398 236.03378 -52.59795 0.13711 6.3273 2.0169 0.384317 4.0914e-19 1.26669 2.80334e-13 1.5011 3.30564246755e+33 1 pwn_83
"Carina Sagittarius" -10.87399 -3.48226 -0.03053 isolated 18.52044 11.97591 -65.22931 -0.14608 175.31776 -61.90092 0.08857 11.4180 2.04154 0.236173 6.17444e-20 0.191159 4.53354e-14 0.242756 6.03164023152e+33 0 pwn_84
"Carina Sagittarius" 4.53184 2.39742 0.01210 isolated 9.88400 11.80218 22.58065 0.05873 278.04565 -9.17485 0.04797 5.1269 1.7458 0.271621 1.39894e-19 0.433108 1.20996e-13 0.647897 2.24500573275e+34 0 pwn_85
Norma -3.53654 -0.80625 0.00272 isolated 7.68662 8.46763 -24.68656 0.01844 247.12209 -48.71603 0.05199 3.6273 1.94375 0.32336 6.28907e-20 0.194708 4.64601e-14 0.248779 4.4207367986e+33 0 pwn_86
Perseus 3.04405 -4.52748 0.00394 isolated 11.94494 5.00471 37.46211 0.04510 284.88837 4.05155 0.13670 5.4557 2.26318 0.143621 2.48531e-19 0.769447 1.69125e-13 0.905612 2.62296398861e+33 0 pwn_87
"Crux Scutum" 3.44872 -10.65565 0.10394 isolated 25.60792 4.06833 122.00784 1.46401 10.72728 64.32045 0.36051 11.1998 2.14404 0.397902 6.204e-19 1.92074 3.94409e-13 2.11194 9.09511447134e+33 1 pwn_88
Perseus -1.69798 -3.14625 -0.02470 isolated 3.37471 5.61661 -17.59679 -0.25193 254.15605 -43.55248 0.03441 3.5752 1.85697 0.226663 4.22428e-19 1.30783 3.50571e-13 1.8772 1.15271966162e+34 1 pwn_89
Perseus 0.61139 -3.98202 0.16971 isolated 8.20543 4.56232 7.70668 2.13181 268.74580 -21.22730 0.10301 4.0287 2.17485 0.100006 4.73233e-19 1.46512 3.49389e-13 1.87087 4.2488133089e+33 0 pwn_90
Perseus 1.29753 2.26757 0.08145 isolated 15.69730 10.84577 6.87119 0.43029 269.88292 -22.80260 0.08289 2.6126 2.16247 0.338521 1.60931e-19 0.498238 1.04251e-13 0.558232 1.3958543184e+34 0 pwn_91
Norma 9.27069 -3.68937 -0.00432 isolated 15.25912 10.44452 62.57486 -0.02371 297.42890 26.10346 0.08368 9.9778 1.94291 0.123772 1.26189e-19 0.390679 1.06687e-13 0.571274 8.3055718061e+33 0 pwn_92
"Crux Scutum" -3.96676 4.71367 0.05034 isolated 15.05388 13.79633 -16.70981 0.20904 254.42017 -42.57166 0.06249 6.1607 1.99139 0.241302 2.61566e-20 0.0809801 1.97373e-14 0.105687 3.68276232477e+33 0 pwn_93
Perseus -0.17386 -5.32336 0.03859 isolated 6.68668 3.18163 -3.13263 0.69490 263.80298 -31.22258 0.12037 5.3262 2.2953 0.170278 1.04127e-18 3.22376 6.84905e-13 3.66745 4.49473208039e+33 0 pwn_94
Norma 9.36864 -2.72565 0.02197 isolated 12.29903 11.00523 58.35242 0.11438 294.97966 22.51617 0.06401 9.7571 2.39804 0.149708 2.58183e-19 0.799329 1.62129e-13 0.86815 1.14001358989e+34 0 pwn_95
"Carina Sagittarius" 3.57051 4.83324 -0.02235 isolated 19.67798 13.80305 14.99151 -0.09279 274.54630 -15.95481 0.08165 6.0091 2.11086 0.165431 3.48102e-20 0.107771 2.56162e-14 0.137166 3.51861344474e+33 0 pwn_96
"Carina Sagittarius" -9.59663 3.09634 -0.04672 isolated 14.13562 15.05233 -39.60968 -0.17784 227.62505 -58.25542 0.05379 10.0838 2.45558 0.301039 2.85475e-20 0.0883823 1.61848e-14 0.0866642 2.93786126814e+33 0 pwn_97
Perseus -3.92256 11.03715 0.02099 isolated 0.10000 19.92705 -11.35258 0.06036 258.82046 -38.38396 0.01000 11.7135 2.11403 0.277859 9.92397e-21 0.0307244 6.81606e-15 0.0364978 2.68007123107e+33 0 pwn_98
Perseus -2.18414 -4.06592 0.05786 isolated 18.15615 4.94316 -26.22392 0.67061 244.76659 -49.35179 0.21037 4.6154 2.09684 0.119483 8.22449e-19 2.54628 6.29698e-13 3.37183 9.88352418336e+33 0 pwn_99
"Crux Scutum" 13.10611 10.47036 -0.17126 isolated 11.26110 23.05806 34.63954 -0.42557 284.01712 1.32556 0.02797 16.7749 2.31709 0.319903 1.80337e-20 0.055832 1.08685e-14 0.0581971 5.44276417362e+33 0 pwn_100
Perseus -3.48052 -1.48528 0.01680 isolated 20.49423 7.83075 -26.38938 0.12293 245.17850 -49.85782 0.14989 3.7842 2.3072 0.262602 1.45104e-19 0.449239 9.03257e-14 0.483665 4.50540661143e+33 0 pwn_101
"Carina Sagittarius" 2.90056 4.32831 -0.00608 isolated 34.98272 13.15214 12.74071 -0.02649 273.36455 -17.90225 0.15234 5.2103 1.9084 0.126314 3.1414e-20 0.0972568 2.71456e-14 0.145356 3.45001445766e+33 0 pwn_102
Norma -2.89322 2.68298 0.07943 isolated 15.34564 11.55145 -14.50532 0.39399 256.03950 -40.71963 0.07609 3.9458 2.47978 0.223164 1.05295e-19 0.325991 6.10455e-14 0.326879 5.31815585076e+33 0 pwn_103
Norma -3.43596 -4.32635 -0.02210 isolated 9.61822 5.40608 -39.46293 -0.23421 227.91953 -58.22918 0.10190 5.5248 1.97999 0.299949 1.16564e-19 0.36088 8.54519e-14 0.457568 2.97114468233e+33 0 pwn_104
"Crux Scutum" -6.34813 2.79069 -0.00266 isolated 25.88236 12.95293 -29.34664 -0.01179 241.92311 -51.99236 0.11444 6.9345 1.93219 0.157321 4.37798e-20 0.135541 3.6347e-14 0.194627 4.84102134239e+33 0 pwn_105
Norma 3.13858 -6.59772 0.00149 isolated 10.86600 3.67006 58.78016 0.02328 295.29440 22.84317 0.16957 7.3062 2.1029 0.303742 6.06533e-19 1.87781 4.13336e-13 2.21328 6.01409489477e+33 0 pwn_106
"Crux Scutum" 7.09200 -9.60288 -0.06350 isolated 12.59091 7.17753 98.83930 -0.50690 328.95539 53.93916 0.10047 11.9378 1.97147 0.179811 1.23838e-19 0.383399 9.85739e-14 0.527832 4.19619396934e+33 0 pwn_107
Perseus -11.10402 7.39970 0.02772 isolated 14.17476 19.39331 -34.92966 0.08188 234.51398 -55.45916 0.04186 13.3437 2.24823 0.329278 2.55944e-20 0.0792396 1.59148e-14 0.0852186 6.14143462034e+33 0 pwn_108
Norma -4.29995 -0.83505 0.05403 isolated 0.10000 8.78886 -29.29193 0.35225 241.59366 -51.68565 0.01000 4.3803 2.41987 0.109055 2.39316e-19 0.740918 1.51799e-13 0.812833 6.14734864511e+33 0 pwn_109
"Crux Scutum" -6.72762 -5.01896 -0.10778 isolated 0.10000 7.57563 -62.64182 -0.81521 180.44330 -63.14824 0.01000 8.3935 2.56899 0.283139 1.75096e-19 0.542093 9.46741e-14 0.50695 3.83080839271e+33 0 pwn_110
"Crux Scutum" 2.94512 1.66868 -0.02701 isolated 14.90847 10.58662 16.15241 -0.14619 275.16428 -14.95692 0.08066 3.3850 2.21693 0.391431 2.91681e-20 0.0903038 1.79121e-14 0.0959135 2.55117877916e+33 0 pwn_111
Perseus 5.95541 -3.58404 -0.12878 isolated 19.08641 7.72335 50.46166 -0.95539 291.92717 15.09526 0.14154 6.9507 1.93504 0.152755 6.88072e-20 0.213025 5.72104e-14 0.306343 2.66711177154e+33 0 pwn_112
"Carina Sagittarius" 2.45751 4.64416 0.12190 isolated 0.10000 13.37248 10.59010 0.52232 271.76050 -19.52035 0.01000 5.2543 1.87152 0.367228 1.37086e-20 0.0424413 1.03015e-14 0.0551613 3.04403072004e+33 0 pwn_113
Norma -3.69326 -4.13498 0.02033 isolated 2.09983 5.71786 -40.23464 0.20373 226.23413 -58.23625 0.02103 5.5442 1.8961 0.282115 1.19581e-19 0.37022 9.32468e-14 0.499307 3.68635240102e+33 0 pwn_114
Perseus 6.97230 -0.81321 0.13154 isolated 3.84206 10.37868 42.20960 0.72619 286.46764 8.58351 0.02120 7.0196 1.91495 0.278225 2.71056e-20 0.0839182 2.09432e-14 0.112144 2.64930503849e+33 0 pwn_115
Norma 9.56042 -2.09068 0.00325 isolated 2.02471 11.51004 56.16204 0.01616 293.91828 20.55841 0.01007 9.7863 2.12119 0.294756 1.37918e-19 0.42699 9.34783e-14 0.500546 1.28169515356e+34 0 pwn_116
"Carina Sagittarius" 2.31573 -1.01850 0.04629 isolated 22.86846 7.83183 17.19871 0.33868 275.23169 -13.80559 0.16724 2.5298 2.29181 0.397725 6.75895e-20 0.209255 3.98662e-14 0.213471 2.94640191314e+33 0 pwn_117
Norma 8.33833 8.84443 -0.01447 isolated 13.96673 19.24467 25.67590 -0.04309 279.57531 -6.47394 0.04157 12.1553 2.1005 0.126483 1.85349e-20 0.0573836 1.40893e-14 0.0754436 3.40777178303e+33 0 pwn_118
"Crux Scutum" -0.67041 -9.67635 -0.01730 isolated 18.28717 1.35409 -150.32117 -0.73222 100.72276 2.56040 0.77349 9.6996 2.48318 0.14907 9.13852e-18 28.2926 5.48095e-12 29.3487 5.55364357374e+33 1 pwn_119
Norma -2.83290 2.90240 -0.01396 isolated 19.72678 11.74905 -13.95249 -0.06810 256.96469 -40.55757 0.09616 4.0558 1.98347 0.283809 2.57245e-20 0.0796425 1.90008e-14 0.101743 2.95496300131e+33 0 pwn_120
"Crux Scutum" 14.06695 0.57173 0.01895 isolated 11.22376 16.73845 57.18217 0.06488 294.40626 21.47249 0.03840 14.0786 2.19926 0.343099 4.19988e-20 0.130027 2.66197e-14 0.14254 8.32417839222e+33 0 pwn_121
"Carina Sagittarius" -2.57491 6.34018 -0.01651 isolated 29.08605 15.06192 -9.84334 -0.06282 260.05025 -37.22253 0.11060 6.8431 2.29606 0.112501 1.77399e-19 0.549223 1.20637e-13 0.645973 1.54326774641e+34 0 pwn_122
"Crux Scutum" 0.37203 18.89079 0.08056 isolated 23.96257 27.39344 0.77816 0.16850 266.70179 -28.18387 0.05010 18.8945 1.87912 0.366436 2.89944e-21 0.00897658 2.17008e-15 0.0116201 2.66305353309e+33 0 pwn_123
Perseus -2.41037 -3.58356 0.16924 isolated 16.87013 5.47813 -26.11722 1.77037 243.71914 -48.48741 0.17638 4.3188 1.85898 0.146872 5.11409e-19 1.58331 4.50013e-13 2.40968 1.0909274214e+34 0 pwn_124
"Crux Scutum" -6.01988 -3.08180 -0.13994 isolated 5.01169 8.10034 -48.01120 -0.98991 212.75665 -62.45387 0.03544 6.7629 1.9027 0.267809 5.46411e-20 0.169168 4.28259e-14 0.229319 3.22384996392e+33 0 pwn_125
"Crux Scutum" 1.15423 4.95378 -0.04744 isolated 0.10000 13.50328 4.90354 -0.20131 269.40719 -24.82278 0.01000 5.0865 2.1965 0.330008 4.27071e-20 0.13222 2.72808e-14 0.14608 5.35343141456e+33 0 pwn_126
Perseus -1.26982 -5.06907 -0.07470 isolated 13.32000 3.65914 -20.31002 -1.16975 252.74185 -46.23572 0.20849 5.2257 2.35969 0.29907 3.67545e-19 1.13791 2.18809e-13 1.17165 2.51868697682e+33 0 pwn_127
"Crux Scutum" -6.76559 -4.48409 -0.12341 isolated 19.21691 7.86867 -59.30755 -0.89861 187.80352 -63.68239 0.13987 8.1167 1.96399 0.328804 5.06178e-20 0.156712 3.68353e-14 0.197241 3.02380444979e+33 0 pwn_128
"Crux Scutum" 13.64936 -1.63251 -0.03933 isolated 3.15914 15.27969 63.29137 -0.14749 297.95546 26.65680 0.01184 13.7466 2.02063 0.187953 2.15086e-20 0.0665902 1.6499e-14 0.0883468 3.14851933424e+33 0 pwn_129
Perseus -3.34076 11.74215 -0.00564 isolated 27.06511 20.51598 -9.37159 -0.01575 260.33893 -36.80825 0.07556 12.2081 2.43825 0.358011 3.60269e-20 0.111538 2.01169e-14 0.107719 7.97719387244e+33 0 pwn_130
"Crux Scutum" -5.33778 -7.83667 0.05599 isolated 18.23215 5.37913 -82.91617 0.59638 146.76416 -52.76477 0.19413 9.4818 2.07654 0.177251 2.7003e-19 0.836007 2.01429e-13 1.07859 4.44323060689e+33 0 pwn_131
"Crux Scutum" -7.51256 -1.26778 -0.04065 isolated 21.41550 10.42810 -46.08923 -0.22333 216.06770 -61.10063 0.11762 7.6188 2.08877 0.314012 3.35311e-20 0.103811 2.29058e-14 0.122653 2.81130661496e+33 0 pwn_132
Norma 5.18646 13.20804 -0.00062 isolated 13.31184 22.31901 13.43714 -0.00160 273.69104 -17.27874 0.03416 14.1898 2.27902 0.13203 1.72998e-20 0.0535597 1.17443e-14 0.062887 3.48916637909e+33 0 pwn_133
Norma 2.34778 -6.56314 0.09789 isolated 0.10000 3.04517 50.47818 1.84220 289.37183 16.42915 0.01000 6.9704 2.13114 0.380009 3.6248e-18 11.2223 2.33985e-12 12.5292 2.89242881098e+34 1 pwn_134
"Crux Scutum" 8.49305 -7.93096 0.02034 isolated 23.36745 8.51212 86.16684 0.13690 314.10669 45.56569 0.15723 11.6203 2.04602 0.1844 7.12061e-20 0.220452 5.38836e-14 0.288529 3.10235832766e+33 0 pwn_135
Perseus -6.54459 9.38289 0.04530 isolated 27.07897 19.04289 -20.10107 0.13629 251.50314 -45.23473 0.08144 11.4399 2.15925 0.138394 1.92766e-20 0.0596798 1.40106e-14 0.0750223 3.30482702386e+33 0 pwn_136
Perseus -3.38728 -2.68999 0.00537 isolated 13.01209 6.72532 -30.24250 0.04575 240.76896 -52.54651 0.11081 4.3255 1.86046 0.137686 1.51368e-19 0.468633 1.3404e-13 0.717743 4.75538677666e+33 0 pwn_137
Norma 10.47885 0.26365 0.16157 isolated 18.31688 13.66141 50.09367 0.67766 290.25511 15.54430 0.07679 10.4822 1.95469 0.337107 2.2175e-20 0.0686534 1.6148e-14 0.0864675 4.14308047827e+33 0 pwn_138
Perseus -0.31647 -1.20849 0.00975 isolated 7.82237 7.29838 -2.48521 0.07654 264.81828 -31.00819 0.06139 1.2492 1.77286 0.334814 8.44372e-20 0.261415 6.87338e-14 0.368048 5.94725081701e+33 0 pwn_139
Perseus 3.24407 -3.98839 -0.11982 isolated 17.91358 5.55814 35.71794 -1.23530 285.23038 1.91510 0.18459 5.1411 1.85251 0.301859 1.3597e-19 0.420959 1.07568e-13 0.575992 4.46371847837e+33 0 pwn_140
Norma -3.95186 2.09911 -0.04633 isolated 13.42024 11.31196 -20.44787 -0.23468 251.58417 -45.73937 0.06795 4.4748 2.17515 0.393375 6.65938e-20 0.206173 4.1745e-14 0.223531 7.11401027031e+33 0 pwn_141
"Carina Sagittarius" -3.08419 6.14335 -0.01058 isolated 9.88491 14.96462 -11.89384 -0.04050 258.52071 -38.88226 0.03783 6.8741 2.09598 0.391443 2.29913e-20 0.0711804 1.50378e-14 0.0805228 4.82112968326e+33 0 pwn_142
Norma 9.80655 -1.18636 0.01131 isolated 47.79154 12.23347 53.28474 0.05295 292.41140 18.05677 0.22375 9.8780 2.10156 0.317664 2.2485e-20 0.0696129 1.52209e-14 0.081503 2.57047847427e+33 0 pwn_143
Perseus -2.86153 -0.04537 0.03922 isolated 8.38554 8.92584 -18.69877 0.25173 252.64974 -44.08811 0.05381 2.8619 2.05846 0.352263 3.56157e-20 0.110265 2.42487e-14 0.129844 2.52840642048e+33 0 pwn_144
"Crux Scutum" -6.69067 -0.94902 -0.00956 isolated 31.25895 10.08873 -41.54308 -0.05429 224.25902 -59.08690 0.17746 6.7576 2.18247 0.332912 4.03817e-20 0.125021 2.59521e-14 0.138965 2.90349859969e+33 0 pwn_145
Perseus -15.14119 -0.51404 0.02722 isolated 4.53043 17.11817 -62.19137 0.09112 181.76935 -62.33854 0.01516 15.1499 2.24004 0.123173 4.28774e-20 0.132748 2.99539e-14 0.160394 5.23857431533e+33 0 pwn_146
"Crux Scutum" 2.03545 3.93689 0.04331 isolated 10.35935 12.60243 9.29474 0.19689 271.38957 -20.80975 0.04708 4.4319 2.3153 0.289414 4.22983e-20 0.130954 2.58803e-14 0.138581 3.56834130358e+33 0 pwn_147
"Crux Scutum" -5.83018 -7.48178 -0.02276 isolated 29.64739 5.91847 -80.09341 -0.22031 149.63987 -55.16814 0.28690 9.4851 1.87539 0.224182 1.1456e-19 0.354673 9.4098e-14 0.503865 3.35853438231e+33 0 pwn_148
"Crux Scutum" -6.34266 -4.85986 0.15863 isolated 22.71835 7.31472 -60.14791 1.24267 186.40119 -61.47450 0.17788 7.9905 2.45214 0.246749 2.8753e-19 0.890187 1.67244e-13 0.895536 6.291501742e+33 0 pwn_149
"Carina Sagittarius" -0.41764 1.07512 0.01777 isolated 0.10000 9.58424 -2.49750 0.10623 264.78132 -31.00277 0.01000 1.1534 2.19614 0.16644 5.87539e-20 0.181901 4.10324e-14 0.219716 2.57738277409e+33 0 pwn_150
"Carina Sagittarius" -2.25512 6.24760 0.07170 isolated 6.01559 14.91919 -8.69402 0.27534 260.52012 -36.08534 0.02309 6.6421 2.21724 0.108839 1.01167e-19 0.313212 7.23195e-14 0.387248 9.39302343405e+33 0 pwn_151
Norma 9.08065 -3.00636 0.00592 isolated 9.78030 10.61312 58.82678 0.03198 295.31121 22.88800 0.05278 9.5654 2.09363 0.369701 2.95157e-20 0.09138 1.95376e-14 0.104618 2.94436159957e+33 0 pwn_152
"Carina Sagittarius" -2.09093 0.30413 0.03298 isolated 14.18029 9.04908 -13.35989 0.20882 257.13854 -39.91707 0.08975 2.1129 2.35949 0.376838 9.12357e-20 0.282464 5.25141e-14 0.281196 4.5761957669e+33 0 pwn_153
"Crux Scutum" 10.34306 -7.34590 0.03891 isolated 15.44311 10.40733 83.63315 0.21423 311.75263 43.66343 0.08499 12.6863 2.10897 0.322358 6.83337e-20 0.211559 4.59536e-14 0.246067 5.66031040679e+33 0 pwn_154
Perseus 7.25159 0.94875 0.08467 isolated 15.73392 11.91098 37.50500 0.40730 284.58499 4.25518 0.07566 7.3134 2.13157 0.323083 4.32312e-20 0.133843 2.87018e-14 0.153689 4.54798769299e+33 0 pwn_155
Perseus -1.32091 1.29595 -0.06009 isolated 29.10989 9.88479 -7.67957 -0.34832 261.85983 -35.59684 0.16867 1.8505 2.10221 0.350157 3.18325e-20 0.0985526 2.11807e-14 0.113416 2.58148715809e+33 0 pwn_156
"Crux Scutum" 1.99024 4.17102 0.00619 isolated 14.91514 12.82638 8.92651 0.02765 271.35472 -21.21370 0.06660 4.6215 2.23836 0.193552 7.7417e-20 0.239681 5.19187e-14 0.278008 6.09476158521e+33 0 pwn_157
