sky_model/pwn/ctadc_skymodel_gps_sources_pwn.ecsv
# %ECSV 0.9
# ---
# datatype:
# - {name: galactocentric_x, unit: kpc, datatype: float64, format: '%.5f', description: Galactocentric
#     x coordinate}
# - {name: galactocentric_y, unit: kpc, datatype: float64, format: '%.5f', description: Galactocentric
#     y coordinate}
# - {name: galactocentric_z, unit: kpc, datatype: float64, format: '%.5f', description: Galactocentric
#     z coordinate}
# - {name: size_physical, unit: pc, datatype: float64, format: '%.5f', description: Physical
#     size}
# - {name: spiralarm, datatype: string, description: 'Which spiralarm?'}
# - {name: distance, unit: kpc, datatype: float64, format: '%.5f', description: Distance
#     observer to source center}
# - {name: GLON, unit: deg, datatype: float64, format: '%.5f', description: Galactic
#     longitude}
# - {name: GLAT, unit: deg, datatype: float64, format: '%.5f', description: Galactic
#     latitude}
# - {name: RA, unit: deg, datatype: float64, format: '%.5f'}
# - {name: DEC, unit: deg, datatype: float64, format: '%.5f'}
# - {name: sigma, unit: deg, datatype: float64, format: '%.5f'}
# - {name: galactocentric_r, unit: kpc, datatype: float64, format: '%0.4f', description: Galactocentric
#     radius in the xy plan}
# - {name: spec_alpha, datatype: float64, format: '%5g', description: Spectral model
#     parameter (log parabola)}
# - {name: spec_beta, datatype: float64, format: '%5g', description: Spectral model
#     parameter (log parabola)}
# - {name: spec_norm, unit: 1 / (cm2 MeV s), datatype: float64, format: '%5g', description: Spectral
#     model norm parameter (log parabola)}
# - {name: spec_norm_cu, unit: '%', datatype: float64, format: '%5g', description: Spectral
#     model norm parameter (log parabola) in crab units}
# - {name: int_flux_above_1TeV, unit: 1 / (cm2 s), datatype: float64, format: '%5g',
#   description: 'Integral flux above 1 TeV '}
# - {name: int_flux_above_1TeV_cu, unit: '%', datatype: float64, format: '%5g', description: Integral
#     flux above 1 TeV in crab units}
galactocentric_x galactocentric_y galactocentric_z size_physical spiralarm distance GLON GLAT RA DEC sigma galactocentric_r spec_alpha spec_beta spec_norm spec_norm_cu int_flux_above_1TeV int_flux_above_1TeV_cu
[from data line 305]
3.02020 -2.83631 -0.12913 1.12802 "" 6.41994 28.06906 -1.15252 281.66650 -4.85312 0.01006 4.1432 2.18895 0.080809 1.14416e-18 3.5423 8.48267e-13 4.5422
1.29009 -6.66780 0.00601 1.16232 "" 2.24083 35.15017 0.15367 283.73453 2.04422 0.02971 6.7915 1.77738 0.241635 5.64636e-19 1.7481 4.88706e-13 2.61686
-0.06338 0.94232 -0.42042 46.61297 "" 9.45189 -0.38458 -2.54936 268.69959 -30.57304 0.28245 0.9444 1.70276 0.405848 3.93789e-21 0.0121916 3.20093e-15 0.0171399
-1.36476 -10.11690 0.04805 1.05660 "" 2.11642 -139.83364 1.30092 107.33408 -5.83675 0.02859 10.2085 1.87598 0.422262 2.97715e-20 0.0921719 2.16367e-14 0.115858
0.42425 3.14831 -0.28228 33.74839 "" 11.65945 2.08588 -1.38729 268.97360 -27.85477 0.16578 3.1768 2.17833 0.307827 8.41725e-20 0.260596 5.4901e-14 0.293977
6.54634 -0.92314 -0.62763 4.48997 "" 10.03281 40.82673 -3.58664 289.67680 5.36380 0.02563 6.6111 2.10778 0.49956 4.9468e-20 0.153152 3.06151e-14 0.163934
2.87684 4.19044 0.04505 1.37907 "" 13.01251 12.77270 0.19836 273.17339 -17.76636 0.01000 5.0829 1.87076 0.492335 2.12876e-20 0.0659058 1.4961e-14 0.0801113
-5.80398 -12.42200 -0.09610 3.93054 "" 7.00553 -124.04859 -0.78599 113.08956 -20.74730 0.03213 13.7110 2.38671 0.119347 4.04932e-20 0.125366 2.60208e-14 0.139333
-14.79790 -4.01986 0.04805 13.08249 "" 15.46130 -73.15604 0.17806 160.70898 -58.61780 0.04846 15.3342 1.32428 0.38546 1.54706e-22 0.000478966 1.64324e-16 0.000879903
-4.20275 -3.00810 -0.04204 9.31776 "" 6.91562 -37.42551 -0.34830 231.26465 -57.24103 0.07717 5.1683 2.11268 0.0919477 1.61891e-20 0.050121 1.25094e-14 0.0669838
10.51130 1.62168 -0.31532 25.46814 "" 14.59573 46.08181 -1.23789 290.05661 11.10300 0.09994 10.6357 2.67993 0.205708 2.06573e-19 0.639544 1.09334e-13 0.585447
4.26767 4.12761 0.04805 19.72181 "" 13.32936 18.67337 0.20654 276.06258 -12.56559 0.08474 5.9372 2.17708 0.00498176 9.90241e-19 3.06576 7.82249e-13 4.18869
0.46700 -0.37832 -0.11111 22.96602 "" 8.13585 3.29091 -0.78250 269.06718 -26.50926 0.16167 0.6010 1.79338 0.100719 1.68836e-18 5.22711 1.61967e-12 8.67281
3.48219 8.86580 0.28529 35.31829 "" 17.71378 11.33858 0.92282 271.77598 -18.67164 0.11419 9.5251 1.74245 0.111809 1.63235e-20 0.0505371 1.61095e-14 0.0862611
-1.27260 -1.76801 0.21622 5.47315 "" 6.85463 -10.70474 1.80762 257.51754 -36.83241 0.04573 2.1784 2.11928 0.493881 3.68579e-20 0.114111 2.27353e-14 0.12174
-2.73332 -1.61889 0.09309 4.64725 "" 7.40469 -21.66401 0.72033 249.40078 -46.02374 0.03595 3.1768 2.34051 0.0208226 3.53308e-18 10.9383 2.47971e-12 13.2781
2.69162 -1.39722 -0.06006 5.02125 "" 7.59591 20.75435 -0.45304 277.64845 -11.03073 0.03786 3.0327 1.495 0.472926 1.42401e-22 0.000440869 1.26326e-16 0.000676438
-2.79025 3.14864 -0.31532 10.58938 "" 11.98231 -13.47051 -1.50794 258.87538 -41.01880 0.05062 4.2071 2.39763 0.419096 3.48311e-21 0.0107836 1.93544e-15 0.0103636
7.01045 4.49758 -0.29730 14.06806 "" 14.77064 28.34091 -1.15331 281.79156 -4.61159 0.05455 8.3291 2.37434 0.0112397 1.53319e-20 0.047467 1.06043e-14 0.0567826
-2.11120 0.53687 -0.08108 14.08420 "" 9.28056 -13.14964 -0.50057 258.04733 -40.16886 0.08692 2.1784 2.14412 0.0683663 5.61574e-20 0.173862 4.32382e-14 0.231527
3.55667 9.94366 0.12012 25.40874 "" 18.78385 10.91492 0.36640 272.07242 -19.31233 0.07747 10.5606 1.64695 0.314515 1.20331e-20 0.037254 1.07783e-14 0.0577145
6.90781 4.95300 0.05405 25.77776 "" 15.12296 27.17947 0.20478 280.04669 -5.02405 0.09763 8.5000 2.01583 0.175399 1.7291e-21 0.00535324 1.34171e-15 0.00718444
4.20434 -5.75388 0.49550 14.77020 "" 5.04610 56.84891 5.63521 288.91935 23.81869 0.16764 7.1263 1.86477 0.17068 7.92275e-19 2.45286 6.81607e-13 3.64979
4.02923 0.48061 -0.11111 13.56584 "" 9.84370 24.16381 -0.64674 279.41642 -8.09439 0.07893 4.0578 1.48769 0.348236 3.86713e-20 0.119726 3.76646e-14 0.201682
-10.01180 0.71997 0.03003 4.00682 "" 13.61047 -47.35771 0.12642 213.34731 -61.19076 0.01686 10.0377 1.49679 0.497378 6.63911e-22 0.00205545 5.79139e-16 0.0031011
3.58342 3.07546 0.54354 17.93373 "" 12.12962 17.20098 2.56834 273.21634 -12.74536 0.08468 4.7222 1.93237 0.166356 5.64146e-19 1.74658 4.65202e-13 2.49101
-3.57953 7.07976 0.03168 12.18288 "Carina Sagittarius" 15.98571 -12.93944 0.11356 257.56397 -39.63609 0.04365 7.9332 1.47421 0.461522 3.10309e-23 9.60708e-05 2.81095e-17 0.000150517
4.62151 0.79615 -0.05208 23.07732 "Carina Sagittarius" 10.38169 26.43389 -0.28740 280.14319 -5.91224 0.12731 4.6896 1.9477 0.364221 2.69847e-21 0.00835438 1.94315e-15 0.0104049
-3.40200 0.70028 0.10515 21.53409 Perseus 9.80968 -20.29292 0.61418 250.81234 -45.06785 0.12573 3.4733 2.33021 0.423495 9.02801e-20 0.279505 5.17091e-14 0.276886
-9.69617 -6.59539 0.00063 23.20318 "Carina Sagittarius" 9.88146 -78.88691 0.00364 151.58021 -55.71071 0.13449 11.7267 1.97292 0.254419 2.6573e-19 0.822692 2.01129e-13 1.07698
1.29344 2.08003 0.35517 16.05409 Perseus 10.66472 6.96999 1.90849 268.55350 -21.97560 0.08622 2.4494 1.95576 0.266645 5.41202e-21 0.0167555 4.10794e-15 0.0219967
-1.24090 -6.92627 -0.04651 27.81348 Norma 2.00465 -38.25607 -1.32955 230.97866 -58.51751 0.79465 7.0366 2.33051 0.273232 9.34565e-19 2.89339 5.7168e-13 3.06116
-3.12967 0.68319 0.00361 13.05945 Norma 9.70185 -18.81933 0.02132 252.78976 -44.32801 0.07710 3.2034 2.04567 0.28257 5.21666e-20 0.161507 3.71695e-14 0.199031
-0.95556 -6.80302 -0.02721 28.98858 Norma 1.94771 -29.38363 -0.80036 242.75092 -52.59811 0.85243 6.8698 2.37903 0.0722206 3.56149e-20 0.110263 2.36299e-14 0.12653
-8.52097 14.84457 -0.02486 6.30552 Norma 24.85108 -20.05253 -0.05733 251.75730 -45.32339 0.01453 17.1163 1.75376 0.103523 2.46936e-20 0.0764507 2.43452e-14 0.130361
-2.44945 -5.89319 0.01004 28.17710 Norma 3.57706 -43.21737 0.16086 221.12599 -59.63540 0.45116 6.3820 1.91216 0.0768623 3.22685e-19 0.999024 2.89613e-13 1.55079
-6.99999 8.87654 0.09259 23.58199 Perseus 18.73373 -21.94160 0.28318 249.60232 -46.52248 0.07210 11.3045 1.98979 0.0954856 1.24469e-20 0.0385353 1.04163e-14 0.0557758
-3.43253 0.77442 0.04711 28.79048 Norma 9.88936 -20.30985 0.27293 251.16258 -45.30409 0.16674 3.5188 2.12354 0.332484 2.3802e-19 0.736903 1.57957e-13 0.845808
4.70626 -0.07437 0.02968 17.94811 "Carina Sagittarius" 9.65096 29.18620 0.17618 280.99258 -3.25267 0.10651 4.7068 1.61188 0.10325 9.1402e-22 0.00282978 1.00744e-15 0.0053945
-5.72489 3.51147 0.00629 28.29044 "Crux Scutum" 13.30600 -25.48332 0.02708 246.26794 -49.28251 0.12177 6.7160 2.31657 0.439197 5.16177e-19 1.59807 2.95721e-13 1.58349
3.11414 -5.37048 0.09296 7.57948 Perseus 4.41592 44.85887 1.20624 287.27178 11.15636 0.09830 6.2081 1.89755 0.0597362 5.97428e-18 18.4962 5.50068e-12 29.4544
-7.06284 3.50745 -0.00078 3.80723 "Carina Sagittarius" 13.93063 -30.46426 -0.00323 240.54741 -52.72953 0.01565 7.8858 1.98561 0.49437 1.17021e-19 0.362296 7.72691e-14 0.413751
-2.79414 4.35427 0.06878 21.91797 "Crux Scutum" 13.15463 -12.26364 0.29957 257.88758 -38.98141 0.09543 5.1737 1.92744 0.000716079 1.11026e-19 0.343733 1.05492e-13 0.564877
-2.97329 -9.19577 0.05508 26.31426 "Crux Scutum" 3.05410 -103.17056 1.03329 127.61114 -37.50049 0.49347 9.6645 1.51227 0.421937 9.60789e-21 0.0297458 8.7217e-15 0.0467019
6.06731 6.05956 -0.04248 27.21606 Perseus 15.77323 22.62263 -0.15431 278.25672 -9.23600 0.09882 8.5750 2.26012 0.000995313 3.583e-20 0.110929 2.6852e-14 0.143784
2.67500 5.75691 0.03906 4.65973 "Carina Sagittarius" 14.50574 10.62676 0.15429 272.12081 -19.66722 0.01840 6.3480 2.61345 0.392734 1.88586e-20 0.0583859 9.58955e-15 0.0513489
-5.56649 3.20554 -0.18570 12.53728 "Crux Scutum" 12.96302 -25.43313 -0.82081 247.26177 -49.83558 0.05539 6.4235 2.06486 0.363827 8.38766e-20 0.25968 5.65661e-14 0.302893
-6.48507 -5.17633 -0.02189 14.99623 "Crux Scutum" 7.28720 -62.86437 -0.17209 180.23695 -62.47427 0.11786 8.2976 1.99546 0.34727 2.74408e-20 0.084956 1.94079e-14 0.103923
-2.18722 0.97936 -0.03893 28.00805 Perseus 9.72850 -12.99278 -0.22929 257.88221 -39.88215 0.16489 2.3965 2.66608 0.175442 1.49597e-20 0.0463148 8.07266e-15 0.0432265
12.45554 4.22439 0.00068 10.90934 Norma 17.80591 44.38828 0.00220 288.13716 10.18274 0.03509 13.1524 1.67316 0.313544 1.83488e-22 0.000568075 1.61618e-16 0.000865412
-6.31689 -6.14542 0.03207 21.58614 "Crux Scutum" 6.74152 -69.55740 0.27256 167.16331 -60.08299 0.18339 8.8130 2.12648 0.299703 1.65601e-18 5.12696 1.11613e-12 5.97654
1.86876 10.40416 -0.08165 8.93701 Perseus 18.99648 5.64560 -0.24627 269.85728 -24.20233 0.02694 10.5707 1.81154 0.369769 1.06575e-21 0.00329954 8.28827e-16 0.0044381
7.83099 -0.03206 0.00151 19.54362 Perseus 11.53388 42.76207 0.00749 287.37027 8.74316 0.09705 7.8311 2.56051 0.355005 6.8225e-20 0.211223 3.60162e-14 0.192855
1.54158 -2.54405 0.10454 6.05433 "Carina Sagittarius" 6.15310 14.51139 0.97351 273.33359 -15.86899 0.05635 2.9747 2.30775 0.124116 5.06158e-18 15.6705 3.39464e-12 18.1772
4.54493 -4.10877 -0.03913 23.37276 Perseus 6.31987 45.98535 -0.35479 289.21474 11.43083 0.21182 6.1269 2.00761 0.354795 1.70415e-19 0.527601 1.19212e-13 0.638343
4.93435 -3.70139 0.02185 4.20283 Perseus 6.88294 45.79899 0.18190 288.64155 11.51579 0.03497 6.1683 1.85066 0.156234 9.34559e-19 2.89337 8.21036e-13 4.39639
-2.74368 -4.43597 0.01026 29.95527 Norma 4.90349 -34.02374 0.11994 235.74475 -54.88635 0.34988 5.2159 1.84921 0.19275 7.68998e-21 0.023808 6.57543e-15 0.0352093
-1.88222 -0.06589 -0.19519 24.63794 "Crux Scutum" 8.64378 -12.58041 -1.29393 259.32511 -40.16969 0.16325 1.8834 2.33729 0.143887 6.19949e-20 0.191935 4.041e-14 0.216383
-10.30136 1.83401 -0.00249 19.54281 "Carina Sagittarius" 14.59143 -44.90935 -0.00978 218.15790 -60.47044 0.07671 10.4633 1.77101 0.369601 2.56007e-22 0.000792591 2.04087e-16 0.00109282
-2.46315 -2.01956 0.02700 23.74951 Perseus 6.93281 -20.81129 0.22317 250.74748 -45.71554 0.19620 3.1852 2.0871 0.417336 1.08613e-18 3.36264 7.04942e-13 3.77474
-4.32647 6.02394 -0.12154 3.08172 "Carina Sagittarius" 15.15513 -16.58801 -0.45950 255.23777 -42.88964 0.01165 7.4166 1.64802 0.124325 3.23733e-20 0.100227 3.39581e-14 0.181835
-4.91320 -8.39696 0.07108 14.56667 "Crux Scutum" 4.91479 -88.79858 0.82869 140.16322 -48.61538 0.16975 9.7287 1.755 0.257044 6.26761e-19 1.94044 5.445e-13 2.91562
7.13726 4.64625 0.00204 19.02780 Perseus 14.95876 28.49808 0.00783 280.82753 -3.94167 0.07285 8.5163 2.21264 0.352811 8.36984e-22 0.00259128 5.24354e-16 0.00280775
-14.80009 -6.64737 -0.13956 29.35744 Perseus 14.91624 -82.86502 -0.53608 145.60487 -53.66097 0.11272 16.2244 2.54047 0.412268 6.78931e-21 0.0210195 3.54192e-15 0.0189658
1.56615 -2.81682 -0.04007 12.87831 "Carina Sagittarius" 5.89517 15.40698 -0.38943 275.02220 -15.72897 0.12512 3.2229 1.76681 0.363628 1.72222e-19 0.533194 1.38162e-13 0.739812
9.30386 8.34401 0.11872 29.20326 Norma 19.24309 28.91425 0.35350 280.71009 -3.41352 0.08692 12.4974 2.04317 0.0495916 1.52807e-20 0.0473086 1.27801e-14 0.0684332
-0.23278 -1.87371 0.00899 16.91983 "Crux Scutum" 6.63038 -2.01194 0.07764 265.11016 -30.60678 0.14615 1.8881 2.22617 0.342045 1.19594e-18 3.70259 7.47739e-13 4.00391
-7.11310 -2.02392 -0.07687 4.87330 "Crux Scutum" 9.61986 -47.68390 -0.45787 213.07613 -61.84732 0.02901 7.3954 1.92844 0.4527 3.2775e-22 0.00101471 2.27676e-16 0.00121913
-3.42362 4.94129 -0.02767 19.64553 "Crux Scutum" 13.87048 -14.28989 -0.11431 256.74633 -40.85519 0.08112 6.0114 2.4976 0.22099 1.27661e-19 0.395237 7.34179e-14 0.39313
7.18456 -0.14855 -0.00454 25.19625 Perseus 11.01657 40.70464 -0.02362 286.44215 6.90234 0.13099 7.1861 2.13561 0.371304 5.82119e-20 0.180223 3.76454e-14 0.201579
2.90975 -4.75006 -0.15859 26.95263 Perseus 4.74909 37.80956 -1.91363 286.79273 3.46306 0.32505 5.5704 2.25813 0.480963 9.85181e-22 0.00305009 5.70862e-16 0.00305678
-3.90040 -1.28008 -0.00974 17.27856 Perseus 8.20612 -28.37913 -0.06800 243.13111 -51.37725 0.12059 4.1051 2.43971 0.346983 1.49432e-19 0.462639 8.37561e-14 0.448487
-0.16902 -1.59690 -0.00108 15.01004 "Carina Sagittarius" 6.90517 -1.40258 -0.00896 265.56890 -30.13542 0.12450 1.6058 2.21429 0.144863 7.35209e-21 0.0227619 5.14658e-15 0.0275583
-6.27206 -2.55204 -0.03595 20.22848 "Crux Scutum" 8.64397 -46.51925 -0.23830 215.24102 -61.26295 0.13403 6.7714 2.22473 0.226037 9.80226e-20 0.303476 6.50615e-14 0.348384
6.75761 -8.98610 0.00975 4.68505 "Crux Scutum" 6.77508 94.11441 0.08242 322.42214 51.29964 0.03961 11.2435 2.35253 0.234353 3.02533e-19 0.936635 1.86419e-13 0.998212
-2.53346 4.87779 0.03528 28.42669 "Crux Scutum" 13.61561 -10.72355 0.14847 259.19367 -37.82076 0.11958 5.4965 2.64483 0.424523 1.64606e-19 0.509617 8.16783e-14 0.437361
-3.93961 1.56547 -0.03758 9.47753 Norma 10.80906 -21.37530 -0.19922 250.67179 -46.41824 0.05022 4.2393 2.35824 0.484136 1.35329e-20 0.0418976 7.47233e-15 0.0400119
-0.33314 2.77299 0.01378 19.93909 Perseus 11.27792 -1.69271 0.06998 265.31395 -30.34010 0.10126 2.7929 1.73123 0.2966 1.07218e-19 0.331943 9.1983e-14 0.49254
2.67840 0.74934 0.01636 19.29570 "Crux Scutum" 9.62935 16.14984 0.09733 274.94083 -14.84431 0.11477 2.7812 1.87561 0.0384611 1.43007e-20 0.0442746 1.36459e-14 0.0730695
-0.89950 4.10311 0.11349 22.48575 "Crux Scutum" 12.63567 -4.08236 0.51462 263.37579 -32.11824 0.10192 4.2005 2.1389 0.474775 1.14411e-20 0.0354214 7.04584e-15 0.0377282
-2.53968 1.66698 0.04062 26.04536 Perseus 10.47946 -14.02529 0.22211 256.60207 -40.44141 0.14235 3.0379 2.15997 0.497011 1.00884e-21 0.00312334 6.09079e-16 0.00326142
2.06455 -4.33774 0.05959 9.82251 Perseus 4.64654 26.38217 0.73484 279.20645 -5.48937 0.12107 4.8040 2.43016 0.197789 1.53037e-18 4.73799 9.21443e-13 4.93403
2.38946 -0.03354 -0.00098 8.58694 "Crux Scutum" 8.79718 15.76047 -0.00640 274.84505 -15.23651 0.05591 2.3897 2.09894 0.412923 4.93568e-20 0.152807 3.1902e-14 0.170825
-0.97546 -2.37658 -0.04963 23.14825 "Carina Sagittarius" 6.20083 -9.05112 -0.45857 261.02139 -36.79494 0.21381 2.5690 2.20619 0.216939 3.82351e-21 0.0118375 2.57763e-15 0.0138024
-9.31334 -7.45851 0.23659 8.03519 "Carina Sagittarius" 9.37437 -83.61925 1.44616 146.77326 -51.66193 0.04909 11.9318 2.21892 0.347731 1.18638e-19 0.367299 7.42584e-14 0.39763
3.81344 -0.58521 -0.06761 28.81316 "Carina Sagittarius" 8.78583 25.72533 -0.44091 279.95397 -6.61241 0.18783 3.8581 1.66795 0.0209359 7.26522e-20 0.224929 8.3412e-14 0.446645
-2.76097 7.19492 -0.00295 8.32591 "Carina Sagittarius" 15.93592 -9.97708 -0.01062 259.90028 -37.30231 0.02992 7.7065 1.915 0.445344 6.40011e-21 0.0198146 4.49569e-15 0.024073
10.55940 -0.19616 -0.09969 17.21468 Norma 13.43371 51.81873 -0.42517 292.11621 16.54074 0.07339 10.5612 1.86069 0.0223962 1.34097e-19 0.415161 1.31414e-13 0.703682
-1.58317 6.44261 0.10915 20.71935 "Carina Sagittarius" 15.02665 -6.04791 0.41618 262.18804 -33.81528 0.07897 6.6343 2.03523 0.110036 1.97688e-20 0.0612037 1.58661e-14 0.0849577
3.68619 -0.01830 0.13256 7.60815 "Crux Scutum" 9.24904 23.49004 0.82118 277.78710 -8.01602 0.04711 3.6862 2.24054 0.283875 4.31841e-20 0.133697 2.75652e-14 0.147603
1.69962 3.71108 0.02886 13.42046 "Crux Scutum" 12.32883 7.92390 0.13412 270.72531 -22.03480 0.06234 4.0818 1.54496 0.441323 1.78907e-21 0.00553892 1.56947e-15 0.008404
-6.24001 1.99333 -0.01785 24.03506 "Crux Scutum" 12.20852 -30.73845 -0.08376 240.29263 -52.97035 0.11276 6.5507 2.17638 0.136246 7.65002e-19 2.36843 5.50951e-13 2.95016
-1.81877 6.86474 -0.03380 11.10420 "Carina Sagittarius" 15.47205 -6.75085 -0.12517 262.26290 -34.70035 0.04111 7.1016 2.62366 0.0446602 3.64153e-19 1.12741 2.137e-13 1.1443
2.39970 -5.26038 -0.03170 12.29335 Perseus 4.03171 36.52861 -0.45048 284.90252 2.99475 0.17464 5.7819 1.61958 0.40479 1.53642e-19 0.475673 1.31644e-13 0.704913
0.79065 -10.97750 -0.06841 8.51127 "Crux Scutum" 2.60150 162.30048 -1.50690 72.20614 42.51665 0.18738 11.0059 2.2861 0.179649 1.67747e-18 5.19342 1.10335e-12 5.90809
-9.97527 0.87449 0.00264 23.48083 "Carina Sagittarius" 13.68895 -46.77837 0.01106 214.56139 -61.11446 0.09824 10.0135 1.92433 0.371806 1.44049e-19 0.445972 1.04691e-13 0.560585
