sky_model/pwn/ctadc_skymodel_gps_sources_pwn.ecsv
# %ECSV 0.9
# ---
# datatype:
# - {name: spiralarm, datatype: unicode, description: 'Which spiralarm?'}
# - {name: galactocentric_x, unit: kpc, datatype: float64, format: '%.5f', description: Galactocentric
#     x coordinate}
# - {name: galactocentric_y, unit: kpc, datatype: float64, format: '%.5f', description: Galactocentric
#     y coordinate}
# - {name: galactocentric_z, unit: kpc, datatype: float64, format: '%.5f', description: Galactocentric
#     z coordinate}
# - {name: type, datatype: string, description: type of PWN}
# - {name: size_physical, unit: pc, datatype: float64, format: '%.5f', description: Physical
#     size}
# - {name: distance, unit: kpc, datatype: float64, format: '%.5f', description: Distance
#     observer to source center}
# - {name: GLON, unit: deg, datatype: float64, format: '%.5f', description: Galactic
#     longitude}
# - {name: GLAT, unit: deg, datatype: float64, format: '%.5f', description: Galactic
#     latitude}
# - {name: RA, unit: deg, datatype: float64, format: '%.5f'}
# - {name: DEC, unit: deg, datatype: float64, format: '%.5f'}
# - {name: sigma, unit: deg, datatype: float64, format: '%.5f'}
# - {name: galactocentric_r, unit: kpc, datatype: float64, format: '%0.4f', description: Galactocentric
#     radius in the xy plan}
# - {name: spec_alpha, datatype: float64, format: '%5g', description: Spectral model
#     parameter (log parabola)}
# - {name: spec_beta, datatype: float64, format: '%5g', description: Spectral model
#     parameter (log parabola)}
# - {name: spec_norm, unit: 1 / (cm2 MeV s), datatype: float64, format: '%5g', description: Spectral
#     model norm parameter (log parabola)}
# - {name: spec_norm_cu, unit: '%', datatype: float64, format: '%5g', description: Spectral
#     model norm parameter (log parabola) in crab units}
# - {name: int_flux_above_1TeV, unit: 1 / (cm2 s), datatype: float64, format: '%5g',
#   description: 'Integral flux above 1 TeV '}
# - {name: int_flux_above_1TeV_cu, unit: '%', datatype: float64, format: '%5g', description: Integral
#     flux above 1 TeV in crab units}
# - {name: luminosity, unit: erg / s, datatype: float64, description: Intrinsic source
#     luminosity}
# - {name: skip, datatype: int64, description: 'skip boolean: 0 take, 1 skip'}
# - {name: source_name, datatype: string, description: source name}
spiralarm galactocentric_x galactocentric_y galactocentric_z type size_physical distance GLON GLAT RA DEC sigma galactocentric_r spec_alpha spec_beta spec_norm spec_norm_cu int_flux_above_1TeV int_flux_above_1TeV_cu luminosity skip source_name
"Carina Sagittarius" 5.61395 2.59894 -0.17126 isolated 7.52256 12.43914 26.83073 -0.78888 280.77393 -5.78877 0.03464 6.1863 2.32746 0.267289 1.74999e-19 0.541793 1.07526e-13 0.575769 1.34912971955e+34 0 pwn_0
Norma -2.20451 -2.86231 0.01680 isolated 24.07702 6.05341 -21.35699 0.15903 250.29955 -46.16818 0.22780 3.6128 2.26967 0.194925 1.56223e-18 4.83661 1.02839e-12 5.50672 2.64219859344e+34 1 pwn_1
Perseus 0.86263 2.30938 -0.00608 isolated 28.02111 10.84375 4.56276 -0.03213 269.05722 -25.03262 0.14800 2.4652 1.81914 0.203275 2.03124e-19 0.628868 1.75866e-13 0.941707 2.05745681718e+34 0 pwn_2
Norma 8.74426 9.11418 0.07943 isolated 21.28888 19.66539 26.40133 0.23143 279.66467 -5.70342 0.06200 12.6305 2.1503 0.257211 1.07991e-19 0.334337 7.34903e-14 0.393517 2.57326390307e+34 0 pwn_3
Norma 4.88664 14.23105 -0.02210 isolated 24.41842 23.25038 12.13259 -0.05446 273.08334 -18.44925 0.06015 15.0467 1.88151 0.342206 7.27787e-20 0.225321 5.51735e-14 0.295437 4.47458615708e+34 0 pwn_4
Perseus -3.07958 -1.11458 -0.00266 isolated 7.43402 8.00176 -22.63521 -0.01908 249.25128 -47.24003 0.05321 3.2751 2.35213 0.299104 3.66541e-19 1.1348 2.19052e-13 1.17295 1.21322439297e+34 1 pwn_5
Norma -5.02603 -2.23333 0.00149 isolated 14.87968 8.03318 -38.73049 0.01063 228.86179 -57.64079 0.10609 5.4999 1.74587 0.149647 3.23393e-19 1.00122 3.07853e-13 1.64845 1.7485158897e+34 1 pwn_6
"Crux Scutum" 3.41991 2.82843 -0.06350 isolated 5.78128 11.83356 16.79840 -0.30745 275.62558 -14.46273 0.02798 4.4380 2.30558 0.162877 1.81687e-19 0.562497 1.19303e-13 0.638832 1.056874282e+34 0 pwn_7
Perseus -1.82689 -2.66452 0.02772 isolated 27.95535 6.11483 -17.38355 0.25969 253.79180 -43.06567 0.26184 3.2307 1.89158 0.132223 8.66059e-19 2.6813 7.53665e-13 4.03564 2.13032442598e+34 0 pwn_8
Norma 7.28602 11.31058 0.05403 isolated 21.52700 21.10801 20.19273 0.14667 276.84136 -11.24978 0.05841 13.4542 2.1238 0.333092 3.42908e-20 0.106163 2.27461e-14 0.121798 1.1752392768e+34 0 pwn_9
"Carina Sagittarius" -1.78092 -1.75940 -0.10778 isolated 5.72713 6.97274 -14.79981 -0.88570 257.16162 -41.72563 0.04704 2.5034 2.0502 0.339483 3.14708e-19 0.974328 2.16712e-13 1.16042 1.33407266028e+34 1 pwn_10
Perseus -12.19642 -12.55734 -0.02701 isolated 22.92520 12.85362 -108.40054 -0.12040 122.78468 -33.85009 0.10215 17.5054 2.21139 0.290803 1.18814e-19 0.367844 7.67772e-14 0.411117 1.20294210827e+34 0 pwn_11
"Carina Sagittarius" 1.51581 -2.60160 -0.12878 isolated 11.19243 6.09142 14.41239 -1.21138 275.28947 -16.99342 0.10524 3.0110 2.36194 0.218645 9.03043e-19 2.7958 5.58013e-13 2.98798 1.44730275225e+34 1 pwn_12
Norma 10.78562 6.90791 0.12190 isolated 27.84971 18.80819 34.99223 0.37136 283.46860 2.00296 0.08481 12.8082 2.60767 0.344236 8.01418e-20 0.248117 4.15721e-14 0.222605 1.16304690378e+34 0 pwn_13
"Carina Sagittarius" -4.58584 6.14831 0.02033 isolated 4.71853 15.34937 -17.38339 0.07589 253.98801 -43.18088 0.01761 7.6702 2.40621 0.291598 1.59826e-19 0.494818 9.32459e-14 0.499302 1.78556152255e+34 0 pwn_14
Perseus 4.44250 -3.97779 0.13154 isolated 11.40644 6.34062 44.49057 1.18871 287.11488 10.82144 0.10303 5.9631 2.39985 0.196345 6.72452e-19 2.0819 4.11762e-13 2.20485 1.06942875617e+34 1 pwn_15
Norma -4.96595 -2.51518 0.00325 isolated 26.01875 7.77681 -39.68447 0.02391 227.30915 -58.11915 0.19162 5.5666 2.47148 0.208061 5.94213e-19 1.83967 3.48412e-13 1.86564 1.33611700725e+34 1 pwn_16
Perseus 2.64826 9.63420 0.04629 isolated 5.78935 18.32661 8.30857 0.14473 270.91940 -21.69476 0.01809 9.9916 2.27266 0.136151 1.6647e-19 0.515388 1.13156e-13 0.605914 2.29781666752e+34 0 pwn_17
Norma -5.17174 -2.21483 -0.01447 isolated 10.39322 8.13944 -39.44921 -0.10189 227.81380 -58.10841 0.07313 5.6260 2.04442 0.168291 2.9087e-19 0.900527 2.22708e-13 1.19253 1.12091617935e+34 1 pwn_18
"Crux Scutum" -5.63724 -6.94308 -0.01730 isolated 7.71754 5.84831 -74.56068 -0.16953 158.04594 -58.23090 0.07558 8.9434 2.34155 0.308284 1.8033e-18 5.58298 1.079e-12 5.7777 3.29991543749e+34 0 pwn_19
"Crux Scutum" -6.70173 0.53479 -0.01396 isolated 27.09822 11.24904 -36.56690 -0.07113 232.28411 -56.53118 0.13797 6.7230 2.02917 0.14967 2.33221e-19 0.722048 1.82643e-13 0.977993 1.68234148144e+34 0 pwn_20
"Crux Scutum" -7.41907 0.45526 0.01895 isolated 15.95632 11.62926 -39.64036 0.09339 227.31509 -58.03691 0.07858 7.4330 1.77875 0.169905 1.0351e-19 0.320464 9.46096e-14 0.506604 1.17615426097e+34 0 pwn_21
"Carina Sagittarius" -7.16655 -10.92386 -0.01651 isolated 26.11330 7.56537 -108.68645 -0.12506 122.59199 -33.61326 0.19769 13.0648 2.36999 0.160616 6.46813e-19 2.00252 4.10126e-13 2.19609 1.42053401758e+34 1 pwn_22
"Carina Sagittarius" -3.23591 7.21463 0.08056 isolated 11.81397 16.04454 -11.63553 0.28768 258.37387 -38.48066 0.04217 7.9071 1.59781 0.166405 7.93118e-20 0.245547 8.31331e-14 0.445151 2.21579942852e+34 0 pwn_23
"Crux Scutum" 3.59045 -9.55866 0.16924 isolated 21.06434 3.74710 106.42834 2.58869 337.27096 60.81460 0.32196 10.2107 2.45818 0.334933 1.78299e-18 5.52008 9.95397e-13 5.33003 1.21836385455e+34 0 pwn_24
Perseus 2.62536 9.20055 -0.13994 isolated 5.71702 17.89474 8.43665 -0.44808 271.54350 -21.87358 0.01830 9.5678 2.04626 0.223356 5.32376e-20 0.164822 3.92882e-14 0.210376 1.11947218019e+34 0 pwn_25
Perseus -1.77674 0.79982 -0.04744 isolated 14.62023 9.46814 -10.81609 -0.28711 259.57700 -38.14788 0.08844 1.9485 1.91044 0.205089 1.71435e-19 0.530758 1.39491e-13 0.74693 1.16720158427e+34 0 pwn_26
Norma 10.26329 0.62106 -0.07470 isolated 9.96144 13.73079 48.37226 -0.31171 290.32089 13.55989 0.04155 10.2821 2.17116 0.376825 1.7224e-19 0.533251 1.09031e-13 0.583825 2.60993776525e+34 0 pwn_27
Perseus -2.09002 -3.58426 -0.12341 isolated 10.33645 5.34303 -23.03365 -1.32345 250.30483 -48.40614 0.11080 4.1491 2.24478 0.183683 1.50345e-18 4.65463 1.01021e-12 5.40936 1.99757697599e+34 0 pwn_28
Perseus -12.22068 5.98046 -0.03933 isolated 6.21769 18.94809 -40.16245 -0.11893 226.65673 -58.48156 0.01879 13.6055 1.92449 0.112461 4.69831e-20 0.145458 4.05911e-14 0.217352 1.01747193723e+34 0 pwn_29
"Carina Sagittarius" 0.25045 -2.17103 -0.00564 isolated 13.48446 6.33393 2.26609 -0.05101 267.77903 -27.02161 0.12193 2.1854 2.24712 0.313801 9.92311e-19 3.07217 6.21963e-13 3.33042 2.45159245209e+34 1 pwn_30
Perseus 0.95661 -5.31636 0.05599 isolated 7.65960 3.32473 16.72431 0.96491 274.43233 -13.92776 0.13195 5.4017 1.55667 0.227297 1.06246e-18 3.28935 1.0875e-12 5.82322 1.6046484933e+34 0 pwn_31
Perseus -2.24373 2.05088 -0.04065 isolated 21.44668 10.78690 -12.00556 -0.21590 258.61972 -39.07546 0.11387 3.0398 1.90263 0.230405 1.16361e-19 0.360251 9.35026e-14 0.500676 1.10662567748e+34 0 pwn_32
Norma 2.22773 -5.92557 -0.00062 isolated 16.96935 3.40448 40.87059 -0.01048 286.50721 7.05578 0.28548 6.3305 2.28886 0.227148 3.67304e-18 11.3717 2.35113e-12 12.5896 2.0480726345e+34 1 pwn_33
"Crux Scutum" 4.81671 -9.96811 0.09789 isolated 15.37507 5.03643 106.95094 1.11373 339.68000 59.80220 0.17484 11.0709 2.37367 0.236307 9.17779e-19 2.84142 5.58694e-13 2.99163 1.02640657255e+34 1 pwn_34
"Crux Scutum" -1.97445 4.75703 0.02034 isolated 26.59816 13.40327 -8.47113 0.08694 260.86828 -36.00831 0.11366 5.1505 2.31048 0.350453 1.09014e-19 0.337504 6.50215e-14 0.348169 1.20537121456e+34 0 pwn_35
"Carina Sagittarius" 3.60431 -0.61718 0.04530 isolated 8.00316 8.66787 24.57159 0.29943 278.75768 -7.29730 0.05288 3.6568 2.07207 0.25567 1.96864e-19 0.609487 1.40292e-13 0.75122 1.01137699511e+34 0 pwn_36
"Carina Sagittarius" 3.21796 3.74349 0.00537 isolated 21.87855 12.65932 14.72599 0.02430 274.30800 -16.13303 0.09898 4.9365 2.28842 0.193721 2.59949e-19 0.804797 1.69436e-13 0.907275 1.87444691125e+34 0 pwn_37
Norma 11.00325 3.09281 0.16157 isolated 7.99935 15.98408 43.50543 0.57918 287.20359 9.66638 0.02866 11.4297 1.92216 0.127616 1.67879e-19 0.519751 1.43546e-13 0.768642 2.68172852435e+34 0 pwn_38
"Carina Sagittarius" 2.57405 -2.46510 0.00975 isolated 19.97058 6.56093 23.09959 0.08514 278.26453 -8.70236 0.17433 3.5641 1.89429 0.271144 5.09967e-19 1.57885 4.00933e-13 2.14687 2.01619231745e+34 1 pwn_39
Norma -4.18881 1.71992 -0.11982 isolated 4.05497 11.04569 -22.28709 -0.62156 250.25594 -47.38205 0.02103 4.5282 2.27305 0.119748 1.16832e-18 3.61708 8.01886e-13 4.29384 5.6841622206e+34 0 pwn_40
"Crux Scutum" 2.79028 0.18120 -0.04633 isolated 3.92860 9.11872 17.81824 -0.29112 276.10333 -13.55419 0.02468 2.7962 2.16943 0.258022 2.43046e-19 0.752464 1.63544e-13 0.875724 1.21559049306e+34 0 pwn_41
"Crux Scutum" -4.96581 -8.01825 -0.01058 isolated 14.17910 4.98913 -84.45889 -0.12146 144.07545 -52.29551 0.16277 9.4314 2.16157 0.12484 1.01088e-18 3.12965 7.40193e-13 3.9635 1.15543342084e+34 0 pwn_42
Norma -1.43913 -6.00153 0.01131 isolated 29.81630 2.88333 -29.94213 0.22466 240.94420 -52.21366 0.59226 6.1717 2.24213 0.279663 2.563e-18 7.935 1.63809e-12 8.77146 1.22071432175e+34 1 pwn_43
"Crux Scutum" -0.82004 5.37640 0.03922 isolated 6.98220 13.90066 -3.38204 0.16164 264.17186 -31.72016 0.02877 5.4386 2.0416 0.2231 8.40491e-20 0.260214 6.22124e-14 0.333127 1.07266177543e+34 0 pwn_44
Perseus 3.02807 8.57646 -0.00956 isolated 23.33722 17.34286 10.05541 -0.03158 271.99856 -20.25695 0.07707 9.0953 2.15594 0.103832 1.58004e-19 0.489177 1.17753e-13 0.630529 2.11120220543e+34 0 pwn_45
Perseus 2.82241 -4.71267 0.02722 isolated 18.49431 4.72341 36.69436 0.33024 284.28271 3.49882 0.22425 5.4932 2.59619 0.253665 7.45548e-18 23.082 4.02715e-12 21.5641 5.81671684561e+34 1 pwn_46
"Crux Scutum" -2.92815 -8.78790 0.04331 isolated 10.58096 2.94259 -95.61543 0.84328 133.54015 -43.57215 0.20594 9.2629 2.34243 0.227957 1.10267e-17 34.1384 6.85317e-12 36.6965 4.30274373152e+34 1 pwn_47
Norma 10.07211 2.92842 -0.02276 isolated 23.74005 15.23340 41.39042 -0.08559 286.81540 7.48286 0.08926 10.4892 2.05838 0.163324 1.44723e-19 0.448059 1.10202e-13 0.590096 1.89784471834e+34 0 pwn_48
Perseus -2.66562 -3.62367 0.15863 isolated 10.97517 5.55961 -28.66295 1.63506 240.98171 -50.30985 0.11306 4.4985 1.98937 0.265074 4.53254e-19 1.40326 3.37411e-13 1.80673 1.10220927208e+34 1 pwn_49
Perseus -12.97764 -10.53857 0.01777 isolated 7.55587 13.13679 -98.92724 0.07750 129.91449 -41.47050 0.03294 16.7177 2.07524 0.136068 1.27225e-19 0.393884 9.76389e-14 0.522825 1.14690768647e+34 0 pwn_50
"Crux Scutum" 3.00733 1.52105 0.07170 isolated 8.24109 10.46282 16.70456 0.39262 274.94250 -14.21591 0.04511 3.3701 2.21763 0.174057 2.27765e-19 0.705155 1.56347e-13 0.837186 1.17723749316e+34 0 pwn_51
"Carina Sagittarius" 3.94046 2.29530 0.00592 isolated 8.08568 11.49198 20.05292 0.02954 276.88074 -11.42804 0.04030 4.5602 2.18371 0.377403 1.71887e-19 0.532159 1.08068e-13 0.57867 1.79356753232e+34 0 pwn_52
"Carina Sagittarius" 4.34242 -1.13818 0.03298 isolated 23.48116 8.54717 30.53453 0.22108 281.56895 -2.03264 0.15735 4.4891 1.95155 0.104071 2.50414e-19 0.775276 2.13728e-13 1.14445 1.04675770908e+34 1 pwn_53
"Crux Scutum" -3.99917 4.17173 0.03891 isolated 17.26823 13.28787 -17.51556 0.16779 253.77606 -43.22611 0.07443 5.7790 2.56617 0.123265 3.40564e-19 1.05438 1.98004e-13 1.06025 1.75369408325e+34 1 pwn_54
"Crux Scutum" -6.20032 3.38596 0.08467 isolated 20.64625 13.40624 -27.54884 0.36187 243.62007 -50.49452 0.08820 7.0646 2.49457 0.263523 1.61801e-19 0.500933 9.14482e-14 0.489676 1.16721279172e+34 0 pwn_55
Perseus 7.66798 0.11939 -0.06009 isolated 27.14668 11.53670 41.65692 -0.29844 287.12977 7.62144 0.13477 7.6689 2.28219 0.357569 1.83541e-19 0.568238 1.107e-13 0.592762 1.59166492505e+34 0 pwn_56
Norma 9.46250 6.90811 0.00619 isolated 7.54232 18.08172 31.55512 0.01961 282.21413 -1.21637 0.02389 11.7158 1.98668 0.277193 6.1194e-19 1.89455 4.52925e-13 2.42527 1.62931445824e+35 0 pwn_57
Norma 7.60216 11.04647 -0.00774 isolated 14.40353 20.97278 21.25243 -0.02116 277.49377 -10.38926 0.03933 13.4096 2.18677 0.163813 6.54242e-20 0.202552 4.60205e-14 0.246425 1.3830559705e+34 0 pwn_58
Perseus -2.81371 -3.29199 0.09351 isolated 21.36246 5.92023 -28.38087 0.90507 242.07833 -50.66427 0.20667 4.3306 1.9996 0.268518 3.80071e-19 1.17669 2.80606e-13 1.50255 1.0416605637e+34 1 pwn_59
Perseus 7.45938 4.16102 -0.07799 isolated 12.44418 14.69523 30.50493 -0.30409 282.02309 -2.29860 0.04850 8.5415 2.09753 0.32528 7.13112e-20 0.220778 4.81872e-14 0.258027 1.20644925085e+34 0 pwn_60
Norma -0.44046 3.21680 0.16721 isolated 20.86337 11.72626 -2.15287 0.81705 264.29740 -30.33137 0.10190 3.2468 2.16447 0.271655 1.40935e-19 0.436331 9.43995e-14 0.505479 1.21111134683e+34 0 pwn_61
"Carina Sagittarius" 1.55360 6.09002 0.06942 isolated 12.71276 14.67267 6.07817 0.27109 269.60284 -23.56935 0.04962 6.2851 2.17968 0.245354 9.76788e-20 0.302411 6.58032e-14 0.352355 1.21233142264e+34 0 pwn_62
"Carina Sagittarius" 4.25570 3.29397 -0.09564 isolated 7.82523 12.53866 19.84134 -0.43706 277.20212 -11.83225 0.03574 5.3816 2.09542 0.197137 3.8678e-19 1.19746 2.81605e-13 1.5079 3.52268743237e+34 0 pwn_63
Norma -3.76725 -3.75863 -0.00093 isolated 17.41905 6.05581 -38.46885 -0.00877 229.29593 -57.51970 0.16474 5.3216 2.16042 0.291216 8.28253e-19 2.56425 5.50267e-13 2.94651 1.99921189008e+34 0 pwn_64
"Crux Scutum" -6.58649 2.25925 0.02853 isolated 3.41534 12.61524 -31.47372 0.12959 239.12981 -53.28553 0.01551 6.9632 1.85452 0.204292 8.53093e-20 0.264116 7.2066e-14 0.385891 1.11422408212e+34 0 pwn_65
"Crux Scutum" -1.63691 -9.88139 0.03232 isolated 13.39715 2.14214 -130.16093 0.86439 111.53784 -14.59112 0.35820 10.0160 1.63627 0.123012 2.6162e-18 8.0997 2.77319e-12 14.8495 1.10186577821e+34 1 pwn_66
Perseus -1.60648 2.07794 0.08373 isolated 21.50486 10.69957 -8.63557 0.44836 260.38520 -35.93892 0.11511 2.6265 2.33089 0.312964 1.79981e-19 0.557215 1.08048e-13 0.578562 1.13002226899e+34 0 pwn_67
"Carina Sagittarius" -9.20734 -8.62673 0.04574 isolated 10.13858 9.20832 -90.78857 0.28461 137.50988 -47.55948 0.06306 12.6173 1.95882 0.164928 2.64796e-19 0.819802 2.14781e-13 1.15009 1.45238534325e+34 0 pwn_68
"Crux Scutum" -3.20800 -9.45368 -0.02376 isolated 22.60646 3.34684 -106.55621 -0.40684 123.73122 -35.54656 0.38686 9.9831 1.96001 0.111388 1.58722e-18 4.91399 1.33906e-12 7.17023 1.02185984744e+34 1 pwn_69
"Crux Scutum" -0.22553 3.77599 -0.00017 isolated 16.31267 12.27806 -1.05248 -0.00078 265.77363 -29.83345 0.07609 3.7827 2.05301 0.28431 8.93213e-20 0.276537 6.33084e-14 0.338996 1.01438752917e+34 0 pwn_70
"Crux Scutum" 14.72951 0.90929 0.02582 isolated 10.76999 17.47839 57.42934 0.08464 294.51794 21.69765 0.03529 14.7576 2.51379 0.256924 8.84909e-20 0.273966 4.96831e-14 0.266037 1.04705162467e+34 0 pwn_71
Norma 0.38135 -6.78151 -0.06422 isolated 14.64666 1.76146 12.51192 -2.08932 275.16458 -19.08278 0.47623 6.7922 2.07903 0.39229 4.84832e-18 15.0103 3.19868e-12 17.1279 1.44913888682e+34 1 pwn_72
Perseus -0.02584 -20.08941 -0.04735 isolated 4.77177 11.58954 -179.87225 -0.23409 86.25307 28.70509 0.02358 20.0894 1.99719 0.130279 1.86009e-19 0.575879 1.50849e-13 0.807748 1.42448195109e+34 0 pwn_73
Perseus -0.92228 -4.02563 -0.00195 isolated 16.00041 4.56843 -11.64692 -0.02443 258.68910 -38.67251 0.20059 4.1299 2.36698 0.228704 2.60412e-18 8.0623 1.59682e-12 8.55045 2.37980741687e+34 1 pwn_74
"Carina Sagittarius" -3.54361 6.34062 -0.02585 isolated 14.05948 15.25784 -13.42949 -0.09706 257.40502 -40.15536 0.05278 7.2636 2.2763 0.24973 8.4479e-20 0.261545 5.38154e-14 0.288164 1.00823905636e+34 0 pwn_75
"Crux Scutum" 1.36963 4.92438 0.06451 isolated 15.45033 13.49422 5.82549 0.27389 269.46224 -23.78678 0.06558 5.1113 2.31072 0.15883 2.0669e-19 0.639907 1.35634e-13 0.726275 1.54234076592e+34 0 pwn_76
Perseus 2.55163 -4.52685 0.00946 isolated 5.75684 4.72195 32.70934 0.11477 282.65584 -0.14576 0.06983 5.1965 1.64538 0.313262 4.49285e-19 1.39098 4.03227e-13 2.15915 1.526392605e+34 0 pwn_77
Norma 4.60900 -6.49314 -0.01804 isolated 3.74481 5.02700 66.47065 -0.20560 299.87799 29.34580 0.04267 7.9626 2.00537 0.197364 9.17263e-19 2.83982 7.05983e-13 3.78031 1.51572467887e+34 0 pwn_78
