sky_model/pwn/ctadc_skymodel_gps_sources_pwn.ecsv
# %ECSV 0.9
# ---
# datatype:
# - {name: spiralarm, datatype: string, description: 'Which spiralarm?'}
# - {name: galactocentric_x, unit: kpc, datatype: float64, format: '%.5f', description: Galactocentric
#     x coordinate}
# - {name: galactocentric_y, unit: kpc, datatype: float64, format: '%.5f', description: Galactocentric
#     y coordinate}
# - {name: galactocentric_z, unit: kpc, datatype: float64, format: '%.5f', description: Galactocentric
#     z coordinate}
# - {name: type, datatype: string, description: type of PWN}
# - {name: size_physical, unit: pc, datatype: float64, format: '%.5f', description: Physical
#     size}
# - {name: distance, unit: kpc, datatype: float64, format: '%.5f', description: Distance
#     observer to source center}
# - {name: GLON, unit: deg, datatype: float64, format: '%.5f', description: Galactic
#     longitude}
# - {name: GLAT, unit: deg, datatype: float64, format: '%.5f', description: Galactic
#     latitude}
# - {name: RA, unit: deg, datatype: float64, format: '%.5f'}
# - {name: DEC, unit: deg, datatype: float64, format: '%.5f'}
# - {name: sigma, unit: deg, datatype: float64, format: '%.5f'}
# - {name: galactocentric_r, unit: kpc, datatype: float64, format: '%0.4f', description: Galactocentric
#     radius in the xy plan}
# - {name: spec_alpha, datatype: float64, format: '%5g', description: Spectral model
#     parameter (log parabola)}
# - {name: spec_beta, datatype: float64, format: '%5g', description: Spectral model
#     parameter (log parabola)}
# - {name: spec_norm, unit: 1 / (cm2 MeV s), datatype: float64, format: '%5g', description: Spectral
#     model norm parameter (log parabola)}
# - {name: spec_norm_cu, unit: '%', datatype: float64, format: '%5g', description: Spectral
#     model norm parameter (log parabola) in crab units}
# - {name: int_flux_above_1TeV, unit: 1 / (cm2 s), datatype: float64, format: '%5g',
#   description: 'Integral flux above 1 TeV '}
# - {name: int_flux_above_1TeV_cu, unit: '%', datatype: float64, format: '%5g', description: Integral
#     flux above 1 TeV in crab units}
# - {name: luminosity, unit: erg / s, datatype: float64, description: Intrinsic source
#     luminosity}
# - {name: skip, datatype: int64, description: 'skip boolean: 0 take, 1 skip'}
# - {name: source_name, datatype: string, description: source name}
spiralarm galactocentric_x galactocentric_y galactocentric_z type size_physical distance GLON GLAT RA DEC sigma galactocentric_r spec_alpha spec_beta spec_norm spec_norm_cu int_flux_above_1TeV int_flux_above_1TeV_cu luminosity skip source_name
[from data line 395]
"Crux Scutum" -6.94986 -4.04309 0.14721 isolated 13.78565 8.25749 -57.32816 1.02151 192.30830 -61.84912 0.09562 8.0403 1.70096 0.167502 6.34032e-20 0.196295 6.14285e-14 0.32893 4.03963723524e+33 0 pwn_395
Perseus 7.71933 -1.27677 0.02563 isolated 33.05945 10.57183 46.90155 0.13888 289.20525 12.47152 0.17910 7.8242 1.99272 0.166801 1.96115e-19 0.607167 1.55378e-13 0.831998 1.360616117e+34 0 pwn_396
Norma -6.08997 15.35545 0.05749 isolated 4.74714 24.62059 -14.32095 0.13378 256.46005 -40.73052 0.01104 16.5190 2.33792 0.300414 1.87232e-20 0.0579665 1.12644e-14 0.0603171 5.99544786688e+33 0 pwn_397
"Crux Scutum" -4.66663 3.59341 0.00715 isolated 2.91013 12.96256 -21.10071 0.03159 250.68155 -46.05958 0.01286 5.8898 2.22158 0.244275 3.09561e-20 0.0958392 2.03807e-14 0.109132 2.8300958274e+33 0 pwn_398
Norma 10.77045 0.56659 -0.00239 isolated 27.02939 14.07855 49.90926 -0.00972 290.79362 15.05780 0.10996 10.7853 2.24785 0.112799 5.25071e-20 0.162561 3.67466e-14 0.196766 4.21965655264e+33 0 pwn_399
"Crux Scutum" -7.12823 -1.83653 0.01396 isolated 2.81104 9.75775 -46.93005 0.08196 214.21678 -61.09699 0.01650 7.3610 2.25216 0.222017 9.09003e-20 0.281425 5.95425e-14 0.318831 4.31589802644e+33 0 pwn_400
Perseus 5.35603 -1.61834 0.00295 isolated 8.44029 8.72034 37.89381 0.01941 285.10920 4.42374 0.05543 5.5952 1.80741 0.293596 3.55455e-20 0.110048 2.9088e-14 0.155757 3.00953586079e+33 0 pwn_401
Perseus -15.37214 -4.47816 -0.00317 isolated 20.58865 15.88956 -75.33826 -0.01144 156.94303 -57.69484 0.07421 16.0111 2.19055 0.31602 8.20607e-20 0.254058 5.29514e-14 0.283538 1.38795629995e+34 0 pwn_402
Norma 5.13201 -6.39930 0.03655 isolated 22.02655 5.54543 67.73908 0.37767 300.07542 30.73140 0.22749 8.2030 1.8981 0.221665 7.66203e-19 2.37214 6.21214e-13 3.3264 1.89664057972e+34 0 pwn_403
Perseus -2.05296 2.59645 -0.05159 isolated 31.73712 11.28488 -10.48181 -0.26195 259.79478 -37.85992 0.16107 3.3100 2.39424 0.263133 9.94951e-20 0.308034 5.91625e-14 0.316796 5.74886974574e+33 0 pwn_404
Perseus 5.32235 -3.49440 -0.05361 isolated 0.10000 7.30660 46.75666 -0.42036 289.64201 12.08215 0.01000 6.3670 1.91271 0.232138 8.57162e-20 0.265375 6.83541e-14 0.366014 3.7023071948e+33 0 pwn_405
Norma 10.47509 0.30729 -0.00734 isolated 22.97994 13.68561 49.94340 -0.03073 290.82950 15.07796 0.09617 10.4796 1.81575 0.109423 2.10922e-20 0.0653009 1.97493e-14 0.105751 2.73409862306e+33 0 pwn_406
Norma 8.26611 -4.80308 -0.02221 isolated 11.96807 9.05518 65.90396 -0.14054 299.47485 28.89709 0.07570 9.5602 2.40196 0.254271 9.08041e-20 0.281127 5.40028e-14 0.289168 3.28617277223e+33 0 pwn_407
Perseus -13.10355 3.60275 -0.09544 isolated 7.90146 17.83784 -47.27372 -0.30657 213.79834 -61.57530 0.02537 13.5898 1.93974 0.266173 9.60774e-21 0.0297453 7.36691e-15 0.0394475 2.59204823861e+33 0 pwn_408
Norma -4.65773 -1.11779 0.05833 isolated 29.67034 8.72897 -32.24945 0.38290 237.85469 -53.58365 0.19468 4.7900 2.01553 0.257122 6.36563e-20 0.197078 4.68731e-14 0.25099 3.60395820616e+33 0 pwn_409
Norma 10.33793 -0.46269 0.03914 isolated 16.64486 13.09476 52.13641 0.17128 291.72689 17.10447 0.07280 10.3483 2.27952 0.360259 5.56418e-20 0.172266 3.35647e-14 0.179728 6.28156148664e+33 0 pwn_410
"Crux Scutum" -5.59454 4.34189 0.00459 isolated 5.10783 14.00761 -23.54025 0.01877 248.30360 -47.88159 0.02088 7.0817 2.15013 0.333455 3.25626e-20 0.100813 2.12885e-14 0.113993 4.73480598242e+33 0 pwn_411
"Carina Sagittarius" -3.67658 6.96071 0.15876 isolated 27.24273 15.89264 -13.37658 0.57238 256.74663 -39.71253 0.09818 7.8720 1.89077 0.217783 1.73549e-20 0.0537302 1.41763e-14 0.0759097 3.5315624413e+33 0 pwn_412
Perseus -15.02297 -1.80027 -0.09648 isolated 16.07181 16.44948 -65.96475 -0.33606 173.70642 -61.87726 0.05596 15.1305 2.65149 0.231962 3.58696e-20 0.111052 1.90388e-14 0.101946 3.07227295365e+33 0 pwn_413
Perseus -9.73797 -14.56956 0.03808 isolated 25.18821 11.47472 -121.93480 0.19013 115.11289 -22.11613 0.12572 17.5243 2.00212 0.225174 4.68149e-20 0.144938 3.54551e-14 0.189851 4.32055098885e+33 0 pwn_414
"Crux Scutum" 8.66508 -8.40512 -0.03150 isolated 4.91274 8.66566 89.37266 -0.20825 317.59004 47.72951 0.03247 12.0719 2.04884 0.21484 7.61954e-20 0.235899 5.64421e-14 0.30223 3.67110908448e+33 0 pwn_415
Perseus 4.68442 -3.08764 -0.01526 isolated 18.52200 7.15805 40.87636 -0.12214 286.60979 7.00958 0.14820 5.6105 1.84638 0.33325 5.29178e-20 0.163832 4.12009e-14 0.220618 3.17648743687e+33 0 pwn_416
Perseus -10.37415 6.96328 -0.04122 isolated 12.83536 18.62090 -33.85724 -0.12685 236.23609 -54.98089 0.03948 12.4944 1.97957 0.367746 7.56072e-21 0.0234078 5.33611e-15 0.0285732 2.75016513329e+33 0 pwn_417
Perseus 5.45870 5.80718 0.04311 isolated 15.48291 15.31322 20.88363 0.16130 277.15534 -10.63129 0.05791 7.9700 2.31403 0.381222 1.76162e-20 0.0545394 1.03494e-14 0.0554179 2.72736548184e+33 0 pwn_418
Norma -2.55398 -6.40090 -0.06217 isolated 3.21751 3.30649 -50.58338 -1.07729 207.37117 -63.21587 0.05573 6.8916 1.84211 0.243919 2.54116e-19 0.786738 2.10379e-13 1.12651 2.56764767393e+33 0 pwn_419
Perseus -0.26717 1.99257 0.05692 isolated 20.34096 10.49613 -1.45859 0.31074 265.22105 -30.01402 0.11099 2.0104 2.06645 0.200332 5.04135e-20 0.156079 3.72841e-14 0.199644 3.36733983084e+33 0 pwn_420
Perseus 0.43489 10.67424 0.01950 isolated 10.48852 19.17918 1.29929 0.05825 267.11400 -27.79498 0.03132 10.6831 2.12912 0.36725 1.48609e-20 0.0460089 9.6628e-15 0.0517412 4.56020759271e+33 0 pwn_421
"Carina Sagittarius" -0.05646 7.02000 -0.10683 isolated 11.84474 15.52047 -0.20844 -0.39438 266.66651 -29.31932 0.04371 7.0202 2.32323 0.348518 5.78907e-20 0.179228 3.43377e-14 0.183867 8.39346261325e+33 0 pwn_422
"Crux Scutum" 1.08293 -11.05732 0.04859 isolated 32.26201 2.77759 157.04908 1.00246 70.02588 48.13155 0.66524 11.1102 1.89411 0.225987 2.74912e-18 8.5112 2.22799e-12 11.9302 1.73565837923e+34 1 pwn_423
"Crux Scutum" -0.85000 -9.78831 0.01474 isolated 41.55231 1.54353 -146.58406 0.54714 103.56713 -0.18126 1.54183 9.8252 1.97984 0.164506 3.97016e-18 12.2915 3.17712e-12 17.0125 5.94299058205e+33 1 pwn_424
Norma 11.53913 0.95658 0.08293 isolated 22.18768 14.91929 50.66459 0.31847 290.86369 15.87857 0.08518 11.5787 2.00604 0.233533 9.66049e-20 0.299086 7.25996e-14 0.388748 1.52918157581e+34 0 pwn_425
Perseus -1.11393 -5.49035 0.03437 isolated 0.10000 3.20937 -20.31044 0.61369 250.79659 -45.08140 0.01000 5.6022 2.10028 0.357348 4.78016e-19 1.47992 3.1724e-13 1.69872 4.1768491598e+33 0 pwn_426
Perseus -3.11357 10.54486 0.00651 isolated 20.51899 19.29769 -9.28492 0.01932 260.36452 -36.71702 0.06090 10.9949 2.50791 0.380457 4.41628e-19 1.36727 2.36577e-13 1.26679 8.29375456247e+34 0 pwn_427
Perseus 7.80808 1.63543 0.05585 isolated 16.26481 12.79438 37.60977 0.25012 284.77319 4.27658 0.07281 7.9775 2.18182 0.285755 3.09459e-20 0.0958077 2.03762e-14 0.109108 3.1950753659e+33 0 pwn_428
Perseus 6.14193 -2.92196 -0.02935 isolated 17.69168 8.29691 47.75460 -0.20270 289.92391 13.06578 0.12213 6.8016 2.0428 0.382309 3.78459e-20 0.11717 2.5591e-14 0.137032 2.58119673961e+33 0 pwn_429
Norma 8.04218 -4.52207 0.00492 isolated 20.42089 8.97222 63.68147 0.03144 298.00690 27.08352 0.13036 9.2264 1.98385 0.25614 4.67005e-20 0.144584 3.50742e-14 0.187811 2.9154755e+33 0 pwn_430
"Carina Sagittarius" 0.04275 -1.62175 -0.02663 isolated 17.72840 6.87843 0.35614 -0.22181 266.83257 -28.74710 0.14762 1.6223 2.02379 0.385244 1.14837e-19 0.355534 7.83485e-14 0.419531 5.58972216592e+33 0 pwn_431
"Crux Scutum" 2.61784 1.63214 0.13743 isolated 22.34448 10.46577 14.48669 0.75240 273.52320 -15.99649 0.12228 3.0850 2.4068 0.323991 7.05086e-20 0.218293 4.05466e-14 0.217114 3.92492777526e+33 0 pwn_432
"Carina Sagittarius" 5.54834 0.73408 -0.03967 isolated 22.01996 10.77283 30.99973 -0.21099 282.16602 -1.81581 0.11707 5.5967 2.2656 0.302856 6.21655e-20 0.192463 3.87905e-14 0.207711 4.22247174266e+33 0 pwn_433
Perseus -10.75616 -12.54504 -0.17287 isolated 29.46372 11.49292 -110.60966 -0.86184 120.61726 -32.38899 0.14683 16.5249 2.14681 0.24514 1.10996e-19 0.343641 7.61983e-14 0.408018 8.82885061813e+33 0 pwn_434
"Carina Sagittarius" 3.25635 -0.51322 -0.02142 isolated 4.09506 8.62514 22.18155 -0.14229 278.03944 -9.62168 0.02719 3.2965 2.06964 0.253317 5.24584e-20 0.16241 3.74888e-14 0.20074 2.66255398409e+33 0 pwn_435
"Carina Sagittarius" 1.64464 5.21358 0.00024 isolated 0.10000 13.81184 6.83872 0.00101 270.26995 -23.04400 0.01000 5.4668 1.79623 0.127754 2.74183e-20 0.0848863 2.5634e-14 0.137262 3.87681717624e+33 0 pwn_436
"Crux Scutum" 1.67288 -1.27585 -0.14345 isolated 0.10000 7.41670 13.03803 -1.10828 274.51378 -18.15613 0.01000 2.1039 2.06417 0.250516 1.2596e-19 0.389968 9.04567e-14 0.484367 4.73168220307e+33 0 pwn_437
"Carina Sagittarius" 3.52892 4.11972 0.00630 isolated 19.21892 13.10384 15.62286 0.02754 274.74660 -15.34172 0.08400 5.4245 2.07944 0.115897 3.25117e-20 0.100655 2.52376e-14 0.135139 2.78535107798e+33 0 pwn_438
"Carina Sagittarius" 4.84668 2.30790 0.06896 isolated 17.22172 11.84507 24.15330 0.33356 278.53281 -7.65284 0.08327 5.3681 2.10137 0.215942 5.8225e-20 0.180263 4.17553e-14 0.223586 4.89531245354e+33 0 pwn_439
"Carina Sagittarius" 0.15457 -15.67903 0.02632 isolated 10.21843 7.18074 178.76661 0.20997 85.86941 30.09727 0.08150 15.6798 2.12807 0.389641 5.32175e-19 1.6476 3.42501e-13 1.83398 2.4348121732e+34 0 pwn_440
Norma 9.96484 5.01085 0.01410 isolated 0.10000 16.78813 36.41039 0.04813 284.40427 3.11737 0.01000 11.1538 2.10628 0.383909 3.11902e-19 0.96564 2.03631e-13 1.09038 7.93745129106e+34 0 pwn_441
Norma -4.19252 -4.04441 0.12124 isolated 14.25437 6.11917 -43.25764 1.13531 220.26354 -58.76580 0.13342 5.8253 2.28905 0.37734 2.67158e-18 8.27114 1.59182e-12 8.5237 6.77871801702e+34 0 pwn_442
Norma 0.38182 -1.69813 0.12393 isolated 10.20874 6.81370 3.21290 1.04218 267.27401 -25.64807 0.08581 1.7405 1.9711 0.146368 1.59622e-19 0.494187 1.30169e-13 0.697013 4.52546461953e+33 0 pwn_443
"Carina Sagittarius" -10.09887 -4.77960 0.05224 isolated 14.37857 10.76249 -69.77633 0.27809 166.76372 -59.99280 0.07652 11.1728 2.24375 0.254372 4.36407e-20 0.135111 2.82311e-14 0.151168 2.73119564375e+33 0 pwn_444
Norma 7.24000 -4.84376 0.01212 isolated 37.38071 8.11085 63.20597 0.08564 297.68233 26.70240 0.26396 8.7109 1.63062 0.177318 7.92427e-20 0.245333 8.02073e-14 0.429485 5.54356754035e+33 0 pwn_445
"Carina Sagittarius" 3.68485 0.16095 -0.00125 isolated 11.04940 9.41223 23.04763 -0.00763 278.32354 -8.79127 0.06724 3.6884 1.86754 0.265524 3.44577e-20 0.10668 2.76531e-14 0.148073 2.87488181865e+33 0 pwn_446
"Carina Sagittarius" 17.55746 -10.63364 -0.18121 isolated 3.33841 17.68756 96.92878 -0.58702 326.55808 52.67235 0.01081 20.5265 1.96426 0.138182 4.98811e-20 0.154431 4.11121e-14 0.220142 9.44576425723e+33 0 pwn_447
Norma -2.92601 0.86445 0.01194 isolated 21.01243 9.81095 -17.35192 0.06970 254.02166 -43.16022 0.12267 3.0510 2.14691 0.278597 9.64294e-20 0.298543 6.49847e-14 0.347972 6.0405677158e+33 0 pwn_448
Perseus -9.04761 8.34714 0.19024 isolated 12.09563 19.12385 -28.23764 0.56999 242.60322 -50.81409 0.03623 12.3099 2.23315 0.21815 1.40874e-20 0.0436143 9.34641e-15 0.0500471 2.61098550806e+33 0 pwn_449
"Carina Sagittarius" 4.50820 2.37656 0.05051 isolated 0.10000 11.77396 22.51340 0.24581 277.84613 -9.14800 0.01000 5.0963 2.07054 0.236994 2.8225e-20 0.0873838 2.03567e-14 0.109004 2.56541941648e+33 0 pwn_450
"Carina Sagittarius" 3.00359 5.71134 -0.01921 isolated 13.75609 14.52530 11.93393 -0.07577 273.00236 -18.63371 0.05424 6.4530 2.23944 0.318408 4.9745e-20 0.154009 3.12366e-14 0.167262 6.60430541368e+33 0 pwn_451
"Crux Scutum" 2.13116 -10.48796 -0.05953 isolated 19.39875 2.91502 133.00890 -1.17013 33.39380 60.08477 0.38114 10.7023 2.62786 0.346202 2.12107e-18 6.56679 1.08949e-12 5.8339 7.24024018238e+33 0 pwn_452
Norma 8.25556 -3.34550 0.04195 isolated 16.20542 9.73267 58.02072 0.24693 294.67834 22.29259 0.09536 8.9077 2.02479 0.265036 6.98678e-20 0.216309 5.09193e-14 0.272656 4.94871316659e+33 0 pwn_453
"Crux Scutum" 15.11266 1.48219 0.03343 isolated 14.89232 18.11181 56.55449 0.10576 294.03907 20.94478 0.04709 15.1852 1.94239 0.381607 2.18713e-19 0.677129 1.56471e-13 0.837852 8.29975103817e+34 0 pwn_454
"Carina Sagittarius" -6.13289 5.54729 0.13566 isolated 15.00454 15.32831 -23.58554 0.50707 247.72732 -47.58117 0.05606 8.2695 1.92126 0.176142 7.38714e-20 0.228704 6.09297e-14 0.326259 1.21227676945e+34 0 pwn_455
"Crux Scutum" 1.31021 -2.46820 0.06918 isolated 24.84883 6.17285 12.25525 0.64214 272.50288 -18.00617 0.23056 2.7944 2.21078 0.399287 3.99387e-19 1.23649 2.45169e-13 1.3128 1.22367472417e+34 0 pwn_456
"Carina Sagittarius" -8.52036 -9.29747 0.00589 isolated 14.04861 8.55760 -95.34706 0.03946 132.92176 -44.29315 0.09402 12.6111 1.31631 0.307875 2.8277e-20 0.0875449 3.23186e-14 0.173056 5.3870755627e+33 0 pwn_457
"Crux Scutum" -1.17992 -11.09868 -0.07984 isolated 17.30765 2.85512 -155.57981 -1.60240 97.52257 6.83015 0.34719 11.1612 2.13308 0.127935 7.36719e-19 2.28086 5.48027e-13 2.93451 2.87224479346e+33 0 pwn_458
"Carina Sagittarius" -9.10179 2.92312 -0.00169 isolated 20.55474 14.60583 -38.54736 -0.00664 229.16958 -57.55933 0.08060 9.5597 2.06533 0.133251 3.74102e-20 0.115821 2.89508e-14 0.155022 4.19708101482e+33 0 pwn_459
Norma -1.44362 1.76723 -0.02332 isolated 0.42762 10.36824 -8.00359 -0.12888 261.41306 -35.74315 0.01000 2.2819 1.8266 0.151347 3.44403e-20 0.106626 3.08918e-14 0.165416 2.78078063587e+33 0 pwn_460
"Crux Scutum" -4.92636 3.31121 0.00125 isolated 24.14996 12.79740 -22.64061 0.00560 249.21900 -47.22747 0.10808 5.9357 2.31805 0.357264 5.33063e-20 0.165035 3.15794e-14 0.169097 5.40470502137e+33 0 pwn_461
"Crux Scutum" 2.85311 2.75752 -0.02527 isolated 16.33217 11.61347 14.22162 -0.12468 274.19491 -16.64763 0.08054 3.9679 2.086 0.336486 4.33374e-19 1.34171 2.92997e-13 1.5689 4.79427996917e+34 0 pwn_462
Perseus -4.43803 11.13082 0.06424 isolated 17.11097 20.12633 -12.73896 0.18288 257.64587 -39.43359 0.04869 11.9830 2.18086 0.272337 2.15268e-20 0.0666465 1.42823e-14 0.0764771 5.33713170292e+33 0 pwn_463
Perseus 5.58673 7.52359 0.05829 isolated 14.76007 16.96969 19.22144 0.19680 276.33367 -12.08566 0.04982 9.3710 2.06016 0.15805 8.23437e-20 0.254934 6.28543e-14 0.336564 1.32196445209e+34 0 pwn_464
Norma 6.67776 9.08691 -0.02304 isolated 20.71494 18.81203 20.79181 -0.07018 277.32063 -10.82008 0.06307 11.2767 2.07966 0.308236 1.02977e-20 0.0318813 7.09284e-15 0.0379799 2.80562488845e+33 0 pwn_465
"Carina Sagittarius" 5.20790 -16.04844 0.01109 isolated 18.82526 9.17068 145.39703 0.06931 55.13515 55.38625 0.11757 16.8723 1.94007 0.352709 3.03275e-20 0.0938931 2.20767e-14 0.118214 2.72731956572e+33 0 pwn_466
Perseus -0.15242 10.41533 -0.00753 isolated 30.17501 18.91595 -0.46168 -0.02282 266.15138 -29.34189 0.09136 10.4164 1.78408 0.252297 4.20965e-20 0.13033 3.59927e-14 0.192729 1.55242397224e+34 0 pwn_467
Norma -14.76819 11.07308 0.08513 isolated 21.22066 24.51963 -37.03512 0.19893 231.30591 -56.56920 0.04957 18.4584 2.31442 0.308528 1.60434e-20 0.0496701 9.73304e-15 0.0521173 5.35404160142e+33 0 pwn_468
Norma 5.31293 -6.29406 -0.04909 isolated 18.02994 5.75289 67.45170 -0.48891 300.75155 30.02903 0.17950 8.2367 1.63421 0.13388 1.98879e-19 0.615725 2.08962e-13 1.11893 6.22586667581e+33 0 pwn_469
"Carina Sagittarius" -0.94655 -1.79799 0.02514 isolated 18.85137 6.76857 -8.03893 0.21285 261.04066 -35.58042 0.15952 2.0319 2.10788 0.320661 1.44689e-19 0.447953 9.74474e-14 0.5218 5.05560794205e+33 0 pwn_470
"Carina Sagittarius" -1.41170 -0.12649 0.14094 isolated 23.21592 8.49285 -9.56958 0.95089 259.21134 -36.41534 0.15656 1.4174 2.17843 0.395908 4.62785e-20 0.143277 2.89274e-14 0.154897 2.79188175312e+33 0 pwn_471
"Crux Scutum" -3.15726 4.87607 -0.05242 isolated 15.91576 13.74374 -13.28089 -0.21854 257.64829 -40.10799 0.06633 5.8090 2.21484 0.174958 3.26553e-20 0.1011 2.24406e-14 0.120162 2.92768958518e+33 0 pwn_472
