sky_model/pwn/ctadc_skymodel_gps_sources_pwn.ecsv
# %ECSV 0.9
# ---
# datatype:
# - {name: galactocentric_x, unit: kpc, datatype: float64, description: Galactocentric
#     x coordinate}
# - {name: galactocentric_y, unit: kpc, datatype: float64, description: Galactocentric
#     y coordinate}
# - {name: galactocentric_z, unit: kpc, datatype: float64, description: Galactocentric
#     z coordinate}
# - {name: spiralarm, datatype: string}
# - {name: GLON, unit: deg, datatype: float64, description: Galactic longitude}
# - {name: GLAT, unit: deg, datatype: float64, description: Galactic latitude}
# - {name: RA, unit: deg, datatype: float64}
# - {name: DEC, unit: deg, datatype: float64}
# - {name: distance, unit: pc, datatype: float64, description: Distance observer to
#     source center}
# - {name: sigma, unit: deg, datatype: float64, description: Angular size}
# - {name: size_physical, unit: pc, datatype: float64, description: Physical size}
# - {name: spec_alpha, datatype: float64, description: Spectral model parameter (log
#     parabola)}
# - {name: spec_beta, datatype: float64, description: Spectral model parameter (log
#     parabola)}
# - {name: spec_norm, unit: 1 / (cm2 MeV s), datatype: float64, description: Spectral
#     model norm parameter (log parabola)}
# - {name: spec_norm_cu, unit: '%', datatype: float64, description: Spectral model norm
#     parameter (log parabola) in crab units}
# - {name: int_flux_above_1TeV, unit: 1 / (cm2 s), datatype: float64, description: 'Integral
#     flux above 1 TeV '}
# - {name: int_flux_above_1TeV_cu, unit: '%', datatype: float64, description: Integral
#     flux above 1 TeV in crab units}
# - {name: source_name, datatype: string, description: source name}
# - {name: galactocentric_r, unit: kpc, datatype: float64, description: Galactocentric
#     radius in the xy plan}
galactocentric_x galactocentric_y galactocentric_z spiralarm GLON GLAT RA DEC distance sigma size_physical spec_alpha spec_beta spec_norm spec_norm_cu int_flux_above_1TeV int_flux_above_1TeV_cu source_name galactocentric_r
[from data line 174]
-11.8429369644 6.9848040592 -0.0407963504314 Perseus -37.4091299726 -0.119903512856 231.057615689 -57.0414872469 19494.5114593 0.0804578765669 27.3752803617 1.79626285418 0.486882226814 6.81187792193e-23 0.000210894053311 5.00343591746e-17 0.000267917988974 pwn_174 13.7492779334
11.3660448448 3.45277605374 0.0968547188825 Norma 43.5586693862 0.336441380708 287.446953846 9.60167196934 16494.3994022 0.0456856555864 13.1520613961 2.47517094976 0.222500844545 3.55349392274e-21 0.0110015291726 2.06564487977e-15 0.0110608675968 pwn_175 11.8789156866
-9.51694968136 -9.35370805446 -0.00575908815951 "Carina Sagittarius" -95.1259384442 -0.0345333082925 133.039583672 -44.5105955343 9555.16519203 0.0657488746483 10.9648850152 2.02963858953 0.12873323904 3.08890703674e-22 0.000956317968031 2.45454192709e-16 0.00131432868894 pwn_176 13.3440693046
-4.12410488808 6.6310997147 0.120806314095 "Carina Sagittarius" -15.2461003517 0.441339531548 255.390563638 -41.2773920456 15683.5268313 0.108465069395 29.6900901372 1.8409933256 0.479297223263 3.36471312772e-21 0.0104170685069 2.41985952249e-15 0.0129575737066 pwn_177 7.80895156562
5.03533102957 1.61218243185 -0.00975402881313 "Carina Sagittarius" 26.4708718969 -0.0494723859976 279.947611135 -5.7703874406 11296.4988936 0.100720740052 19.858232321 1.78931828058 0.409028698274 6.99621903457e-21 0.0216601208501 5.38694085099e-15 0.0288453451454 pwn_178 5.2871250005
-3.80579948632 -2.22809512477 0.0368142818739 Perseus -31.2494269953 0.287514558498 239.246493425 -53.0202933555 7336.36529798 0.0931428690071 11.9263708374 2.14250014946 0.362114302779 2.87064311205e-20 0.0888743997539 1.85791388979e-14 0.0994853459202 pwn_179 4.4100473484
-3.52954179817 -5.43809503842 -0.0299455826081 Norma -49.058107358 -0.367192218635 210.216201756 -62.154380864 4672.66776442 0.054024251691 4.40586473088 2.0966593118 0.230905893639 2.00753380992e-19 0.621527495331 1.43080358015e-13 0.766149550298 pwn_180 6.48309671005
0.320312489634 5.66742173967 0.152326545832 "Carina Sagittarius" 1.29518468358 0.615856752204 266.573079844 -27.5097190417 14171.8609299 0.0968058608436 23.944529845 2.5032223124 0.205289350721 6.66089660648e-21 0.0206219709179 3.84738045686e-15 0.0206014916914 pwn_181 5.67646626576
-2.53900869128 1.98437300007 0.00590637378662 Norma -13.6132773378 0.0313707956125 257.126572474 -40.2262759508 10787.431447 0.115106462203 21.6718360619 2.25000500876 0.389674636138 4.48046182166e-21 0.0138713988287 2.70782163217e-15 0.0144995186939 pwn_182 3.22246820586
-2.97450896923 -10.0838849114 -0.0935575859754 "Crux Scutum" -118.034684197 -1.5902662908 115.531352501 -26.3860035311 3371.22352307 0.471863114035 27.7645580231 1.67046066658 0.259806838882 7.20624648721e-20 0.223103606415 6.61768646557e-14 0.354355942349 pwn_183 10.5134408504
10.7234380396 3.30533712612 -0.0940402687795 Norma 42.2505977664 -0.337838132714 287.441413104 8.13005567838 15948.8855919 0.0276238853138 7.68940093585 1.91130578772 0.33029106941 5.48565246209e-21 0.0169834441551 4.11441323964e-15 0.0220313668279 pwn_184 11.2212912317
-6.8107674832 1.33835714452 0.106395388219 "Crux Scutum" -34.6935675579 0.509440041885 234.404983479 -54.9747248642 11966.2502478 0.0228561111622 4.77350971902 2.42102175362 0.283096490804 3.90585132462e-19 1.20924189617 2.27041357286e-13 1.21573384493 pwn_185 6.94101963378
2.10924148454 3.21405112788 -0.162033674389 "Crux Scutum" 10.2073482618 -0.779947495931 272.775618619 -20.4860326901 11903.5351211 0.106507517863 22.1275886398 1.91367519069 0.356092703576 2.88889363297e-21 0.00894394313613 2.13143740296e-15 0.0114131655135 pwn_186 3.84434965797
-6.96125101943 -1.61639936284 0.00977136404151 "Crux Scutum" -45.321346349 0.0571870300257 217.330755231 -60.5626463177 9789.9473424 0.0426880922305 7.29397969559 2.62037165248 0.0470525020392 3.40646392402e-19 1.05463279382 2.00010846328e-13 1.07099410496 pwn_187 7.14645105319
-6.34123630993 2.79012387585 0.0318061837837 "Crux Scutum" -29.3212776665 0.140732710997 241.787467007 -51.8623341698 12949.0998415 0.0288333069892 6.51645558631 1.7705131706 0.188810546318 5.32308386621e-20 0.164801358087 4.81984008128e-14 0.258087019212 pwn_188 6.92791954204
10.7384787942 -0.577200655841 -0.107716943815 Norma 53.5802675686 -0.462469108749 293.036211637 18.0680865656 13345.3092584 0.0455540537888 10.6104335965 2.27178400591 0.0835445942549 8.06174350527e-20 0.249589582207 5.66493053335e-14 0.303338909743 pwn_189 10.753980073
4.91334742119 -7.61262894155 -0.0254322478044 Norma 79.762499507 -0.291847737613 309.089830715 40.298313777 4992.90066754 0.284246851826 24.7702003818 1.84163533398 0.121021950012 1.47028281774e-20 0.0455195918804 1.33770481926e-14 0.0716298141776 pwn_190 9.06052439338
13.1996021239 -1.839598632 0.0643539368949 "Crux Scutum" 63.2248963342 0.249390223992 297.535290903 26.8020699855 14784.9445059 0.0653771511223 16.8703171335 1.94712146012 0.100412138269 3.0951165463e-20 0.0958240416812 2.65756949522e-14 0.142304345747 pwn_191 13.3271759708
-4.46973013038 7.55266907071 0.0697033721585 "Carina Sagittarius" -15.5594122289 0.239669081367 255.346436482 -41.6485230772 16663.4789373 0.01 2.90832575245 2.42957449447 0.251661149652 2.99236365808e-20 0.0926428377115 1.75669308785e-14 0.09406529575 pwn_192 8.7761778429
15.9463059691 5.8790534518 -0.0374205670127 "Crux Scutum" 47.9584854553 -0.099853290496 289.928808591 13.2940880555 21471.9177655 0.0392664994098 14.7153452738 2.06187985115 0.00949649425496 2.84799207401e-20 0.0881731292262 2.42970135565e-14 0.13010273575 pwn_193 16.995527163
-6.43961089128 5.00330554954 -0.161245003329 "Carina Sagittarius" -25.496074929 -0.617524829643 246.966896066 -49.7404712408 14961.077807 0.0803666843645 20.9853677989 2.34403567353 0.481983801004 1.80596092156e-21 0.00559121028347 1.00455807426e-15 0.00537908716135 pwn_194 8.15485468007
0.879275398641 -7.89819847622 -0.0716561839102 Norma 55.6111325669 -3.84741817533 297.187423928 18.1667790973 1067.90678871 0.903347333565 16.8384251013 2.24198717847 0.259481913205 1.51846130021e-19 0.470111857651 9.80631637953e-14 0.525096874825 pwn_195 7.94699090199
8.24456286102 -5.8490578128 -0.0365991815954 Norma 72.1754164041 -0.242136292409 303.532198943 34.131201807 8660.34934337 0.117815399886 17.8080125233 2.32615970507 0.0262857571022 1.89899642681e-19 0.587924590344 1.33990046008e-13 0.717473837203 pwn_196 10.1086247367
11.3435896328 1.99540564952 -0.0539853527566 Norma 47.224138487 -0.200148277063 289.666725759 12.598328171 15454.2382512 0.0293003912195 7.90311729902 1.83354353667 0.341026920181 1.05775530801e-20 0.0327478423531 8.26048908272e-15 0.0442322767693 pwn_197 11.5177545322
-1.28621771697 3.11933901672 0.0850608006368 Norma -6.31671300528 0.416886979901 262.00771682 -34.0385916472 11690.621478 0.125714240761 25.6507542798 2.03352768054 0.134444025049 4.23522245507e-20 0.131121438237 3.34313604952e-14 0.179014241819 pwn_198 3.37411201899
3.52246343934 0.615822110013 -0.0021449266684 "Crux Scutum" 21.1271323281 -0.0125753428389 277.426973764 -10.4962981341 9772.7153864 0.102559328749 17.4931593405 2.22727578543 0.0533837962942 9.40663081047e-19 2.91226960076 6.93592335554e-13 3.71396509869 pwn_199 3.57588947713
-0.126673336334 -0.668039436185 -0.0331863530299 "Carina Sagittarius" -0.926615336834 -0.242746106889 266.087247871 -29.8531851334 7833.05519841 0.15959849689 21.8191824894 1.84527813819 0.415151842987 1.15364849365e-21 0.00357166716301 8.56653498911e-16 0.00458710547036 pwn_200 0.679943249423
-8.25079398371 3.19211071757 0.0281460941289 "Carina Sagittarius" -35.2095441729 0.112692579721 234.082290822 -55.5991167226 14310.2007881 0.118000439073 29.4718455357 2.58885001297 0.0989538014572 5.75220644487e-19 1.78086886838 3.34469660507e-13 1.79097804577 pwn_201 8.84676054806
5.71652249653 -10.8497232424 -0.108121559104 "Crux Scutum" 112.34465584 -1.00221275919 351.248229764 60.0805676123 6181.54665443 0.126968280877 13.6984197316 1.86683158735 0.0523771344298 2.60966771078e-20 0.0807946659684 2.47489360855e-14 0.132522636337 pwn_202 12.2635689704
1.20819452434 1.61406166306 0.0372769312654 Perseus 6.81209623577 0.209680705631 270.0587728 -22.9635744033 10186.0378412 0.149624204029 26.6002362074 2.00999892692 0.0284532263019 2.67155346405e-20 0.0827106335619 2.32807752063e-14 0.124661104447 pwn_203 2.01616692285
-10.0348807646 0.52125552832 0.0692127635268 "Carina Sagittarius" -48.0447813387 0.29388109246 211.881922756 -61.2377362488 13493.949521 0.01 2.3551385063 1.79803228056 0.364278871767 1.87237475038e-21 0.00579682585257 1.47301183228e-15 0.00788750719204 pwn_204 10.0484097889
-3.91755894947 6.54810292784 0.11944864776 "Carina Sagittarius" -14.5922329423 0.440122693803 255.921410932 -40.7605686367 15550.1426948 0.01 2.71401191935 1.45700758043 0.327635623661 7.37664444956e-21 0.0228379085126 7.4631952701e-15 0.0399630234318 pwn_205 7.6305255439
-6.9831653567 -0.573913960004 0.0596608644913 "Crux Scutum" -41.3812054535 0.323593584618 224.197842894 -58.6770197867 10563.6640296 0.0993429918001 18.3159571197 2.63907555677 0.00409957029304 1.5158762911e-21 0.00469311545234 9.01560625324e-16 0.00482756876794 pwn_206 7.00670932981
-5.91439062644 3.62507632049 -0.076730323973 "Crux Scutum" -26.0022741856 -0.325875926815 246.095901762 -49.9001299848 13490.8628265 0.0440513151827 10.3723236267 2.03869831893 0.110740270224 9.04212699111e-21 0.0279942012109 7.23653672303e-15 0.038749339413 pwn_207 6.93694419838
-5.00332407447 10.3703002192 -0.0630563721044 Perseus -14.849871296 -0.185062484399 256.373268394 -41.3446292523 19522.4347421 0.0251594177152 8.57258817735 1.96562554848 0.352341015558 2.46440878198e-21 0.00762974855101 1.76804126547e-15 0.0094672954362 pwn_208 11.5141816222
-3.05642009286 1.96044795328 0.0280742062875 Perseus -16.2877429834 0.147600956758 254.840280646 -42.2788350804 10897.8650812 0.049512927628 9.41754076773 2.0403854815 0.076070427352 1.00978277082e-18 3.12626244835 8.28645831137e-13 4.4371333682 pwn_209 3.63112378769
2.17302141995 4.06589779917 0.0678958652212 "Carina Sagittarius" 9.8111303582 0.305049129945 271.558278404 -20.3063621032 12752.584814 0.0474915899667 10.5704237354 2.52595919166 0.288375391563 6.78253257705e-20 0.209985528701 3.73565154898e-14 0.200032191283 pwn_210 4.61015693928
4.69214553522 -6.57431907368 -0.0994166989371 Norma 67.6864984479 -1.12293103503 301.5148817 29.8885879035 5072.90453623 0.251487825507 22.2665951085 1.81046801758 0.106578233376 8.80098560534e-19 2.72476334531 8.29331393485e-13 4.44080433528 pwn_211 8.07699826707
-1.83061221461 -7.31681224953 0.012413214008 Norma -57.1240214261 0.326291881084 192.738132391 -62.5454029774 2179.73127266 0.46565859761 17.7156671022 2.30387035973 0.224617142405 1.43670838921e-18 4.44801358889 9.13322660789e-13 4.89055070555 pwn_212 7.54233933042
-0.833123012604 4.39538730725 0.0244610744867 "Crux Scutum" -3.69652985831 0.108457296144 264.025266354 -32.0138134481 12922.294924 0.106316716732 23.9783376269 1.97286352544 0.433711530901 1.31743017645e-21 0.00407873119643 9.01800027074e-16 0.00482885068773 pwn_213 4.47364767666
-7.6837016818 3.3597041436 0.0174077235389 "Carina Sagittarius" -32.9385193875 0.070580416866 237.274320328 -54.2585965868 14131.2475365 0.101975605728 25.1509633184 1.92099874334 0.15129821365 1.93763492397e-19 0.599886973366 1.62818982656e-13 0.87184357149 pwn_214 8.38611253606
-2.28206385761 -2.35490206463 0.0729869850808 Perseus -20.373148832 0.637921458482 250.712353277 -45.1127490192 6555.56032582 0.222991655752 25.513967081 2.27011746376 0.342986194963 1.6422650202e-20 0.0508441182725 1.00323241198e-14 0.0537198866392 pwn_215 3.27923454242
5.64699020963 -6.54881927807 -0.0171423669816 Norma 70.9386490483 -0.164393581616 302.637078742 33.1411243942 5974.60446373 0.127662893782 13.3122642497 2.39647217212 0.219140616391 6.36011005071e-20 0.196907431911 3.85758430814e-14 0.206561300511 pwn_216 8.64728468159
5.07313415399 1.62006888816 0.230481153222 "Carina Sagittarius" 26.6243527028 1.16636516052 278.933290655 -5.07600191927 11322.7914406 0.0683185091908 13.5011095805 1.94582911492 0.0480776271507 7.2885220705e-20 0.225650838096 6.54315008289e-14 0.350364757475 pwn_217 5.32553409028
-3.41628424193 -0.055012562571 -0.177004497535 Norma -22.0250044522 -1.11312136701 251.058276177 -47.5080483518 9111.53891679 0.175366279154 27.887947077 1.8693452521 0.180317496826 4.43257381697e-19 1.37231387522 3.77388453147e-13 2.02079445199 pwn_218 3.41672714798
0.0772647941949 -2.05984316769 0.00225450861962 "Crux Scutum" 0.687364352522 0.0200561153195 266.79243256 -28.3384813162 6440.62069648 0.181055369539 20.3525085382 1.7492712758 0.420640033174 2.68409345806e-20 0.0830988686706 2.10223023847e-14 0.112567704902 pwn_219 2.06129176099
6.25653918469 -1.88723829462 -0.0545960585909 Perseus 43.4144564683 -0.343615264791 287.990643398 9.15948380579 9103.61909744 0.0238649517921 3.7918577128 2.43105113002 0.486523121134 6.30341725711e-21 0.0195152237062 3.36407054601e-15 0.0180135217143 pwn_220 6.53497903212
-0.7982209638 -1.8562710698 -0.104033603635 "Crux Scutum" -6.85104952582 -0.890711848978 262.975615549 -35.2051912764 6692.31752054 0.145080343145 16.9458519573 1.92742320156 0.422540835308 1.41641054793e-20 0.04385171975 9.99838822594e-15 0.0535381707824 pwn_221 2.0206184676
-8.97551815239 7.57997435963 0.125508079109 Perseus -29.169375872 0.390487707176 241.699065848 -51.5751898643 18415.7881664 0.0362201255343 11.6417344125 1.54526078182 0.0811141953868 4.5776396849e-20 0.141722590864 5.45841384094e-14 0.292280601446 pwn_222 11.7480184455
-9.45792440633 1.51961298828 -0.0115577554231 "Carina Sagittarius" -43.3481757571 -0.0480614061961 221.065086335 -59.8799712034 13778.4292317 0.123214564836 29.6305555738 2.52298564152 0.172754649225 5.08919292535e-20 0.157560152487 2.95460536344e-14 0.158209666366 pwn_223 9.57922531888
1.74118703557 5.1815521448 -0.053735627518 "Carina Sagittarius" 7.25277665779 -0.223233079728 270.703787176 -22.7948787794 13792.0081533 0.01 2.40715955182 1.68904214941 0.415594079303 5.71901700848e-19 1.77059350108 4.6598989081e-13 2.49522680989 pwn_224 5.46627980643
10.1934921042 -1.84697281515 -0.0271106214295 Norma 56.8685603459 -0.127608960302 294.421608824 21.1047965993 12172.5423387 0.0891494097487 18.9398913775 2.33383815938 0.276947967198 6.93079373977e-20 0.214575657578 4.22473703664e-14 0.226221154717 pwn_225 10.3594686089
2.55629178093 4.92893614739 0.147172592202 "Carina Sagittarius" 10.777706811 0.616824893156 271.769856845 -19.3104765277 13670.8673277 0.0926848560672 22.1147785507 2.155028594 0.388092898557 2.64555830347e-22 0.000819058298288 1.67994637372e-16 0.000899557546968 pwn_226 5.55239040543
-8.15248751186 8.69289064582 -0.3036049803 Perseus -25.3692707055 -0.91412434167 247.434855945 -49.8536252208 19030.2579429 0.0292951294956 9.73010445256 2.18637462966 0.388891633308 1.31923693118e-19 0.408432486434 8.23889410797e-14 0.441166425871 pwn_227 11.9176088378
-14.9015950622 -1.91798881615 -0.0192016686236 Perseus -66.1690275656 -0.0675346998741 173.460823788 -61.5605671637 16290.5118191 0.102832130989 29.2375783729 1.92468741741 0.0355439503151 1.91587248114e-20 0.0593149374966 1.7664604015e-14 0.0945883041535 pwn_228 15.0245205081
-2.49140453018 11.1842971248 -0.160005693596 Perseus -7.21346375186 -0.462038030283 262.293248769 -35.2720802457 19841.9820495 0.0750395980152 25.9868217309 2.20967743807 0.171203282801 4.74120382771e-21 0.0146786496214 3.27532920726e-15 0.0175383402309 pwn_229 11.4584291554
-3.49043634563 0.112396301781 -0.0634735816374 Perseus -22.0617532995 -0.391346385946 250.221427508 -47.0607740005 9293.03743872 0.170077113999 27.5855855975 1.59966603213 0.239510752726 4.62791445395e-19 1.43279085261 4.54191677063e-13 2.43205114915 pwn_230 3.49224552567
