sky_model/pwn/ctadc_skymodel_gps_sources_pwn.ecsv
# %ECSV 0.9
# ---
# datatype:
# - {name: x, unit: kpc, datatype: float64, description: Galactocentric x coordinate}
# - {name: y, unit: kpc, datatype: float64, description: Galactocentric y coordinate}
# - {name: z, unit: kpc, datatype: float64, description: Galactocentric z coordinate}
# - {name: spiralarm, datatype: string}
# - {name: GLON, unit: deg, datatype: float64, description: Galactic longitude}
# - {name: GLAT, unit: deg, datatype: float64, description: Galactic latitude}
# - {name: RA, unit: deg, datatype: float64}
# - {name: DEC, unit: deg, datatype: float64}
# - {name: distance, unit: pc, datatype: float64, description: Distance observer to
#     source center}
# - {name: spec_alpha, datatype: float64, description: Spectral model parameter (log
#     parabola)}
x y z spiralarm GLON GLAT RA DEC distance spec_alpha
[from data line 222]
-4.77618608841 7.02912316686 0.0730567391806 "Carina Sagittarius" -17.0959687196 0.257635856761 254.040438017 -42.8429850812 16247.1830534 1.74148250294
-5.44864678343 -7.7551064139 0.00587338060574 "Crux Scutum" -82.2152582217 0.0611928835404 147.092364371 -53.624434426 5499.33202505 1.54885774432
-2.90460355304 -4.32060804832 -0.161168492369 Norma -34.7986178019 -1.8137354194 236.760237885 -56.8901634842 5092.15221385 1.75178094514
3.09451684707 2.57135320547 0.0445066557793 "Crux Scutum" 15.6160312461 0.221824937933 274.565820622 -15.2557739604 11495.7764922 1.38138407683
-4.26894166276 4.19785337504 -0.0181279954095 "Crux Scutum" -18.5823338802 -0.0775334506523 253.106851874 -44.2080792199 13396.2558903 1.91267608168
4.26892486737 0.424310025944 -0.00381801652906 "Carina Sagittarius" 25.5640227759 -0.0221127223522 279.504873766 -6.56371747731 9892.77734207 1.54502050748
-2.84530673939 4.46763678211 -0.00393587714344 "Crux Scutum" -12.3754975525 -0.0169860723451 258.132069711 -39.2584331272 13276.1210316 1.86428784991
1.2261713334 15.70208146 0.0450707025891 Norma 2.90034658854 0.106563156399 267.989976316 -26.3958259017 24233.1647645 1.42039001261
-6.36158964575 -1.43982547117 -0.000627645439612 "Crux Scutum" -42.0205198618 -0.003784033157 223.385578416 -59.2606116665 9503.46713533 1.64068443562
-0.456250308831 -2.07080721546 -0.0361058727774 "Crux Scutum" -4.05921348551 -0.320958336235 264.222489933 -32.5505954602 6445.46257759 1.77016786063
4.33032454358 12.8700466006 0.0328069834229 Norma 11.4550395772 0.0862074973454 272.608707921 -18.9753409969 21804.3958564 1.3516110508
2.89090958117 5.02225278035 0.0533138007103 "Carina Sagittarius" 12.0675468862 0.220905396179 272.795934782 -18.3738044689 13827.9253984 1.83108992575
-0.243884210975 -2.52186054401 0.00513192477691 "Crux Scutum" -2.33614349347 0.0491445842185 264.937847877 -30.8965917166 5983.11433956 1.69763015802
6.51861483683 -4.26842745427 -0.0604638860731 Norma 57.0102973684 -0.445755474822 294.793261417 21.0721992304 7771.88532354 1.32956382659
10.5639630769 2.0953031358 -0.075761770454 Norma 44.9151363865 -0.290123530971 288.648895484 10.5138118612 14962.0688501 1.44812445639
8.70311518761 -2.91711385886 0.0119870357504 Norma 57.3205849448 0.0664231278142 294.477688194 21.5939247761 10339.8730806 1.9633824227
-6.45611863366 2.65174214543 0.0785634760234 "Crux Scutum" -30.0679935491 0.34932357047 240.655609625 -52.2032538587 12885.9998801 2.0418001161
-8.45979488174 9.3648127723 0.0171439773692 Perseus -25.3396666601 0.04969371597 246.396915723 -49.1639693517 19766.6375175 1.76438466726
2.3867003866 6.43364706018 -0.0166035977722 "Carina Sagittarius" 9.08023920883 -0.0629045325433 271.520017814 -21.1238624794 15123.1752266 1.90928568925
2.69102937239 4.17042556671 -0.044119778193 "Carina Sagittarius" 11.9906858557 -0.195156250652 273.141636474 -18.6412881045 12953.118145 1.86043776209
4.94578785816 -2.89237194595 0.065223300508 Perseus 41.4114885932 0.499785871675 286.300626071 7.77059597621 7477.33669226 1.88899820517
0.404408271464 -1.32265104399 0.0725830635458 Norma 3.22492513221 0.57848327601 267.722769052 -25.8757193227 7189.09955331 2.14721568191
-6.49582298753 -1.25823848929 -0.0105018487715 "Crux Scutum" -41.8919427284 -0.0618519721314 223.661264402 -59.2539928185 9728.25453779 1.39311043248
1.90640323247 -5.04643911995 0.0605578175852 Perseus 28.8991760519 0.879495497858 280.234659702 -3.1863356968 3945.26593353 1.98264439774
16.1939007794 -10.5287380488 -0.0689865063552 "Carina Sagittarius" 97.1406939274 -0.242187186228 326.458743587 53.0726211411 16320.6298794 1.69685758199
-1.53581649199 10.589392212 -0.021114464793 Perseus -4.59976280851 -0.0631697857983 263.617825087 -32.866485415 19151.0854298 1.73945008775
14.8796666601 -11.2836118949 0.0251772476085 "Carina Sagittarius" 100.596123271 0.0952944774558 330.739142298 55.4843735658 15137.8204835 1.71839257278
2.05438036178 -0.157893307646 -0.0233603680338 Perseus 13.8347298137 -0.155790167003 274.031250247 -17.0027512977 8591.37756383 1.6987102785
-5.1764964811 2.18502210569 -0.00203769924437 "Crux Scutum" -25.8484652797 -0.0098334476935 245.914743716 -49.5687233788 11872.9026514 1.46892702822
-8.8898314887 9.15718835334 0.130577797799 Perseus -26.7237976265 0.378447269375 244.53040742 -49.9101892549 19769.2300053 1.8495015838
4.0560864785 2.04287933341 -0.0343834961285 "Carina Sagittarius" 21.042874176 -0.174396971508 277.533102261 -10.6459693706 11296.25267 2.25115461885
6.2116300082 11.5786628498 0.00619924453226 Norma 17.1902228705 0.0168997186553 275.520065169 -13.9644729655 21017.5423783 1.78484408448
-10.796013165 -3.98409466408 -0.00327770012639 "Carina Sagittarius" -67.3007443594 -0.0160477850929 171.250714257 -61.1587983144 11702.4489747 1.79962603846
1.35700190451 0.779079201419 0.0117381577789 Perseus 8.32013621787 0.07171702908 270.993964088 -21.7205750323 9377.78773376 1.61442925997
-2.90696884408 -0.218503282532 0.0283369819708 Perseus -19.34208038 0.184984126458 252.144201075 -44.624436286 8776.92763593 1.76828187247
2.45483054025 5.15071508745 -0.0347148180508 "Carina Sagittarius" 10.1946301018 -0.143406871276 272.174760045 -20.1895089985 13869.7303686 1.92586493503
10.0222444827 -1.01718169704 0.00536943003071 Norma 53.2542086269 0.0245968633961 292.422175597 18.0163830171 12507.517062 1.70003454101
-0.0825750743266 -6.93458082917 0.0443844197119 Norma -3.01952502284 1.62182183346 262.967834172 -30.6236618269 1568.2237723 1.67747290892
-5.14979145994 -10.6058544681 -0.0604193643612 "Carina Sagittarius" -112.240651274 -0.622180626073 119.845658441 -30.8771831782 5564.04759337 1.90888142584
1.26444092968 9.9699806409 -0.000838034994261 Perseus 3.9163152775 -0.00259360017165 268.668448713 -25.5759696123 18513.2114027 1.55213871215
2.74581785694 1.14458107493 0.0149750351134 "Crux Scutum" 15.8916841218 0.0855624106429 274.825333148 -15.077407773 10027.8454349 1.86817408931
-4.01273108954 -0.929751971447 -0.0427310409141 Norma -27.9265418607 -0.285747817394 243.895944473 -51.223721057 8568.10900681 2.02148688526
1.98038376384 -11.4453310172 -0.0778337614403 "Crux Scutum" 146.083874769 -1.25628824719 54.7216474421 53.9125829138 3550.06376669 2.16718610625
-3.85941799455 4.64817146821 -0.165575621141 "Crux Scutum" -16.358687736 -0.692285670007 255.680508308 -42.8511094941 13703.9021998 1.77559685804
-7.65728324982 -2.73100522124 0.0421214229634 "Crux Scutum" -53.0056416319 0.251726534711 201.638186974 -62.3427263426 9587.3386161 2.16925125475
-5.22476907209 -7.03208244508 0.0850665507236 "Crux Scutum" -74.3071022578 0.898009992479 159.459368253 -57.4323047154 5427.7278969 2.07929066935
9.09957336337 -8.14576685816 0.0385491731235 "Crux Scutum" 87.7706843979 0.2425410491 315.510632665 46.8461527224 9106.54723553 1.5310225871
0.349455143807 1.57606026285 0.0331640188393 Perseus 1.98632028586 0.188467482954 267.387003235 -27.1390104177 10082.1728397 1.47115660187
-11.1869159291 -2.21291842207 0.0671331779669 "Carina Sagittarius" -60.6638777491 0.299738633389 185.0912151 -62.3548700827 12832.7311838 1.71765981778
2.21013624241 1.5752941647 -0.0152708736523 Norma 12.3725443588 -0.0848248360236 273.232763046 -18.2533248483 10314.8673242 2.077812583
-1.1703358159 -4.07716190193 0.0315300316672 Perseus -14.8214503672 0.394860125168 255.784205879 -40.9699012613 4575.16960413 1.78048250796
-2.73879337397 -4.1719231924 -0.0758830478226 Perseus -32.3254997451 -0.848808413189 239.090141394 -54.582526906 5122.40141288 1.63782245943
-0.61730219718 -1.0213747803 0.00538670968868 "Carina Sagittarius" -4.71862290378 0.0411291661465 263.436674058 -32.909682297 7504.06064715 2.21910565861
10.3063245383 5.0441977183 0.0241288531999 Norma 37.2689650491 0.0812288955728 284.767677427 3.89626605515 17019.5828246 1.87746421176
9.94312035489 -6.88804555089 -0.0788502922256 "Crux Scutum" 80.7914632974 -0.448498499922 310.076909746 41.0212273353 10073.2446067 1.17343954554
7.70820848589 -15.2635862251 0.0288628714765 "Carina Sagittarius" 131.265411421 0.161261394799 30.7617773185 61.8688675089 10254.9212455 1.8856333691
-1.3527682102 6.74726343297 0.0469262784836 "Carina Sagittarius" -5.07012252979 0.175647866072 263.073673043 -33.1310581492 15307.2279039 1.94041096593
-1.31683150973 2.20833305379 -0.0575948457169 Norma -7.01061333979 -0.305858870591 262.271269977 -35.0167072838 10789.1500676 1.86091433671
-2.89275030577 -3.35797448228 0.0232591176281 Perseus -29.3608087099 0.225876679722 241.647609955 -51.8256398802 5899.91285893 1.92142226706
0.165787602497 -5.32081007507 -0.0960436343739 Perseus 2.98514204552 -1.72803816215 269.81365609 -27.2469300698 3184.95816105 1.78183558559
0.237200059962 4.84603207386 0.00411670336775 "Crux Scutum" 1.01821511638 0.0176706061387 266.989043164 -28.0566251309 13348.1404297 1.4440331152
-1.31052762883 -4.80135267851 0.0274847067928 Perseus -19.5105696322 0.401311762694 251.759288376 -44.613418986 3924.05785938 1.69990991913
-9.16343914144 8.28367123154 -0.0528139184168 Perseus -28.6333690712 -0.158245383878 242.932082223 -51.6168949183 19122.3174908 1.5446837352
-0.561963927337 7.21233702687 -0.00149728719374 "Carina Sagittarius" -2.04835490425 -0.00545643969711 265.169601582 -30.6817267085 15722.3834244 1.54815995409
-3.00632680029 -17.6219892468 -0.0570052273006 Perseus -161.759371349 -0.34005730921 95.733792159 12.8853279198 9604.7872566 1.45897154574
7.31196322243 -4.10230979227 -0.0249161046845 Norma 58.97571344 -0.167310222523 295.57924597 22.9186090922 8532.59082235 1.92217205501
3.29401982331 -0.0560860580546 0.0531767930026 "Carina Sagittarius" 21.3110451499 0.33615172863 277.199713798 -10.1715688192 9063.83346199 1.82643195926
3.78495856746 1.46850809626 0.041420451131 "Crux Scutum" 20.7913478989 0.222566935299 277.056513187 -10.6845461836 10662.9630346 1.67899535208
-10.5257980246 -3.8631711113 0.0779903404167 "Carina Sagittarius" -66.2255291966 0.388498195976 173.628111644 -61.1081082271 11502.1167048 1.62467875951
-1.87812417571 -6.63615333653 -0.0268044468348 Norma -45.2186113303 -0.580398209619 218.015069724 -61.1157254321 2646.12797927 1.79367576164
-7.6897397892 -0.809488586767 0.00301661741581 "Crux Scutum" -44.9971254826 0.0158925806426 217.973324544 -60.4799563877 10875.4803537 2.09138257659
-9.4047624974 1.06755752926 -0.116979949076 "Carina Sagittarius" -44.508376449 -0.499576065139 219.298696621 -60.7661128889 13416.4600032 1.25886175682
-5.42354612873 2.95211117187 0.168594521988 "Crux Scutum" -25.3415251901 0.762279208418 245.622686954 -48.6650672982 12672.5738118 1.90175666063
1.15406890321 14.2269560655 -0.00858495335828 Norma 2.90696784199 -0.021615240306 268.116901833 -26.4554427872 22756.240479 1.65265776702
4.1642821396 -3.59151674196 0.0774813418315 Perseus 40.3107640506 0.689632919165 285.621772312 6.87943755672 6437.42627072 1.29116182186
-8.7438472947 1.39171485544 -0.0116297996825 "Carina Sagittarius" -41.4752884739 -0.050471353814 224.372365232 -59.0520308354 13202.3112956 1.27466016755
-0.894212441691 -10.0564677022 -0.00745648617634 "Crux Scutum" -150.122030587 -0.238000348401 101.253903645 2.6090516037 1795.06634922 1.55354845658
3.13803634586 -1.52427104035 0.0910249899757 "Carina Sagittarius" 24.2206297588 0.681796706697 278.252427887 -7.43251367971 7649.59817084 1.85926758006
-0.277925996746 -0.707930343681 0.217148155623 Perseus -2.0427485498 1.59528259724 263.608635689 -29.8190112086 7800.04780178 1.90612699217
-0.517789410664 2.71497457568 -0.0989034297804 Norma -2.64343846112 -0.504733434611 265.296048296 -31.4509223244 11227.3568793 1.54647497538
5.77127091618 -5.85608787023 -0.00172408944302 Norma 65.3867218314 -0.015561144436 299.046153022 28.5205571741 6348.05815273 2.07459566768
0.4026840973 -7.56460586097 0.0361980287493 Norma 23.2917187581 2.0356867393 276.608206979 -7.62832816747 1019.03237183 2.18420554406
-4.7391243564 1.26123590311 -0.00286945111633 Norma -25.8967836684 -0.015151566798 245.868171632 -49.6068206303 10850.8540795 1.90694337794
-3.96694047447 -2.85230233688 -0.0283190626064 Norma -35.084188623 -0.235095664267 234.625907334 -55.8060923183 6901.73221672 1.64032127969
-2.44156589708 -15.1252522794 0.00293967270897 "Carina Sagittarius" -159.769936371 0.0238542795832 97.0129884382 11.296049643 7060.82292916 2.10359317982
-2.19938825505 6.7005126851 0.0053090288838 "Carina Sagittarius" -8.23308679015 0.019805247475 261.102500276 -35.8495645259 15358.8060334 2.00395683783
-4.55063472413 0.212029784837 0.294095419037 Norma -27.5798301612 1.71386013029 242.149684586 -49.527001629 9833.32250462 2.03420000107
7.04020340596 -4.47949824816 -0.0380060464653 Norma 60.2702845982 -0.268592554358 296.378734479 23.9901736269 8107.42516422 1.62275480776
-4.60300996358 -1.12963726022 0.150377898628 Norma -31.9859994531 0.991428071448 237.558938135 -52.9445794227 8690.94708033 1.03467028358
-4.63728049793 -3.58206314482 0.0448103705947 Norma -43.317588991 0.379823627885 220.765325554 -59.4785724521 6759.62138713 2.3715335758
0.437850601743 6.66276542684 -0.0296264307482 "Carina Sagittarius" 1.65405328605 -0.111903069917 267.484955595 -27.578390976 15169.1148807 1.36506283107
-3.16020203823 -5.60376171194 0.0409458270809 Norma -47.4955985 0.547273644793 212.809462946 -60.8327162468 4286.81113468 1.7903426206
-1.88349254164 4.55008332568 0.0156269372024 "Crux Scutum" -8.21267421867 0.0679056916257 261.06764111 -35.8056154877 13185.3124029 2.44280124483
3.06055115359 -2.91872605139 -0.0205137761212 "Carina Sagittarius" 28.7386314558 -0.184648135028 281.109303439 -3.81564754619 6365.37611365 1.88925572419
-1.73845324779 -9.60584350941 0.013034424003 "Crux Scutum" -122.460754002 0.362463459593 114.994939179 -21.5736118875 2060.40759518 2.05629654786
11.3835088407 -13.7787501019 -0.0416170499353 "Carina Sagittarius" 114.878053981 -0.190029804483 355.724850181 61.6053205435 12547.9563333 1.39435292627
-7.79082831909 -3.21834396747 -0.0426590908874 "Crux Scutum" -55.8653773464 -0.259675995144 195.519090417 -63.1065778376 9412.47662104 1.32002992222
-8.60066522992 8.51333168359 -0.0698791334957 Perseus -26.8177404013 -0.210020099623 245.069398908 -50.3958377914 19063.834359 1.65617024617
4.31190441639 1.49794871536 0.00937352909491 "Carina Sagittarius" 23.3295176883 0.0493255723694 278.403955202 -8.51489165285 10888.1396976 2.0945024283
3.83218350972 3.03945269903 0.0536751065739 "Carina Sagittarius" 18.371019626 0.252923972842 275.875437054 -12.8110152333 12159.2549139 1.70651264914
-4.57150407592 0.0406950212358 0.08639243509 Norma -28.1584226367 0.510961204577 242.758654883 -50.8035044793 9687.59952799 1.58544819331
1.16080482894 6.79889885713 0.0571032615479 "Carina Sagittarius" 4.33900671485 0.213243023145 268.698746018 -25.102152249 15342.9799868 1.85345116829
5.49436341879 -2.60060318777 0.258817581106 Perseus 42.9640666975 1.83882731717 285.816157242 9.76388086002 8065.84767189 2.09212250899
4.080508197 -0.812179448476 -0.0904337115713 "Carina Sagittarius" 27.9582755178 -0.595301618462 281.118229579 -4.69739672835 8704.0973245 1.40986614625
-1.57210704764 -5.51557127512 -0.00716678801224 Perseus -27.778908848 -0.121732676874 243.884936804 -51.0031571683 3373.18643807 1.47315339159
6.51172216969 0.072593500973 -0.00860736417163 Perseus 37.2202197108 -0.0458106236995 284.858603898 3.79485248008 10765.3127699 1.58705930128
4.05236920307 3.31070807073 0.14775989008 "Carina Sagittarius" 18.9375948162 0.677978057796 275.762928306 -12.1113102342 12487.4478688 2.09555236117
2.59449036575 -5.15486129619 0.0210116163332 Perseus 37.7971640124 0.284376281435 284.828511191 4.45891940803 4233.41170851 1.86340181201
3.64129017035 -4.59208354882 -0.0470344061665 Perseus 42.9772426222 -0.504510326175 287.930226787 8.69745529126 5341.63058714 2.37568142085
0.268531436486 -5.98644197316 -0.0280225580538 Norma 6.09796205818 -0.635125234881 270.473001452 -24.0024846044 2528.01668318 2.05284034597
