sky_model/pwn/ctadc_skymodel_gps_sources_pwn.ecsv
# %ECSV 0.9
# ---
# datatype:
# - {name: spiralarm, datatype: string, description: 'Which spiralarm?'}
# - {name: galactocentric_x, unit: kpc, datatype: float64, format: '%.5f', description: Galactocentric
#     x coordinate}
# - {name: galactocentric_y, unit: kpc, datatype: float64, format: '%.5f', description: Galactocentric
#     y coordinate}
# - {name: galactocentric_z, unit: kpc, datatype: float64, format: '%.5f', description: Galactocentric
#     z coordinate}
# - {name: type, datatype: string, description: type of PWN}
# - {name: size_physical, unit: pc, datatype: float64, format: '%.5f', description: Physical
#     size}
# - {name: distance, unit: kpc, datatype: float64, format: '%.5f', description: Distance
#     observer to source center}
# - {name: GLON, unit: deg, datatype: float64, format: '%.5f', description: Galactic
#     longitude}
# - {name: GLAT, unit: deg, datatype: float64, format: '%.5f', description: Galactic
#     latitude}
# - {name: RA, unit: deg, datatype: float64, format: '%.5f'}
# - {name: DEC, unit: deg, datatype: float64, format: '%.5f'}
# - {name: sigma, unit: deg, datatype: float64, format: '%.5f'}
# - {name: galactocentric_r, unit: kpc, datatype: float64, format: '%0.4f', description: Galactocentric
#     radius in the xy plan}
# - {name: spec_alpha, datatype: float64, format: '%5g', description: Spectral model
#     parameter (log parabola)}
# - {name: spec_beta, datatype: float64, format: '%5g', description: Spectral model
#     parameter (log parabola)}
# - {name: spec_norm, unit: 1 / (cm2 MeV s), datatype: float64, format: '%5g', description: Spectral
#     model norm parameter (log parabola)}
# - {name: spec_norm_cu, unit: '%', datatype: float64, format: '%5g', description: Spectral
#     model norm parameter (log parabola) in crab units}
# - {name: int_flux_above_1TeV, unit: 1 / (cm2 s), datatype: float64, format: '%5g',
#   description: 'Integral flux above 1 TeV '}
# - {name: int_flux_above_1TeV_cu, unit: '%', datatype: float64, format: '%5g', description: Integral
#     flux above 1 TeV in crab units}
# - {name: luminosity, unit: erg / s, datatype: float64, description: Intrinsic source
#     luminosity}
# - {name: skip, datatype: int64, description: 'skip boolean: 0 take, 1 skip'}
# - {name: source_name, datatype: string, description: source name}
spiralarm galactocentric_x galactocentric_y galactocentric_z type size_physical distance GLON GLAT RA DEC sigma galactocentric_r spec_alpha spec_beta spec_norm spec_norm_cu int_flux_above_1TeV int_flux_above_1TeV_cu luminosity skip source_name
[from data line 316]
Norma -1.89550 -5.71082 -0.04872 isolated 32.36579 3.37266 -34.19960 -0.82777 236.51589 -55.74457 0.54963 6.0172 1.70854 0.20451 1.43072e-18 4.42946 1.33647e-12 7.15636 1.65466146714e+34 0 pwn_316
Perseus -2.26592 10.53448 0.04652 isolated 30.94727 19.16894 -6.78870 0.13906 261.97009 -34.58539 0.09247 10.7754 1.90633 0.262924 1.00085e-20 0.0309862 7.85148e-15 0.0420422 3.24771010669e+33 0 pwn_317
Norma 2.38779 12.90260 0.03825 isolated 18.43728 21.53542 6.36591 0.10176 269.91930 -23.40435 0.04903 13.1217 1.99746 0.136803 6.09356e-20 0.188655 4.91725e-14 0.263303 1.63317786516e+34 0 pwn_318
"Crux Scutum" -2.13719 4.79900 0.00171 isolated 7.19283 13.46963 -9.12955 0.00726 260.48701 -36.59607 0.03058 5.2534 2.36593 0.119122 6.9392e-20 0.214836 4.51284e-14 0.241648 4.51493471956e+33 0 pwn_319
"Crux Scutum" -4.77216 2.75823 0.16822 isolated 0.70221 12.22905 -22.97120 0.78819 248.04452 -46.94081 0.01000 5.5119 2.43562 0.11624 8.3694e-20 0.259115 5.2412e-14 0.28065 4.14004975019e+33 0 pwn_320
"Crux Scutum" -6.64879 0.76549 -0.06223 isolated 23.97227 11.40436 -35.66272 -0.31264 233.87085 -56.20922 0.12039 6.6927 2.00309 0.394022 5.49124e-20 0.170007 3.77234e-14 0.201997 7.78055610912e+33 0 pwn_321
"Carina Sagittarius" -3.79385 7.18113 0.08020 isolated 40.37169 16.13374 -13.60066 0.28483 256.87091 -40.06438 0.14332 8.1217 1.88173 0.319745 2.0432e-20 0.063257 1.56993e-14 0.0840646 5.67715389744e+33 0 pwn_322
"Carina Sagittarius" 10.40078 -14.74031 -0.07286 isolated 11.44221 12.12943 120.96309 -0.34416 8.59797 62.46240 0.05403 18.0403 2.27447 0.374772 2.59818e-20 0.080439 1.56121e-14 0.0835979 2.62803137599e+33 0 pwn_323
"Crux Scutum" -4.75502 -7.95029 -0.05600 isolated 35.61128 4.78702 -83.40554 -0.67025 144.77153 -53.40636 0.42607 9.2638 2.21137 0.194222 2.33588e-18 7.23183 1.59047e-12 8.51647 2.65342750277e+34 0 pwn_324
Perseus 3.33172 -5.49711 0.02490 isolated 10.37459 4.48535 47.97156 0.31802 289.55555 13.50132 0.13247 6.4280 2.13878 0.267339 2.10188e-19 0.650737 1.43175e-13 0.766656 2.71009002874e+33 0 pwn_325
Perseus 1.86101 -3.98404 -0.07591 isolated 21.49828 4.88498 22.39632 -0.89037 278.81333 -9.77603 0.25206 4.3973 1.60733 0.258946 1.59374e-19 0.493417 1.53093e-13 0.819765 5.25168380996e+33 0 pwn_326
Norma 2.61485 13.96952 0.00705 isolated 8.66640 22.62115 6.63783 0.01786 270.14571 -23.21009 0.02194 14.2121 2.23077 0.125224 3.15626e-20 0.0977172 2.21448e-14 0.118578 6.83348232182e+33 0 pwn_327
Perseus -2.35724 -2.81178 -0.00870 isolated 19.20730 6.15732 -22.50943 -0.08099 249.44305 -47.18820 0.17866 3.6691 2.06892 0.156984 2.02861e-19 0.628053 1.54101e-13 0.825162 4.22998019901e+33 0 pwn_328
Perseus 3.22311 9.12986 0.03050 isolated 16.43817 17.92209 10.36046 0.09751 272.03618 -19.92760 0.05253 9.6821 1.90402 0.283298 1.49497e-20 0.0462838 1.15917e-14 0.06207 4.4883880888e+33 0 pwn_329
"Carina Sagittarius" -4.53046 -13.44103 0.08071 isolated 20.24688 6.70413 -137.48209 0.68983 107.88154 -8.20452 0.17297 14.1840 1.9581 0.284003 1.28338e-19 0.39733 9.62374e-14 0.515321 4.98472269877e+33 0 pwn_330
Perseus 5.73581 6.74504 0.03877 isolated 20.45753 16.28841 20.61836 0.13636 277.05236 -10.87778 0.07193 8.8541 2.10438 0.205871 4.33796e-20 0.134302 3.1244e-14 0.167301 6.71676439398e+33 0 pwn_331
Perseus 5.02449 -2.41125 0.06004 isolated 3.79564 7.89443 39.52971 0.43575 285.48908 6.06885 0.02754 5.5731 2.11359 0.396934 4.67482e-19 1.44731 3.0212e-13 1.61776 2.69599492852e+34 0 pwn_332
Norma -4.39451 -0.51556 -0.13597 isolated 13.74050 9.11490 -28.82772 -0.85473 243.47661 -52.25734 0.08634 4.4247 2.19594 0.272151 6.46987e-20 0.200306 4.25723e-14 0.227961 3.22188284604e+33 0 pwn_333
"Crux Scutum" -3.05920 4.59927 -0.02388 isolated 34.65854 13.45177 -13.14525 -0.10173 257.63053 -39.92950 0.14757 5.5238 2.0895 0.297658 2.13468e-20 0.066089 1.47062e-14 0.0787471 2.85503661568e+33 0 pwn_334
"Crux Scutum" -3.40788 -8.84590 0.00156 isolated 28.88887 3.42539 -95.79571 0.02609 132.51002 -43.95534 0.48303 9.4796 2.01501 0.349571 7.95686e-19 2.46342 5.55859e-13 2.97645 8.81975893476e+33 0 pwn_335
"Carina Sagittarius" -6.79012 5.85449 -0.00922 isolated 5.93213 15.87946 -25.31561 -0.03325 246.51349 -49.20462 0.02140 8.9655 1.81602 0.227089 1.60788e-20 0.0497796 1.37063e-14 0.073393 3.72794230328e+33 0 pwn_336
"Carina Sagittarius" -3.58235 -13.34303 -0.03856 isolated 10.53420 6.02410 -143.50996 -0.36679 104.15671 -3.33371 0.10015 13.8156 2.29856 0.175518 2.0599e-19 0.637741 1.34845e-13 0.722053 3.20703882999e+33 0 pwn_337
Norma 8.12523 8.93518 -0.02426 isolated 4.32234 19.23552 24.98669 -0.07226 279.28276 -7.09962 0.01287 12.0771 1.67046 0.233578 6.73055e-21 0.0208376 6.30956e-15 0.0337857 2.90085500349e+33 0 pwn_338
"Carina Sagittarius" -10.62814 -3.78419 0.11057 isolated 7.59281 11.62792 -66.07267 0.54483 174.02412 -61.00287 0.03740 11.2817 2.38181 0.23268 6.37859e-20 0.19748 3.87314e-14 0.207394 3.73758310835e+33 0 pwn_339
Norma 7.22968 12.59169 -0.02653 isolated 10.66874 22.29637 18.92037 -0.06818 276.42962 -12.47562 0.02741 14.5196 2.2196 0.259312 1.07392e-20 0.0332484 7.02198e-15 0.0376004 3.01092718601e+33 0 pwn_340
"Crux Scutum" 0.16015 4.98897 -0.01729 isolated 27.12597 13.48994 0.68021 -0.07345 266.87912 -28.39303 0.11517 4.9915 2.082 0.240196 3.3988e-20 0.105226 2.43003e-14 0.13012 4.02191789984e+33 0 pwn_341
"Crux Scutum" -3.50626 4.61009 -0.24491 isolated 27.31708 13.57307 -14.97316 -1.03389 257.18226 -41.95315 0.11527 5.7920 2.28007 0.315341 3.73924e-20 0.115766 2.30188e-14 0.123258 4.06925827847e+33 0 pwn_342
Norma -2.05566 -5.25728 0.05853 isolated 12.34540 3.83985 -32.37184 0.87334 237.17946 -53.27759 0.18414 5.6449 2.11533 0.290798 5.40527e-19 1.67346 3.68356e-13 1.97243 5.58280409032e+33 0 pwn_343
"Crux Scutum" -7.50589 -1.75529 -0.05862 isolated 23.56533 10.09123 -48.05749 -0.33283 212.24137 -61.84071 0.13375 7.7084 2.15592 0.141311 1.38837e-19 0.429835 1.00926e-13 0.540427 6.75012623551e+33 0 pwn_344
Perseus 5.94806 6.88615 -0.04480 isolated 12.98766 16.49591 21.13578 -0.15561 277.55996 -10.55493 0.04509 9.0994 2.30309 0.166272 4.12738e-20 0.127783 2.70889e-14 0.145052 4.70915068694e+33 0 pwn_345
Perseus -1.25990 -4.88781 -0.03363 isolated 7.33921 3.82576 -19.22837 -0.50361 252.99252 -44.97767 0.10987 5.0476 1.80069 0.319069 3.69189e-19 1.143 2.98356e-13 1.5976 6.53222645535e+33 0 pwn_346
"Crux Scutum" -1.35318 0.85211 0.07324 isolated 4.14147 9.44978 -8.23311 0.44407 260.67112 -35.61003 0.02510 1.5991 2.29352 0.230016 6.41498e-20 0.198606 4.08968e-14 0.218989 2.75596684375e+33 0 pwn_347
Norma -2.52537 -5.73194 -0.04424 isolated 13.63687 3.74721 -42.37503 -0.67643 223.36130 -60.02086 0.20843 6.2636 2.08541 0.255411 4.08057e-19 1.26333 2.88574e-13 1.54522 3.84356772715e+33 0 pwn_348
Perseus 1.05256 -5.35886 0.04516 isolated 1.62720 3.31310 18.52548 0.78104 275.47183 -12.42678 0.02813 5.4613 1.75326 0.143087 3.32313e-19 1.02883 3.16419e-13 1.69432 2.9766659056e+33 0 pwn_349
Perseus -15.52629 -1.17558 0.04783 isolated 1.43866 17.16727 -64.74472 0.15962 176.47667 -61.73152 0.01000 15.5707 1.97414 0.142343 1.55522e-20 0.0481493 1.26944e-14 0.0679745 2.76343504786e+33 0 pwn_350
"Crux Scutum" 10.26262 -6.31058 0.09609 isolated 22.68768 10.49400 77.95710 0.52463 306.84159 39.32673 0.12382 12.0476 2.13186 0.173173 7.26471e-20 0.224914 5.25165e-14 0.281209 4.19947114238e+33 0 pwn_351
"Carina Sagittarius" -9.68632 -7.09559 -0.07325 isolated 16.49492 9.78787 -81.75025 -0.42878 147.17075 -54.29836 0.09652 12.0072 2.30071 0.39515 8.29175e-20 0.256711 4.87461e-14 0.26102 5.53669851859e+33 0 pwn_352
"Carina Sagittarius" -6.72126 6.33873 -0.04168 isolated 17.12655 16.29002 -24.36833 -0.14661 247.63511 -48.59913 0.06021 9.2388 2.41129 0.315051 2.88871e-20 0.0894338 1.66388e-14 0.0890954 3.79767604029e+33 0 pwn_353
"Crux Scutum" -1.84028 5.34865 0.03323 isolated 0.10000 13.97042 -7.56940 0.13629 261.44192 -35.23493 0.01000 5.6564 2.02701 0.182021 3.86092e-20 0.119533 2.96147e-14 0.158577 4.62274622137e+33 0 pwn_354
"Crux Scutum" -6.70218 -2.96767 -0.04684 isolated 8.27859 8.69069 -50.46198 -0.30878 207.25646 -62.43960 0.05456 7.3298 2.2389 0.293414 2.00965e-19 0.622184 1.27783e-13 0.684235 9.01316334094e+33 0 pwn_355
Perseus -3.98136 10.46402 -0.02789 isolated 20.83344 19.37746 -11.85665 -0.08246 258.59237 -38.87664 0.06158 11.1958 2.17911 0.306447 1.87425e-20 0.0580264 1.22281e-14 0.0654775 4.68101616763e+33 0 pwn_356
Norma -0.68172 3.10249 -0.05492 isolated 38.98957 11.62263 -3.36263 -0.27073 264.61369 -31.93557 0.19213 3.1765 2.04892 0.368275 2.95793e-20 0.0915769 2.00778e-14 0.10751 3.77260210055e+33 0 pwn_357
Norma 9.79693 4.04595 -0.05316 isolated 14.14626 15.91803 37.98571 -0.19136 285.33934 4.40904 0.05090 10.5995 2.29315 0.232469 2.18428e-20 0.0676249 1.39104e-14 0.074486 2.67753593717e+33 0 pwn_358
Perseus -1.47446 1.36037 -0.00189 isolated 20.49289 9.97001 -8.50467 -0.01089 260.94474 -36.09122 0.11772 2.0062 2.24426 0.17852 1.23603e-19 0.382673 8.3324e-14 0.446173 5.66354473192e+33 0 pwn_359
Perseus -4.25428 10.28645 -0.07586 isolated 3.73730 19.26227 -12.75968 -0.22564 258.05737 -39.69180 0.01111 11.1315 2.13353 0.188203 5.82806e-20 0.180435 4.16972e-14 0.223275 1.16912400272e+34 0 pwn_360
Norma 10.68952 2.37673 -0.02206 isolated 8.27703 15.25023 44.50266 -0.08289 288.26764 10.24465 0.03109 10.9506 2.34251 0.156526 7.87274e-20 0.243738 5.08053e-14 0.272046 7.19912673438e+33 0 pwn_361
"Carina Sagittarius" 1.03379 -2.33300 -0.00795 isolated 8.87261 6.25305 9.51620 -0.07288 271.75701 -20.74815 0.08127 2.5518 2.31775 0.373862 2.28164e-19 0.706391 1.3422e-13 0.718705 5.75338756734e+33 0 pwn_362
"Carina Sagittarius" -6.42328 7.08896 -0.15067 isolated 24.10632 16.86111 -22.39364 -0.51199 250.03046 -47.38923 0.08188 9.5662 2.14533 0.294948 2.86308e-19 0.886403 1.91437e-13 1.02508 5.52120770565e+34 0 pwn_363
Norma -1.13220 -7.01230 -0.01265 isolated 14.16776 1.86957 -37.27249 -0.38769 231.54014 -57.18894 0.43403 7.1031 1.73014 0.362023 7.50994e-19 2.32506 6.16994e-13 3.3038 4.03442507187e+33 0 pwn_364
"Crux Scutum" 3.85886 -0.11602 -0.08350 isolated 13.87801 9.22979 24.71498 -0.51838 279.55659 -7.54581 0.08612 3.8606 1.76983 0.368475 2.18937e-20 0.0677825 1.74784e-14 0.093591 2.73932514773e+33 0 pwn_365
"Crux Scutum" 3.78409 1.18151 -0.00066 isolated 27.92443 10.39475 21.34841 -0.00364 277.52321 -10.29609 0.15386 3.9643 2.37155 0.301323 8.51207e-20 0.263532 5.03186e-14 0.26944 4.6576498407e+33 0 pwn_366
Perseus 0.26121 10.13433 0.05265 isolated 14.04269 18.63623 0.80312 0.16188 266.72289 -28.16597 0.04316 10.1377 2.25095 0.349607 5.34072e-19 1.65347 3.2849e-13 1.75896 1.23874074685e+35 0 pwn_367
"Carina Sagittarius" -2.53183 7.08974 0.05060 isolated 22.70393 15.79407 -9.22450 0.18356 260.23917 -36.57381 0.08233 7.5282 2.09641 0.146019 3.81238e-20 0.11803 2.86723e-14 0.153531 4.9364660807e+33 0 pwn_368
"Crux Scutum" 8.36339 14.62208 -0.09135 isolated 13.83293 24.58832 19.88535 -0.21287 277.02023 -11.68912 0.03222 16.8449 2.10235 0.259789 7.07392e-21 0.0219007 4.9411e-15 0.026458 2.831538824e+33 0 pwn_369
"Crux Scutum" 11.34363 13.03321 0.01130 isolated 33.34278 24.33839 27.78013 0.02660 280.48159 -4.57158 0.07846 17.2784 1.96231 0.270036 1.35955e-20 0.0420914 1.02567e-14 0.0549213 6.67252391062e+33 0 pwn_370
"Crux Scutum" 7.10153 21.03575 0.05526 isolated 28.01605 30.37754 13.51949 0.10422 273.63490 -17.15584 0.05282 22.2021 2.45949 0.121346 1.76052e-20 0.0545051 1.08503e-14 0.0580999 5.28109625278e+33 0 pwn_371
Norma -3.18077 1.27883 -0.03714 isolated 16.79350 10.28320 -18.01823 -0.20691 253.74207 -43.85258 0.09353 3.4282 2.28275 0.2016 6.55814e-20 0.203038 4.26984e-14 0.228636 3.19170350815e+33 0 pwn_372
Perseus -14.70236 -0.25755 0.03707 isolated 8.48061 16.85523 -60.72411 0.12602 184.91634 -62.51997 0.02882 14.7046 1.97223 0.38411 1.6622e-20 0.0514613 1.16771e-14 0.062527 5.24928977261e+33 0 pwn_373
Perseus -2.18748 -4.12950 0.07597 isolated 31.60626 4.88795 -26.58847 0.89055 244.12948 -49.44839 0.37034 4.6731 2.18911 0.221776 2.38336e-19 0.737882 1.61812e-13 0.86645 3.07832970293e+33 0 pwn_374
"Carina Sagittarius" 0.67459 6.19664 0.04733 isolated 20.65388 14.71219 2.62807 0.18432 267.75990 -26.59020 0.08040 6.2332 2.06942 0.150304 3.36856e-20 0.10429 2.56966e-14 0.137597 3.9516825572e+33 0 pwn_375
"Crux Scutum" -0.38927 -9.81528 -0.07696 isolated 22.09118 1.37384 -163.51334 -3.21109 92.28658 13.06272 0.92096 9.8230 2.25025 0.137325 3.26546e-18 10.1098 2.24768e-12 12.0356 2.60626796299e+33 1 pwn_376
Perseus -2.89794 -3.04794 -0.20043 isolated 8.79239 6.17764 -27.99202 -1.85925 245.60290 -52.39274 0.08152 4.2057 2.52329 0.141032 2.00213e-18 6.19854 1.18022e-12 6.31971 2.39456859644e+34 0 pwn_377
Norma 3.35560 -7.04783 -0.04794 isolated 24.04091 3.65666 66.59898 -0.75117 300.48688 29.16713 0.37655 7.8059 2.07116 0.311446 2.89638e-19 0.896712 2.00109e-13 1.07152 3.04333496062e+33 0 pwn_378
Norma -2.86908 2.94670 -0.03073 isolated 11.12580 11.80083 -14.07113 -0.14922 256.95659 -40.70116 0.05400 4.1127 1.60191 0.144699 1.11415e-19 0.344939 1.18824e-13 0.636263 1.58154256343e+34 0 pwn_379
Norma -2.52748 1.89396 0.01321 isolated 28.91116 10.69686 -13.66726 0.07076 257.04293 -40.24599 0.15480 3.1584 2.29588 0.359818 1.58097e-19 0.489465 9.46016e-14 0.506561 1.16249306054e+34 0 pwn_380
"Crux Scutum" 2.34859 -2.33877 -0.01318 isolated 0.10000 6.59370 20.86626 -0.11450 277.39576 -10.77469 0.01000 3.3145 2.33897 0.259417 1.58548e-18 4.90861 9.71996e-13 5.20473 3.32819829876e+34 0 pwn_381
Norma -4.48907 -3.52480 0.02609 isolated 14.60991 6.70113 -42.05958 0.22309 223.11821 -59.07562 0.12487 5.7075 2.34196 0.261126 1.99218e-19 0.616773 1.2184e-13 0.652413 4.31832684868e+33 0 pwn_382
"Crux Scutum" -0.52231 0.74931 -0.01741 isolated 8.47865 9.26406 -3.23209 -0.10767 264.53365 -31.73807 0.05242 0.9134 2.023 0.190585 2.32231e-19 0.71898 1.77565e-13 0.950802 1.25308768067e+34 0 pwn_383
Perseus 6.41917 -1.82497 -0.05875 isolated 14.30787 9.26095 43.88061 -0.36350 288.22732 9.56340 0.08849 6.6736 1.81219 0.345527 7.71121e-20 0.238737 6.08424e-14 0.325792 8.47370243659e+33 0 pwn_384
Norma 7.93527 -3.95672 -0.02348 isolated 22.79365 9.14388 60.20706 -0.14714 296.22900 23.99626 0.14277 8.8670 2.09336 0.148338 2.01014e-19 0.622335 1.51236e-13 0.809819 8.79969994131e+33 0 pwn_385
"Crux Scutum" -4.20832 4.36160 0.07311 isolated 28.08542 13.53278 -18.11810 0.30955 253.10079 -43.60366 0.11886 6.0608 2.02497 0.33786 2.58773e-20 0.0801154 1.80905e-14 0.0968686 4.27279824185e+33 0 pwn_386
"Carina Sagittarius" -0.34072 -2.83896 0.12423 isolated 10.51212 5.67264 -3.44428 1.25491 263.05541 -31.17979 0.10614 2.8593 2.15856 0.396042 1.35688e-19 0.420086 8.56859e-14 0.458821 3.76422884537e+33 0 pwn_387
Perseus -1.04841 2.28545 -0.04398 isolated 12.89749 10.83638 -5.55207 -0.23255 263.16804 -33.75772 0.06817 2.5145 2.26163 0.244413 6.37461e-20 0.197356 4.10469e-14 0.219793 3.86673061313e+33 0 pwn_388
Perseus 0.57352 -4.73165 0.04298 isolated 13.20779 3.81199 8.65365 0.64597 270.63339 -21.14757 0.19844 4.7663 2.23929 0.241731 3.97929e-19 1.23198 2.59773e-13 1.391 3.05717927883e+33 0 pwn_389
"Crux Scutum" 3.54986 1.10084 -0.03021 isolated 23.49565 10.23614 20.29160 -0.16907 277.17328 -11.30904 0.13146 3.7166 2.23339 0.393909 9.46121e-20 0.292917 5.7554e-14 0.308183 7.59962784368e+33 0 pwn_390
"Crux Scutum" 14.64697 8.95072 0.07434 isolated 0.10000 22.78304 40.00786 0.18695 285.93189 6.37989 0.01000 17.1653 1.77627 0.15231 1.63642e-20 0.0506631 1.5203e-14 0.0814073 6.86121109782e+33 0 pwn_391
Perseus -3.43486 1.03467 -0.05528 isolated 24.50670 10.13466 -19.81151 -0.31251 252.25568 -45.30388 0.13849 3.5873 1.8443 0.274045 4.25233e-20 0.131651 3.44372e-14 0.1844 4.35710625749e+33 0 pwn_392
"Crux Scutum" 4.26544 -10.35147 0.02015 isolated 41.48012 4.64998 113.46387 0.24830 352.61051 61.62210 0.51091 11.1958 2.11556 0.262495 1.81767e-19 0.562747 1.25807e-13 0.673656 2.57134584865e+33 0 pwn_393
