sky_model/pwn/ctadc_skymodel_gps_sources_composite.ecsv
# %ECSV 0.9
# ---
# datatype:
# - {name: galactocentric_x, unit: kpc, datatype: float64, format: '%.5f', description: Galactocentric
#     x coordinate}
# - {name: galactocentric_y, unit: kpc, datatype: float64, format: '%.5f', description: Galactocentric
#     y coordinate}
# - {name: galactocentric_z, unit: kpc, datatype: float64, format: '%.5f', description: Galactocentric
#     z coordinate}
# - {name: size_physical, unit: pc, datatype: float64, format: '%.5f', description: physical
#     size}
# - {name: type, datatype: string, description: type of PWN}
# - {name: distance, unit: kpc, datatype: float64, format: '%.5f', description: Distance
#     observer to source center}
# - {name: GLON, unit: deg, datatype: float64, format: '%.5f', description: Galactic
#     longitude}
# - {name: GLAT, unit: deg, datatype: float64, format: '%.5f', description: Galactic
#     latitude}
# - {name: RA, unit: deg, datatype: float64, format: '%.5f'}
# - {name: DEC, unit: deg, datatype: float64, format: '%.5f'}
# - {name: sigma, unit: deg, datatype: float64, format: '%.5f'}
# - {name: galactocentric_r, unit: kpc, datatype: float64, format: '%0.4f', description: Galactocentric
#     radius in the xy plan}
# - {name: spec_alpha, datatype: float64, format: '%5g', description: Spectral model
#     parameter (log parabola)}
# - {name: spec_beta, datatype: float64, format: '%5g', description: Spectral model
#     parameter (log parabola)}
# - {name: spec_norm, unit: 1 / (cm2 MeV s), datatype: float64, format: '%5g', description: Spectral
#     model norm parameter (log parabola)}
# - {name: spec_norm_cu, unit: '%', datatype: float64, format: '%5g', description: Spectral
#     model norm parameter (log parabola) in crab units}
# - {name: int_flux_above_1TeV, unit: 1 / (cm2 s), datatype: float64, format: '%5g',
#   description: 'Integral flux above 1 TeV '}
# - {name: int_flux_above_1TeV_cu, unit: '%', datatype: float64, format: '%5g', description: Integral
#     flux above 1 TeV in crab units}
# - {name: luminosity, unit: erg / s, datatype: float64, description: Intrinsic source
#     luminosity}
# - {name: skip, datatype: int64, description: 'skip boolean: 0 take, 1 skip'}
# - {name: source_name, datatype: string, description: source name}
galactocentric_x galactocentric_y galactocentric_z size_physical type distance GLON GLAT RA DEC sigma galactocentric_r spec_alpha spec_beta spec_norm spec_norm_cu int_flux_above_1TeV int_flux_above_1TeV_cu luminosity skip source_name
[from data line 82]
2.49553 -10.69000 -0.08408 3.84031 composite 3.32127 131.26919 -1.45063 29.87875 60.31448 0.06622 10.9774 1.83007 0.166571 2.75171e-18 8.51923 2.43245e-12 13.025 2.35244674714e+34 1 composite_82
9.37728 8.02786 0.11712 16.27457 composite 19.00309 29.56893 0.35313 281.01006 -2.83138 0.04905 12.3442 1.83959 0.142974 7.99336e-20 0.247472 7.15263e-14 0.383001 2.08820019071e+34 0 composite_83
-13.91160 1.98709 0.08709 2.79154 composite 17.42180 -52.98963 0.28642 201.66218 -62.30618 0.01000 14.0528 1.74829 0.122868 4.97548e-20 0.15404 4.84014e-14 0.259174 1.18247187658e+34 0 composite_84
2.87361 3.77112 -0.14715 5.19694 composite 12.60395 13.17984 -0.66894 274.17788 -17.82288 0.02362 4.7412 1.93959 0.233448 1.91491e-19 0.592851 1.49989e-13 0.803144 2.37589064383e+34 0 composite_85
-6.51819 1.57609 0.08108 1.69794 composite 12.00087 -32.89870 0.38710 236.99201 -53.98583 0.01000 6.7060 2.34829 0.291099 2.36069e-19 0.730865 1.4188e-13 0.759721 1.73573820938e+34 0 composite_86
-2.35972 -4.48248 0.27327 5.96931 composite 4.66727 -30.42816 3.35660 237.14065 -50.12510 0.07325 5.0657 2.621 0.188936 3.10762e-18 9.62113 1.70447e-12 9.12688 2.06385602221e+34 1 composite_87
-10.42780 -0.87946 0.03303 7.71340 composite 12.91560 -53.84101 0.14653 199.87362 -62.54929 0.03420 10.4648 2.06649 0.182443 1.05273e-19 0.325922 7.87535e-14 0.4217 1.02335665895e+34 0 composite_88
10.37800 -0.16984 0.12613 5.38332 composite 13.30828 51.24686 0.54303 290.94418 16.49782 0.02317 10.3794 2.0822 0.334934 7.69383e-20 0.238199 5.21689e-14 0.279348 1.1194498274e+34 0 composite_89
-7.07783 -4.55076 -0.20120 2.02047 composite 8.10757 -60.83965 -1.42202 184.21957 -64.04040 0.01427 8.4146 2.15925 0.39416 7.67345e-19 2.37568 4.84824e-13 2.59608 4.3219452813e+34 0 composite_90
-8.93800 -8.63761 0.05706 8.35097 composite 8.93924 -90.88206 0.36573 137.50354 -47.43579 0.05350 12.4296 1.79085 0.251715 1.28317e-19 0.397267 1.09266e-13 0.585085 1.04441485362e+34 0 composite_91
10.29160 -0.22272 -0.07207 17.54769 composite 13.20741 51.19114 -0.31265 291.70133 16.04282 0.07610 10.2940 1.97131 0.386876 5.54682e-20 0.171728 3.89296e-14 0.208456 1.08567635189e+34 0 composite_92
3.39549 -2.18053 0.21622 9.79516 composite 7.17717 28.24941 1.72636 279.18257 -3.37574 0.07817 4.0354 1.98754 0.119374 3.8444e-19 1.19022 3.16359e-13 1.694 1.11723553533e+34 0 composite_93
0.32007 9.52493 0.11111 12.52550 composite 18.02811 1.01730 0.35312 266.66362 -27.88364 0.03979 9.5303 1.97965 0.268462 4.55479e-20 0.141015 3.40356e-14 0.182249 1.19124495559e+34 0 composite_94
5.97444 5.92546 -0.12913 0.48598 composite 15.61424 22.49735 -0.47384 278.48550 -9.49454 0.01000 8.4146 1.76045 0.37138 1.01962e-19 0.31567 8.17215e-14 0.437593 3.74028579402e+34 0 composite_95
-0.33112 0.27323 0.39640 2.12151 composite 8.78842 -2.16144 2.58519 262.58005 -29.37842 0.01383 0.4293 2.09452 0.252586 2.12513e-19 0.657934 1.49734e-13 0.801778 1.07999752352e+34 0 composite_96
6.74735 4.73626 0.10511 7.04121 composite 14.85720 27.01079 0.40535 279.79012 -5.08207 0.02714 8.2437 2.2467 0.25005 2.14778e-19 0.664948 1.39027e-13 0.744445 2.52763403448e+34 0 composite_97
1.56083 -7.31010 0.12312 1.14234 composite 1.96652 52.67989 3.58952 288.81832 19.18809 0.03327 7.4749 2.07118 0.27392 9.32985e-18 28.885 6.58235e-12 35.2464 2.58160324587e+34 1 composite_98
2.99011 9.22341 -0.15616 16.84837 composite 17.97455 9.57617 -0.49778 272.18551 -20.90222 0.05369 9.6960 2.14379 0.213556 7.48699e-20 0.231795 5.2434e-14 0.280768 1.36299951753e+34 0 composite_99
-2.34795 1.48169 -0.12312 10.36357 composite 10.25486 -13.23681 -0.68791 258.17851 -40.34962 0.05788 2.7764 2.13311 0.255757 1.62025e-19 0.501626 1.1144e-13 0.596726 1.07116430998e+34 0 composite_100
10.61250 0.70231 -0.13514 6.42942 composite 14.04727 49.07079 -0.55122 290.87751 14.06299 0.02621 10.6357 1.81223 0.142056 1.28596e-19 0.39813 1.17421e-13 0.628751 1.90221739226e+34 0 composite_101
-6.77369 -4.84683 0.03303 35.04980 composite 7.69608 -61.66124 0.24590 182.94893 -62.27179 0.26084 8.3291 2.48109 0.318334 4.28435e-19 1.32642 2.38175e-13 1.27535 1.15707311357e+34 0 composite_102
-0.88536 -10.08430 -0.09910 10.90911 composite 1.81761 -150.80208 -3.12545 98.37331 1.89182 0.34375 10.1231 2.00255 0.104924 7.93406e-18 24.5637 6.53424e-12 34.9888 1.40812556504e+34 1 composite_103
1.27804 6.14745 -0.17718 2.10475 composite 14.70417 4.98662 -0.69041 269.92019 -24.99492 0.01000 6.2789 2.26901 0.16494 1.13656e-18 3.51876 7.61235e-13 4.07617 1.07050550887e+35 0 composite_104
-14.13920 1.54768 0.15616 18.41778 composite 17.34639 -54.60142 0.51581 198.16359 -62.25428 0.06081 14.2237 1.90524 0.384317 1.03551e-19 0.320592 7.55626e-14 0.404613 3.85422083872e+34 0 composite_105
-3.23256 -3.90019 0.22523 4.81396 composite 5.62658 -35.09799 2.29414 232.07141 -53.74976 0.04900 5.0657 2.20862 0.236173 9.22664e-19 2.85654 6.14577e-13 3.29086 1.5882003622e+34 0 composite_106
-9.46288 -8.05916 0.02402 5.39525 composite 9.47317 -87.33273 0.14528 141.02351 -50.13259 0.03262 12.4296 1.75769 0.271621 1.0397e-19 0.321888 8.92188e-14 0.477738 1.05539467409e+34 0 composite_107
0.83647 -2.88629 0.04805 7.38979 composite 5.67589 8.47499 0.48505 270.68906 -21.38234 0.07457 3.0051 2.3981 0.32336 2.55416e-18 7.90762 1.47553e-12 7.90098 4.22414855742e+34 1 composite_108
-8.84456 -3.05889 0.41141 5.13569 composite 10.39236 -58.40047 2.26880 190.14878 -60.57489 0.02830 9.3586 1.96464 0.143621 1.54069e-19 0.476995 1.26439e-13 0.677041 1.01868226861e+34 0 composite_109
0.11466 0.58997 -0.60360 16.31224 composite 9.11071 0.72269 -3.79873 270.59368 -30.23464 0.10255 0.6010 1.65692 0.397902 9.60113e-20 0.297249 8.07047e-14 0.432148 1.54814117897e+34 0 composite_110
-14.74460 -1.50902 0.09009 17.24175 composite 16.31825 -64.63258 0.31632 176.78767 -61.60763 0.06052 14.8216 1.91011 0.226663 8.58146e-20 0.26568 6.88021e-14 0.368413 1.83058997453e+34 0 composite_111
-9.73304 1.61936 -0.08108 4.72278 composite 14.04066 -43.88519 -0.33087 220.32051 -60.36036 0.01926 9.8668 1.98533 0.100006 1.95672e-19 0.605794 1.63674e-13 0.876422 2.09662867324e+34 0 composite_112
-3.57611 10.64930 0.03904 0.67828 composite 19.48039 -10.57807 0.11482 259.33488 -37.72158 0.01000 11.2337 1.78815 0.338521 4.98307e-20 0.154275 4.00818e-14 0.214625 2.46669875933e+34 0 composite_113
6.52159 5.04260 0.00901 10.69703 composite 15.03108 25.71366 0.03434 279.52351 -6.40486 0.04076 8.2437 2.34374 0.123772 1.95613e-19 0.605612 1.28504e-13 0.688097 1.63764453766e+34 0 composite_114
5.52429 -10.07480 -0.06907 9.75812 composite 5.74478 105.91117 -0.68889 339.62378 57.72143 0.09729 11.4900 1.98094 0.241302 1.13366e-18 3.50978 8.60957e-13 4.61015 2.80883546844e+34 0 composite_115
3.49424 2.53012 -0.11111 3.93937 composite 11.57089 17.57772 -0.55019 276.22329 -13.88794 0.01950 4.3141 1.66611 0.170278 1.62069e-19 0.501762 1.60739e-13 0.860708 2.14909162399e+34 0 composite_116
-7.60769 -3.17520 0.18619 3.50883 composite 9.28790 -55.01093 1.14866 197.19449 -61.65381 0.02164 8.2437 1.83696 0.149708 2.7898e-19 0.863714 2.48744e-13 1.33194 1.77498742281e+34 0 composite_117
2.05238 -3.86801 0.39039 24.83175 composite 5.08134 23.89757 4.40627 274.78080 -5.98721 0.27989 4.3788 2.10543 0.165431 3.16953e-18 9.81278 2.34024e-12 12.5312 4.37200894719e+34 1 composite_118
4.87381 7.98426 0.04505 19.43647 composite 17.18973 16.47108 0.15016 275.04942 -14.53618 0.06476 9.3543 2.18482 0.301039 6.68579e-20 0.206991 4.36045e-14 0.233488 1.28674107761e+34 0 composite_119
3.81945 -3.97146 0.24324 2.57999 composite 5.92917 40.14487 2.35118 284.05538 7.49022 0.02492 5.5101 2.1268 0.277859 5.28997e-19 1.63776 3.60705e-13 1.93146 1.24241198165e+34 0 composite_120
-2.95556 2.21245 -0.09610 31.77524 composite 11.11311 -15.42416 -0.49547 256.23888 -41.98966 0.16376 3.6919 1.70489 0.119483 1.33664e-19 0.41382 1.34785e-13 0.721733 1.3624415145e+34 0 composite_121
-9.50635 8.00784 0.03604 3.04196 composite 19.04943 -29.93630 0.10840 241.07724 -52.29683 0.01000 12.4296 1.83718 0.319903 1.37264e-19 0.424966 1.08377e-13 0.580325 5.70019342265e+34 0 composite_122
-0.08518 -0.01075 -0.62763 14.73907 composite 8.51285 -0.57488 -4.22811 270.28939 -31.57316 0.09916 0.0859 2.17922 0.262602 3.49983e-19 1.08354 2.33628e-13 1.251 1.52134026304e+34 0 composite_123
0.99447 -1.33642 -0.08709 8.17859 composite 7.23280 7.90346 -0.68991 271.49023 -22.45694 0.06476 1.6658 2.00604 0.126314 4.04973e-19 1.25379 3.27449e-13 1.75338 1.18430669906e+34 0 composite_124
3.13867 -7.06537 0.00300 4.05837 composite 3.45100 65.43571 0.04981 299.01148 28.59635 0.06735 7.7312 2.12901 0.223164 1.96949e-18 6.09748 1.38349e-12 7.40813 1.37668874207e+34 1 composite_125
-0.10708 4.74000 -0.09610 9.12631 composite 13.24078 -0.46338 -0.41585 266.53548 -29.54829 0.03948 4.7412 2.15147 0.299949 1.33627e-19 0.413705 8.88105e-14 0.475552 1.59465865534e+34 0 composite_126
0.02379 -10.29390 -0.27027 15.05966 composite 1.81430 179.24021 -8.56704 77.91405 24.85119 0.47540 10.2939 2.16004 0.157321 1.61486e-17 49.9956 1.15905e-11 62.0634 2.60683100204e+34 1 composite_127
-0.88049 -8.97205 -0.12312 4.74674 composite 1.00660 -118.19674 -7.02557 110.05058 -28.83387 0.27008 9.0152 1.7225 0.303742 7.69354e-18 23.819 6.6051e-12 35.3682 1.02039855037e+34 1 composite_128
-8.96309 3.46782 0.06907 20.83699 composite 14.95227 -36.83074 0.26467 231.54781 -56.40110 0.07981 9.6106 1.90066 0.179811 1.66002e-19 0.513937 1.3844e-13 0.741303 2.68998863517e+34 0 composite_129
-1.97167 -0.11012 -0.00601 17.88270 composite 8.61845 -13.22486 -0.03995 257.50403 -39.95689 0.11884 1.9747 1.98651 0.329278 1.45052e-19 0.449077 1.04156e-13 0.55772 1.00592912759e+34 0 composite_130
-14.15370 1.40906 -0.06907 2.32900 composite 17.27777 -55.00399 -0.22905 197.41413 -63.02776 0.01000 14.2237 2.35271 0.109055 1.12202e-19 0.347373 7.39576e-14 0.396019 1.19838535739e+34 0 composite_131
-2.24164 -2.48745 -0.53453 3.58357 composite 6.43906 -20.44681 -4.76182 256.79046 -48.56339 0.03187 3.3485 2.27868 0.283139 6.07563e-19 1.881 3.80125e-13 2.03545 1.38512012378e+34 0 composite_132
-1.55949 -1.12361 -0.08408 5.45818 composite 7.53991 -11.93748 -0.63894 259.11452 -39.26636 0.04146 1.9221 2.05631 0.391431 3.19603e-19 0.989484 2.13547e-13 1.14347 1.80845981638e+34 0 composite_133
-2.50491 -4.81165 -0.00601 3.42730 composite 4.45854 -34.18204 -0.07723 235.73331 -55.13912 0.04403 5.4246 2.11419 0.152755 2.18926e-18 6.77788 1.62102e-12 8.68004 2.23959759115e+34 0 composite_134
-0.75729 -14.97330 0.08108 7.80488 composite 6.51795 -173.32749 0.71275 90.85636 23.54096 0.06858 14.9924 2.0543 0.367228 2.9276e-19 0.906377 1.98239e-13 1.06151 1.16137567447e+34 0 composite_135
4.97968 0.92936 -0.16216 21.68162 composite 10.66472 27.83870 -0.87123 281.30981 -4.92975 0.11644 5.0657 2.23797 0.282115 3.21701e-19 0.995978 2.05816e-13 1.10208 2.11971308524e+34 0 composite_136
-4.45088 10.40730 -0.03303 9.37404 composite 19.42415 -13.24656 -0.09743 257.54755 -40.00849 0.02764 11.3191 2.33746 0.278225 7.05975e-20 0.218568 4.29263e-14 0.229856 1.34118654901e+34 0 composite_137
-4.87637 -1.71252 -0.18619 2.67021 composite 8.35964 -35.69483 -1.27623 234.85645 -57.00630 0.01829 5.1683 2.18621 0.294756 1.21796e-18 3.77077 7.96305e-13 4.26396 5.45071554633e+34 0 composite_138
2.75591 -10.71400 -0.00601 33.15180 composite 3.53509 128.77716 -0.09741 25.47254 62.20039 0.53711 11.0628 2.33245 0.397725 2.57479e-18 7.97149 1.48872e-12 7.9716 2.15636360256e+34 0 composite_139
1.68805 -6.21420 0.00901 2.54690 composite 2.84156 36.44565 0.18167 284.30140 3.20972 0.05133 6.4394 2.13691 0.126483 4.05149e-18 12.5433 3.00948e-12 16.1148 1.55285141388e+34 1 composite_140
-9.11025 2.47210 -0.06006 6.49391 composite 14.26139 -39.70321 -0.24129 227.53281 -58.35753 0.02608 9.4397 1.75276 0.14907 1.41042e-19 0.436663 1.33656e-13 0.715684 2.37673916671e+34 0 composite_141
-14.47240 0.46615 -0.04204 4.88611 composite 17.02480 -58.22036 -0.14148 190.32153 -62.99052 0.01644 14.4799 1.87641 0.283809 4.09532e-20 0.12679 3.22929e-14 0.172918 1.15807763868e+34 0 composite_142
10.61080 1.53422 0.15315 27.82628 composite 14.60473 46.59976 0.60083 288.64270 12.41950 0.10912 10.7211 1.77766 0.343099 1.14086e-19 0.353206 9.20982e-14 0.493156 3.27172397502e+34 0 composite_143
4.15109 2.25118 0.56456 22.89840 composite 11.53855 21.11185 2.80450 274.89161 -9.19386 0.11366 4.7222 2.32139 0.112501 6.14528e-19 1.90256 4.11699e-13 2.20452 3.04901667479e+34 0 composite_144
-1.02984 2.45431 -0.28228 8.40731 composite 11.00623 -5.37072 -1.46964 264.54224 -34.27333 0.04375 2.6616 1.9715 0.366436 3.02112e-19 0.935331 2.1435e-13 1.14778 3.87333421456e+34 0 composite_145
-11.72450 6.06112 -0.12012 8.70867 composite 18.69504 -38.84075 -0.36814 229.05853 -58.02113 0.02668 13.1985 1.90871 0.146872 5.77565e-20 0.178813 4.91056e-14 0.262945 1.3411584691e+34 0 composite_146
13.00000 -4.08141 -0.01802 23.14692 composite 13.73041 71.22754 -0.07520 302.73673 33.43177 0.09655 13.6256 1.90581 0.267809 9.68152e-20 0.299737 7.57333e-14 0.405528 1.63365550687e+34 0 composite_147
0.86376 0.76416 0.05405 18.82767 composite 9.30450 5.32667 0.33283 269.13264 -24.18878 0.11589 1.1533 1.70854 0.330008 1.21462e-19 0.376045 1.03339e-13 0.55335 1.52035982339e+34 0 composite_148
2.96520 14.17300 -0.21922 8.73704 composite 22.86712 7.45092 -0.54929 271.11741 -22.78270 0.02188 14.4799 1.90633 0.29907 3.49659e-20 0.108254 2.68072e-14 0.143544 1.77641166201e+34 0 composite_149
-0.35686 -10.45870 -0.23423 3.71893 composite 2.00467 -169.67441 -6.70988 85.98765 16.64780 0.10625 10.4648 1.99746 0.328804 3.97542e-18 12.3078 2.83734e-12 15.193 1.46530838552e+34 1 composite_150
6.92819 4.92444 -0.19820 9.02236 composite 15.10810 27.29771 -0.75167 280.95502 -5.35642 0.03420 8.5000 2.36593 0.187953 1.34677e-19 0.416956 8.43547e-14 0.451693 1.24601658482e+34 0 composite_151
4.09904 -6.35264 0.09309 11.61352 composite 4.62839 62.35135 1.15246 296.16995 26.50296 0.14371 7.5603 2.43562 0.358011 9.5382e-19 2.953 5.33268e-13 2.85548 1.07868077467e+34 0 composite_152
4.28527 3.72949 0.16817 2.02537 composite 12.95964 19.31070 0.74352 275.88248 -11.75104 0.01000 5.6809 2.00309 0.177251 9.77302e-20 0.30257 7.63588e-14 0.408877 1.02862013647e+34 0 composite_153
2.86827 -4.58599 -0.45045 21.88291 composite 4.87333 36.23476 -5.30351 289.08405 0.51042 0.25718 5.4091 1.88173 0.314012 2.06904e-18 6.4057 1.59541e-12 8.5429 5.16270266971e+34 0 composite_154
-10.58460 -3.49991 0.12613 2.34666 composite 11.70686 -64.71428 0.61732 176.77722 -61.29578 0.01148 11.1482 2.27447 0.13203 2.08584e-19 0.645772 1.41982e-13 0.760266 1.16356345217e+34 0 composite_155
0.69420 -1.28394 0.40541 4.10851 composite 7.26070 5.49506 3.20084 266.53887 -22.58046 0.03241 1.4596 2.21137 0.380009 3.65336e-19 1.13107 2.26158e-13 1.211 1.47086319427e+34 0 composite_156
9.29391 8.38155 -0.15015 0.96800 composite 19.27138 28.83439 -0.44642 281.38653 -3.84999 0.01000 12.5151 2.13878 0.1844 7.67132e-20 0.237502 5.484e-14 0.293651 1.51767791892e+34 0 composite_157
6.60661 -9.10266 -0.08408 6.98106 composite 6.63457 95.21214 -0.72613 324.59380 51.44451 0.06026 11.2475 1.60733 0.138394 4.1961e-19 1.2991 4.48321e-13 2.40062 1.83780993281e+34 0 composite_158
-8.64071 3.80079 0.14114 3.76038 composite 15.03300 -35.08619 0.53794 233.82047 -55.18206 0.01433 9.4397 2.23077 0.137686 1.09129e-19 0.33786 7.59763e-14 0.406829 1.06798513432e+34 0 composite_159
8.79959 -3.41690 -0.09910 3.87607 composite 10.16270 59.98704 -0.55872 296.49780 23.59962 0.02184 9.4397 2.06892 0.337107 1.54698e-19 0.47894 1.05551e-13 0.565192 1.34625753902e+34 0 composite_160
-3.58272 -1.27105 -0.15916 17.65171 composite 8.06963 -26.36335 -1.13014 246.60182 -50.72038 0.12528 3.8015 1.90402 0.334814 1.71853e-19 0.532052 1.29109e-13 0.691338 1.2035871035e+34 0 composite_161
7.82021 -4.48523 0.26126 22.24910 composite 8.79445 62.82477 1.70236 295.90018 27.18738 0.14490 9.0152 1.9581 0.301859 1.5226e-19 0.471395 1.12953e-13 0.604829 1.06641928244e+34 0 composite_162
