sky_model/pwn/ctadc_skymodel_gps_sources_pwn.ecsv
# %ECSV 0.9
# ---
# datatype:
# - {name: x, unit: kpc, datatype: float64, description: Galactocentric x coordinate}
# - {name: y, unit: kpc, datatype: float64, description: Galactocentric y coordinate}
# - {name: z, unit: kpc, datatype: float64, description: Galactocentric z coordinate}
# - {name: spiralarm, datatype: string}
# - {name: GLON, unit: deg, datatype: float64, description: Galactic longitude}
# - {name: GLAT, unit: deg, datatype: float64, description: Galactic latitude}
# - {name: RA, unit: deg, datatype: float64}
# - {name: DEC, unit: deg, datatype: float64}
# - {name: distance, unit: pc, datatype: float64, description: Distance observer to
#     source center}
# - {name: sigma, unit: deg, datatype: float64, description: Angular extension (deg)}
# - {name: spec_alpha, datatype: float64, description: Spectral model parameter (log
#     parabola)}
# - {name: spec_beta, datatype: float64, description: Spectral model parameter (log
#     parabola)}
# - {name: spec_norm, unit: 1 / (cm2 s TeV), datatype: float64, description: Spectral
#     model norm parameter (log parabola)}
x y z spiralarm GLON GLAT RA DEC distance sigma spec_alpha spec_beta spec_norm
[from data line 85]
-7.31261884397 1.16974276132 0.0107998180168 "Crux Scutum" -37.0979261944 0.0510401939866 231.359741755 -56.7271229528 12123.4663386 0.319588917603 1.66026985852 0.0056775642561 1.48385696508e-06
1.58740184997 5.24743282331 -0.0253054537159 "Carina Sagittarius" 6.58671403167 -0.104770389869 270.234019296 -23.3152956962 13838.8003176 0.247877957116 1.53571593797 0.255610893787 4.20996607842e-07
-0.922607321417 -5.86953604951 -0.063750961599 Norma -19.3277782066 -1.31011053155 253.791368995 -45.5644212012 2788.29859403 0.112007516419 1.68141882911 0.0416454898595 1.93616353637e-07
9.74858866691 6.9784700472 0.034271817469 Norma 32.2033816094 0.107345687163 282.431719611 -0.599439610186 18292.5993384 0.05 1.84896137589 0.0255377400846 9.27468860886e-09
-2.34834695638 -6.34733777067 -0.0310874963968 Norma -47.4894090383 -0.559100193502 213.534873327 -61.8830655328 3185.85224603 0.235445172693 1.66423949083 0.482758319569 0.000325372931242
7.69556645825 0.235956681043 -0.0371599431946 Perseus 41.3770552228 -0.182879307909 286.896304149 7.42622665444 11642.1674575 0.0896823053027 2.45136249348 0.429501319829 2.04164449989e-07
-1.96175134964 0.826958605627 -0.0786749828913 "Carina Sagittarius" -11.8779583718 -0.472943617069 258.984696063 -39.1215345672 9531.3595537 0.252244507038 1.54066381696 0.0760136136048 7.79048855358e-07
5.29045971778 0.780893032246 0.0652999594188 "Carina Sagittarius" 29.6847742291 0.350220656263 281.065631354 -2.72966346552 10683.080248 0.150827497808 1.58585831207 0.000332109295102 5.53283789137e-06
1.44109654916 -6.7815849174 0.086896557813 Norma 39.983855923 2.21889400151 284.10034899 7.28676042618 2244.38425228 0.227663903648 1.1820725892 0.470833897695 4.74336318442e-09
9.56713817939 6.54264152163 0.0890085167627 Norma 32.4564096325 0.286065833614 282.388050065 -0.29275352365 17827.4821388 0.165636639717 1.86790079206 0.13916264916 2.09667355883e-07
3.92394236453 13.4635160235 0.0458229595874 Norma 10.1294393434 0.117674024819 271.89792319 -20.1197034187 22311.3302951 0.200657316819 1.25557021049 0.0929488014277 4.00022206797e-09
0.61856320748 15.7012455162 -0.107690970014 Norma 1.46411252358 -0.2548704758 267.51341253 -27.8147845637 24209.3887226 0.131050002072 1.65434724899 0.345754053916 5.94083639165e-08
-1.64818793992 -5.57376458292 -0.00163313460839 Norma -29.3901759135 -0.027861341286 241.888295663 -52.033531415 3358.47880276 0.308587049391 1.72556895567 0.0544518694207 3.30833601179e-06
3.75219636121 0.30291532053 -0.00972164058919 "Carina Sagittarius" 23.0858722646 -0.0582082758933 278.386800694 -8.78067159884 9569.24188135 0.14269120927 1.60837344922 0.132324799001 2.15878648488e-07
4.21886925914 -4.78380146445 -0.0125445133995 Perseus 48.6247299277 -0.127841078601 290.276089676 13.8691628304 5622.20123672 0.170198936344 2.26949562291 0.487547340106 5.55288508592e-06
-3.92362386036 -1.65838052441 -0.0334028307314 Perseus -29.833988013 -0.242660509384 241.585566887 -52.4904525152 7886.93203949 0.318315069706 2.06848648566 0.319731387237 1.92027491436e-07
-3.43438476003 0.366146994348 0.0323999795519 Norma -21.1743416043 0.19524185183 250.434342723 -46.0071491205 9508.133937 0.05 2.1561669566 0.260338895741 6.73894693044e-06
14.480016677 -1.3871035925 0.124962555664 "Crux Scutum" 63.8387339686 0.443799334458 297.698472446 27.4293509424 16133.1892045 0.05 1.56174691899 0.198959307417 4.10979025174e-09
3.09314625396 2.35982052116 -0.0265119347548 "Crux Scutum" 15.8982676082 -0.134524882025 275.029517732 -15.1755373248 11291.7650694 0.226939670816 2.10472039742 0.387250477442 1.00746891306e-08
-0.412673034297 3.49887478106 -0.0453145870849 Norma -1.96977696598 -0.21625261825 265.425987395 -30.7266018675 12006.0546582 0.05 1.93392025551 0.0704787382618 9.60130314541e-09
-0.0645089645256 4.81206410666 0.0438311397936 "Crux Scutum" -0.277647586984 0.188648487593 266.055233855 -29.074415949 13312.2925657 0.324362118565 2.00827960614 0.483668901018 5.79172316647e-06
-5.24014540879 -6.48051737645 0.0242984119648 "Crux Scutum" -68.9239981634 0.24790462896 168.325158793 -60.3450911645 5615.87253995 0.088638101924 2.07794848377 0.430561504033 6.83311755811e-07
2.17845207743 -0.346275802037 -0.104320692331 Norma 14.9584796253 -0.708178836123 275.09455759 -16.2747669895 8440.36459858 0.0552545188559 1.55463392359 0.308828491285 1.00237685153e-08
-4.07952819055 5.71017691816 0.0290963208785 "Crux Scutum" -16.0179767928 0.112762113102 255.102043925 -42.0881403919 14784.1984869 0.322294202648 1.68543424234 0.0214530952013 2.5159949206e-08
7.58207527075 -15.8589532453 -0.0997680919816 "Carina Sagittarius" 134.144436397 -0.540987805072 35.9682977051 60.30287305 10566.5515638 0.278051479143 2.03290092306 0.350427824724 1.24903121003e-06
0.960953225683 -1.39396503458 0.0162652347786 Norma 7.70142213505 0.129962997118 270.610755925 -22.2303935648 7170.73417368 0.316755896043 1.0829828449 0.456642170443 2.02507799581e-06
-1.42734424862 4.22922023108 -0.284805606688 "Crux Scutum" -6.39792599353 -1.27375102914 263.669930177 -35.0336193931 12812.1611576 0.220604465828 2.20859858229 0.262288533739 2.37661992226e-07
7.50057736458 6.20128569049 -0.0253497728381 Perseus 27.0306171997 -0.0880042413993 280.239588497 -5.29044933794 16504.1541548 0.05 1.94934565734 0.177112410914 1.24164887972e-06
-5.77964811453 12.6684485742 -0.010097045991 Norma -15.2713286531 -0.0263642479097 255.863638236 -41.5832966722 21943.2825556 0.32100649531 1.78765993062 0.0601386724897 1.64232704749e-07
8.87546471948 -2.50409708305 0.0119853048023 Norma 55.9586399422 0.0641125454878 293.767923191 20.4040316189 10710.9695837 0.103199662905 1.85953706705 0.377450552069 6.83410580798e-07
0.782299016729 5.50701313375 -0.016983016505 "Crux Scutum" 3.19667826335 -0.0693610129601 268.327146618 -26.2302478096 14028.8523088 0.21024563958 1.52191747351 0.442510925606 1.48151756678e-07
0.83323788669 -5.68656265136 -0.000584784851072 Perseus 16.4973746627 -0.0114189021174 275.209452331 -14.5891559008 2934.23165966 0.224725196777 1.70551529156 0.0501258720379 5.81365138681e-07
-1.50855806705 11.0331989059 -0.041724774942 Perseus -4.41621347722 -0.122025689116 263.794938535 -32.7440396217 19591.4100538 0.114498990691 2.09707677132 0.379492277376 1.36676007522e-07
4.02347675923 -4.25235087428 -0.0569124793005 Perseus 43.4474922684 -0.557323499463 288.19797597 9.08979329016 5850.99370685 0.191407937035 2.15046593253 0.00853024312955 3.11363417769e-07
5.2262697981 12.1739996584 0.0200716098373 Norma 14.1868293409 0.0539297971422 274.013680654 -16.5932718759 21324.3654243 0.222220667157 2.52798049419 0.483527459039 6.83204947884e-09
-2.71640273837 -5.63991290239 0.0471142494569 Norma -43.5240381489 0.684327867719 220.149528443 -59.2862735782 3944.76384533 0.167642553116 1.7800403401 0.307529010318 4.44909648124e-05
-1.78361029247 -2.81608499881 -0.0011454696809 Perseus -17.4218367675 -0.0110170294996 254.04794729 -43.2652806694 5957.19369572 0.05 1.62219069896 0.276219529496 2.16164197776e-06
7.9932933644 1.92593161267 -0.0518038137346 Perseus 37.4764534328 -0.225928381696 285.136574866 3.94039090527 13137.5596073 0.159823817421 1.6611568292 0.147974916794 5.03829706861e-06
2.1773181544 -2.30374566199 -0.0026846788434 "Crux Scutum" 19.3610997396 -0.0234209043846 276.599497128 -12.0649019537 6567.67001106 0.262638589669 1.52512869367 0.464645835785 1.33427269411e-07
0.960074749212 13.7648315806 -0.0511022474468 Norma 2.46910357057 -0.131382968515 267.972880332 -26.888121668 22285.5800974 0.0605432140269 1.7789792159 0.132952813668 9.8574973926e-09
-4.06613178168 -0.442643964919 -0.0270698011551 Norma -26.7777214472 -0.171849820976 245.071908686 -50.3405575396 9025.25050711 0.115036545967 1.9033377561 0.414073306608 4.88485889424e-06
6.30271204047 -1.77129032516 0.00579715517867 Perseus 43.1276657113 0.0360270557323 287.515419129 9.08066661475 9219.53071259 0.0864846448278 1.79075458426 0.492554339669 5.92657835389e-07
-0.244965854948 -5.27252036923 -0.03232933907 Perseus -4.3404303024 -0.572261001794 264.294944515 -32.9227736187 3236.92419177 0.314926372848 2.09601364833 0.391698322757 4.06780458308e-05
4.6668997549 2.37855575476 0.0106519167919 "Carina Sagittarius" 23.2193293647 0.0515579543448 278.350554025 -8.61162831744 11837.3579018 0.197229475701 1.73676173364 0.259494960193 1.28646545626e-06
-2.11404828091 -4.45454825382 0.00700596720771 Norma -27.5904024136 0.087941706788 243.870762998 -50.7213452728 4564.52944434 0.170746183624 1.70618832383 0.0330371319258 4.62421684104e-06
3.42768839223 8.72814401081 -0.0597502714762 Perseus 11.2525512251 -0.19489129404 272.765974666 -19.2882976612 17565.9205243 0.0530083925555 1.64305751125 0.236206894586 7.04039983965e-10
1.73363252421 -10.5887375211 0.0675219336673 "Crux Scutum" 140.307645488 1.42493193966 48.7273412058 59.3673252711 2715.30207763 0.183924919129 1.35918867792 0.219127973486 9.39153271782e-05
-6.59388121023 -4.77285068368 0.000916905984172 "Crux Scutum" -60.5229718674 0.00693587987286 185.319114772 -62.662312104 7574.35886934 0.0625667339343 1.37670271444 0.101398020593 2.14487166275e-07
-10.9624424643 -0.952227449226 -0.0241895819876 "Carina Sagittarius" -55.4521245687 -0.104132735104 196.412357589 -62.9312817048 13309.5680019 0.133183055827 1.48162735873 0.211793818357 1.6217234105e-08
6.91297887916 -0.769010761545 0.0487802131291 Perseus 41.8027870938 0.269490109607 286.688621473 8.01234195636 10371.1065513 0.0664153921621 2.15138557935 0.17887894204 3.05356846961e-06
-11.0233107022 -7.71589529682 -0.041486425234 "Carina Sagittarius" -85.9313177122 -0.215089212962 142.223078782 -51.3646154126 11051.240661 0.197643329495 2.04172027368 0.0818421305758 1.73749080774e-06
-7.82133066561 -3.85077916477 -0.0993591905596 "Crux Scutum" -59.271549157 -0.625645741725 187.931559652 -63.4130286774 9099.35931835 0.187659081661 2.17124029793 0.220687071666 4.3050003806e-07
-1.01435395262 -4.83547413912 -0.0125587738152 Perseus -15.4722800448 -0.189242742134 255.872693112 -41.8418793601 3802.34420444 0.109170124442 1.44030285326 0.131399978162 1.08956833925e-08
10.8306518528 0.465651770586 -0.0182796222812 Norma 50.3819225797 -0.0744906431181 291.084423921 15.4436583825 14060.0947853 0.169600671266 1.26847133376 0.261031210341 1.3539372442e-08
-4.27375328688 1.42492900434 -0.0130678238798 Norma -23.2970954926 -0.0692885659261 248.645688188 -47.7627579735 10805.9869362 0.05 1.62178479356 0.0175800298581 3.34708145963e-07
1.74026398264 -6.66639185668 0.0527930359741 Norma 43.5038606266 1.19636597549 286.646751877 9.94896355721 2528.52222794 0.05 1.84747111739 0.453115709894 4.62048097028e-06
-1.98750452322 -1.04442431711 0.238865192464 "Carina Sagittarius" -14.9267607187 1.77315943564 254.27000673 -40.2027201675 7719.63986034 0.173939170126 1.93464637423 0.40818215276 2.49642328801e-08
-12.9335099016 4.04951200965 -0.0189505315746 Perseus -45.8633117995 -0.0602502200829 216.384798659 -60.8683011067 18021.2732396 0.146667349537 2.08295248211 0.276290666255 6.38684734879e-07
-6.61431547824 1.38669791198 0.00271863575399 "Crux Scutum" -33.7829812928 0.013094882974 236.189634237 -54.8247322417 11895.2079528 0.193503143689 1.87675551112 0.425904291379 9.65239411198e-08
4.36193677979 -1.3838161779 -0.000543907667875 "Carina Sagittarius" 31.5066356576 -0.00373366729397 282.212786228 -1.27016643606 8346.64992417 0.368314477486 2.27052057078 0.481197536905 1.20239840996e-08
-8.73483340922 3.53231555778 0.116200073885 "Carina Sagittarius" -35.977692301 0.447766323213 232.626812283 -55.7696226889 14869.0092079 0.224447948699 1.73989646614 0.0552611470263 8.67631831737e-07
-8.35086660528 9.02546220437 0.0737971198967 Perseus -25.4777566643 0.217800614115 246.065554149 -49.1449396536 19413.5067556 0.05 1.55346861113 0.315415904205 1.41671658639e-07
-14.2039657069 2.63891216809 -0.0820210778534 Perseus -51.8960523604 -0.260346000421 204.185276405 -62.6762824496 18050.892874 0.24170162881 1.34607108182 0.498997000468 1.93422233497e-07
-4.30555813426 -7.86963014127 -0.000616090630928 "Crux Scutum" -81.6705951784 -0.00811208177379 147.731325707 -54.0234544835 4351.45922489 0.05 1.55997773331 0.493944584667 1.51447515538e-07
-4.80515866664 -2.62213858452 -0.0126831361288 Norma -39.2660392012 -0.0957175115724 228.105288267 -58.0093660686 7592.03302767 0.0838415395185 1.86537184947 0.301661496145 3.14007080176e-07
0.985478345749 -7.3648753964 0.0723626409557 Norma 40.9634551564 2.75599789263 284.066709459 8.40263233549 1504.96238739 0.123175839468 1.56004553051 0.0640104352254 2.88521699836e-05
8.96576328185 -2.82396034787 0.110753999012 Norma 57.6629435792 0.597988148211 294.158460509 22.1524988585 10612.0028179 0.301334272165 2.05292046515 0.291596415495 1.89914672117e-07
-2.85393531391 -5.49218631626 0.0893005510284 Norma -43.4962582439 1.233808686 219.765917525 -58.7727226932 4147.27193713 0.0555245177952 2.18132848063 0.00103231778721 2.09148893094e-06
1.88694855879 14.0868352647 -0.0650906606649 Norma 4.77551265346 -0.164541128256 269.301403601 -24.9151404377 22665.6113735 0.05 1.16021153559 0.0994556673334 4.32100332754e-08
-1.8389609355 4.83316716168 0.0263865470513 "Crux Scutum" -7.85290592152 0.112325749965 261.271346673 -35.4831215752 13459.4138109 0.120154747557 2.03329412113 0.47806157978 1.5356094048e-07
-2.7518060701 4.53010218681 0.0135605066989 "Crux Scutum" -11.9249763341 0.0583412134234 258.394407062 -38.8496021508 13317.5141649 0.0636521713638 1.19530690416 0.165220286301 7.77716663822e-08
4.0906840035 3.07013333946 -0.0231591619765 "Carina Sagittarius" 19.4713268578 -0.108125977628 276.728647017 -12.0068457027 12272.0095117 0.242663592211 1.90840474487 0.319195052888 0.000177778520207
1.80172040578 4.43528580435 0.0645305261298 "Crux Scutum" 7.92955402231 0.283097321811 270.588546277 -21.9564043591 13060.3208019 0.05 2.13071505233 0.140429747316 1.50192442211e-06
4.18118058559 7.77182350587 0.120092915539 Perseus 14.4108557611 0.409554948784 273.79904478 -16.2268506046 16800.8610971 0.05 1.81751114871 0.473910943556 3.66141513818e-08
-8.49354074173 2.14686211771 -0.139175498532 "Carina Sagittarius" -38.5811362524 -0.585467964127 229.692064791 -58.0679919861 13620.3993005 0.0862179955256 1.45448392323 0.364279364975 7.61313276095e-08
10.4622374362 2.98763609936 0.0700146504977 Norma 42.3253452527 0.258177399456 286.941697095 8.47109942849 15537.9888459 0.0801967549308 1.64193357485 0.164825578791 1.85629155361e-08
-2.66636813061 -5.68770839709 -0.0247057934373 Norma -43.4742942171 -0.365260097953 221.103363378 -60.2207870941 3875.45009566 0.322953205382 1.72935572966 0.39588071059 1.16663765556e-07
2.29644883283 4.95632137746 0.0776788701759 "Crux Scutum" 9.68476550294 0.326032205676 271.472920588 -20.406379937 13651.0913945 0.224942080693 1.75079390838 0.0540827622382 9.85383258852e-06
-6.62655454996 -5.27301195351 -0.0344723639518 "Crux Scutum" -64.0349244002 -0.267973565894 177.724621261 -62.3180244397 7370.60821097 0.138755124139 1.74521785299 0.196159470033 1.64692230879e-08
6.65103346395 -5.32396366475 0.0163008403829 Norma 64.4743471297 0.126717978361 298.373188987 27.8129487283 7370.46258106 0.05 1.77033164959 0.110609063866 4.43277158274e-08
13.5645161208 9.45286478466 0.106669119277 "Crux Scutum" 37.0733362018 0.271614844812 284.508365868 3.8092133509 22501.396176 0.21443629764 1.85763961321 0.341863223638 8.98262646822e-07
-3.25866109481 -5.25016821915 -0.0385849019202 Norma -45.0777264607 -0.480356887399 218.205807885 -60.9696873061 4602.36542762 0.05 1.47368511349 0.051223140886 3.34227593886e-06
3.00549241815 4.03169094972 0.0496094135313 "Carina Sagittarius" 13.4865965286 0.220562054497 273.511504449 -17.1291140153 12887.1534417 0.05 1.73465464594 0.198512916141 3.3491508818e-06
