sky_model/pwn/ctadc_skymodel_gps_sources_composite.ecsv
# %ECSV 0.9
# ---
# datatype:
# - {name: galactocentric_x, unit: kpc, datatype: float64, format: '%.5f', description: Galactocentric
#     x coordinate}
# - {name: galactocentric_y, unit: kpc, datatype: float64, format: '%.5f', description: Galactocentric
#     y coordinate}
# - {name: galactocentric_z, unit: kpc, datatype: float64, format: '%.5f', description: Galactocentric
#     z coordinate}
# - {name: size_physical, unit: pc, datatype: float64, format: '%.5f', description: physical
#     size}
# - {name: type, datatype: string, description: type of PWN}
# - {name: distance, unit: kpc, datatype: float64, format: '%.5f', description: Distance
#     observer to source center}
# - {name: GLON, unit: deg, datatype: float64, format: '%.5f', description: Galactic
#     longitude}
# - {name: GLAT, unit: deg, datatype: float64, format: '%.5f', description: Galactic
#     latitude}
# - {name: RA, unit: deg, datatype: float64, format: '%.5f'}
# - {name: DEC, unit: deg, datatype: float64, format: '%.5f'}
# - {name: sigma, unit: deg, datatype: float64, format: '%.5f'}
# - {name: galactocentric_r, unit: kpc, datatype: float64, format: '%0.4f', description: Galactocentric
#     radius in the xy plan}
# - {name: spec_alpha, datatype: float64, format: '%5g', description: Spectral model
#     parameter (log parabola)}
# - {name: spec_beta, datatype: float64, format: '%5g', description: Spectral model
#     parameter (log parabola)}
# - {name: spec_norm, unit: 1 / (cm2 MeV s), datatype: float64, format: '%5g', description: Spectral
#     model norm parameter (log parabola)}
# - {name: spec_norm_cu, unit: '%', datatype: float64, format: '%5g', description: Spectral
#     model norm parameter (log parabola) in crab units}
# - {name: int_flux_above_1TeV, unit: 1 / (cm2 s), datatype: float64, format: '%5g',
#   description: 'Integral flux above 1 TeV '}
# - {name: int_flux_above_1TeV_cu, unit: '%', datatype: float64, format: '%5g', description: Integral
#     flux above 1 TeV in crab units}
# - {name: luminosity, unit: erg / s, datatype: float64, description: Intrinsic source
#     luminosity}
# - {name: skip, datatype: int64, description: 'skip boolean: 0 take, 1 skip'}
# - {name: source_name, datatype: string, description: source name}
galactocentric_x galactocentric_y galactocentric_z size_physical type distance GLON GLAT RA DEC sigma galactocentric_r spec_alpha spec_beta spec_norm spec_norm_cu int_flux_above_1TeV int_flux_above_1TeV_cu luminosity skip source_name
-1.48813 2.99964 -0.12312 4.50101 composite 11.59618 -7.37348 -0.60834 262.33434 -35.48629 0.02223 3.3485 1.96059 0.231996 5.80042e-20 0.179579 4.48804e-14 0.24032 5.89162465838e+33 0 composite_0
0.04501 0.07311 -0.24324 30.40688 composite 8.57668 0.30081 -1.62516 268.17908 -29.51462 0.20305 0.0859 2.50836 0.130903 3.57822e-19 1.10781 2.13695e-13 1.14427 8.24745020297e+33 0 composite_1
-5.72280 10.06180 0.00901 28.11953 composite 19.42398 -17.13509 0.02658 254.25337 -43.01795 0.08291 11.5754 2.04196 0.377282 8.99529e-21 0.0278492 6.10094e-15 0.0326686 3.32008694767e+33 0 composite_2
1.50117 -0.63848 -0.55556 17.64734 composite 8.02282 10.81058 -3.97077 276.09200 -21.46381 0.12598 1.6313 1.92666 0.305856 1.40048e-19 0.433587 1.05615e-13 0.565534 8.6495074385e+33 0 composite_3
-1.45152 -0.15333 0.33033 26.65942 composite 8.47838 -9.86531 2.23289 257.70954 -35.90466 0.18009 1.4596 2.21028 0.130301 3.69032e-19 1.14251 2.61317e-13 1.39927 1.16089318634e+34 0 composite_4
-2.58382 1.84817 -0.13213 18.06384 composite 10.66669 -14.01945 -0.70975 257.59216 -40.99394 0.09699 3.1768 2.57769 0.321391 3.05714e-19 0.946482 1.62166e-13 0.868347 1.41407213618e+34 0 composite_5
-0.15949 0.93088 -0.21021 13.14773 composite 9.43457 -0.96886 -1.27670 267.08340 -30.42653 0.07981 0.9444 1.90194 0.191027 5.07936e-20 0.157256 4.19796e-14 0.224787 3.35944522168e+33 0 composite_6
4.32740 -4.54952 0.07207 12.42729 composite 5.85985 47.60707 0.70470 289.02907 13.35944 0.12146 6.2789 1.9442 0.376108 1.02845e-19 0.318406 7.37225e-14 0.394761 4.00969774453e+33 0 composite_7
-1.48883 4.84193 -0.03003 4.35722 composite 13.42478 -6.36731 -0.12817 262.52298 -34.38221 0.01859 5.0657 2.01953 0.119095 3.35324e-20 0.103815 2.70141e-14 0.144652 3.27129142321e+33 0 composite_8
7.67867 0.89934 0.10210 1.45950 composite 12.13754 39.24666 0.48197 285.31752 5.83834 0.01000 7.7312 2.06385 0.193405 3.74208e-19 1.15854 2.78421e-13 1.49086 3.30261621052e+34 0 composite_9
-0.17227 -7.04563 -0.04505 10.76483 composite 1.46523 -6.75520 -1.76190 263.93689 -35.59788 0.42078 7.0477 1.88559 0.355764 1.53405e-18 4.74939 1.1509e-12 6.16271 3.86875798287e+33 0 composite_10
-3.12670 -4.00747 0.03303 29.03483 composite 5.47359 -34.83705 0.34575 234.37136 -55.19154 0.30381 5.0829 2.36975 0.130993 2.53783e-19 0.785706 1.63582e-13 0.875929 2.77056024656e+33 0 composite_11
5.31456 -6.41328 0.13514 15.51265 composite 5.71115 68.56294 1.35589 299.60646 31.94593 0.15557 8.3291 2.17084 0.182147 3.3572e-19 1.03938 2.35763e-13 1.26243 5.57301406381e+33 0 composite_12
0.00174 -3.00505 0.05405 9.39370 composite 5.49522 0.01814 0.56356 265.86775 -28.62599 0.09791 3.0051 1.72336 0.152417 1.12622e-19 0.348676 1.0874e-13 0.582266 2.96251860319e+33 0 composite_13
-10.69330 -3.44212 0.05405 1.30998 composite 11.82927 -64.68607 0.26180 176.65021 -61.64723 0.01000 11.2336 2.31609 0.367758 3.03522e-20 0.0939697 1.79168e-14 0.0959389 2.70470160428e+33 0 composite_14
4.13624 2.13723 0.19520 2.65884 composite 11.41478 21.24835 0.97984 276.59141 -9.92765 0.01334 4.6558 2.31827 0.243959 4.2661e-20 0.132078 2.66452e-14 0.142677 2.66781083913e+33 0 composite_15
-6.64852 9.68355 0.04805 12.93139 composite 19.36096 -20.08412 0.14220 251.51241 -45.21801 0.03825 11.7462 2.50975 0.356814 8.22991e-20 0.254796 4.44481e-14 0.238005 1.47241908798e+34 0 composite_16
0.40836 1.22142 -0.10811 17.73868 composite 9.73059 2.40536 -0.63659 268.42489 -27.19992 0.10441 1.2879 1.8007 0.197933 5.59753e-20 0.173298 4.92784e-14 0.26387 4.62640250799e+33 0 composite_17
-6.31644 -5.29731 -0.05105 13.16603 composite 7.08218 -63.11315 -0.41300 179.60358 -62.66077 0.10647 8.2437 2.03055 0.300715 1.37093e-19 0.424436 9.75265e-14 0.522223 5.57806688556e+33 0 composite_18
-10.40940 -1.07578 0.03003 4.85308 composite 12.78576 -54.50267 0.13457 198.44583 -62.62582 0.02174 10.4648 2.10056 0.130189 5.05944e-20 0.156639 3.83604e-14 0.205408 4.13620739516e+33 0 composite_19
-4.07975 -4.31345 -0.02102 11.61621 composite 5.84568 -44.25978 -0.20603 219.52525 -60.39789 0.11381 5.9372 2.15291 0.229114 5.89262e-19 1.82434 4.06796e-13 2.17826 1.16016430726e+34 0 composite_20
-4.67569 -2.57777 -0.14715 6.74851 composite 7.54696 -38.29162 -1.11722 230.69963 -58.35934 0.05121 5.3392 1.91866 0.177349 6.94051e-20 0.214877 5.72945e-14 0.306794 2.77873332598e+33 0 composite_21
5.87296 -10.17260 0.00601 31.07668 composite 6.10650 105.89678 0.05639 338.90671 58.36300 0.29147 11.7462 1.86552 0.181516 1.25614e-18 3.88897 1.07128e-12 5.73636 3.58011155198e+34 0 composite_22
-5.77902 10.12800 -0.09309 8.51816 composite 19.50405 -17.23561 -0.27347 254.48923 -43.28351 0.02501 11.6608 2.57558 0.135752 3.31284e-20 0.102565 1.90503e-14 0.102008 3.70906797723e+33 0 composite_23
-10.52350 -1.54094 0.01802 7.19434 composite 12.61637 -56.52383 0.08184 194.04958 -62.78488 0.03266 10.6357 1.91074 0.216494 2.17205e-20 0.067246 1.75296e-14 0.0938654 2.69859509806e+33 0 composite_24
0.70435 -1.07820 0.44745 12.25159 composite 7.46856 5.42130 3.43471 266.28101 -22.52213 0.09395 1.2879 2.39967 0.151773 1.43985e-19 0.445775 9.02365e-14 0.483188 2.93318093541e+33 0 composite_25
6.01089 6.13015 0.06006 40.01695 composite 15.81694 22.33562 0.21756 277.78818 -9.31867 0.14490 8.5854 1.95881 0.304963 8.40323e-20 0.260162 6.21972e-14 0.333046 1.91744155843e+34 0 composite_26
7.63944 -0.17370 0.44444 27.20922 composite 11.30866 42.53660 2.25235 285.24505 9.57274 0.13780 7.6414 1.82428 0.255215 6.06691e-20 0.18783 5.04149e-14 0.269955 7.58567948618e+33 0 composite_27
-6.70805 -5.62801 -0.19219 6.09544 composite 7.29953 -66.82226 -1.50872 171.16937 -62.72580 0.04783 8.7563 2.01556 0.237501 2.51094e-19 0.77738 1.87137e-13 1.00206 9.47838367759e+33 0 composite_28
0.74984 -3.61497 -0.41742 6.30888 composite 4.95984 8.72665 -4.82772 275.87192 -23.70217 0.07285 3.6919 1.81406 0.362202 1.0468e-19 0.324087 8.16579e-14 0.437252 3.45480581102e+33 0 composite_29
-10.14260 -5.57826 0.21622 10.48583 composite 10.55726 -73.93010 1.17354 160.31924 -57.37385 0.05689 11.5754 1.90955 0.155591 3.73743e-20 0.11571 3.15478e-14 0.168928 2.81967479433e+33 0 composite_30
10.76110 3.77641 -0.07808 3.27136 composite 16.32537 41.23675 -0.27403 286.91278 7.25971 0.01148 11.4045 1.68386 0.309762 1.31607e-20 0.0407451 1.15411e-14 0.061799 4.97025028461e+33 0 composite_31
3.31268 12.00070 -0.45345 21.97544 composite 20.77157 9.17900 -1.25088 272.68694 -21.61390 0.06059 12.4495 2.27562 0.155548 2.28189e-20 0.0706466 1.5308e-14 0.0819696 4.17998921838e+33 0 composite_32
6.67808 -4.68324 0.24324 1.49080 composite 7.69569 60.25050 1.81127 294.38195 25.00247 0.01110 8.1566 2.14605 0.288562 4.15882e-18 12.8756 2.78908e-12 14.9346 1.64348175772e+35 1 composite_33
6.52166 4.90161 -0.08108 12.22490 composite 14.90442 25.94906 -0.31169 279.94155 -6.35434 0.04698 8.1583 1.74085 0.111722 2.02089e-20 0.0625661 1.99697e-14 0.106931 3.45975853257e+33 0 composite_34
0.99375 6.11322 0.03003 10.88953 composite 14.64700 3.89032 0.11747 268.53908 -25.53765 0.04258 6.1935 2.39768 0.110318 4.87137e-20 0.150816 3.12679e-14 0.167429 3.56694660887e+33 0 composite_35
-10.26790 -5.34414 -0.12312 23.42532 composite 10.74264 -72.91508 -0.65667 160.34855 -59.46660 0.12489 11.5754 2.28915 0.224212 1.54038e-19 0.476899 9.87366e-14 0.528703 8.49732813534e+33 0 composite_36
3.22416 3.23927 0.16517 7.38857 composite 12.17510 15.35747 0.77731 273.93190 -15.21945 0.03476 4.5703 2.48575 0.397959 3.22507e-20 0.0998474 1.73394e-14 0.0928469 2.58606660133e+33 0 composite_37
-3.28581 10.56360 0.06306 23.11172 composite 19.34480 -9.77944 0.18677 259.83954 -37.02720 0.06843 11.0628 1.98266 0.144247 3.57398e-20 0.110649 2.89671e-14 0.15511 8.00708556077e+33 0 composite_38
4.22499 2.33364 -0.07808 4.08879 composite 11.62860 21.30519 -0.38471 277.84629 -10.51083 0.02014 4.8266 1.96749 0.325969 2.06627e-20 0.0639711 1.50302e-14 0.0804818 2.6609755427e+33 0 composite_39
-10.01430 0.68515 0.09009 16.44399 composite 13.58901 -47.47285 0.37985 212.95898 -60.98524 0.06931 10.0377 1.77914 0.272159 1.26938e-20 0.0392997 1.0736e-14 0.0574878 2.56918620662e+33 0 composite_40
1.62711 -0.11705 0.21622 23.54238 composite 8.54214 10.98439 1.45044 271.10733 -18.72288 0.15785 1.6313 2.23289 0.184233 4.73659e-19 1.46644 3.20356e-13 1.7154 1.63422379773e+34 0 composite_41
-2.86463 -0.99546 0.16216 7.44414 composite 8.03433 -20.89284 1.15650 249.67372 -45.15869 0.05307 3.0327 1.57751 0.330445 8.1802e-20 0.253257 7.59016e-14 0.406429 9.47920870057e+33 0 composite_42
2.71348 -2.75040 0.27327 27.34423 composite 6.36361 25.26461 2.46119 277.14972 -5.68460 0.24610 3.8636 2.38205 0.188613 1.65852e-19 0.513473 1.02939e-13 0.551206 2.67435095432e+33 0 composite_43
-0.69715 -6.24007 -0.11411 27.47124 composite 2.36777 -17.14411 -2.76233 257.31277 -44.72551 0.66450 6.2789 1.83161 0.150621 8.69375e-19 2.69156 7.77505e-13 4.16329 3.62923477977e+33 0 composite_44
6.57045 -5.78806 -0.01502 3.03383 composite 7.10814 67.57171 -0.12107 300.46452 30.32591 0.02445 8.7563 2.13377 0.158234 1.01465e-19 0.314133 7.39614e-14 0.396039 2.60298712643e+33 0 composite_45
0.54086 0.55189 0.21922 8.05158 composite 9.07068 3.41942 1.38486 267.06656 -25.29455 0.05084 0.7727 2.18818 0.156508 3.0365e-18 9.40094 2.14373e-12 11.479 1.1813307714e+35 1 composite_46
1.58698 0.85581 0.22523 0.21905 composite 9.49212 9.62717 1.35965 270.48361 -19.94878 0.01000 1.8030 2.23286 0.327568 9.28718e-20 0.287529 5.8263e-14 0.31198 5.43226829677e+33 0 composite_47
4.01399 0.59457 -0.06306 23.00338 composite 9.94119 23.81480 -0.36345 279.00022 -8.27423 0.13253 4.0578 2.13834 0.258536 7.28455e-20 0.225528 4.98755e-14 0.267067 4.52263784272e+33 0 composite_48
-0.81681 -4.49677 -0.14715 24.17586 composite 4.08836 -11.53221 -2.06266 260.92874 -39.74794 0.33868 4.5704 2.0874 0.296069 2.18001e-19 0.674926 1.50495e-13 0.805855 2.69069567122e+33 0 composite_49
-3.31686 -0.62037 0.17718 21.79448 composite 8.55111 -22.82823 1.18726 247.76230 -46.56358 0.14598 3.3744 2.15525 0.368296 5.36065e-20 0.165964 3.43578e-14 0.183975 3.1540738508e+33 0 composite_50
10.64070 1.88588 0.02402 9.53837 composite 14.86915 45.69433 0.09256 288.67263 11.38159 0.03674 10.8065 2.40926 0.15047 3.35826e-20 0.103971 2.095e-14 0.112181 2.67650189325e+33 0 composite_51
-0.16270 3.00064 -0.10511 1.14742 composite 11.50227 -0.81051 -0.52359 266.43340 -29.90077 0.01000 3.0050 2.12084 0.226706 9.73025e-20 0.301246 6.8537e-14 0.366994 7.69963825695e+33 0 composite_52
1.32725 -5.94972 -0.36036 11.22667 composite 2.89748 27.49396 -7.14439 286.78670 -8.07090 0.22191 6.0960 1.7999 0.304027 4.07983e-19 1.26311 3.33143e-13 1.78388 3.97256171783e+33 0 composite_53
-4.74824 6.20912 -0.00300 9.80467 composite 15.45652 -17.89056 -0.01112 253.64267 -43.63015 0.03633 7.8166 2.38867 0.204935 6.9046e-20 0.213765 4.23494e-14 0.226767 6.71931101213e+33 0 composite_54
5.15877 -10.36230 0.02102 18.01770 composite 5.48466 109.84943 0.21959 345.67539 60.29980 0.18815 11.5754 2.0923 0.298482 1.91233e-17 59.2051 1.31476e-11 70.4014 4.24361860673e+35 1 composite_55
-10.55890 -1.27582 0.03303 3.54483 composite 12.79376 -55.62088 0.14792 196.01483 -62.68835 0.01587 10.6357 2.10062 0.20792 2.96033e-20 0.0916512 2.13431e-14 0.114286 2.85490714506e+33 0 composite_56
-3.09393 0.72072 -0.49249 20.76745 composite 9.73841 -18.54872 -2.89879 256.27197 -45.93025 0.12214 3.1768 2.21961 0.153614 3.5354e-19 1.09455 2.45383e-13 1.31395 1.51699633016e+34 0 composite_57
-9.50321 2.65395 -0.00601 14.80260 composite 14.65338 -40.43113 -0.02350 226.11905 -58.53053 0.05786 9.8668 1.69851 0.260212 3.27189e-20 0.101297 2.9463e-14 0.157765 8.43713024051e+33 0 composite_58
2.08004 4.80661 -0.53453 5.80931 composite 13.47880 8.88437 -2.27278 273.50172 -22.36238 0.02468 5.2374 2.4162 0.104615 2.91383e-19 0.902115 1.8567e-13 0.994204 1.75481731785e+34 0 composite_59
6.25699 -6.12557 0.17117 2.97641 composite 6.69456 69.21903 1.46513 299.90269 32.56186 0.02546 8.7563 2.75672 0.215524 1.15495e-18 3.57569 5.87388e-13 3.14527 1.42728119279e+34 0 composite_60
7.22619 1.54469 0.08709 5.55295 composite 12.37422 35.73139 0.40325 283.77760 2.67528 0.02570 7.3894 2.06432 0.30561 7.13746e-20 0.220974 4.96629e-14 0.265929 8.54613676186e+33 0 composite_61
2.23451 -2.49385 -0.17117 2.25744 composite 6.41063 20.40706 -1.53003 278.45951 -11.83606 0.02017 3.3485 2.05347 0.179318 1.58579e-19 0.490957 1.19844e-13 0.641727 3.83716506511e+33 0 composite_62
-7.38008 9.57354 0.05405 13.07986 composite 19.52233 -22.21197 0.15863 249.47391 -46.80681 0.03837 12.0879 2.05068 0.31785 2.11623e-20 0.0655179 1.47401e-14 0.0789286 6.63941427661e+33 0 composite_63
-0.24132 -3.51192 -0.01502 17.56575 composite 4.99394 -2.76977 -0.17233 264.88736 -31.38158 0.20146 3.5202 1.82231 0.247919 5.91775e-19 1.83212 4.94911e-13 2.65009 1.41952450139e+34 0 composite_64
-7.73440 -1.13049 0.01502 4.59321 composite 10.68320 -46.38392 0.08055 215.28066 -60.91711 0.02462 7.8166 1.72526 0.186333 5.78561e-20 0.179121 5.42043e-14 0.290247 6.24744358556e+33 0 composite_65
12.19590 -5.26514 0.10811 3.36312 composite 12.61808 75.14484 0.49091 304.82628 37.00299 0.01527 13.2839 2.07238 0.229407 4.36569e-20 0.135161 3.15964e-14 0.169189 4.46646309066e+33 0 composite_66
-4.95981 15.58930 -0.14414 30.03232 composite 24.59502 -11.63420 -0.33579 259.02323 -38.84345 0.06994 16.3593 2.1792 0.119686 1.40786e-20 0.0435871 1.0231e-14 0.0547837 3.79122559174e+33 0 composite_67
-2.44910 10.52540 -0.29129 5.41430 composite 19.18460 -7.33523 -0.86999 262.62854 -35.59860 0.01616 10.8066 2.29078 0.244449 3.37725e-20 0.104559 2.14033e-14 0.114608 6.1847053537e+33 0 composite_68
10.15160 -1.07657 -0.11411 10.94719 composite 12.57678 53.82360 -0.51986 293.21272 18.25348 0.04985 10.2085 2.1451 0.222883 3.29247e-20 0.101934 2.29151e-14 0.122703 2.99015797149e+33 0 composite_69
-2.05127 -5.38914 0.06607 13.09078 composite 3.72687 -33.40046 1.01579 235.66568 -53.79600 0.20118 5.7663 1.90234 0.238337 3.76251e-19 1.16486 3.00771e-13 1.61053 4.35919129654e+33 0 composite_70
5.12607 7.82469 -0.15315 41.17252 composite 17.11127 17.43266 -0.51282 276.11938 -13.99868 0.13781 9.3543 1.99823 0.130632 4.41853e-20 0.136797 3.57992e-14 0.191693 7.3718279052e+33 0 composite_71
2.32031 -5.09171 0.14114 21.01502 composite 4.12555 34.24642 1.96054 281.71313 2.06334 0.29174 5.5955 1.92125 0.108276 3.29237e-18 10.1931 2.8605e-12 15.317 3.36407742046e+34 1 composite_72
-4.06738 1.07512 -0.75075 27.08230 composite 10.43025 -23.01512 -4.12761 253.61154 -50.19982 0.14871 4.2071 1.91924 0.13944 4.5454e-20 0.140725 3.8588e-14 0.206627 3.18579598783e+33 0 composite_73
-0.25233 -0.05170 0.42342 3.86484 composite 8.46267 -1.71078 2.86793 262.59245 -28.84696 0.02616 0.2576 2.13434 0.193086 1.4191e-19 0.439351 1.01178e-13 0.541778 5.54653200134e+33 0 composite_74
-0.67673 5.19347 -0.37538 7.68902 composite 13.71532 -2.82925 -1.56835 266.24610 -32.16784 0.03211 5.2374 2.1487 0.132409 1.35066e-19 0.418161 9.91997e-14 0.531183 1.20262151155e+34 0 composite_75
-4.98708 -4.84714 -0.42943 3.28806 composite 6.19667 -53.77854 -3.97379 201.15801 -66.63329 0.03039 6.9545 2.48883 0.330198 4.02356e-19 1.24568 2.21776e-13 1.18754 7.15307478219e+33 0 composite_76
-0.35519 0.24110 -0.54955 2.36218 composite 8.76556 -2.32690 -3.59447 268.61335 -32.77499 0.01543 0.4293 2.51119 0.359024 1.03271e-19 0.319724 5.56896e-14 0.2982 3.79842640144e+33 0 composite_77
0.81366 -5.01737 0.04505 8.53171 composite 3.57670 13.15035 0.72168 272.88252 -17.18370 0.13662 5.0829 2.00555 0.274798 3.12221e-19 0.966628 2.28827e-13 1.22529 3.14578899602e+33 0 composite_78
-5.20876 -7.14455 0.05706 9.09911 composite 5.38253 -75.41370 0.60740 157.41971 -57.12673 0.09682 8.8417 1.91083 0.288379 1.1061e-19 0.342447 8.51335e-14 0.455863 3.0052348796e+33 0 composite_79
-2.99655 -1.84730 0.74174 22.95759 composite 7.33402 -24.24805 5.80464 241.70823 -44.26468 0.17928 3.5202 2.02322 0.388011 5.16231e-20 0.159824 3.51813e-14 0.188385 2.88157890067e+33 0 composite_80
