sky_model/pwn/ctadc_skymodel_gps_sources_pwn.ecsv
# %ECSV 0.9
# ---
# datatype:
# - {name: x, unit: kpc, datatype: float64, description: Galactocentric x coordinate}
# - {name: y, unit: kpc, datatype: float64, description: Galactocentric y coordinate}
# - {name: z, unit: kpc, datatype: float64, description: Galactocentric z coordinate}
# - {name: spiralarm, datatype: string}
# - {name: GLON, unit: deg, datatype: float64, description: Galactic longitude}
# - {name: GLAT, unit: deg, datatype: float64, description: Galactic latitude}
# - {name: RA, unit: deg, datatype: float64}
# - {name: DEC, unit: deg, datatype: float64}
# - {name: distance, unit: pc, datatype: float64, description: Distance observer to
#     source center}
# - {name: sigma, unit: deg, datatype: float64, description: Angular extension (deg)}
# - {name: spec_alpha, datatype: float64, description: Spectral model parameter (log
#     parabola)}
# - {name: spec_beta, datatype: float64, description: Spectral model parameter (log
#     parabola)}
# - {name: spec_norm, unit: 1 / (cm2 MeV s), datatype: float64, description: Spectral
#     model norm parameter (log parabola)}
# - {name: spec_norm_cu, unit: '%', datatype: float64, description: Spectral model norm
#     parameter (log parabola) in crab units}
# - {name: int_flux_above_1TeV, unit: 1 / (cm2 s), datatype: float64, description: 'Integral
#     flux above 1 TeV '}
# - {name: int_flux_above_1TeV_cu, unit: '%', datatype: float64, description: Integral
#     flux above 1 TeV in crab units}
# - {name: source_name, datatype: string, description: source name}
x y z spiralarm GLON GLAT RA DEC distance sigma spec_alpha spec_beta spec_norm spec_norm_cu int_flux_above_1TeV int_flux_above_1TeV_cu source_name
[from data line 65]
1.11572856792 -1.85256788122 -0.0595684981487 "Crux Scutum" 9.52791735161 -0.506338901059 272.168477011 -20.948571031 6740.6789285 0.203694679331 2.0530704982 0.137147851921 5.36746482604e-19 1.66175381611 5.30540397526e-13 2.07884810382 pwn_65
9.02778610543 5.55667833954 0.0392150899762 Norma 32.7102715704 0.134493729015 282.638709061 -0.135941319778 16706.0667343 0.0190169846492 2.09578457714 0.350920241472 4.23182053903e-20 0.131016115759 5.28966981232e-14 0.207268289285 pwn_66
3.5726014856 -6.93638362857 -0.00608275184681 Norma 66.3625027925 -0.0893677732795 299.699417029 29.3146834033 3899.79672955 0.542539127671 2.16655936969 0.0150963866344 3.09962127965e-18 9.59635071101 2.50618669214e-12 9.82014089231 pwn_67
0.608772464907 -2.08193330799 0.162681905217 "Carina Sagittarius" 5.41846156447 1.44550815504 268.13357356 -23.5470919164 6448.9262191 0.145566421098 2.00232953271 0.436659713951 2.28207578733e-19 0.706525011557 3.64112642606e-13 1.42672429882 pwn_68
-3.07827757446 -4.22401186588 0.00848683767962 Norma -35.7500581909 0.0922910228899 233.322144784 -55.9303109484 5268.77019569 0.334582762511 2.14229113628 0.222239477676 1.05302398958e-18 3.26013619065 1.06222859838e-12 4.16219371393 pwn_69
1.67062912432 -2.84090341153 0.0198995858022 "Crux Scutum" 16.4471946844 0.193229416178 274.998545961 -14.5369085327 5900.57385872 0.397347711749 2.12252111641 0.251196646954 3.62112526739e-19 1.12109141405 3.84886884564e-13 1.50812525096 pwn_70
-3.2705053171 -5.38205391063 0.0454831658504 Norma -46.3679901889 0.576705714809 214.969594156 -60.4446435248 4518.83409342 0.404755536804 1.50597008903 0.270023981847 9.58052806423e-20 0.296610775982 2.00364230287e-13 0.785099121855 pwn_71
-2.07790692223 -1.34654287286 -0.00157173840433 "Crux Scutum" -16.1973077936 -0.0120891819391 255.085578276 -42.306311464 7449.13743447 0.362066031084 2.00999154492 0.32277214729 5.08529593457e-20 0.157439502618 6.64534928525e-14 0.260388687182 pwn_72
-11.3869583071 -3.91705101882 -0.0857131231292 "Carina Sagittarius" -68.0765213704 -0.400087439347 169.46470858 -61.2556491855 12274.9170096 0.0535536112549 2.20733365009 0.172428293311 3.50479926458e-20 0.10850771717 3.17288502297e-14 0.124325047525 pwn_73
-7.95112169582 -4.27693819271 0.0142025004857 "Crux Scutum" -62.0259861579 0.090385400276 182.120394171 -62.3671377344 9003.04331662 0.229241081793 2.1592675516 0.0505537452817 5.01680169073e-20 0.155318937794 4.20039684757e-14 0.164586656597 pwn_74
-7.2242688033 0.355035305484 -0.0835120475377 "Crux Scutum" -39.2088515049 -0.418687121125 228.513838349 -58.2564621955 11428.4156499 0.0988665684415 1.90175812131 0.159189468333 2.57900332976e-20 0.0798453043271 2.98201457241e-14 0.116846056744 pwn_75
-5.84001142152 2.89551318074 -0.0812831019688 "Crux Scutum" -27.134386682 -0.363700199198 244.884570234 -50.7276428027 12805.0794999 0.0757594313997 1.78248084296 0.0840710590114 5.3818167627e-19 1.66619714016 6.315522634e-13 2.47464892655 pwn_76
5.34214493811 12.7123104173 -0.133319736152 Norma 14.1355164112 -0.349196953059 274.358532691 -16.8300311771 21875.0634269 0.0558133024879 1.69805578043 0.278066589725 3.12924924637e-20 0.0968807816212 5.31002546327e-14 0.208065896905 pwn_77
-11.3640925497 -12.9206032226 0.023191554635 Perseus -111.255909158 0.108973115551 121.179207865 -31.3249008201 12193.6405629 0.118960062533 1.96461541688 0.15901431548 4.10714475973e-20 0.127156184512 4.48834664024e-14 0.17586956518 pwn_78
-2.34113054051 -3.97179511363 -0.022246572155 Perseus -27.3394491639 -0.250044423935 244.527285576 -50.7899735352 5097.64912588 0.346525433003 2.30593156748 0.479033588997 2.25487617238e-19 0.698104078137 2.77191579484e-13 1.08613630949 pwn_79
-0.465580581743 -1.53548508988 -0.0228574041323 "Crux Scutum" -3.8245550593 -0.187624198817 264.238647209 -32.2810487658 6980.09711052 0.102752900331 1.4730128926 0.48286713899 5.19006673049e-20 0.160683180511 1.84013590832e-13 0.721031435423 pwn_80
-8.8504989639 -1.9165477229 0.0565346684454 "Carina Sagittarius" -53.356249125 0.293654227477 200.877483711 -62.3467287662 11030.701336 0.225925704916 1.82182923297 0.310062940284 2.69214944839e-20 0.0833482801359 4.20705932814e-14 0.16484771655 pwn_81
1.23864953659 6.55700609703 -0.0383750384379 "Carina Sagittarius" 4.70279053247 -0.145534960021 269.243039064 -24.9685168762 15107.9170611 0.140209050145 1.69225333703 0.308748633834 2.69848628863e-20 0.0835444671402 4.87017658407e-14 0.190831035757 pwn_82
17.2614679932 -9.21369900194 -0.0498176030635 "Carina Sagittarius" 92.367623811 -0.165217340952 320.712792162 49.9082555511 17276.2879503 0.0230614399476 2.21193853073 0.492689282284 6.25389525325e-20 0.193619048088 8.70558919403e-14 0.341116297139 pwn_83
-2.85397998032 -4.95393492294 -0.0485690096353 Norma -38.8281583481 -0.611325958572 229.321582602 -58.2211236259 4552.15753325 0.658320854085 1.85033640083 0.443641575618 2.26978188499e-19 0.702718849842 4.40283647318e-13 1.7251896927 pwn_84
-8.27930588527 -9.66588800636 0.00915358555155 "Carina Sagittarius" -98.0156584656 0.0627271930303 130.648991438 -42.1997059465 8360.99782164 0.40030913769 1.8729278323 0.382534974579 1.29090849505e-19 0.399662072771 2.16465396589e-13 0.848189282741 pwn_85
-4.06651287129 6.68980000481 0.123714564596 "Carina Sagittarius" -14.9873938692 0.450766691611 255.591202607 -41.0671431767 15725.1981359 0.173664602564 1.94142361612 0.156795305871 1.37099892955e-19 0.424457872926 1.52522753136e-13 0.597639006615 pwn_86
1.43696770749 -4.46330795243 0.0174091773758 Perseus 19.5945370177 0.232790367657 276.47914168 -11.7389147875 4284.86428709 0.364921349299 2.12025617774 0.182769514059 5.81719352969e-19 1.80098870888 5.71620582341e-13 2.23981504377 pwn_87
15.865979604 3.82121278936 -0.0539323123056 "Crux Scutum" 52.1677781451 -0.153824841915 292.041409924 16.9770128308 20088.4171126 0.0397404377676 1.8940549705 0.10063338288 4.46511579556e-20 0.138238879119 4.84558377395e-14 0.189867401 pwn_88
-1.97878421931 5.3679342563 0.0365901539555 "Crux Scutum" -8.12059026959 0.149657139228 261.048304371 -35.6834827279 14008.4448231 0.187322679633 1.1775413752 0.243574063459 1.05759352936e-20 0.0327428337263 3.17691598206e-14 0.124482995001 pwn_89
1.90587490396 1.85500454254 -0.138256674546 "Crux Scutum" 10.4287738442 -0.752314311112 272.863513381 -20.2786785288 10529.8429776 0.130281250515 2.14669421067 0.49518426107 5.949232312e-20 0.184186758885 8.95482644496e-14 0.350882309094 pwn_90
-8.55395068246 -1.21227563902 -0.000859623820125 "Crux Scutum" -49.5699404777 -0.00438290511726 208.962520151 -61.9347968017 11237.4818967 0.246356223346 2.11854159857 0.456075476506 3.98559140092e-20 0.123392922629 5.77213903243e-14 0.226173168688 pwn_91
1.05722552254 -1.52116696111 0.100873795483 "Carina Sagittarius" 8.61425634138 0.818769327409 270.451445553 -21.0964918156 7059.17926624 0.268748445167 1.94072392235 0.0591747170097 1.63795847535e-19 0.507107887105 1.63422033083e-13 0.640346305733 pwn_92
-4.69518512546 -1.71681292781 0.0912958620391 Norma -34.6902000277 0.634047132216 234.281879431 -54.8720919354 8250.13485666 0.309964634006 1.70731011242 0.0125951446453 2.2036959837e-19 0.682258818484 2.54009496944e-13 0.995300571903 pwn_93
3.40139646601 2.28370408647 -0.0541179840306 "Crux Scutum" 17.5063192095 -0.274218885138 275.937674558 -13.8219124601 11307.5505968 0.179028140506 2.09498062988 0.449318834204 1.07899772847e-19 0.334055024293 1.58534632654e-13 0.621195712938 pwn_94
-6.08150427842 -6.77890418012 -0.012258048559 "Crux Scutum" -74.1982243002 -0.11112251799 158.69768135 -58.3631020681 6320.36512944 0.367895625167 2.10239359405 0.268585063974 3.4809628739e-19 1.07769748418 3.85257683292e-13 1.50957817374 pwn_95
4.35379413631 2.9322687919 0.0789469917907 "Carina Sagittarius" 20.8485236549 0.369751974406 276.950973962 -10.5654976321 12233.5001426 0.141188840041 1.87309112167 0.100094944104 1.50030981285e-19 0.464492202121 1.65687902836e-13 0.649224798419 pwn_96
-5.78943469276 3.38595431396 -0.000623719488911 "Crux Scutum" -25.9698807441 -0.00270302057711 245.775098071 -49.6499894328 13220.9479389 0.246008536988 1.94148250294 0.336826634792 1.90360909501e-20 0.0589352660995 2.73214476098e-14 0.107055258793 pwn_97
-3.27749489959 2.77968752547 0.0417617014384 "Crux Scutum" -16.2020738428 0.203704875648 254.852314931 -42.1768185441 11746.2788801 0.155559397538 1.74885774432 0.322111588965 1.08757648152e-20 0.0336710984991 1.88409985553e-14 0.0738258091248 pwn_98
4.46357846876 8.56930405735 -0.0416638555716 Perseus 14.6545485556 -0.135301438182 274.418995785 -16.2716572525 17643.3106198 0.116960177696 1.95178094514 0.0610428034182 7.86947891687e-20 0.243637118169 7.79679131766e-14 0.305506327552 pwn_99
6.56187365349 4.76900708047 0.0224400927496 Perseus 26.3136086776 0.0868562841593 279.753365135 -5.84766767409 14802.8793923 0.225364270648 1.58138407683 0.129800116749 7.91453102421e-20 0.245031920254 1.19712697534e-13 0.469077407549 pwn_100
-8.87085196304 -5.3822275897 0.0135639545339 "Carina Sagittarius" -70.6353339838 0.0826516967223 165.038761965 -59.8250293995 9402.8029509 0.0595933417 2.11267608168 0.0300389821566 2.32618271771e-19 0.720180407959 1.97901340539e-13 0.77544863396 pwn_101
4.25784669401 2.28436375236 0.0971034811433 "Carina Sagittarius" 21.5449335142 0.479839875971 277.180766116 -9.8977091211 11594.8777095 0.0540524114749 1.74502050748 0.104930236935 3.69805257665e-19 1.14490791847 4.60815976448e-13 1.80564274335 pwn_102
-15.8980858147 -6.57788797283 0.0303305954185 Perseus -83.1062790002 0.108519323224 146.001661752 -53.0147657972 16013.8866976 0.15930099594 2.06428784991 0.0661528374265 1.9075503114e-19 0.590572851827 1.73869741526e-13 0.681284185274 pwn_103
0.870262539478 -2.02858645903 -0.189486959095 "Carina Sagittarius" 7.65907083461 -1.66222214747 272.283127766 -23.1431081746 6532.41574102 0.108746152982 1.62039001261 0.0966181462373 4.63051580868e-18 14.335962256 6.42289630429e-12 25.1672179262 pwn_104
10.2880713785 -0.316046025691 -0.0816183007955 Norma 51.4984566167 -0.355717881353 291.893205645 16.2924848329 13146.4130808 0.257712175063 1.84068443562 0.342733572957 3.0027862749e-20 0.0929655193467 4.86237225149e-14 0.190525233935 pwn_105
4.98834620562 0.992499268286 -0.00299568571268 "Carina Sagittarius" 27.7221050857 -0.0160061425018 280.492966391 -4.64266828505 10723.3926161 0.12709320084 1.97016786063 0.0247498721305 4.57520751562e-20 0.141647291505 4.30966980038e-14 0.168868363925 pwn_106
-4.96518749671 16.5043297134 0.0162627431984 Norma -11.2313005466 0.036551337187 258.935141021 -38.2991919128 25492.5451019 0.042211154097 1.5516110508 0.0509273076241 5.99909805968e-21 0.0185730590083 8.35499496658e-15 0.0327378754279 pwn_107
5.14954070391 -2.90957202399 -0.101964883919 Perseus 42.6492664776 -0.768587942527 288.013492644 8.28452690088 7601.38482473 0.443369884089 2.03108992575 0.0670868190391 1.48947095605e-19 0.461136518901 1.39421197858e-13 0.546302400628 pwn_108
-9.40470829762 -8.13433007025 -0.0136428221631 "Carina Sagittarius" -87.7733710977 -0.0830525910815 140.28544465 -49.9850253546 9411.82441333 0.317699613913 1.89763015802 0.158270560479 2.24096493691e-19 0.693797194089 2.59788797863e-13 1.01794595162 pwn_109
-7.57910714171 5.06059081921 -0.0344028777644 "Carina Sagittarius" -29.2011239251 -0.126884566221 242.223631622 -51.9793509743 15534.9178302 0.213882377193 1.52956382659 0.149375155426 2.38704103521e-21 0.00739021992324 3.92819011911e-15 0.0153920617895 pwn_110
4.5276353165 -10.0543580607 -0.0478436994372 "Crux Scutum" 108.947582302 -0.572622168414 344.695244033 59.2056294778 4787.25386414 0.521510245947 1.64812445639 0.127531892658 1.7333124598e-18 5.3662924452 2.44348021033e-12 9.57443434214 pwn_111
12.0819239833 -5.40014881259 -0.113771787064 "Crux Scutum" 75.6100535474 -0.522595352383 306.199174501 36.8069141339 12473.7688187 0.0784308626756 2.1633824227 0.375268326716 4.78652215157e-20 0.148189540296 5.79751531381e-14 0.227167502667 pwn_112
-4.01019035565 1.30425770056 0.000878037570861 Norma -22.2458079257 0.00474929821799 249.608218482 -46.9348505933 10592.6907119 0.317120779054 2.2418001161 0.499011393879 5.26529341512e-20 0.163012180035 7.16991928637e-14 0.280943226614 pwn_113
-0.212606120707 3.78738761351 0.104126331361 Norma -0.991278078288 0.485454182738 265.335225073 -29.5250724051 12289.6679377 0.121074842715 1.96438466726 0.266988961814 1.85188370767e-20 0.0573338609186 2.33252688387e-14 0.0913967930106 pwn_114
13.9657839079 -12.4777700481 0.00621329143365 "Carina Sagittarius" 105.898147621 0.0245155297707 338.939151908 58.336021414 14521.2194158 0.165799339471 2.10928568925 0.472101358957 2.85858835776e-20 0.0885011875467 4.3051344371e-14 0.168690652078 pwn_115
-2.51430682915 5.58275284563 0.0372569592643 "Crux Scutum" -10.1228167055 0.149220256128 259.630509979 -37.3298247027 14305.4903664 0.17699521959 2.06043776209 0.198305056063 6.47760252692e-20 0.200544969874 6.82035963273e-14 0.267246222078 pwn_116
-4.72572823972 -7.7224029212 0.0264466512442 "Crux Scutum" -80.655970311 0.316387298763 149.435618994 -54.399608776 4789.34902028 0.330951632182 2.08899820517 0.0533412234014 6.87044544049e-19 2.12707289179 6.07285602788e-13 2.37956342198 pwn_117
2.176282573 -9.50898923407 0.0617009299412 "Crux Scutum" 114.873839614 1.47341015942 354.748341046 63.2061373913 2399.59832405 0.935895242311 2.34721568191 0.204386914735 4.76578391311e-18 14.754748957 3.99380431806e-12 15.6491618213 pwn_118
-4.27346023677 -17.2019346277 -0.0151600896436 Perseus -153.844662825 -0.089596731572 99.6779468323 5.98705868838 9694.65618205 0.258955736449 1.59311043248 0.148063886707 4.11514379402e-20 0.127403832632 6.32198963134e-14 0.247718292872 pwn_119
-6.19989267459 3.08281409823 0.0455943160182 "Crux Scutum" -28.1586525243 0.198843263171 243.096263712 -51.0317954817 13137.8206127 0.155398886176 2.18264439774 0.246703481145 2.84872466221e-20 0.0881958099756 2.85600932681e-14 0.111908718002 pwn_120
-10.5953648111 -1.01909782344 0.00381776845892 "Carina Sagittarius" -54.7758346428 0.0168649902445 197.873453694 -62.7655858576 12970.1837856 0.0596530221778 1.89685758199 0.328521838458 8.30750817658e-20 0.25719839556 1.23393965304e-13 0.48350193876 pwn_121
-15.6148269499 -8.32637350282 0.00892375257468 Perseus -89.3629352685 0.0327420662943 138.703457761 -48.7686949138 15615.7947755 0.126438099983 1.93945008775 0.230525109576 4.70525602651e-20 0.145673561192 5.76860158622e-14 0.226034558822 pwn_122
0.834504685902 -5.53475001739 -0.0310124096678 Norma 15.7180940643 -0.5768074146 275.346042883 -15.5428463902 3080.59528334 0.927651826896 1.91839257278 0.467580256039 6.73644591242e-19 2.08558696979 1.26139606531e-12 4.9426034865 pwn_123
-4.67799836061 -0.949707051454 0.0128875999262 Norma -31.7814605363 0.0831345911014 238.783699847 -53.5185166484 8882.04696908 0.126266532822 1.8987102785 0.44238241115 2.28819016083e-19 0.70841800645 4.1723714164e-13 1.63488519401 pwn_124
-7.40158518107 -5.36530483456 0.0724976859697 "Crux Scutum" -67.0465294793 0.516756419158 172.099271218 -60.7360534044 8038.34764658 0.197759678695 1.66892702822 0.350988797583 2.30455898495e-20 0.0713485753854 4.63597207711e-14 0.18165406078 pwn_125
4.19284552989 -4.70016629906 0.0696431340118 Perseus 47.8150506899 0.705143055656 289.128295397 13.543655478 5658.93452502 0.237565887179 2.0495015838 0.244842456182 1.34756968615e-19 0.417204237198 1.51838366402e-13 0.59495733323 pwn_126
-10.8772512708 -6.76996600834 -0.0907546067064 "Carina Sagittarius" -80.9627663973 -0.472103754731 148.176805631 -54.8291488292 11014.347426 0.300238177887 2.45115461885 0.0658436409072 9.24636478853e-19 2.86265163732 6.42446309138e-13 2.51733571616 pwn_127
-0.502690151003 2.61754923104 0.0271070381501 Norma -2.5889176763 0.139556888977 264.691511522 -31.0623171433 11128.9412382 0.206289693204 1.98484408448 0.198506833389 1.72515737731e-20 0.0534104451181 1.94357385593e-14 0.0761562143783 pwn_128
