sky_model/pwn/ctadc_skymodel_gps_sources_pwn.ecsv
# %ECSV 0.9
# ---
# datatype:
# - {name: spiralarm, datatype: unicode, description: 'Which spiralarm?'}
# - {name: galactocentric_x, unit: kpc, datatype: float64, format: '%.5f', description: Galactocentric
#     x coordinate}
# - {name: galactocentric_y, unit: kpc, datatype: float64, format: '%.5f', description: Galactocentric
#     y coordinate}
# - {name: galactocentric_z, unit: kpc, datatype: float64, format: '%.5f', description: Galactocentric
#     z coordinate}
# - {name: type, datatype: string, description: type of PWN}
# - {name: size_physical, unit: pc, datatype: float64, format: '%.5f', description: Physical
#     size}
# - {name: distance, unit: kpc, datatype: float64, format: '%.5f', description: Distance
#     observer to source center}
# - {name: GLON, unit: deg, datatype: float64, format: '%.5f', description: Galactic
#     longitude}
# - {name: GLAT, unit: deg, datatype: float64, format: '%.5f', description: Galactic
#     latitude}
# - {name: RA, unit: deg, datatype: float64, format: '%.5f'}
# - {name: DEC, unit: deg, datatype: float64, format: '%.5f'}
# - {name: sigma, unit: deg, datatype: float64, format: '%.5f'}
# - {name: galactocentric_r, unit: kpc, datatype: float64, format: '%0.4f', description: Galactocentric
#     radius in the xy plan}
# - {name: spec_alpha, datatype: float64, format: '%5g', description: Spectral model
#     parameter (log parabola)}
# - {name: spec_beta, datatype: float64, format: '%5g', description: Spectral model
#     parameter (log parabola)}
# - {name: spec_norm, unit: 1 / (cm2 MeV s), datatype: float64, format: '%5g', description: Spectral
#     model norm parameter (log parabola)}
# - {name: spec_norm_cu, unit: '', datatype: float64, format: '%5g', description: Spectral
#     model norm parameter (log parabola) in crab units}
# - {name: int_flux_above_1TeV, unit: 1 / (cm2 s), datatype: float64, format: '%5g',
#   description: 'Integral flux above 1 TeV '}
# - {name: int_flux_above_1TeV_cu, unit: '', datatype: float64, format: '%5g', description: Integral
#     flux above 1 TeV in crab units}
# - {name: luminosity, unit: erg / s, datatype: float64, description: Intrinsic source
#     luminosity}
# - {name: skip, datatype: int64, description: 'skip boolean: 0 take, 1 skip'}
# - {name: source_name, datatype: string, description: source name}
spiralarm galactocentric_x galactocentric_y galactocentric_z type size_physical distance GLON GLAT RA DEC sigma galactocentric_r spec_alpha spec_beta spec_norm spec_norm_cu int_flux_above_1TeV int_flux_above_1TeV_cu luminosity skip source_name
[from data line 237]
"Crux Scutum" 1.13861 5.07379 -0.00637 isolated 17.31284 13.62146 4.79490 -0.02679 269.18080 -24.82924 0.07279 5.2000 2.08244 0.315528 6.58388e-20 0.203835 4.50995e-14 0.241493 9.54227790886e+33 0 pwn_237
"Carina Sagittarius" 0.42417 0.14045 -0.04746 isolated 21.49662 8.65098 2.81045 -0.31434 268.34388 -26.68737 0.14232 0.4468 2.1109 0.375133 2.37565e-20 0.0735496 1.55381e-14 0.0832017 1.55672890781e+33 0 pwn_238
"Crux Scutum" 3.20053 3.37254 -0.07394 isolated 15.16080 12.29659 15.08683 -0.34454 274.82391 -15.98997 0.07061 4.6495 2.24823 0.324674 1.17874e-19 0.364935 7.34548e-14 0.393327 1.12461637178e+34 0 pwn_239
"Crux Scutum" 3.29812 1.35190 -0.05980 isolated 15.27316 10.38947 18.50899 -0.32979 276.47001 -12.96154 0.08420 3.5644 2.27025 0.193853 1.3427e-19 0.415697 8.84115e-14 0.473415 6.67031367799e+33 0 pwn_240
Norma -4.01040 0.81557 -0.11269 isolated 29.84342 10.14277 -23.29215 -0.63661 249.27642 -48.14148 0.16852 4.0925 1.69886 0.102215 2.01189e-20 0.0622875 2.07161e-14 0.110928 1.65341790067e+33 0 pwn_241
Perseus -12.01935 7.44563 0.00623 isolated 22.25812 19.96817 -37.00793 0.01788 231.52968 -56.70475 0.06384 14.1387 1.97542 0.383064 3.89138e-20 0.120476 2.73035e-14 0.146201 1.71099881544e+34 0 pwn_242
"Carina Sagittarius" -10.18508 -8.64155 0.05939 isolated 3.26918 10.18623 -90.79623 0.33405 137.55575 -47.52020 0.01838 13.3571 2.14172 0.217766 2.64108e-20 0.0817671 1.84732e-14 0.0989178 1.5627213429e+33 0 pwn_243
Norma 9.18966 -3.68408 -0.01656 isolated 17.83213 10.37513 62.34282 -0.09145 297.36275 25.86916 0.09844 9.9006 2.04403 0.171326 2.90592e-20 0.0899665 2.22096e-14 0.118925 1.83249208759e+33 0 pwn_244
Norma -0.41837 -6.79704 -0.09465 isolated 0.10000 1.75615 -13.80268 -3.08952 260.35152 -42.19929 0.01000 6.8099 1.97949 0.149067 1.14638e-18 3.54915 9.27828e-13 4.96822 2.14789060957e+33 0 pwn_245
Norma 10.75162 4.71578 -0.00806 isolated 19.32904 17.03685 39.12986 -0.02709 285.71859 5.50143 0.06498 11.7404 2.16166 0.285152 1.48532e-20 0.0459852 9.8929e-15 0.0529733 2.79206251461e+33 0 pwn_246
Perseus 6.81932 0.14323 0.01140 isolated 23.96002 11.00948 38.27265 0.05931 285.24744 4.77888 0.12465 6.8208 1.97126 0.394619 1.45054e-20 0.0449084 1.01392e-14 0.0542923 2.01753506409e+33 0 pwn_247
Perseus 3.76425 -4.38497 -0.00809 isolated 13.19073 5.57702 42.45090 -0.08314 287.30644 8.42526 0.13546 5.7791 1.67484 0.286432 4.39133e-20 0.135954 3.94051e-14 0.211001 1.83427679002e+33 0 pwn_248
"Crux Scutum" -0.85682 4.64964 0.04853 isolated 22.36944 13.17761 -3.72807 0.21099 263.90340 -31.98506 0.09722 4.7279 2.27912 0.35317 2.22713e-20 0.0689513 1.34801e-14 0.0721816 2.50366145749e+33 0 pwn_249
Perseus -13.84596 2.29970 0.10744 isolated 0.10000 17.56006 -52.04614 0.35055 203.64128 -62.09996 0.01000 14.0356 2.0178 0.265141 1.59984e-20 0.0495307 1.17075e-14 0.0626899 3.72669782127e+33 0 pwn_250
"Crux Scutum" -3.18594 5.09079 0.06725 isolated 0.10000 13.95938 -13.19302 0.27603 257.19814 -39.74309 0.01000 6.0055 1.76427 0.192855 1.0197e-18 3.15695 9.24367e-13 4.94969 1.80548602439e+35 0 pwn_251
"Crux Scutum" -6.38147 2.34215 0.02619 isolated 39.63487 12.58078 -30.48023 0.11928 240.39469 -52.64771 0.18044 6.7977 2.47121 0.244786 2.06194e-20 0.0638371 1.18887e-14 0.0636601 1.29949865511e+33 0 pwn_252
"Carina Sagittarius" 4.92990 -0.57711 -0.00308 isolated 19.23241 9.33146 31.89130 -0.01889 282.40175 -0.93474 0.11804 4.9636 2.07957 0.350966 2.48683e-20 0.0769916 1.67464e-14 0.0896719 1.86290052495e+33 0 pwn_253
"Crux Scutum" 10.53272 -7.17625 0.02272 isolated 12.12269 10.61560 82.83663 0.12262 311.16776 42.98386 0.06540 12.7451 2.11354 0.29409 2.97866e-20 0.0922186 2.02831e-14 0.108609 2.37639258641e+33 0 pwn_254
Perseus 4.04436 -4.21482 -0.18083 isolated 16.06436 5.89511 43.34392 -1.75782 289.22495 8.44038 0.15607 5.8414 1.92761 0.211559 1.87104e-19 0.579268 1.49877e-13 0.802541 4.89628930397e+33 0 pwn_255
"Carina Sagittarius" 4.95657 0.57766 0.16694 isolated 20.53277 10.34405 28.63534 0.92474 280.07343 -3.40017 0.11369 4.9901 2.30897 0.143914 7.98757e-20 0.247293 5.29164e-14 0.283351 3.41487591876e+33 0 pwn_256
"Crux Scutum" -1.96276 -8.78418 -0.05334 isolated 16.07451 1.98395 -98.23835 -1.54072 128.73510 -42.99718 0.46405 9.0008 1.93888 0.278065 1.51055e-18 4.67661 1.15023e-12 6.1591 5.20491476683e+33 1 pwn_257
"Crux Scutum" 0.69151 4.30520 0.08360 isolated 23.79014 12.82413 3.09109 0.37352 267.84260 -26.09554 0.10625 4.3604 2.04849 0.306251 3.24964e-20 0.100608 2.28086e-14 0.122133 4.28353243401e+33 0 pwn_258
Norma -3.50487 0.17894 0.04758 isolated 19.82198 9.36004 -21.99061 0.29126 249.54597 -46.55354 0.12129 3.5094 2.11165 0.137509 8.37394e-20 0.259255 6.27339e-14 0.33592 3.67208819714e+33 0 pwn_259
Perseus -5.90583 10.69379 0.04581 isolated 10.79717 20.08190 -17.10287 0.13070 254.16972 -42.92776 0.03079 12.2162 1.65506 0.284703 8.98542e-21 0.0278186 8.18276e-15 0.043816 4.99697596827e+33 0 pwn_260
Perseus 2.20724 9.80585 -0.03102 isolated 30.89486 18.43847 6.87529 -0.09639 270.38160 -23.06045 0.09597 10.0512 1.97373 0.269617 1.82186e-20 0.0564045 1.36531e-14 0.0731078 5.04197560084e+33 0 pwn_261
Perseus 6.71828 3.47441 -0.04125 isolated 2.66348 13.73039 29.29474 -0.17215 281.35262 -3.31521 0.01111 7.5635 2.17881 0.335344 4.17493e-20 0.129255 2.68515e-14 0.143781 5.62337552232e+33 0 pwn_262
Norma -4.18819 -2.28178 -0.00769 isolated 19.49070 7.49715 -33.96166 -0.05880 236.01956 -54.99067 0.14890 4.7694 2.16552 0.272834 1.88925e-19 0.584908 1.26389e-13 0.676773 6.64501329957e+33 0 pwn_263
Perseus 6.02945 5.76341 0.05993 isolated 27.12974 15.48556 22.91482 0.22175 278.05560 -8.80317 0.10034 8.3409 1.95266 0.190735 8.16452e-21 0.0252772 6.52865e-15 0.0349588 1.35501663477e+33 0 pwn_264
"Carina Sagittarius" -7.38046 4.40074 -0.00524 isolated 12.29448 14.86271 -29.77371 -0.02020 241.41558 -52.28464 0.04738 8.5929 2.02291 0.204341 1.08944e-20 0.0337287 8.25543e-15 0.0442052 1.56137206438e+33 0 pwn_265
Norma -1.68636 -4.95348 0.10218 isolated 27.24449 3.92837 -25.43095 1.49048 244.75367 -48.21131 0.39721 5.2327 2.18194 0.13227 1.88371e-19 0.583192 1.35547e-13 0.725812 1.32112158883e+33 0 pwn_266
Perseus 1.06711 2.49580 -0.01746 isolated 0.10000 11.04747 5.54303 -0.09058 269.65323 -24.21360 0.01000 2.7144 2.24645 0.320068 2.25733e-20 0.0698865 1.41111e-14 0.0755602 1.7236139503e+33 0 pwn_267
"Crux Scutum" 10.45352 -7.05808 0.01363 isolated 7.96444 10.55251 82.14639 0.07400 310.63850 42.41158 0.04323 12.6132 1.8157 0.259471 2.27882e-20 0.0705516 1.89862e-14 0.101665 2.54184838224e+33 0 pwn_268
Perseus 5.51062 -3.85601 0.16217 isolated 0.10000 7.20832 49.87801 1.28910 289.58943 15.64041 0.01000 6.7258 2.11316 0.262231 6.75715e-20 0.2092 4.68398e-14 0.250812 2.30325855312e+33 0 pwn_269
"Carina Sagittarius" -10.16580 0.00648 0.01689 isolated 15.83806 13.25534 -50.07830 0.07303 207.87313 -61.98098 0.06843 10.1658 1.96985 0.171707 8.84967e-19 2.73984 7.09201e-13 3.79755 1.00628187629e+35 0 pwn_270
"Crux Scutum" 2.10642 3.76125 -0.11984 isolated 27.81585 12.44145 9.74795 -0.55189 272.32520 -20.77817 0.12805 4.3109 2.17074 0.384586 1.4158e-20 0.0438328 8.93169e-15 0.0478264 1.79901695534e+33 0 pwn_271
"Carina Sagittarius" -3.97163 6.83878 -0.00380 isolated 25.06404 15.84462 -14.51663 -0.01374 256.45933 -40.97557 0.09060 7.9084 1.62138 0.201831 1.0481e-20 0.0324489 1.04538e-14 0.0559766 3.02975843436e+33 0 pwn_272
Perseus 5.39160 -3.71826 -0.02007 isolated 0.13161 7.20658 48.43059 -0.15961 290.21098 13.68288 0.01000 6.5494 2.23989 0.339367 3.27151e-17 101.285 2.03343e-11 108.883 1.12395407168e+36 1 pwn_273
Perseus 4.13188 -4.26232 0.00332 isolated 27.35427 5.91864 44.27577 0.03213 288.05728 10.09689 0.26470 5.9363 2.30403 0.284406 1.19334e-19 0.369456 7.3623e-14 0.394228 2.22890228902e+33 0 pwn_274
"Crux Scutum" 3.10344 -1.65778 -0.02816 isolated 8.03988 7.51320 24.39771 -0.21478 279.13751 -7.68823 0.06129 3.5185 1.76279 0.352741 7.86701e-19 2.43561 6.37059e-13 3.41125 6.29295004332e+34 0 pwn_275
"Crux Scutum" 2.27954 3.89441 -0.07043 isolated 0.10000 12.60248 10.42118 -0.32020 272.45635 -20.07688 0.01000 4.5125 2.27728 0.121177 3.11109e-20 0.0963186 2.1281e-14 0.113953 1.96579909208e+33 0 pwn_276
Perseus -2.28939 1.20017 0.02050 isolated 27.59183 9.96670 -13.27969 0.11784 257.29612 -39.90702 0.15856 2.5849 2.12404 0.270753 3.2095e-20 0.0993654 2.20048e-14 0.117828 2.10219945286e+33 0 pwn_277
"Crux Scutum" -2.99035 4.44365 0.02251 isolated 5.19063 13.28460 -13.00872 0.09707 257.52775 -39.70162 0.02238 5.3561 2.40747 0.297536 3.42874e-20 0.106153 1.99387e-14 0.106766 2.90102653727e+33 0 pwn_278
"Carina Sagittarius" -10.29010 1.13235 0.06620 isolated 8.35327 14.09514 -46.89096 0.26909 214.16809 -60.90728 0.03394 10.3522 2.28311 0.1418 3.57972e-20 0.110827 2.41031e-14 0.129065 2.91735893585e+33 0 pwn_279
Perseus 6.19012 5.45637 -0.06645 isolated 0.10000 15.26768 23.91890 -0.24938 278.94627 -8.12933 0.01000 8.2516 2.418 0.330895 2.26459e-20 0.070111 1.29133e-14 0.0691465 2.6841898531e+33 0 pwn_280
"Crux Scutum" -4.50044 -7.42358 0.04543 isolated 26.07091 4.62761 -76.54863 0.56251 155.61333 -56.56625 0.32267 8.6812 2.11223 0.376652 7.01149e-20 0.217074 4.57923e-14 0.245203 1.31742217897e+33 0 pwn_281
Perseus 1.00580 -0.52388 0.05295 isolated 34.75978 8.03946 7.18714 0.37738 270.10291 -22.55477 0.24763 1.1341 2.46623 0.312359 4.49554e-20 0.139181 2.52342e-14 0.135121 1.33329860243e+33 0 pwn_282
"Carina Sagittarius" -8.16637 3.87768 0.01733 isolated 24.36325 14.82892 -33.41547 0.06695 236.63476 -54.55682 0.09410 9.0402 2.17581 0.131162 1.43231e-20 0.0443441 1.03529e-14 0.0554364 1.43897498968e+33 0 pwn_283
Perseus 7.01046 0.71333 -0.04461 isolated 14.36728 11.57731 37.26767 -0.22077 285.03629 3.75707 0.07108 7.0467 2.34894 0.320926 2.49333e-20 0.0771929 1.47784e-14 0.0791334 1.82161716886e+33 0 pwn_284
"Crux Scutum" -1.13578 4.18071 -0.03244 isolated 0.10000 12.73151 -5.11821 -0.14597 263.36464 -33.34676 0.01000 4.3322 2.6343 0.347904 6.23294e-20 0.19297 3.19035e-14 0.170833 4.04018905912e+33 0 pwn_285
Norma -3.09817 -1.55620 -0.00891 isolated 2.49279 7.60362 -24.04542 -0.06715 247.88161 -48.30954 0.01878 3.4671 2.43502 0.392531 5.70053e-20 0.176487 3.14463e-14 0.168385 1.88719608091e+33 0 pwn_286
Norma -3.52140 1.42881 0.00436 isolated 18.04272 10.53477 -19.52779 0.02370 252.14961 -44.87038 0.09809 3.8002 2.31903 0.391488 3.32081e-20 0.102811 1.93773e-14 0.103759 2.47876018667e+33 0 pwn_287
Norma 9.06677 6.48480 -0.00232 isolated 19.85713 17.51429 31.17664 -0.00760 282.06566 -1.56560 0.06494 11.1471 1.96666 0.368488 1.22381e-20 0.037889 8.69726e-15 0.0465711 4.02655013541e+33 0 pwn_288
Norma -8.91763 14.62648 -0.00338 isolated 25.42683 24.78625 -21.08677 -0.00781 250.73755 -46.07498 0.05875 17.1306 1.97996 0.204298 1.12096e-19 0.347048 8.72685e-14 0.467295 4.73823894526e+34 0 pwn_289
Norma 4.30332 12.28673 0.05687 isolated 12.23728 21.22758 11.69628 0.15350 272.66944 -18.73158 0.03302 13.0185 2.23167 0.289456 5.28763e-21 0.0163704 3.3819e-15 0.018109 1.4158380958e+33 0 pwn_290
Perseus 1.51492 -5.40303 0.06732 isolated 18.91370 3.44830 26.06610 1.11870 278.71798 -5.59353 0.31414 5.6114 1.83307 0.16709 6.67012e-19 2.06505 5.88155e-13 3.14938 6.12869382903e+33 0 pwn_291
"Carina Sagittarius" -10.90443 -0.85843 0.05015 isolated 11.05839 13.31550 -54.97813 0.21577 197.40188 -62.58222 0.04757 10.9382 2.12291 0.354293 5.92948e-20 0.183575 3.89316e-14 0.208466 8.5542983149e+33 0 pwn_292
Perseus 7.56391 0.85017 0.07037 isolated 11.42495 12.02678 38.97147 0.33526 285.32209 5.52652 0.05441 7.6115 2.36909 0.17388 6.33642e-20 0.196174 3.99135e-14 0.213724 3.6061077508e+33 0 pwn_293
"Crux Scutum" 4.46715 -10.03382 0.00765 isolated 10.30205 4.72314 108.95022 0.09278 344.14414 59.80943 0.12492 10.9833 2.01394 0.398988 8.46982e-20 0.262224 5.76929e-14 0.308927 2.05258509577e+33 0 pwn_294
"Crux Scutum" -6.34378 2.62601 0.13131 isolated 6.83212 12.80816 -29.69074 0.58742 240.86031 -51.77534 0.03055 6.8658 1.89677 0.107193 3.28964e-20 0.101846 2.91053e-14 0.15585 3.33721020524e+33 0 pwn_295
Norma 3.66538 -7.22973 0.01197 isolated 3.88771 3.87927 70.88578 0.17681 302.26070 33.28273 0.05740 8.1058 1.80135 0.130765 1.11341e-19 0.344709 1.03442e-13 0.553897 1.24184186543e+33 0 pwn_296
"Crux Scutum" 0.64963 -11.67373 0.01164 isolated 20.76673 3.23956 168.43200 0.20588 78.93697 38.71409 0.36715 11.6918 2.00073 0.299556 2.00164e-19 0.619702 1.44989e-13 0.776368 1.77499160849e+33 0 pwn_297
"Crux Scutum" 3.08679 -0.26717 -0.02244 isolated 2.92804 8.79252 20.55289 -0.14620 277.27629 -11.06700 0.01907 3.0983 1.78644 0.250118 7.33448e-20 0.227074 6.27103e-14 0.335793 5.78914848756e+33 0 pwn_298
"Carina Sagittarius" -3.14410 6.64692 0.02248 isolated 30.62137 15.46981 -11.72655 0.08327 258.51756 -38.67418 0.11337 7.3530 2.48192 0.234477 6.4155e-20 0.198622 3.69624e-14 0.197922 5.91973134796e+33 0 pwn_299
"Carina Sagittarius" 4.25711 3.84432 -0.11320 isolated 12.05929 13.05825 19.02745 -0.49668 276.86911 -12.58057 0.05289 5.7360 2.18909 0.18411 8.14998e-20 0.252321 5.65531e-14 0.302824 6.93956837431e+33 0 pwn_300
"Crux Scutum" -6.95481 -4.44760 -0.06564 isolated 9.11362 8.04957 -59.77166 -0.46724 186.85199 -63.21277 0.06484 8.2553 2.12303 0.322854 4.81936e-20 0.149206 3.21507e-14 0.172157 2.34295577733e+33 0 pwn_301
"Carina Sagittarius" 1.98587 -16.82641 -0.06727 isolated 21.98278 8.56021 166.58540 -0.45025 76.84395 39.81629 0.14708 16.9432 2.41452 0.292527 6.14156e-20 0.190141 3.56671e-14 0.190986 2.11558224563e+33 0 pwn_302
Perseus 5.23596 -3.04206 0.01857 isolated 14.32320 7.56338 43.81084 0.14064 287.74127 9.73491 0.10846 6.0555 1.82475 0.182144 4.15842e-20 0.128744 3.64491e-14 0.195174 1.9289313876e+33 0 pwn_303
"Crux Scutum" -2.87167 5.29784 -0.05241 isolated 21.08494 14.09360 -11.75683 -0.21305 258.80342 -38.87180 0.08569 6.0261 2.15017 0.111374 1.59696e-20 0.0494415 1.18839e-14 0.0636343 1.43921939719e+33 0 pwn_304
"Crux Scutum" 1.62324 -11.52921 -0.01913 isolated 23.54672 3.43677 151.81473 -0.31890 62.93503 50.96233 0.39241 11.6429 2.07712 0.389438 2.24886e-19 0.696242 1.48729e-13 0.796396 2.54608976996e+33 0 pwn_305
Perseus 5.29822 7.43121 -0.12116 isolated 2.36344 16.78956 18.39549 -0.41347 276.49163 -13.10097 0.01000 9.1266 2.07588 0.379116 1.98053e-20 0.0613167 1.31744e-14 0.0705445 5.21122005578e+33 0 pwn_306
Perseus 3.91776 -4.35101 -0.03803 isolated 36.02624 5.70652 43.35815 -0.38188 287.99860 9.09187 0.36158 5.8549 1.99846 0.163879 8.63646e-20 0.267383 6.83107e-14 0.365782 1.72140637087e+33 0 pwn_307
Perseus 4.91446 7.84621 0.13157 isolated 18.55276 17.06950 16.73333 0.44164 274.91194 -14.16740 0.06225 9.2582 2.36362 0.323777 1.33134e-20 0.0412181 7.82309e-15 0.0418901 2.08671405637e+33 0 pwn_308
Perseus 3.91901 -5.22828 0.00092 isolated 4.87592 5.10517 50.14381 0.01029 290.89015 15.27397 0.05470 6.5340 1.96885 0.374957 4.44427e-20 0.137593 3.14345e-14 0.168322 1.2610462e+33 0 pwn_309
Perseus -3.47819 -0.93497 -0.05985 isolated 6.13487 8.32653 -24.69163 -0.41185 247.59069 -49.01628 0.04220 3.6017 1.85836 0.360066 2.56807e-20 0.0795068 1.95314e-14 0.104584 2.21112467369e+33 0 pwn_310
Norma -1.70824 -6.38431 0.00235 isolated 19.37369 2.71924 -38.91797 0.04948 228.52471 -57.70532 0.40806 6.6089 2.66406 0.211913 7.33542e-19 2.27103 3.90201e-13 2.0894 1.63881660317e+33 0 pwn_311
"Carina Sagittarius" 4.68392 2.73022 0.10885 isolated 2.89984 12.16835 22.64010 0.51252 277.66610 -8.91225 0.01365 5.4215 1.82884 0.173067 2.07213e-20 0.0641526 1.82396e-14 0.097667 2.41954934805e+33 0 pwn_312
Perseus 0.50991 -4.09098 0.06565 isolated 23.31660 4.43890 6.59697 0.84747 269.34224 -22.83180 0.30085 4.1226 2.16715 0.296415 2.50362e-19 0.775116 1.65267e-13 0.884951 3.25692656256e+33 0 pwn_313
Perseus -14.43891 2.15033 -0.01217 isolated 6.12107 17.94190 -53.58701 -0.03887 200.46818 -62.70474 0.01954 14.5981 2.16045 0.179305 7.71904e-21 0.0238979 5.46389e-15 0.0292574 1.27390094324e+33 0 pwn_314
