sky_model/pwn/ctadc_skymodel_gps_sources_composite.ecsv
# %ECSV 0.9
# ---
# datatype:
# - {name: galactocentric_x, unit: kpc, datatype: float64, format: '%.5f', description: Galactocentric
#     x coordinate}
# - {name: galactocentric_y, unit: kpc, datatype: float64, format: '%.5f', description: Galactocentric
#     y coordinate}
# - {name: galactocentric_z, unit: kpc, datatype: float64, format: '%.5f', description: Galactocentric
#     z coordinate}
# - {name: size_physical, unit: pc, datatype: float64, format: '%.5f', description: physical
#     size}
# - {name: type, datatype: string, description: type of PWN}
# - {name: distance, unit: kpc, datatype: float64, format: '%.5f', description: Distance
#     observer to source center}
# - {name: GLON, unit: deg, datatype: float64, format: '%.5f', description: Galactic
#     longitude}
# - {name: GLAT, unit: deg, datatype: float64, format: '%.5f', description: Galactic
#     latitude}
# - {name: RA, unit: deg, datatype: float64, format: '%.5f'}
# - {name: DEC, unit: deg, datatype: float64, format: '%.5f'}
# - {name: sigma, unit: deg, datatype: float64, format: '%.5f'}
# - {name: galactocentric_r, unit: kpc, datatype: float64, format: '%0.4f', description: Galactocentric
#     radius in the xy plan}
# - {name: spec_alpha, datatype: float64, format: '%5g', description: Spectral model
#     parameter (log parabola)}
# - {name: spec_beta, datatype: float64, format: '%5g', description: Spectral model
#     parameter (log parabola)}
# - {name: spec_norm, unit: 1 / (cm2 MeV s), datatype: float64, format: '%5g', description: Spectral
#     model norm parameter (log parabola)}
# - {name: spec_norm_cu, unit: '', datatype: float64, format: '%5g', description: Spectral
#     model norm parameter (log parabola) in crab units}
# - {name: int_flux_above_1TeV, unit: 1 / (cm2 s), datatype: float64, format: '%5g',
#   description: 'Integral flux above 1 TeV '}
# - {name: int_flux_above_1TeV_cu, unit: '', datatype: float64, format: '%5g', description: Integral
#     flux above 1 TeV in crab units}
# - {name: luminosity, unit: erg / s, datatype: float64, description: Intrinsic source
#     luminosity}
# - {name: skip, datatype: int64, description: 'skip boolean: 0 take, 1 skip'}
# - {name: source_name, datatype: string, description: source name}
galactocentric_x galactocentric_y galactocentric_z size_physical type distance GLON GLAT RA DEC sigma galactocentric_r spec_alpha spec_beta spec_norm spec_norm_cu int_flux_above_1TeV int_flux_above_1TeV_cu luminosity skip source_name
[from data line 243]
4.29581 8.30954 0.07508 31.31947 composite 17.34994 14.33556 0.24794 273.90966 -16.37009 0.10339 9.3543 2.19116 0.231482 2.009e-20 0.0621982 1.35497e-14 0.0725542 3.32998824486e+33 0 composite_243
10.72760 -7.08625 -0.06006 25.54841 composite 10.82052 82.49247 -0.31803 311.34587 42.44027 0.13523 12.8568 2.31658 0.357694 2.19181e-20 0.0678578 1.29917e-14 0.0695663 1.59364815835e+33 0 composite_244
-1.27515 -0.78035 -0.15916 6.00821 composite 7.82588 -9.37956 -1.16534 261.52392 -37.46342 0.04397 1.4950 2.24581 0.279496 9.39764e-20 0.290949 5.99486e-14 0.321006 3.27978862351e+33 0 composite_245
-7.84014 -9.67069 0.18919 17.54387 composite 7.92932 -98.49266 1.36718 131.62047 -41.01585 0.12672 12.4495 2.10672 0.248095 5.40214e-20 0.167249 3.78915e-14 0.202897 2.17470622073e+33 0 composite_246
-8.91757 3.34737 0.08709 36.68100 composite 14.82872 -36.96895 0.33650 231.26793 -56.41798 0.14168 9.5251 1.95348 0.341739 8.50238e-20 0.263231 6.17954e-14 0.330895 1.89918843312e+34 0 composite_247
-1.41322 -5.67855 0.01802 10.84886 composite 3.15565 -26.60557 0.32718 244.71724 -49.86420 0.19690 5.8518 2.1451 0.329541 1.69558e-19 0.524948 1.11375e-13 0.596378 1.24799400826e+33 0 composite_248
-6.22354 9.86113 0.11411 1.57632 composite 19.38754 -18.72419 0.33723 252.53564 -44.05296 0.01000 11.6608 2.05721 0.114175 2.36834e-20 0.0733231 1.86767e-14 0.100008 4.5501142223e+33 0 composite_249
-2.00082 -2.00612 0.17117 6.08867 composite 6.79728 -17.12451 1.44298 252.77030 -42.11606 0.05130 2.8333 1.66269 0.371197 5.99249e-20 0.185526 5.10732e-14 0.27348 4.89507148229e+33 0 composite_250
-6.67699 -4.53750 -0.00300 1.96446 composite 7.76425 -59.31273 -0.02214 187.94267 -62.80814 0.01449 8.0729 1.95742 0.342716 2.95928e-20 0.0916187 2.1447e-14 0.114842 1.80611005755e+33 0 composite_251
3.40327 -7.13159 -0.06607 7.57514 composite 3.66867 68.09559 -1.03191 301.68051 30.28234 0.11826 7.9020 1.92831 0.109849 3.88497e-19 1.20278 3.35449e-13 1.79622 3.12087627558e+33 0 composite_252
0.12508 -6.70486 0.03604 21.01149 composite 1.79985 3.98576 1.14736 267.61299 -24.93099 0.66861 6.7060 2.08731 0.266947 3.41158e-18 10.5622 2.39402e-12 12.8192 7.60057738822e+33 1 composite_253
-0.90164 -6.12749 0.10210 35.84639 composite 2.54011 -20.80861 2.30363 248.55761 -44.32527 0.80825 6.1935 2.29774 0.172591 8.18553e-19 2.53422 5.36967e-13 2.87529 2.25546012274e+33 0 composite_254
2.42735 -1.81797 -0.17117 18.40018 composite 7.11132 19.96433 -1.37925 278.11415 -12.15933 0.14819 3.0327 2.14639 0.310539 3.52699e-20 0.109195 2.33774e-14 0.125178 1.25496166082e+33 0 composite_255
-3.97788 4.40757 0.06306 17.97236 composite 13.50677 -17.12835 0.26750 254.00228 -42.86205 0.07621 5.9372 1.96828 0.318126 2.92728e-20 0.0906277 2.13799e-14 0.114483 4.97365001776e+33 0 composite_256
-0.03709 0.07743 0.09309 11.22416 composite 8.57802 -0.24775 0.62180 265.65188 -28.82157 0.07494 0.0859 2.27897 0.194089 5.55454e-20 0.171967 3.63902e-14 0.194858 1.86183227228e+33 0 composite_257
1.18002 3.79305 0.11712 4.84760 composite 12.35011 5.48307 0.54336 269.01946 -23.94774 0.02248 3.9724 2.05619 0.299122 1.78992e-20 0.0554156 1.25576e-14 0.067242 2.12489902181e+33 0 composite_258
-0.03015 -0.08039 -0.54955 24.96944 composite 8.43758 -0.20517 -3.73439 269.99918 -31.00899 0.16949 0.0859 2.40153 0.298353 3.16726e-19 0.980575 1.84665e-13 0.988824 1.09124972403e+34 0 composite_259
-3.99969 -0.68419 0.10210 17.53405 composite 8.78037 -27.10080 0.66626 243.79843 -49.96502 0.11437 4.0578 2.02432 0.235917 2.73239e-20 0.0845941 2.02759e-14 0.108571 1.46865468877e+33 0 composite_260
-1.47480 6.54185 -0.08709 2.69219 composite 15.11423 -5.59975 -0.33015 263.23518 -33.85091 0.01020 6.7060 2.27248 0.145738 1.5009e-20 0.0464675 1.01453e-14 0.054325 1.43455157885e+33 0 composite_261
6.36574 -5.88736 0.07508 21.46148 composite 6.88144 67.68567 0.62514 299.79771 30.81602 0.17862 8.6709 1.99646 0.181163 4.37945e-20 0.135587 3.42711e-14 0.183511 1.32282183314e+33 0 composite_262
5.90836 -5.62574 -0.07207 28.08712 composite 6.57079 64.05831 -0.62845 298.86012 27.06689 0.24482 8.1583 2.40208 0.307298 7.80512e-20 0.241645 4.53158e-14 0.242652 1.66141097254e+33 0 composite_263
1.91890 9.85256 0.06907 17.62042 composite 18.45273 5.96902 0.21446 269.59686 -23.69219 0.05469 10.0377 2.14757 0.25031 2.62495e-20 0.0812679 1.79601e-14 0.0961708 5.44075348722e+33 0 composite_264
-14.26190 1.16106 -0.03003 25.03528 composite 17.22611 -55.88615 -0.09988 195.45894 -62.94777 0.08324 14.3091 1.91456 0.28367 1.50027e-19 0.46448 1.15549e-13 0.618726 4.1002873315e+34 0 composite_265
-1.81692 2.39356 -0.19520 5.98756 composite 11.04577 -9.46911 -1.01258 261.30131 -37.45206 0.03105 3.0051 1.87214 0.162852 2.02984e-19 0.628432 1.74797e-13 0.93598 1.79432733938e+34 0 composite_266
5.68808 12.38160 0.12312 1.93059 composite 21.64280 15.23749 0.32594 274.28453 -15.53965 0.01000 13.6256 1.94114 0.18315 8.36257e-21 0.0258903 6.77344e-15 0.0362696 2.70599574239e+33 0 composite_267
9.49364 -1.97049 0.08108 7.20478 composite 11.52260 55.48069 0.40317 293.20482 20.15027 0.03581 9.6960 2.25083 0.119392 1.07178e-19 0.33182 7.45643e-14 0.399268 5.81855794612e+33 0 composite_268
-1.44329 -7.15384 -0.00901 16.98443 composite 1.97365 -46.99426 -0.26156 214.32262 -61.44274 0.49287 7.2980 2.26756 0.261723 1.35791e-17 42.0405 8.63836e-12 46.2557 2.81491418392e+34 1 composite_269
-0.73028 10.01890 -0.31532 5.70742 composite 18.53598 -2.25825 -0.97472 266.00183 -31.37088 0.01764 10.0455 1.99463 0.194595 1.3794e-20 0.0427058 1.07089e-14 0.0573429 3.1247550103e+33 0 composite_270
-1.12054 5.13288 -0.13213 30.06685 composite 13.67949 -4.69880 -0.55343 264.04604 -33.21478 0.12588 5.2538 1.85275 0.35102 1.2801e-20 0.0396317 9.82134e-15 0.0525902 2.92367982888e+33 0 composite_271
-10.62420 -0.49465 -0.05706 14.81474 composite 13.30273 -53.00192 -0.24576 201.79426 -62.83501 0.06378 10.6357 2.24931 0.356611 2.15962e-20 0.0668614 1.32516e-14 0.0709583 2.60295555846e+33 0 composite_272
1.14799 -0.58374 -0.13514 31.06493 composite 8.00021 8.25133 -0.96789 271.93600 -22.28862 0.22239 1.2879 2.22678 0.126985 1.27584e-19 0.394998 8.96322e-14 0.479952 3.48256898781e+33 0 composite_273
-3.23889 -4.77076 0.02102 10.68503 composite 4.93944 -40.97471 0.24383 224.95938 -58.55731 0.12389 5.7663 2.45417 0.174865 1.22999e-18 3.80802 7.39564e-13 3.96013 1.07288616923e+34 0 composite_274
-1.98421 -6.66548 -0.43243 6.85717 composite 2.73670 -47.24478 -9.09148 221.93128 -69.71397 0.14351 6.9545 2.42981 0.327875 8.83091e-19 2.73403 5.013e-13 2.6843 3.28927381297e+33 0 composite_275
-9.69729 -7.49937 -0.24024 4.99604 composite 9.75174 -84.10870 -1.41166 143.06096 -53.48406 0.02934 12.2588 2.20284 0.228398 3.15924e-20 0.0978092 2.12027e-14 0.113534 1.6183172015e+33 0 composite_276
6.20918 6.29459 0.15015 3.19803 composite 16.04545 22.76743 0.53617 277.70454 -8.78845 0.01142 8.8417 2.07977 0.399497 1.70369e-20 0.0527458 1.11961e-14 0.0599518 4.30618285564e+33 0 composite_277
-0.04425 -3.17646 0.23123 26.26647 composite 5.32874 -0.47624 2.48702 263.71932 -28.01996 0.28231 3.1768 2.47601 0.324675 1.29476e-19 0.400856 7.19671e-14 0.385361 1.71016030108e+33 0 composite_278
-1.06427 4.97025 0.06907 31.28948 composite 13.51240 -4.51749 0.29287 263.31563 -32.60396 0.13262 5.0829 1.89569 0.313236 1.26821e-20 0.0392634 9.70096e-15 0.0519455 2.37621765175e+33 0 composite_279
-4.04646 3.86465 -0.12913 38.54685 composite 13.01058 -18.12122 -0.56867 254.04387 -44.15976 0.16969 5.5955 2.3452 0.303045 3.13561e-20 0.0970778 1.87718e-14 0.100517 2.79329388134e+33 0 composite_280
-3.96422 -8.47274 0.14414 8.09732 composite 3.96693 -89.60601 2.08232 140.63051 -47.15767 0.11691 9.3543 2.15316 0.301274 2.77284e-19 0.858464 1.83988e-13 0.985195 2.97265207552e+33 0 composite_281
-0.40397 -2.83315 -0.10210 14.33349 composite 5.68215 -4.07752 -1.02958 264.92288 -32.94490 0.14448 2.8618 2.18352 0.235358 1.28193e-19 0.396881 8.6649e-14 0.463978 2.3217871971e+33 0 composite_282
-1.36804 5.16096 0.12012 16.55965 composite 13.72981 -5.71867 0.50128 262.32166 -33.49394 0.06908 5.3392 1.97433 0.227172 5.69109e-20 0.176195 4.37955e-14 0.234511 7.85520858379e+33 0 composite_283
6.74161 -5.58777 -0.12012 8.42987 composite 7.34471 66.63670 -0.93709 300.69023 29.10051 0.06574 8.7563 2.22053 0.250765 2.78837e-19 0.863273 1.83052e-13 0.980185 8.31329872143e+33 0 composite_284
-7.40646 -1.00902 0.21321 17.23377 composite 10.53641 -44.67494 1.15949 217.71148 -59.29913 0.09368 7.4749 2.24583 0.386824 1.49829e-20 0.0463868 9.08565e-15 0.0486508 1.22920552307e+33 0 composite_285
3.78924 0.30512 0.20420 12.74528 composite 9.58802 23.28439 1.22034 277.33366 -8.01342 0.07613 3.8015 2.28026 0.224609 3.01025e-20 0.0931967 1.9386e-14 0.103806 1.33881273349e+33 0 composite_286
-2.96169 -3.45478 -0.17417 7.23563 composite 5.85288 -30.41417 -1.70526 242.51560 -53.96212 0.07080 4.5505 2.13155 0.141495 1.58987e-19 0.492221 1.1732e-13 0.628209 2.68075337597e+33 0 composite_287
-9.29596 2.43881 0.03303 32.40031 composite 14.35526 -40.35837 0.13183 226.09559 -58.35944 0.12927 9.6105 2.03533 0.19384 1.84986e-20 0.0572713 1.40053e-14 0.0749937 2.37472612938e+33 0 composite_288
-5.85038 5.80792 -0.03003 15.50597 composite 15.45783 -22.23921 -0.11131 249.74135 -47.00738 0.05745 8.2437 1.89434 0.118153 1.31643e-20 0.0407563 1.15634e-14 0.0619186 1.99849988017e+33 0 composite_289
0.07020 -6.53480 -0.08408 17.60214 composite 1.96825 2.04582 -2.44831 269.99332 -28.41940 0.51220 6.5352 2.31267 0.107348 1.00938e-18 3.12502 6.8182e-13 3.65093 1.45860505657e+33 0 composite_290
9.38612 -8.27816 0.12012 31.90097 composite 9.38951 88.64607 0.73300 315.82646 47.82645 0.19459 12.5151 1.96323 0.14946 3.07966e-20 0.0953455 2.51888e-14 0.134878 1.68681242057e+33 0 composite_291
2.93947 -1.93683 -0.16216 24.99070 composite 7.19319 24.12634 -1.29176 279.97835 -8.42335 0.19898 3.5202 2.2566 0.337407 2.3877e-19 0.739226 1.47261e-13 0.788536 7.94480418191e+33 0 composite_292
10.59990 2.10296 0.00601 24.24553 composite 14.99269 44.99173 0.02297 288.40296 10.72704 0.09262 10.8065 2.21612 0.262447 4.8574e-20 0.150384 3.17694e-14 0.170115 6.23000008406e+33 0 composite_293
3.96432 1.40841 0.35135 2.09497 composite 10.67782 21.80617 1.88564 276.04296 -9.01179 0.01124 4.2071 2.06184 0.28863 2.14725e-20 0.0664785 1.51044e-14 0.0808793 1.84083873633e+33 0 composite_294
-10.21510 7.52232 0.14414 1.97997 composite 19.00220 -32.51973 0.43462 237.44478 -53.71283 0.01000 12.6860 1.93277 0.124301 9.22266e-21 0.0285531 7.84863e-15 0.0420269 2.03844660699e+33 0 composite_295
5.05080 -10.32030 -0.15916 6.70870 composite 5.37116 109.81908 -1.69805 347.11560 58.52733 0.07154 11.4900 2.03352 0.330035 3.13565e-19 0.97079 2.1908e-13 1.1731 7.88628631967e+33 0 composite_296
-9.31707 -8.35580 0.17417 37.71357 composite 9.31981 -89.11331 1.07081 140.08700 -48.22157 0.23176 12.5151 1.93837 0.196048 3.35444e-20 0.103853 2.69727e-14 0.14443 2.08250659469e+33 0 composite_297
-9.38771 -8.01565 -0.10210 4.10655 composite 9.40075 -87.04650 -0.62229 140.49632 -50.88004 0.02502 12.3442 2.71816 0.145292 2.03844e-19 0.631096 1.08639e-13 0.581725 4.65990797201e+33 0 composite_298
-8.59888 -1.12160 -0.24024 20.16259 composite 11.33310 -49.36825 -1.21465 210.05302 -63.05367 0.10190 8.6717 2.25521 0.120733 1.63088e-19 0.504916 1.13069e-13 0.605448 8.54230726647e+33 0 composite_299
-3.89183 -2.05165 -0.02703 10.07513 composite 7.53182 -31.11261 -0.20562 239.95340 -53.30716 0.07661 4.3995 1.87338 0.158064 3.76784e-20 0.116651 3.25387e-14 0.174235 1.52879361327e+33 0 composite_300
-1.85468 7.32928 -0.18619 25.56215 composite 15.93865 -6.68274 -0.66933 262.86189 -34.94314 0.09185 7.5603 2.04786 0.299184 7.56331e-21 0.0234158 5.33153e-15 0.0285486 1.51390120192e+33 0 composite_301
-7.47037 0.25947 -0.13213 8.68005 composite 11.51313 -40.45866 -0.65757 226.67486 -59.09619 0.04318 7.4749 1.92716 0.231547 5.12366e-20 0.158627 4.05003e-14 0.216866 5.3741096106e+33 0 composite_302
1.11727 -4.05600 -0.90090 11.79759 composite 4.67002 14.11230 -11.12275 284.54661 -21.69544 0.14469 4.2071 2.05464 0.371302 9.6872e-20 0.299913 6.54467e-14 0.350446 1.99385466579e+33 0 composite_303
2.32950 -6.92258 0.00601 6.81900 composite 2.81334 55.89612 0.12240 293.68117 20.37771 0.13882 7.3040 1.94065 0.210611 7.27174e-18 22.5131 5.78007e-12 30.9504 4.24551131346e+34 1 composite_304
-3.20882 0.72153 0.18318 1.92999 composite 9.76559 -19.18639 1.07480 251.33803 -43.92955 0.01132 3.2889 2.06848 0.270899 2.08004e-20 0.0643975 1.47235e-14 0.0788395 1.41428504537e+33 0 composite_305
1.60250 -5.18252 0.05105 2.06861 composite 3.68460 25.78274 0.79386 278.87687 -5.99454 0.03215 5.4246 1.85475 0.17722 2.4437e-19 0.756565 2.10625e-13 1.12783 2.54795594727e+33 0 composite_306
4.83369 3.42522 0.24024 39.66055 composite 12.86985 22.06436 1.06960 276.89595 -9.16377 0.17650 5.9242 2.07816 0.364833 3.12108e-20 0.0966279 2.08851e-14 0.111833 4.62537456386e+33 0 composite_307
4.82629 13.19800 -0.21622 2.84143 composite 22.22933 12.54016 -0.55731 273.75421 -18.33218 0.01000 14.0528 2.12642 0.255455 6.24209e-21 0.0193253 4.31053e-15 0.0230815 1.95554578024e+33 0 composite_308
-3.90976 -2.64824 0.23724 38.99564 composite 7.04170 -33.74823 1.93070 234.27743 -53.26956 0.31717 4.7222 2.04089 0.250091 6.27111e-20 0.194152 4.56748e-14 0.244574 2.19152070704e+33 0 composite_309
-3.58868 -1.84538 0.20120 15.40931 composite 7.56327 -28.33694 1.52438 241.47723 -50.17560 0.11669 4.0354 2.22324 0.185739 1.7136e-18 5.30527 1.16446e-12 6.23533 4.70512445912e+34 0 composite_310
1.64276 2.09417 -0.31832 2.37390 composite 10.72550 8.81424 -1.70072 272.92280 -22.15001 0.01268 2.6616 2.2405 0.100051 5.26403e-20 0.162973 3.7307e-14 0.199767 2.42039990527e+33 0 composite_311
-0.54163 -5.91243 0.00901 4.25705 composite 2.64366 -11.82246 0.19527 258.32931 -38.68625 0.09223 5.9372 2.14833 0.127004 6.26193e-19 1.93868 4.6166e-13 2.47204 2.05073675126e+33 0 composite_312
2.36975 2.36572 -0.13514 5.60959 composite 11.12195 12.30322 -0.69620 273.76372 -18.60667 0.02889 3.3485 1.94673 0.143468 2.41064e-20 0.0746329 2.00249e-14 0.107227 1.86867957707e+33 0 composite_313
-6.93228 9.58810 0.00601 15.06664 composite 19.37101 -20.96937 0.01778 250.82080 -45.96965 0.04455 11.8317 2.13523 0.220856 8.25411e-21 0.0255545 5.78488e-15 0.0309762 1.79366963367e+33 0 composite_314
-7.72699 -2.61213 -0.18619 38.82863 composite 9.71638 -52.69305 -1.09800 202.74822 -63.63324 0.22888 8.1566 1.72143 0.303525 2.12559e-20 0.0658078 1.82643e-14 0.0977997 2.62954460643e+33 0 composite_315
-10.73460 -2.67464 0.12012 10.21074 composite 12.21396 -61.51258 0.56349 183.36517 -61.98009 0.04788 11.0628 1.97543 0.177281 1.51268e-20 0.0468322 1.20312e-14 0.0644231 1.46785080813e+33 0 composite_316
-12.57820 4.77707 0.13814 9.27166 composite 18.28964 -43.45167 0.43275 220.48184 -59.48599 0.02903 13.4548 1.89182 0.253151 4.39278e-21 0.0135999 3.50016e-15 0.0187422 1.29260958779e+33 0 composite_317
-4.84108 -0.83201 -0.04505 40.24342 composite 9.06842 -32.26570 -0.28463 238.54970 -54.11068 0.25417 4.9121 2.35378 0.365161 3.40622e-20 0.105456 1.97571e-14 0.105793 1.68155019014e+33 0 composite_318
9.82802 7.18337 0.16817 7.29573 composite 18.50909 32.07341 0.52059 282.00466 -0.52664 0.02258 12.1734 2.11092 0.292736 5.58316e-21 0.0172853 3.81026e-15 0.0204027 1.35466034133e+33 0 composite_319
-0.07650 1.97327 -0.38739 12.21009 composite 10.48071 -0.41850 -2.11826 268.24812 -30.38434 0.06672 1.9748 2.02086 0.239335 2.91449e-20 0.0902317 2.16267e-14 0.115804 2.26121806861e+33 0 composite_320
7.19979 2.00918 0.06607 9.05315 composite 12.73908 34.41486 0.29716 283.27126 1.45529 0.04070 7.4749 2.13665 0.130798 2.04689e-20 0.0633712 1.51632e-14 0.0811941 1.59067571638e+33 0 composite_321
-6.06865 2.64648 -0.12012 6.07490 composite 12.69200 -28.56588 -0.54227 243.43623 -51.85044 0.02741 6.6206 1.89361 0.189513 2.9084e-20 0.0900434 2.41969e-14 0.129567 3.50926446601e+33 0 composite_322
