sky_model/pwn/ctadc_skymodel_gps_sources_pwn.ecvs.jurgen
# %ECSV 0.9
# ---
# datatype:
# - {name: x, unit: kpc, datatype: float64, description: Galactocentric x coordinate}
# - {name: y, unit: kpc, datatype: float64, description: Galactocentric y coordinate}
# - {name: z, unit: kpc, datatype: float64, description: Galactocentric z coordinate}
# - {name: spiralarm, datatype: string}
# - {name: GLON, unit: deg, datatype: float64, description: Galactic longitude}
# - {name: GLAT, unit: deg, datatype: float64, description: Galactic latitude}
# - {name: RA, unit: deg, datatype: float64}
# - {name: DEC, unit: deg, datatype: float64}
# - {name: distance, unit: pc, datatype: float64, description: Distance observer to
#     source center}
# - {name: sigma, unit: deg, datatype: float64, description: Angular extension (deg)}
# - {name: spec_alpha, datatype: float64, description: Spectral model parameter (log
#     parabola)}
# - {name: spec_beta, datatype: float64, description: Spectral model parameter (log
#     parabola)}
# - {name: spec_norm, unit: 1 / (cm2 MeV s), datatype: float64, description: Spectral
#     model norm parameter (log parabola)}
# - {name: spec_norm_cu, unit: '%', datatype: float64, description: Spectral model norm
#     parameter (log parabola) in crab units}
# - {name: int_flux_above_1TeV, unit: 1 / (cm2 s), datatype: float64, description: 'Integral
#     flux above 1 TeV '}
# - {name: int_flux_above_1TeV_cu, unit: '%', datatype: float64, description: Integral
#     flux above 1 TeV in crab units}
# - {name: source_name, datatype: string, description: source name}
x y z spiralarm GLON GLAT RA DEC distance sigma spec_alpha spec_beta spec_norm spec_norm_cu int_flux_above_1TeV int_flux_above_1TeV_cu source_name
[from data line 580]
5.11856105908 3.8903551375 0.032978646252 "Carina Sagittarius" 22.4459359436 0.140946952328 277.908713585 -9.25630912433 13406.0305587 0.0259178305621 2.12625944128 0.332591422206 1.09907284121e-19 0.340270229476 7.28252362994e-14 0.389955845898 pwn_580
1.08623320716 -5.84732172772 -0.185396100537 Perseus 22.2683866614 -3.70060343945 281.296570328 -11.1729743579 2872.45127212 0.405595864613 2.3816240627 0.0824027949238 4.35080509102e-19 1.34699848019 2.86470817245e-13 1.53395959341 pwn_581
0.448481427006 -4.41308242134 0.0728932141864 Perseus 6.2623450498 1.01570852306 269.001856779 -23.0366947402 4112.09731229 0.195655446507 2.28213350157 0.013598897204 1.42869609637e-19 0.44232077287 1.04584099904e-13 0.560014401847 pwn_582
-9.95988990933 -2.71407216739 0.101163562575 "Carina Sagittarius" -59.8467162752 0.503197870313 186.885607284 -62.2395621087 11518.9670525 0.0182967959746 1.78554887795 0.158751849593 1.08611304462e-19 0.336257908553 9.96994617857e-14 0.533858727164 pwn_583
-7.43323577693 5.0749445126 -0.0217290326922 "Carina Sagittarius" -28.7038016745 -0.0804416310653 242.763688202 -51.6079787336 15476.8402714 0.079005087462 1.84192126441 0.297792509818 1.20304336812e-19 0.372459247096 9.6058145849e-14 0.514360645065 pwn_584
-4.43985432876 6.91593244391 0.10360837723 "Carina Sagittarius" -16.0666263085 0.370031055803 254.789212935 -41.9674960263 16042.8804855 0.0305269516374 2.1984903885 0.243303045641 6.72306936753e-21 0.0208144562462 4.48629500874e-15 0.0240226747482 pwn_585
-7.949765608 -0.429929186484 -0.00754485280145 "Crux Scutum" -44.5697302536 -0.0381608477453 218.814973385 -60.3659078485 11328.0568979 0.0132922324702 1.97961065846 0.346277313432 4.24619212921e-21 0.0131461056632 3.03217486152e-15 0.0162363264868 pwn_586
-5.11737193335 -7.94397235337 0.00178992792292 "Crux Scutum" -83.7988585438 0.0199233595725 145.039161787 -52.62846799 5147.49118036 0.0356985313255 2.00500341148 0.409844902787 7.11252458465e-21 0.0220201999525 4.8417895993e-15 0.0259262345692 pwn_587
6.46640280559 -1.08339340794 -0.0128054282045 Perseus 41.0845742866 -0.0745646553513 286.663686653 7.21635862957 9839.74504571 0.018863222069 2.27907194437 0.244221233365 8.21046947366e-19 2.54194101352 5.23719173222e-13 2.80434865144 pwn_588
-0.788971691713 -0.680938553174 0.00348242901705 Perseus -5.76185016941 0.0253892888311 262.770198342 -33.7920928402 7858.76646598 0.19947218813 1.80381399196 0.0671335118589 2.12521640574e-20 0.0657961735523 2.08580151497e-14 0.111687999309 pwn_589
-11.7675973607 -1.0855436746 -0.0299761931936 "Carina Sagittarius" -57.7860400029 -0.123484799035 191.278603419 -62.9864168528 13908.6810596 0.093008456103 1.97962958703 0.425313999899 1.86744621877e-22 0.000578156724078 1.27896851777e-16 0.000684846731119 pwn_590
-1.17366067687 6.69421728089 -0.0828685154012 "Carina Sagittarius" -4.41697887336 -0.311557200236 263.98421508 -32.8470328043 15239.704241 0.101827435385 1.85997525717 0.287495163637 3.46416992121e-19 1.07249842762 2.75324087955e-13 1.47427242355 pwn_591
-0.271815361575 -6.08072548226 0.00551296659742 Norma -6.41053046119 0.129747235224 262.233692688 -34.275833534 2434.50265471 0.486246492793 1.78706115059 0.369968740391 1.58719919638e-20 0.0491392940056 1.25265941119e-14 0.0670759046085 pwn_592
6.54131118812 11.703894869 -0.0492505321703 Norma 17.9401308552 -0.13287742196 276.018186686 -13.3724198762 21236.4908955 0.0447013857475 1.8428765434 0.352332326804 3.39065491503e-20 0.104973836379 2.61486558917e-14 0.140017688174 pwn_593
2.2636352532 -2.37278115351 -0.0827306360161 "Crux Scutum" 20.2762096879 -0.725638734208 277.669127091 -11.5807347103 6532.51098051 0.0892243713833 2.3032386508 0.484105885666 1.2834151794e-19 0.397342160805 7.2704243309e-14 0.389307967136 pwn_594
4.46207245851 -6.34107129506 -0.0156204788601 Norma 64.1804502612 -0.180552521816 298.499715873 27.4028031551 4956.94540794 0.345956369342 2.11554611684 0.147653661168 4.91205821186e-19 1.5207610563 3.64623214379e-13 1.95244068159 pwn_595
2.11110061117 2.53381144911 -0.0565824712874 "Crux Scutum" 10.8315047544 -0.28858130882 272.637656396 -19.7023304219 11234.097314 0.0602729980118 1.83625181135 0.35265338639 5.18262501916e-21 0.0160452786971 4.01207089482e-15 0.0214833563074 pwn_596
5.64151075587 -12.2789065993 0.0297187327728 "Crux Scutum" 123.815736867 0.250765482257 14.8138289161 63.1090972079 6790.2622849 0.125790732232 2.03066951772 0.182838166563 2.60230362774e-19 0.805666757816 1.99037128667e-13 1.06578015834 pwn_597
-2.95112519926 -11.3902990038 -0.0323391713828 "Crux Scutum" -134.403406052 -0.448554642574 108.304663663 -11.4602969689 4130.86118083 0.170260178454 1.60835780786 0.197705360459 3.42873524197e-21 0.0106152793869 3.4656085044e-15 0.0185572250027 pwn_598
-5.02358845094 4.02092840051 0.176701500992 "Crux Scutum" -21.8614131291 0.750395650138 249.177704096 -46.1499549274 13492.2686141 0.124871129097 1.88000615772 0.115297318329 1.04553508037e-19 0.323695071323 9.29914934156e-14 0.497939702209 pwn_599
7.45118357922 2.25562747246 -0.044118920091 Perseus 34.7130828572 -0.193192089144 283.843844222 1.49702271451 13084.5559931 0.028354493323 2.74487236046 0.172005087825 1.81137666294e-19 0.560797728465 9.42457278988e-14 0.504655726676 pwn_600
-0.245412566823 -10.7771182827 -0.0593709196595 "Crux Scutum" -173.848786691 -1.48492978356 88.5009887353 22.8958450098 2291.07396375 0.271176865351 2.0729268451 0.474148375829 3.74126038991e-18 11.5828495044 2.38295930671e-12 12.7599848543 pwn_601
0.825370704768 4.37118789799 -0.0629795435006 "Crux Scutum" 3.66909390307 -0.279775038536 268.795422479 -25.9293373516 12897.778147 0.0927636840548 2.31949767811 0.146285423474 4.58451292557e-22 0.00141935384693 3.01474339859e-16 0.00161429865786 pwn_602
6.86998861583 -4.88346618029 -0.00182364495481 Norma 62.2365592407 -0.0134583086479 297.228192197 25.8171263161 7763.76608202 0.0243547523693 2.08035348746 0.122995302978 1.07633218141e-20 0.0333229777528 8.30847595631e-15 0.0444892311279 pwn_603
-0.420773874104 3.10394084924 0.0669613608765 Perseus -2.07670903559 0.33040852788 264.821542887 -30.5272459553 11611.7603192 0.0927615828481 2.20445077057 0.291568989237 2.45563586514e-20 0.0760258781776 1.59220645559e-14 0.0852575627329 pwn_604
-2.86841307697 3.81633228342 -0.0325311417216 "Crux Scutum" -13.1102059377 -0.147390609324 257.705567155 -39.9283501371 12645.9832663 0.0684465707662 2.2989774269 0.129017978371 1.54199486098e-19 0.477397789777 1.0364763914e-13 0.554999953998 pwn_605
-2.92098919274 6.017859287 -0.00597834620364 "Carina Sagittarius" -11.3760121713 -0.023130442553 258.889679673 -38.4516162156 14808.796436 0.0371052772943 1.76861502074 0.236692862797 1.11479465749e-20 0.0345137664858 9.74146345219e-15 0.052162420801 pwn_606
4.706779252 0.268806497738 0.00346470743417 "Carina Sagittarius" 28.2253001245 0.0199467105651 280.691715115 -4.17873872644 9952.1731459 0.0477356269742 2.09071912282 0.417088128278 1.01116079073e-20 0.0313052876387 6.5511062003e-15 0.0350790782114 pwn_607
-6.95249549876 -7.02001876338 0.0483284682719 "Crux Scutum" -77.9827909582 0.389542549521 153.290699323 -55.9173358953 7108.43680157 0.130232717447 2.57365955832 0.115200157154 8.61801676716e-19 2.66811664618 5.01072212002e-13 2.68308141815 pwn_608
-4.09905328746 -2.19981388701 0.00123790129637 Norma -33.0490003802 0.00943637611982 237.191313701 -54.3752171237 7516.28794313 0.0913322816894 1.86134983498 0.213345706092 9.82738290578e-19 3.04253340736 8.20997111866e-13 4.39617692308 pwn_609
-1.57546935886 5.64699894153 -0.0247419126842 "Crux Scutum" -6.35451598975 -0.0995897516679 262.502629939 -34.3557886115 14234.4755757 0.0583856542637 1.93006804388 0.30524486751 9.59198918452e-21 0.0296965609428 7.22148385992e-15 0.038668736146 pwn_610
-6.9788596241 -2.75981973452 0.0294691752452 "Crux Scutum" -50.5623691626 0.186852941923 206.81463714 -61.9777612345 9036.31670347 0.0704685123234 2.00769261679 0.272814462287 2.65551497693e-19 0.822140859731 1.94605560508e-13 1.04205052837 pwn_611
6.04022710912 -2.61014571805 -0.0432046460503 Perseus 45.7221469696 -0.293417749941 289.034227312 11.2265966066 8436.62216967 0.197952428106 2.18070722195 0.487361618708 1.08649180528e-22 0.000336375171912 6.51921115072e-17 0.000349082904231 pwn_612
1.89128049991 0.399050437644 0.0444425354037 Norma 11.998330213 0.279886158134 272.706319609 -18.4060226588 9097.91271447 0.0333839384791 2.25747535909 0.340185127198 6.82268868153e-21 0.021122875175 4.20054484714e-15 0.0224925740353 pwn_613
11.8474026923 -15.7365322469 -0.134959494971 "Carina Sagittarius" 121.417073813 -0.556979992614 9.60195495814 62.2764359933 13883.3196167 0.0175695716363 2.48022349645 0.369973121024 1.53223111651e-20 0.0474374958671 8.34773435018e-15 0.0446994472696 pwn_614
3.17172590715 3.25539245794 0.0284863638173 "Crux Scutum" 15.0994438766 0.134048768406 274.391880556 -15.7522328331 12175.7919062 0.0530913966693 2.24984947004 0.483477973983 7.24848253978e-21 0.0224411224142 4.21260497837e-15 0.0225571521803 pwn_615
-0.406241923249 -5.21160725212 -0.0123595765957 Perseus -7.0425317407 -0.213723134072 262.156020799 -34.9922914581 3313.41396805 0.317088445651 2.08138406226 0.207219012614 1.02692193154e-18 3.17932486544 7.49348299844e-13 4.01252045289 pwn_616
5.915435232 -10.2827592983 0.0425802274881 "Crux Scutum" 106.77144929 0.394874613321 340.056505629 59.0864299214 6178.38310365 0.188056644283 2.47775013888 0.177689907531 2.44389869956e-18 7.56624984384 1.4492479061e-12 7.76025896869 pwn_617
10.315628461 5.95824343556 -0.11622249829 Norma 35.5069954812 -0.37492060891 284.368127627 2.12048880268 17761.3766768 0.0413455449026 2.31123330664 0.0219312148832 9.88763146141e-20 0.306118621096 7.06333161387e-14 0.378218814564 pwn_618
-3.84376757333 1.4816870426 -0.0120192619428 Norma -21.0607950504 -0.0643829491031 250.823653362 -46.0925490396 10696.2035245 0.160527473345 1.65129614512 0.0921021532594 7.9145263262e-21 0.0245031774805 8.54619290293e-15 0.0457621293389 pwn_619
0.0274333911124 2.81043757063 0.0453440185154 Perseus 0.138970259667 0.229699276464 266.264022891 -28.6978082702 11310.5617327 0.0583796324787 2.85791047211 0.118594816026 3.38221692993e-21 0.010471259845 1.70494983212e-15 0.00912946099159 pwn_620
6.87206675411 -17.1026695357 0.00202570900956 "Carina Sagittarius" 141.38110598 0.0105412579552 49.0599672976 57.6003030531 11010.5053797 0.114750817406 2.63097641646 0.0917522335357 3.5972794002e-19 1.11370879263 2.05317802483e-13 1.09941115764 pwn_621
-3.15903823719 4.73412883091 -0.0357147930181 "Crux Scutum" -13.4254963686 -0.150397674492 257.464231791 -40.1838781306 13605.990006 0.0828045896263 2.04953573317 0.377391946598 2.56346523834e-22 0.000793642488649 1.73133682415e-16 0.000927075489352 pwn_622
10.7357772437 5.90000966872 0.0417543013279 Norma 36.7059868972 0.133192361209 284.463665393 3.41919493933 17961.5961124 0.0786712061029 2.21337303052 0.267941490638 7.6038921748e-20 0.235414618415 4.9664747792e-14 0.265938838247 pwn_623
1.61461905718 -10.5497487971 0.131319012839 "Crux Scutum" 141.771944989 2.88110694722 52.7195630179 59.7870077843 2612.60588571 0.642808837288 2.497307625 0.333816900729 6.50451683892e-19 2.01378230307 3.56562895589e-13 1.90928025271 pwn_624
4.2917798932 -6.53647485607 -0.00043082364917 Norma 65.4155096197 -0.00523016276506 299.053113493 28.5505250515 4719.61924609 0.325942178494 2.04833976219 0.41023108042 8.9102452541e-21 0.0275858986195 5.92380175181e-15 0.0317200635445 pwn_625
7.66000013214 1.14152900568 -0.130047641641 Perseus 38.4664324201 -0.605075673929 285.92911415 4.64690792067 12314.6902511 0.108318356014 2.31910553711 0.115386970643 1.07601401468e-19 0.333131273895 7.20594639078e-14 0.385855379687 pwn_626
1.61113892994 1.8426914358 -0.0228106828472 Norma 8.85412371662 -0.124859122074 271.459490455 -21.3514225952 10467.4521788 0.11709280367 2.43137354207 0.162961969911 7.979480828e-20 0.247042750093 4.88619376745e-14 0.261640046861 pwn_627
-8.59737434938 4.29683647873 0.0945893624693 "Carina Sagittarius" -33.8946236387 0.351535154934 235.679920606 -54.6238452002 15416.9652239 0.0410940229237 1.79555222768 0.354180133518 9.06029660736e-21 0.0280504538928 7.1832715565e-15 0.0384641214841 pwn_628
10.5551845853 3.64983558437 -0.104986067361 Norma 40.982519057 -0.373742727215 286.884078823 6.98812083516 16094.764628 0.0203158098327 1.91930044393 0.196379472952 1.36893213074e-20 0.0423817997134 1.11425372853e-14 0.059664723018 pwn_629
2.10543865991 -16.7293400113 0.174432962655 "Carina Sagittarius" 165.648977713 1.17640595305 77.8311696979 41.5374474828 8496.19537381 0.022145388978 2.37642251934 0.0146354700505 3.81891152774e-19 1.18232555038 2.63201143642e-13 1.4093579345 pwn_630
7.3854345327 0.909841794925 0.0518418007262 Perseus 38.1270486333 0.24831085497 285.011963506 4.73583772549 11962.12579 0.0401907984438 2.23824434314 0.217477609513 3.69345461878e-19 1.1434844021 2.44432371023e-13 1.30885716066 pwn_631
-5.32800217222 10.3816292205 -0.143908022706 Perseus -15.7579600992 -0.420265657967 255.885134526 -42.209162421 19619.4861983 0.0403438064842 2.37713896809 0.454136543208 3.55038969892e-20 0.109919185725 1.96526433602e-14 0.105233618936 pwn_632
2.06852965041 -0.08625625735 -0.0818777802219 Norma 13.8123043376 -0.541430666117 274.375114678 -17.2057465316 8664.67556533 0.108251765338 2.0602295956 0.204510755796 7.0186622282e-19 2.17296044217 5.19680064168e-13 2.78272051444 pwn_633
3.2567551325 5.07175843351 -0.0500308254378 "Carina Sagittarius" 13.4938695445 -0.205383234274 273.906982387 -17.326087827 13957.1338051 0.0965683081265 2.01329843671 0.166124458221 2.43135827497e-20 0.0752742499991 1.90177445658e-14 0.101833938976 pwn_634
3.09271519393 0.158556622684 0.139921849028 "Crux Scutum" 19.6560162348 0.871876770794 275.931793502 -11.3858459999 9195.38298185 0.179532029404 1.50040815732 0.494762541473 4.01522342571e-21 0.0124310322777 3.50038211026e-15 0.0187434265391 pwn_635
1.92682118817 14.1648654883 -0.0894115745348 Norma 4.85923499389 -0.225214965922 269.405539385 -24.8730937128 22746.7967399 0.012195702034 1.75619987205 0.322207782119 1.73924729989e-20 0.0538466656313 1.44270105306e-14 0.077252026648 pwn_636
-2.52672331118 10.9977744907 0.270970301748 Perseus -7.38382946036 0.789614971458 260.909805648 -34.7141981696 19662.6795144 0.0132522003508 2.1141198284 0.182999013236 4.26594765459e-21 0.0132072682805 3.09813233282e-15 0.0165895076479 pwn_637
1.84397924255 -10.2227706445 0.00871258985921 "Crux Scutum" 133.053670757 0.197815306524 34.3738725195 61.3668486737 2523.54394644 0.415475533638 2.34736716587 0.0510097656819 1.22049685533e-19 0.377862803508 8.36261471616e-14 0.447791268696 pwn_638
-1.78767299124 -6.41346020278 -0.0362589421079 Norma -40.5887917058 -0.756058972113 226.549209288 -59.246146539 2747.86057868 0.474050878776 2.25935350996 0.393924722473 9.11579866421e-19 2.82222868861 5.4732334018e-13 2.93074141527 pwn_639
4.96074855114 -4.73191990397 -0.00379494187511 Perseus 52.780461532 -0.0349035927386 292.238743891 17.5720048712 6229.56404569 0.236027521059 2.06152740779 0.354037466744 4.51435205649e-21 0.0139763221563 3.06551499559e-15 0.0164148522403 pwn_640
-11.2666785668 6.50239005914 0.0139338345841 Perseus -36.9062651896 0.0425515960561 231.658353765 -56.6276450105 18761.928141 0.0859971105571 2.01846853005 0.460957899624 7.37776830806e-22 0.00228413879507 4.86351949139e-16 0.00260425911906 pwn_641
0.665133247222 7.1414253217 0.129911080798 "Carina Sagittarius" 2.4349687616 0.475433990029 267.369653606 -26.6066679076 15656.0999364 0.10801921811 2.16515388979 0.108637815014 5.04602441628e-20 0.156223666139 3.72656156472e-14 0.199545451701 pwn_642
