sky_model/pwn/ctadc_skymodel_gps_sources_pwn.ecsv
# %ECSV 0.9
# ---
# datatype:
# - {name: spiralarm, datatype: string, description: 'Which spiralarm?'}
# - {name: galactocentric_x, unit: kpc, datatype: float64, format: '%.5f', description: Galactocentric
#     x coordinate}
# - {name: galactocentric_y, unit: kpc, datatype: float64, format: '%.5f', description: Galactocentric
#     y coordinate}
# - {name: galactocentric_z, unit: kpc, datatype: float64, format: '%.5f', description: Galactocentric
#     z coordinate}
# - {name: type, datatype: string, description: type of PWN}
# - {name: size_physical, unit: pc, datatype: float64, format: '%.5f', description: Physical
#     size}
# - {name: distance, unit: kpc, datatype: float64, format: '%.5f', description: Distance
#     observer to source center}
# - {name: GLON, unit: deg, datatype: float64, format: '%.5f', description: Galactic
#     longitude}
# - {name: GLAT, unit: deg, datatype: float64, format: '%.5f', description: Galactic
#     latitude}
# - {name: RA, unit: deg, datatype: float64, format: '%.5f'}
# - {name: DEC, unit: deg, datatype: float64, format: '%.5f'}
# - {name: sigma, unit: deg, datatype: float64, format: '%.5f'}
# - {name: galactocentric_r, unit: kpc, datatype: float64, format: '%0.4f', description: Galactocentric
#     radius in the xy plan}
# - {name: spec_alpha, datatype: float64, format: '%5g', description: Spectral model
#     parameter (log parabola)}
# - {name: spec_beta, datatype: float64, format: '%5g', description: Spectral model
#     parameter (log parabola)}
# - {name: spec_norm, unit: 1 / (cm2 MeV s), datatype: float64, format: '%5g', description: Spectral
#     model norm parameter (log parabola)}
# - {name: spec_norm_cu, unit: '%', datatype: float64, format: '%5g', description: Spectral
#     model norm parameter (log parabola) in crab units}
# - {name: int_flux_above_1TeV, unit: 1 / (cm2 s), datatype: float64, format: '%5g',
#   description: 'Integral flux above 1 TeV '}
# - {name: int_flux_above_1TeV_cu, unit: '%', datatype: float64, format: '%5g', description: Integral
#     flux above 1 TeV in crab units}
# - {name: luminosity, unit: erg / s, datatype: float64, description: Intrinsic source
#     luminosity}
# - {name: skip, datatype: int64, description: 'skip boolean: 0 take, 1 skip'}
# - {name: source_name, datatype: string, description: source name}
# schema: astropy-2.0
spiralarm galactocentric_x galactocentric_y galactocentric_z type size_physical distance GLON GLAT RA DEC sigma galactocentric_r spec_alpha spec_beta spec_norm spec_norm_cu int_flux_above_1TeV int_flux_above_1TeV_cu luminosity skip source_name
[from data line 395]
"Crux Scutum" -6.94986 -4.04309 0.14721 isolated 13.78565 8.25749 -57.32816 1.02151 192.30830 -61.84912 0.09562 8.0403 2.21003 0.109027 1.34499e-19 0.416405 9.65628e-14 0.517063 3.85918375809e+33 0 pwn_395
Perseus 7.71933 -1.27677 0.02563 isolated 33.05945 10.57183 46.90155 0.13888 289.20525 12.47152 0.17910 7.8242 1.7491 0.235219 2.31476e-20 0.0716645 2.05198e-14 0.109877 2.68517132984e+33 0 pwn_396
Norma -6.08997 15.35545 0.05749 isolated 4.74714 24.62059 -14.32095 0.13378 256.46005 -40.73052 0.01104 16.5190 1.76909 0.147634 1.42652e-20 0.0441646 1.33746e-14 0.0716166 6.9767365876e+33 0 pwn_397
"Crux Scutum" -4.66663 3.59341 0.00715 isolated 2.91013 12.96256 -21.10071 0.03159 250.68155 -46.05958 0.01286 5.8898 2.08514 0.142879 2.9488e-20 0.0912943 2.23837e-14 0.119857 2.59207155546e+33 0 pwn_398
Norma 10.77045 0.56659 -0.00239 isolated 27.02939 14.07855 49.90926 -0.00972 290.79362 15.05780 0.10996 10.7853 2.36091 0.178545 3.55703e-20 0.110125 2.24516e-14 0.120221 2.82478826363e+33 0 pwn_399
"Crux Scutum" -7.12823 -1.83653 0.01396 isolated 2.81104 9.75775 -46.93005 0.08196 214.21678 -61.09699 0.01650 7.3610 2.22935 0.323361 5.23944e-20 0.162212 3.29971e-14 0.176689 3.22164447671e+33 0 pwn_400
Perseus 5.35603 -1.61834 0.00295 isolated 8.44029 8.72034 37.89381 0.01941 285.10920 4.42374 0.05543 5.5952 1.95254 0.228607 5.49552e-20 0.17014 4.28318e-14 0.229351 3.16647197206e+33 0 pwn_401
Perseus -15.37214 -4.47816 -0.00317 isolated 20.58865 15.88956 -75.33826 -0.01144 156.94303 -57.69484 0.07421 16.0111 2.41748 0.301435 2.30958e-20 0.071504 1.33408e-14 0.0714356 2.78289193987e+33 0 pwn_402
Norma 5.13201 -6.39930 0.03655 isolated 22.02655 5.54543 67.73908 0.37767 300.07542 30.73140 0.22749 8.2030 2.25411 0.373563 1.26879e-19 0.392815 7.70706e-14 0.412689 2.75393126587e+33 0 pwn_403
Perseus -2.05296 2.59645 -0.05159 isolated 31.73712 11.28488 -10.48181 -0.26195 259.79478 -37.85992 0.16107 3.3100 2.60158 0.285448 1.18306e-19 0.366271 6.29325e-14 0.336983 5.55008350682e+33 0 pwn_404
Perseus 5.32235 -3.49440 -0.05361 isolated 0.10000 7.30660 46.75666 -0.42036 289.64201 12.08215 0.01000 6.3670 2.17463 0.26494 1.01541e-19 0.314368 6.78715e-14 0.36343 3.289533421e+33 0 pwn_405
Norma 10.47509 0.30729 -0.00734 isolated 22.97994 13.68561 49.94340 -0.03073 290.82950 15.07796 0.09617 10.4796 1.87013 0.258849 2.28388e-20 0.0707083 1.83803e-14 0.0984208 3.94325719953e+33 0 pwn_406
Norma 8.26611 -4.80308 -0.02221 isolated 11.96807 9.05518 65.90396 -0.14054 299.47485 28.89709 0.07570 9.5602 2.13069 0.2841 7.47062e-20 0.231289 5.06553e-14 0.271243 4.13158273918e+33 0 pwn_407
Perseus -13.10355 3.60275 -0.09544 isolated 7.90146 17.83784 -47.27372 -0.30657 213.79834 -61.57530 0.02537 13.5898 2.0615 0.367522 5.33166e-20 0.165067 3.59548e-14 0.192527 1.56810416033e+34 0 pwn_408
Norma -4.65773 -1.11779 0.05833 isolated 29.67034 8.72897 -32.24945 0.38290 237.85469 -53.58365 0.19468 4.7900 1.94761 0.327879 4.65652e-20 0.144165 3.42312e-14 0.183297 3.50080168105e+33 0 pwn_409
Norma 10.33793 -0.46269 0.03914 isolated 16.64486 13.09476 52.13641 0.17128 291.72689 17.10447 0.07280 10.3483 2.10041 0.306726 3.14762e-20 0.0974497 2.14459e-14 0.114836 4.01738738593e+33 0 pwn_410
"Crux Scutum" -5.59454 4.34189 0.00459 isolated 5.10783 14.00761 -23.54025 0.01877 248.30360 -47.88159 0.02088 7.0817 2.09404 0.173702 5.57969e-20 0.172746 4.12677e-14 0.220975 6.03971393809e+33 0 pwn_411
"Carina Sagittarius" -3.67658 6.96071 0.15876 isolated 27.24273 15.89264 -13.37658 0.57238 256.74663 -39.71253 0.09818 7.8720 2.15851 0.230061 4.16794e-20 0.129038 2.86647e-14 0.15349 6.03305249951e+33 0 pwn_412
Perseus -15.02297 -1.80027 -0.09648 isolated 16.07181 16.44948 -65.96475 -0.33606 173.70642 -61.87726 0.05596 15.1305 1.9422 0.225546 1.12261e-19 0.347557 8.82485e-14 0.472543 2.31820818674e+34 0 pwn_413
Perseus -9.73797 -14.56956 0.03808 isolated 25.18821 11.47472 -121.93480 0.19013 115.11289 -22.11613 0.12572 17.5243 2.18887 0.395935 4.08742e-20 0.126546 2.54121e-14 0.136073 4.43176650857e+33 0 pwn_414
"Crux Scutum" 8.66508 -8.40512 -0.03150 isolated 4.91274 8.66566 89.37266 -0.20825 317.59004 47.72951 0.03247 12.0719 2.07017 0.103503 7.04419e-20 0.218086 5.55061e-14 0.297218 2.6050044574e+33 0 pwn_415
Perseus 4.68442 -3.08764 -0.01526 isolated 18.52200 7.15805 40.87636 -0.12214 286.60979 7.00958 0.14820 5.6105 2.06917 0.344841 5.9243e-20 0.183415 4.02522e-14 0.215538 2.60951087858e+33 0 pwn_416
Perseus -10.37415 6.96328 -0.04122 isolated 12.83536 18.62090 -33.85724 -0.12685 236.23609 -54.98089 0.03948 12.4944 2.03585 0.261908 2.73993e-20 0.0848275 1.98745e-14 0.106422 6.939404159e+33 0 pwn_417
Perseus 5.45870 5.80718 0.04311 isolated 15.48291 15.31322 20.88363 0.16130 277.15534 -10.63129 0.05791 7.9700 1.83799 0.377538 2.17538e-20 0.0673491 1.65751e-14 0.0887542 6.89127014327e+33 0 pwn_418
Norma -2.55398 -6.40090 -0.06217 isolated 3.21751 3.30649 -50.58338 -1.07729 207.37117 -63.21587 0.05573 6.8916 1.46411 0.292405 1.23368e-19 0.381944 1.27858e-13 0.68464 2.59921248324e+33 0 pwn_419
Perseus -0.26717 1.99257 0.05692 isolated 20.34096 10.49613 -1.45859 0.31074 265.22105 -30.01402 0.11099 2.0104 2.14334 0.181349 4.78295e-20 0.148079 3.41623e-14 0.182928 2.77273809071e+33 0 pwn_420
Perseus 0.43489 10.67424 0.01950 isolated 10.48852 19.17918 1.29929 0.05825 267.11400 -27.79498 0.03132 10.6831 2.45029 0.127482 2.31699e-20 0.0717335 1.43055e-14 0.0766014 2.82583759687e+33 0 pwn_421
"Carina Sagittarius" -0.05646 7.02000 -0.10683 isolated 11.84474 15.52047 -0.20844 -0.39438 266.66651 -29.31932 0.04371 7.0202 2.03055 0.290617 1.39329e-20 0.0431361 9.9691e-15 0.0533814 2.65337186134e+33 0 pwn_422
"Crux Scutum" 1.08293 -11.05732 0.04859 isolated 32.26201 2.77759 157.04908 1.00246 70.02588 48.13155 0.66524 11.1102 1.86383 0.345832 1.13983e-18 3.52888 8.71421e-13 4.66618 1.03902222157e+34 0 pwn_423
"Crux Scutum" -0.85000 -9.78831 0.01474 isolated 41.55231 1.54353 -146.58406 0.54714 103.56713 -0.18126 1.54183 9.8252 2.34004 0.109642 9.32465e-17 288.689 6.18971e-11 331.439 8.06885834521e+34 1 pwn_424
Norma 11.53913 0.95658 0.08293 isolated 22.18768 14.91929 50.66459 0.31847 290.86369 15.87857 0.08518 11.5787 2.21535 0.17899 2.5531e-20 0.0790434 1.74979e-14 0.0936959 2.71745126748e+33 0 pwn_425
Perseus -1.11393 -5.49035 0.03437 isolated 0.10000 3.20937 -20.31044 0.61369 250.79659 -45.08140 0.01000 5.6022 1.91731 0.292296 2.81351e-19 0.871055 2.15164e-13 1.15214 2.71958249709e+33 0 pwn_426
Perseus -3.11357 10.54486 0.00651 isolated 20.51899 19.29769 -9.28492 0.01932 260.36452 -36.71702 0.06090 10.9949 1.95489 0.370471 1.16019e-20 0.0359192 8.29157e-15 0.0443987 4.7468388527e+33 0 pwn_427
Perseus 7.80808 1.63543 0.05585 isolated 16.26481 12.79438 37.60977 0.25012 284.77319 4.27658 0.07281 7.9775 2.39266 0.220987 1.39606e-19 0.432215 8.47686e-14 0.453909 9.55330120245e+33 0 pwn_428
Perseus 6.14193 -2.92196 -0.02935 isolated 17.69168 8.29691 47.75460 -0.20270 289.92391 13.06578 0.12213 6.8016 2.16409 0.136162 8.85436e-20 0.274129 6.42562e-14 0.344072 2.8521885071e+33 0 pwn_429
Norma 8.04218 -4.52207 0.00492 isolated 20.42089 8.97222 63.68147 0.03144 298.00690 27.08352 0.13036 9.2264 1.6998 0.29454 3.28488e-20 0.101699 2.88153e-14 0.154297 3.49419675915e+33 0 pwn_430
"Carina Sagittarius" 0.04275 -1.62175 -0.02663 isolated 17.72840 6.87843 0.35614 -0.22181 266.83257 -28.74710 0.14762 1.6223 2.15141 0.149118 1.27621e-19 0.395112 9.25644e-14 0.495653 2.94423312028e+33 0 pwn_431
"Crux Scutum" 2.61784 1.63214 0.13743 isolated 22.34448 10.46577 14.48669 0.75240 273.52320 -15.99649 0.12228 3.0850 1.9062 0.370481 2.35513e-20 0.0729141 1.73098e-14 0.0926886 3.06020965471e+33 0 pwn_432
"Carina Sagittarius" 5.54834 0.73408 -0.03967 isolated 22.01996 10.77283 30.99973 -0.21099 282.16602 -1.81581 0.11707 5.5967 1.98594 0.36498 2.28351e-20 0.0706969 1.60823e-14 0.0861157 2.73148314978e+33 0 pwn_433
Perseus -10.75616 -12.54504 -0.17287 isolated 29.46372 11.49292 -110.60966 -0.86184 120.61726 -32.38899 0.14683 16.5249 2.42706 0.122068 8.51943e-20 0.26376 5.34367e-14 0.286136 3.79244220669e+33 0 pwn_434
"Carina Sagittarius" 3.25635 -0.51322 -0.02142 isolated 4.09506 8.62514 22.18155 -0.14229 278.03944 -9.62168 0.02719 3.2965 2.27828 0.326186 6.18961e-20 0.191629 3.79457e-14 0.203187 2.79700997498e+33 0 pwn_435
"Carina Sagittarius" 1.64464 5.21358 0.00024 isolated 0.10000 13.81184 6.83872 0.00101 270.26995 -23.04400 0.01000 5.4668 2.16596 0.201707 3.84513e-20 0.119044 2.67667e-14 0.143327 3.91406848485e+33 0 pwn_436
"Crux Scutum" 1.67288 -1.27585 -0.14345 isolated 0.10000 7.41670 13.03803 -1.10828 274.51378 -18.15613 0.01000 2.1039 2.08122 0.100882 1.37398e-19 0.425379 1.07684e-13 0.576615 3.65320162786e+33 0 pwn_437
"Carina Sagittarius" 3.52892 4.11972 0.00630 isolated 19.21892 13.10384 15.62286 0.02754 274.74660 -15.34172 0.08400 5.4245 2.20354 0.257618 3.40972e-20 0.105564 2.25145e-14 0.120558 3.36071604474e+33 0 pwn_438
"Carina Sagittarius" 4.84668 2.30790 0.06896 isolated 17.22172 11.84507 24.15330 0.33356 278.53281 -7.65284 0.08327 5.3681 2.28522 0.337582 4.18471e-20 0.129557 2.54291e-14 0.136165 3.62937488552e+33 0 pwn_439
"Carina Sagittarius" 0.15457 -15.67903 0.02632 isolated 10.21843 7.18074 178.76661 0.20997 85.86941 30.09727 0.08150 15.6798 2.25216 0.168228 2.55369e-19 0.790615 1.72388e-13 0.92308 5.89145953137e+33 0 pwn_440
Norma 9.96484 5.01085 0.01410 isolated 0.10000 16.78813 36.41039 0.04813 284.40427 3.11737 0.01000 11.1538 2.1613 0.254903 1.61934e-20 0.0501343 1.09654e-14 0.0587161 2.75584623251e+33 0 pwn_441
Norma -4.19252 -4.04441 0.12124 isolated 14.25437 6.11917 -43.25764 1.13531 220.26354 -58.76580 0.13342 5.8253 2.46725 0.108935 4.14479e-19 1.28322 2.56057e-13 1.3711 4.90660089616e+33 0 pwn_442
Norma 0.38182 -1.69813 0.12393 isolated 10.20874 6.81370 3.21290 1.04218 267.27401 -25.64807 0.08581 1.7405 1.99206 0.160928 9.88506e-20 0.306039 7.86759e-14 0.421284 2.81453433058e+33 0 pwn_443
"Carina Sagittarius" -10.09887 -4.77960 0.05224 isolated 14.37857 10.76249 -69.77633 0.27809 166.76372 -59.99280 0.07652 11.1728 1.94657 0.17806 4.39709e-20 0.136133 3.56173e-14 0.190719 3.45148308654e+33 0 pwn_444
Norma 7.24000 -4.84376 0.01212 isolated 37.38071 8.11085 63.20597 0.08564 297.68233 26.70240 0.26396 8.7109 1.75593 0.131667 1.11446e-19 0.345033 1.06963e-13 0.572754 5.79956301348e+33 0 pwn_445
"Carina Sagittarius" 3.68485 0.16095 -0.00125 isolated 11.04940 9.41223 23.04763 -0.00763 278.32354 -8.79127 0.06724 3.6884 2.35178 0.352992 8.93025e-20 0.276478 5.21191e-14 0.279081 4.62662625622e+33 0 pwn_446
"Carina Sagittarius" 17.55746 -10.63364 -0.18121 isolated 3.33841 17.68756 96.92878 -0.58702 326.55808 52.67235 0.01081 20.5265 2.00089 0.271676 1.20603e-20 0.0373385 8.88029e-15 0.0475511 2.96832801626e+33 0 pwn_447
Norma -2.92601 0.86445 0.01194 isolated 21.01243 9.81095 -17.35192 0.06970 254.02166 -43.16022 0.12267 3.0510 2.05041 0.338183 4.18974e-20 0.129713 2.88677e-14 0.154577 3.5030128107e+33 0 pwn_448
Perseus -9.04761 8.34714 0.19024 isolated 12.09563 19.12385 -28.23764 0.56999 242.60322 -50.81409 0.03623 12.3099 1.78109 0.16559 9.33408e-21 0.0288981 8.54735e-15 0.0457683 2.82848015897e+33 0 pwn_449
"Carina Sagittarius" 4.50820 2.37656 0.05051 isolated 0.10000 11.77396 22.51340 0.24581 277.84613 -9.14800 0.01000 5.0963 2.18703 0.18462 9.31096e-20 0.288265 6.46677e-14 0.346275 6.46882334475e+33 0 pwn_450
"Carina Sagittarius" 3.00359 5.71134 -0.01921 isolated 13.75609 14.52530 11.93393 -0.07577 273.00236 -18.63371 0.05424 6.4530 2.05327 0.315099 9.27661e-20 0.287201 6.46164e-14 0.346 1.59367283415e+34 0 pwn_451
"Crux Scutum" 2.13116 -10.48796 -0.05953 isolated 19.39875 2.91502 133.00890 -1.17013 33.39380 60.08477 0.38114 10.7023 2.23318 0.179031 7.26415e-19 2.24896 4.927e-13 2.63825 2.88739890823e+33 0 pwn_452
Norma 8.25556 -3.34550 0.04195 isolated 16.20542 9.73267 58.02072 0.24693 294.67834 22.29259 0.09536 8.9077 2.21042 0.314175 8.46953e-20 0.262214 5.41212e-14 0.289802 5.20355896041e+33 0 pwn_453
"Crux Scutum" 15.11266 1.48219 0.03343 isolated 14.89232 18.11181 56.55449 0.10576 294.03907 20.94478 0.04709 15.1852 2.03156 0.321028 1.48299e-20 0.045913 1.04243e-14 0.055819 4.15368340452e+33 0 pwn_454
"Carina Sagittarius" -6.13289 5.54729 0.13566 isolated 15.00454 15.32831 -23.58554 0.50707 247.72732 -47.58117 0.05606 8.2695 1.8855 0.12804 2.32206e-20 0.0718903 2.03611e-14 0.109027 3.58484808988e+33 0 pwn_455
"Crux Scutum" 1.31021 -2.46820 0.06918 isolated 24.84883 6.17285 12.25525 0.64214 272.50288 -18.00617 0.23056 2.7944 2.00726 0.322498 1.32009e-19 0.408698 9.40193e-14 0.503443 4.47040016942e+33 0 pwn_456
"Carina Sagittarius" -8.52036 -9.29747 0.00589 isolated 14.04861 8.55760 -95.34706 0.03946 132.92176 -44.29315 0.09402 12.6111 1.99876 0.108874 6.92749e-20 0.214473 5.70277e-14 0.305365 2.76068271474e+33 0 pwn_457
"Crux Scutum" -1.17992 -11.09868 -0.07984 isolated 17.30765 2.85512 -155.57981 -1.60240 97.52257 6.83015 0.34719 11.1612 1.92572 0.333301 5.37306e-19 1.66348 3.98855e-13 2.13574 4.53623091349e+33 0 pwn_458
"Carina Sagittarius" -9.10179 2.92312 -0.00169 isolated 20.55474 14.60583 -38.54736 -0.00664 229.16958 -57.55933 0.08060 9.5597 1.73886 0.126982 3.34555e-20 0.103578 3.2656e-14 0.174862 5.71799770249e+33 0 pwn_459
Norma -1.44362 1.76723 -0.02332 isolated 0.42762 10.36824 -8.00359 -0.12888 261.41306 -35.74315 0.01000 2.2819 2.23713 0.113964 4.34361e-19 1.34477 3.05743e-13 1.63716 1.9209629386e+34 0 pwn_460
"Crux Scutum" -4.92636 3.31121 0.00125 isolated 24.14996 12.79740 -22.64061 0.00560 249.21900 -47.22747 0.10808 5.9357 2.2815 0.260198 1.44433e-19 0.447162 9.1263e-14 0.488684 1.2319798806e+34 0 pwn_461
"Crux Scutum" 2.85311 2.75752 -0.02527 isolated 16.33217 11.61347 14.22162 -0.12468 274.19491 -16.64763 0.08054 3.9679 2.11941 0.244159 3.4425e-20 0.106579 2.40231e-14 0.128636 2.89518931515e+33 0 pwn_462
Perseus -4.43803 11.13082 0.06424 isolated 17.11097 20.12633 -12.73896 0.18288 257.64587 -39.43359 0.04869 11.9830 2.28402 0.330403 1.02169e-20 0.0316312 6.23279e-15 0.0333746 2.51907075523e+33 0 pwn_463
Perseus 5.58673 7.52359 0.05829 isolated 14.76007 16.96969 19.22144 0.19680 276.33367 -12.08566 0.04982 9.3710 1.95382 0.169508 2.79939e-20 0.0866684 2.27064e-14 0.121586 5.30458999812e+33 0 pwn_464
Norma 6.67776 9.08691 -0.02304 isolated 20.71494 18.81203 20.79181 -0.07018 277.32063 -10.82008 0.06307 11.2767 2.22916 0.378662 2.4394e-20 0.0755233 1.4973e-14 0.0801755 6.40092629778e+33 0 pwn_465
"Carina Sagittarius" 5.20790 -16.04844 0.01109 isolated 18.82526 9.17068 145.39703 0.06931 55.13515 55.38625 0.11757 16.8723 2.12012 0.345915 1.65009e-19 0.510862 1.08962e-13 0.583457 1.10932641964e+34 0 pwn_466
Perseus -0.15242 10.41533 -0.00753 isolated 30.17501 18.91595 -0.46168 -0.02282 266.15138 -29.34189 0.09136 10.4164 2.18998 0.22224 2.02724e-20 0.062763 1.37529e-14 0.0736426 3.92079587432e+33 0 pwn_467
Norma -14.76819 11.07308 0.08513 isolated 21.22066 24.51963 -37.03512 0.19893 231.30591 -56.56920 0.04957 18.4584 2.07903 0.386923 4.58249e-21 0.0141873 3.03129e-15 0.0162316 2.61484208184e+33 0 pwn_468
Norma 5.31293 -6.29406 -0.04909 isolated 18.02994 5.75289 67.45170 -0.48891 300.75155 30.02903 0.17950 8.2367 2.05725 0.179432 1.69208e-19 0.523864 1.27565e-13 0.683069 3.28171676756e+33 0 pwn_469
"Carina Sagittarius" -0.94655 -1.79799 0.02514 isolated 18.85137 6.76857 -8.03893 0.21285 261.04066 -35.58042 0.15952 2.0319 2.03442 0.175457 3.014e-19 0.933126 2.31119e-13 1.23757 8.26686158419e+33 0 pwn_470
"Carina Sagittarius" -1.41170 -0.12649 0.14094 isolated 23.21592 8.49285 -9.56958 0.95089 259.21134 -36.41534 0.15656 1.4174 2.38404 0.186923 1.77727e-19 0.550239 1.10287e-13 0.590549 5.0766250735e+33 0 pwn_471
"Crux Scutum" -3.15726 4.87607 -0.05242 isolated 15.91576 13.74374 -13.28089 -0.21854 257.64829 -40.10799 0.06633 5.8090 1.78119 0.285967 2.64377e-20 0.0818505 2.21167e-14 0.118428 5.66857356462e+33 0 pwn_472
