sky_model/pwn/ctadc_skymodel_gps_sources_pwn.ecsv
# %ECSV 0.9
# ---
# datatype:
# - {name: x, unit: kpc, datatype: float64, description: Galactocentric x coordinate}
# - {name: y, unit: kpc, datatype: float64, description: Galactocentric y coordinate}
# - {name: z, unit: kpc, datatype: float64, description: Galactocentric z coordinate}
# - {name: spiralarm, datatype: string}
# - {name: GLON, unit: deg, datatype: float64, description: Galactic longitude}
# - {name: GLAT, unit: deg, datatype: float64, description: Galactic latitude}
# - {name: RA, unit: deg, datatype: float64}
# - {name: DEC, unit: deg, datatype: float64}
# - {name: distance, unit: pc, datatype: float64, description: Distance observer to
#     source center}
# - {name: sigma, unit: deg, datatype: float64, description: Angular extension (deg)}
# - {name: spec_alpha, datatype: float64, description: Spectral model parameter (log
#     parabola)}
# - {name: spec_beta, datatype: float64, description: Spectral model parameter (log
#     parabola)}
# - {name: spec_norm, unit: 1 / (cm2 MeV s), datatype: float64, description: Spectral
#     model norm parameter (log parabola)}
# - {name: spec_norm_cu, unit: '%', datatype: float64, description: Spectral model norm
#     parameter (log parabola) in crab units}
# - {name: int_flux_above_1TeV, unit: 1 / (cm2 s), datatype: float64, description: 'Integral
#     flux above 1 TeV '}
# - {name: int_flux_above_1TeV_cu, unit: '%', datatype: float64, description: Integral
#     flux above 1 TeV in crab units}
# - {name: source_name, datatype: string, description: source name}
x y z spiralarm GLON GLAT RA DEC distance sigma spec_alpha spec_beta spec_norm spec_norm_cu int_flux_above_1TeV int_flux_above_1TeV_cu source_name
[from data line 194]
-6.02882785861 3.0291173341 -0.0340185830882 "Crux Scutum" -27.6060530427 -0.149813625768 244.113645662 -50.9036095138 13010.3216377 0.166618744289 1.85617024617 0.49023322942 7.60248461817e-21 0.023537104081 1.61522278652e-14 0.063290238456 pwn_194
6.06317236364 0.680161406933 -0.077320500016 Perseus 33.4433529078 -0.402670952926 283.451058318 0.271538314902 11001.9725971 0.142777712936 2.2945024283 0.294331077341 8.26529739685e-20 0.255891560274 7.95771919356e-14 0.311812060559 pwn_195
8.89582968683 -7.51611806575 -0.0409200620384 "Crux Scutum" 83.6887170798 -0.261956575709 312.311309194 43.4068996753 8950.16669839 0.2660579898 1.90651264914 0.0227553569813 3.95315343676e-19 1.22388651293 3.90631688695e-13 1.53063545985 pwn_196
7.58387508419 -4.41271410417 0.0182857336754 Norma 61.6778076222 0.121610415642 296.785883696 25.4031661263 8615.18436569 0.28155994706 1.78544819331 0.0989913999699 4.23742777599e-19 1.31189714427 5.0506598876e-13 1.97903020757 pwn_197
0.259578452041 -0.418913740536 0.0325818400324 "Crux Scutum" 1.83980682552 0.230888449823 267.261359563 -27.2428153127 8085.31988742 0.44236508097 2.05345116829 0.202386814479 3.53847331323e-19 1.09550257375 3.76704403976e-13 1.47606334891 pwn_198
5.4751793137 -6.24562522559 -0.0914684382672 Norma 67.6208565734 -0.885023236262 301.242579238 29.9607811771 5921.83760465 0.484044504023 2.29212250899 0.300638586287 2.16214674758e-20 0.0669395277889 2.10161203459e-14 0.0823487186546 pwn_199
-12.2564016084 2.76661366461 -0.24759311174 Perseus -47.4094376385 -0.852053882741 213.894263561 -62.1355862693 16649.8428282 0.0841477331309 1.60986614625 0.385965433704 4.64112811908e-21 0.0143688177061 1.0810701116e-14 0.0423602153969 pwn_200
1.11010505116 1.55643197528 0.0205511822975 Perseus 6.29923799697 0.116381751536 269.869306628 -23.45490328 10117.5382208 0.149498900918 1.67315339159 0.206543062952 1.24666843717e-19 0.385965460423 1.92936368438e-13 0.755994087454 pwn_201
4.8727233904 -10.4150362869 -0.0612858330546 "Crux Scutum" 111.455397052 -0.670659464231 349.345431981 60.0885246232 5235.89086715 0.508593067487 1.78705930128 0.355029152508 1.4019788005e-19 0.434049164243 2.46849438532e-13 0.967244887694 pwn_202
-2.94705298847 6.5420983581 0.155947699813 "Carina Sagittarius" -11.0850000063 0.582906691789 258.479920155 -37.8615708752 15328.8670167 0.148814286493 2.29555236117 0.394934751555 8.97147087429e-19 2.77754516232 9.82105593048e-13 3.84824296016 pwn_203
5.02884291521 2.23582390327 0.0260110944494 "Carina Sagittarius" 25.0991925927 0.125709905459 279.157686553 -6.90873666997 11855.2879562 0.191320045571 2.06340181201 0.158630098625 2.95456988907e-19 0.914727519836 2.96441629116e-13 1.16156492786 pwn_204
4.52251023059 3.69481943125 0.0079451367745 "Carina Sagittarius" 20.3475526648 0.034999874916 277.015551552 -11.1646678964 13006.413144 0.0253010234001 2.57568142085 0.489635120018 1.49805176682e-19 0.463793116663 1.43450280442e-13 0.562089795386 pwn_205
-9.83554218039 1.72692834048 -0.0483880460071 "Carina Sagittarius" -43.8823943204 -0.195392097283 220.213636185 -60.23563094 14189.090692 0.11962107812 2.25284034597 0.324828247618 1.73868075989e-20 0.0538291256932 1.80309540662e-14 0.0706517634574 pwn_206
7.53965414817 -0.409302811229 -0.00806846287597 Perseus 42.9808918406 -0.0418013102719 287.516711262 8.91453958036 11059.1966604 0.0980329691974 1.99052430225 0.440499030393 4.89564343916e-20 0.151567908333 7.97529807033e-14 0.31250086418 pwn_207
6.81195600081 4.2241655533 -0.143683563531 Perseus 28.1626288257 -0.570378707468 281.189602949 -4.50422393661 14433.5643052 0.135704394821 2.34157101628 0.277968844404 1.00552611362e-19 0.311308394309 9.13240914057e-14 0.357840637842 pwn_208
-14.0029747583 2.53925499857 6.54866133931e-05 Perseus -51.7494958109 0.000210424743266 204.398401052 -62.3939584553 17831.1091357 0.091631507911 2.05710419344 0.370801553576 9.74783645281e-20 0.301790602254 1.30762873473e-13 0.512375971437 pwn_209
13.3230780921 -4.46007702834 0.168803224733 "Crux Scutum" 73.131256221 0.694667146995 303.224361568 35.4454646132 13923.1419584 0.179568211584 1.80967123482 0.385272030808 7.80490876518e-20 0.241638042266 1.41682049285e-13 0.555161229709 pwn_210
1.16852207576 6.14028788505 0.0382334065424 "Carina Sagittarius" 4.56341795173 0.14915440264 268.884791881 -24.9407637148 14686.8967107 0.135545128252 2.18359320795 0.454124189617 1.24106869415e-19 0.384231793855 1.66785932531e-13 0.653527273707 pwn_211
2.45460360605 -6.98498531984 -0.0151110139196 Norma 58.3165518833 -0.300152185991 295.350362174 22.2802652553 2884.5409837 0.829855619417 1.81199180346 0.0751748784357 5.10958615298e-19 1.58191521764 5.78065526836e-13 2.26506865443 pwn_212
0.230117988778 7.05119003916 -0.0995487002041 "Carina Sagittarius" 0.847769675904 -0.366725512916 267.262984451 -28.400946473 15553.2111111 0.0847097977166 1.92159278278 0.279141712085 1.85303923696e-19 0.573696358193 2.48000726825e-13 0.971756049324 pwn_213
-0.195565690141 -2.70092729359 -0.0108134666062 "Carina Sagittarius" -1.93148876441 -0.106777980287 265.341456553 -30.6362377711 5802.37943644 0.156286420667 2.35850132791 0.214189256553 1.11975872481e-19 0.346674527804 9.39185226121e-14 0.368006552482 pwn_214
-9.2463302023 3.47568002326 -0.0369367581435 "Carina Sagittarius" -37.6714536073 -0.139877128192 230.673571274 -57.2019501851 15129.8677639 0.0902808082002 1.97265399872 0.461579510587 1.33890915436e-20 0.0414522958007 2.31917137086e-14 0.0908734759735 pwn_215
-6.81016863325 -5.5180709391 -0.0284691483025 "Crux Scutum" -66.3531097679 -0.219406294239 172.995939586 -61.6504504227 7434.45413127 0.22914805575 1.78315182542 0.0525473471245 3.69914216087e-19 1.14524525104 4.18015793302e-13 1.63793623129 pwn_216
-9.45766285805 -7.51638996475 -0.0160893174604 "Carina Sagittarius" -84.0625054001 -0.0969482322688 144.586568284 -52.5415753733 9508.68730709 0.214955516359 1.87462882331 0.49128694434 4.08209898838e-20 0.126380773634 8.48837467194e-14 0.332605050879 pwn_217
-10.4578948005 14.6466401722 0.00853692395412 Norma -24.3139515803 0.0192574549312 247.509608142 -48.4456417589 25399.4997549 0.144065834555 2.27588345811 0.437725662047 4.78322731098e-21 0.0148087532848 5.68429455581e-15 0.0222731106132 pwn_218
13.2199697772 10.5266098086 -0.0845718928855 "Crux Scutum" 34.7921441653 -0.209145633168 283.894129387 1.56009672381 23168.6562866 0.0725941825334 1.85081401818 0.0369131407821 1.0146036103e-20 0.0314118764798 1.06426176391e-14 0.0417016038776 pwn_219
-2.09011496284 2.09744156792 0.0599375888612 Norma -11.1571504439 0.317928712601 258.699133382 -38.0750025059 10801.7563784 0.0830378352844 1.89554487135 0.24548319277 1.33498845421e-20 0.0413309118949 1.74489122799e-14 0.0683711143881 pwn_220
0.0901031117143 -16.0150067206 0.0109078815073 "Carina Sagittarius" 179.313070386 0.0831576393215 86.0751108454 29.565424647 7515.55477419 0.189071585348 1.8622209603 0.358779750106 2.1099890744e-19 0.653247391456 3.43087282713e-13 1.3443393763 pwn_221
-2.31561444395 6.98478624936 -0.0072390729825 "Carina Sagittarius" -8.50505837991 -0.0264909703992 260.960420042 -36.100345545 15656.9705833 0.0843033281991 2.04965988347 0.369075772846 1.46339429836e-19 0.453063250268 1.973038217e-13 0.773107340234 pwn_222
-2.87728960048 -3.50468581063 -0.102785120686 Perseus -29.9418445838 -1.02147770732 242.320349384 -53.1392825171 5765.63301613 0.369752450471 1.8959177647 0.453247062619 1.37536730867e-19 0.425810312282 2.57176024495e-13 1.00770816579 pwn_223
-4.97336407101 7.13327739946 0.147005471019 "Carina Sagittarius" -17.6472601947 0.513405427503 253.294461801 -43.1102945665 16405.95389 0.0240464093566 1.56750426678 0.399932717791 8.1673136301e-21 0.0252858007124 2.07381687412e-14 0.0812596042929 pwn_224
-3.69682294341 0.855352366514 0.0774319305925 Norma -21.5617477148 0.441029091592 249.79889488 -46.1341853439 10059.5781959 0.17620637925 1.7604611457 0.155465190172 1.73121939228e-20 0.0535981235999 2.27395573558e-14 0.0891017647503 pwn_225
6.40861183118 -1.94888544812 0.0103412198546 Perseus 44.3700117437 0.0646527692481 288.072331129 10.1954737999 9164.47022012 0.202157768267 1.74814695879 0.249217392931 2.50726757941e-19 0.776243832634 3.83669405807e-13 1.50335473128 pwn_226
-2.50052008367 -4.00166039989 0.0622022381422 Perseus -29.0686424045 0.692445670059 241.495122397 -51.2833734678 5146.9922251 0.37258290254 2.3356962338 0.350892881468 6.42774357406e-18 19.9001349042 6.39401079711e-12 25.0540341195 pwn_227
4.31680549818 -0.287105832147 -0.0708579189245 "Carina Sagittarius" 27.7270077816 -0.437557575757 280.871408737 -4.83105043999 9278.54844069 0.129875371269 2.21942199137 0.0692184206822 3.00288319729e-20 0.09296852004 2.44666072816e-14 0.0958689675497 pwn_228
-14.2882107596 -5.98508598534 -0.0225273734754 Perseus -80.0174359017 -0.0889671619423 149.885124743 -55.1100688486 14507.86913 0.104344265405 2.15856003244 0.0969953988001 2.53705943483e-20 0.0785467317284 2.21587607504e-14 0.0868259947476 pwn_229
5.70489511643 -3.35665999897 -0.0726170020773 Perseus 47.9632512193 -0.541655095862 290.331723396 13.0907976143 7681.47433014 0.0644138107158 1.86355325434 0.240521224055 6.93572378196e-20 0.214728290463 9.29196277009e-14 0.364092522934 pwn_230
3.13064863338 3.29574394693 -0.0230222651799 "Crux Scutum" 14.8639034641 -0.108084573416 274.497403147 -16.0744282115 12204.1413525 0.106062252824 1.77973628366 0.149122899353 3.49140363928e-20 0.108092991928 4.4632072299e-14 0.174884512661 pwn_231
-3.81565420709 10.681780996 -0.0213484730583 Perseus -11.2504618502 -0.0625422631303 259.023753906 -38.3723730458 19557.6173131 0.0640076549141 1.86297024755 0.431279624892 1.76700294014e-20 0.0547059733791 3.29160134779e-14 0.128976780134 pwn_232
-2.44279108144 -5.77399702033 0.0231737194821 Norma -41.8637487691 0.36273327276 223.33559014 -58.8628035014 3660.44499126 0.567047005104 1.71599237231 0.29313866076 2.9642698615e-18 9.17730607277 5.0617709285e-12 19.8338391303 pwn_233
4.02676433092 5.17739595488 -0.00422840946611 "Carina Sagittarius" 16.4049644917 -0.0169920559878 275.16952955 -14.6732901117 14257.8402629 0.050844249123 2.67424410573 0.174332598859 4.42645107211e-19 1.37041828858 2.88198633149e-13 1.1292659048 pwn_234
-6.28555466334 15.0787502909 0.0155183053975 Norma -14.9266255009 0.0364366555228 256.076774324 -41.2714862772 24402.1700577 0.0979152855076 1.39376315494 0.424416512802 7.284665359e-21 0.0225531435263 2.49410798746e-14 0.0977281218288 pwn_235
-10.2605233945 2.18736408386 -0.0669036566854 "Carina Sagittarius" -43.832684861 -0.258734392426 220.357355734 -60.273028972 14815.6190383 0.202633078012 2.15228230447 0.402439224277 1.77563495237e-20 0.0549732183397 2.26772235378e-14 0.0888575184307 pwn_236
-13.1243404766 2.54331667615 0.00655219970363 Perseus -49.9214739979 0.0218869917049 208.223220554 -61.9941399433 17152.3525817 0.01 1.65317087954 0.49917743855 2.71745917095e-21 0.00841318628778 7.75083722819e-15 0.0303705681037 pwn_237
11.8413148009 8.37601598563 0.0493729638951 "Crux Scutum" 35.0560067554 0.137217034209 283.70620126 1.9529155934 20615.9911101 0.101106694606 1.9718272573 0.423653844167 5.9818293589e-21 0.0185195955384 9.65184132831e-15 0.0378193859267 pwn_238
-8.91457028881 2.28941252208 0.00956342768067 "Carina Sagittarius" -39.5646462967 0.039150742428 227.490287136 -58.0455286053 13995.7521222 0.164317655165 1.73323947553 0.207228267403 2.44181634117e-19 0.755980291384 3.55298358013e-13 1.39218676144 pwn_239
-9.08252006524 -8.50201032784 0.0683265698399 "Carina Sagittarius" -90.0126818656 0.431020257345 138.460369578 -48.0238875877 9082.77728986 0.128879825019 1.68204018013 0.063749440885 1.1989951079e-19 0.371205915759 1.5025624008e-13 0.588757993233 pwn_240
4.27971511301 0.920892483101 0.0513147906311 "Crux Scutum" 24.4313084995 0.284138054163 278.706240452 -7.42886590338 10347.55091 0.133066680303 1.69214699875 0.4203204541 2.25572811908e-20 0.0698367838725 5.08901258682e-14 0.19940581746 pwn_241
2.34441178706 -1.53825628766 0.164189052344 "Carina Sagittarius" 18.6112820033 1.28041258129 275.062232595 -12.1160644228 7347.72755268 0.218306200809 2.47384626151 0.0298789589802 4.2574187951e-19 1.31808631427 2.84573036491e-13 1.11505951303 pwn_242
2.27573309684 10.2647493013 0.120251685652 Perseus 6.9148923394 0.36449754903 269.968418943 -22.7974257838 18902.6251599 0.0773638030282 1.96409312598 0.175135603672 8.7397881598e-20 0.270581676774 9.7443523478e-14 0.381818773757 pwn_243
5.74796079008 12.3168653597 0.00262912034184 Norma 15.435913943 0.00697529694216 274.673642933 -15.5161490738 21595.8547773 0.0672692983946 1.79326040749 0.459868990386 1.99851413137e-21 0.00618735025192 4.31119670923e-15 0.0168928193705 pwn_244
-2.02123958767 -5.01078120706 -0.0640157779497 Norma -30.0829153388 -0.909519770068 242.020837355 -53.1518723049 4032.88423781 0.0690193987745 2.1500624803 0.480383236723 2.24522863213e-18 6.9511722357 3.27724391444e-12 12.8414204254 pwn_245
-3.24415843518 -3.72255721693 -0.0319569270536 Norma -34.178760153 -0.317062518813 235.993174444 -55.3277175838 5774.90647052 0.468958007089 2.00279431493 0.320282296761 3.20651841448e-19 0.992730159281 4.20510818156e-13 1.64771263609 pwn_246
4.25380037081 1.27415462033 -0.0417890327754 "Crux Scutum" 23.5191104252 -0.224614761763 278.738108261 -8.47286445017 10659.7684056 0.248196803086 2.19440911502 0.344324158492 7.62607876876e-20 0.236101509869 8.57066936812e-14 0.335829653076 pwn_247
-0.418280555711 4.34087107749 0.13408292749 "Crux Scutum" -1.86570204347 0.597937203677 264.689645432 -30.206089176 12848.3814889 0.0793443527183 1.5074507029 0.0212272443628 9.29678898214e-20 0.287826284277 1.29798889591e-13 0.508598735861 pwn_248
-0.980135347056 1.4999090831 -0.0221595260301 Perseus -5.5979325006 -0.12636017083 263.030935228 -33.7381162455 10047.852408 0.0456215244012 2.0819730542 0.257240170545 1.49448830907e-19 0.46268987897 1.66078823724e-13 0.650756567064 pwn_249
-0.99947209676 -2.54423981412 -0.0217254405016 "Carina Sagittarius" -9.52638470494 -0.206120565847 260.424605791 -37.0438540692 6039.08071304 0.35864122353 2.20862760602 0.273434089403 2.47991900955e-19 0.767776783143 2.50947608964e-13 0.983302993486 pwn_250
-10.5385735618 -5.01442619778 -0.0212914870139 "Carina Sagittarius" -71.6986580598 -0.109901540501 162.972487399 -59.542206733 11100.0545393 0.110229174981 1.5513684614 0.170050373062 4.10004768966e-20 0.12693646098 6.81455116108e-14 0.267018625267 pwn_251
1.31462330313 4.29351805529 -0.0420803919443 "Crux Scutum" 5.86694950112 -0.187469247414 269.922116094 -23.9810787878 12860.952897 0.143081617871 2.12101272679 0.0342984173769 4.32667051024e-20 0.133952647376 3.67228290158e-14 0.143893252658 pwn_252
-0.923508983923 -4.43581544481 0.0138157151648 Perseus -12.8019962035 0.189927867079 257.590084279 -39.4801503577 4167.81187387 0.346435005701 2.45796902466 0.114453799862 3.02314045968e-18 9.35956798663 2.16714200719e-12 8.49164186813 pwn_253
0.365124548456 13.6552729415 0.0276881889775 Norma 0.944163587118 0.0715947015805 266.893329861 -28.0921130057 22158.2987092 0.104354514984 1.99598842009 0.178991968431 1.38056305436e-20 0.0427418902277 1.50319920913e-14 0.0589007517643 pwn_254
0.54761244604 -6.47462373008 -0.0643530504476 Norma 15.1296344996 -1.75682787486 276.143828382 -16.6156748764 2099.08783545 1.10289647951 2.221779603 0.217570993258 1.1673227252e-18 3.61400224521 1.09541949183e-12 4.29224757268 pwn_255
-4.5688837082 4.45416678359 -0.0275452557143 "Crux Scutum" -19.4275458708 -0.114894705118 252.390365989 -44.88264673 13736.2984147 0.0797047050051 2.18105402158 0.295463362767 7.8868813062e-20 0.244175891833 8.40854958886e-14 0.329477217007 pwn_256
3.97357460508 -3.89627334814 -0.00499872999259 Perseus 40.7981767582 -0.0470953095433 286.50644813 6.9746328774 6081.41588896 0.0871106435966 1.80897346167 0.361195759349 7.35647123772e-19 2.27754527483 1.27716835879e-12 5.00440500536 pwn_257
