sky_model/pwn/ctadc_skymodel_gps_sources_pwn.ecsv
# %ECSV 0.9
# ---
# datatype:
# - {name: x, unit: kpc, datatype: float64, description: Galactocentric x coordinate}
# - {name: y, unit: kpc, datatype: float64, description: Galactocentric y coordinate}
# - {name: z, unit: kpc, datatype: float64, description: Galactocentric z coordinate}
# - {name: spiralarm, datatype: string}
# - {name: GLON, unit: deg, datatype: float64, description: Galactic longitude}
# - {name: GLAT, unit: deg, datatype: float64, description: Galactic latitude}
# - {name: RA, unit: deg, datatype: float64}
# - {name: DEC, unit: deg, datatype: float64}
# - {name: distance, unit: pc, datatype: float64, description: Distance observer to
#     source center}
# - {name: sigma, unit: deg, datatype: float64, description: Angular extension (deg)}
# - {name: spec_alpha, datatype: float64, description: Spectral model parameter (log
#     parabola)}
# - {name: spec_beta, datatype: float64, description: Spectral model parameter (log
#     parabola)}
# - {name: spec_norm, unit: 1 / (cm2 MeV s), datatype: float64, description: Spectral
#     model norm parameter (log parabola)}
# - {name: spec_norm_cu, unit: '%', datatype: float64, description: Spectral model norm
#     parameter (log parabola) in crab units}
# - {name: int_flux_above_1TeV, unit: 1 / (cm2 s), datatype: float64, description: 'Integral
#     flux above 1 TeV '}
# - {name: int_flux_above_1TeV_cu, unit: '%', datatype: float64, description: Integral
#     flux above 1 TeV in crab units}
# - {name: source_name, datatype: string, description: source name}
x y z spiralarm GLON GLAT RA DEC distance sigma spec_alpha spec_beta spec_norm spec_norm_cu int_flux_above_1TeV int_flux_above_1TeV_cu source_name
[from data line 259]
3.52595398462 3.43739565796 0.108381320012 "Crux Scutum" 16.4555834877 0.49887650824 274.724443795 -14.3851065162 12447.7111594 0.180161150881 1.57691142807 0.164476879959 2.28465994621e-20 0.0707325060747 3.66220578539e-14 0.143498395 pwn_259
7.35199807673 -4.11000318945 -0.112430230889 Norma 59.1578923556 -0.752242490224 296.228101825 22.7851365335 8563.67843124 0.0813734790886 1.87814817998 0.00984582136185 3.3211977724e-19 1.02823460446 3.31355862793e-13 1.29837145346 pwn_260
-10.6297995254 -2.82448245756 0.00934669272014 "Carina Sagittarius" -61.9011191334 0.0444417359804 182.370010433 -62.4329297304 12050.0715635 0.106456116262 2.07173575324 0.020437430047 1.20683444402e-18 3.73632954804 1.04900280986e-12 4.11037031741 pwn_261
1.64459961093 -1.19761610754 0.0524345850216 "Carina Sagittarius" 12.6920573558 0.401351526793 272.945775686 -17.7395589605 7485.47044473 0.161100866463 2.19523713331 0.128910847154 5.99567049361e-20 0.185624473486 5.24863133016e-14 0.205660253945 pwn_262
6.02339331454 -6.126711338 0.0885015890914 Norma 68.4949694164 0.783192117933 300.137878313 31.5874985873 6474.68907563 0.25839884069 2.00664527382 0.370122498837 2.90536464755e-19 0.899493698931 4.10739162369e-13 1.60942377402 pwn_263
-2.31020075418 -1.99316142524 0.0135753430055 Perseus -19.5469976179 0.112647897238 252.036208413 -44.8277497901 6904.79254232 0.01 2.19439560714 0.314156915187 3.18079486457e-19 0.984766211942 3.43226962546e-13 1.34488669213 pwn_264
-7.1363477999 -3.02054417663 0.188727433055 "Crux Scutum" -52.4820974175 1.20165685922 202.45011684 -61.3280383156 8999.30631135 0.208948769877 1.7022153225 0.384894510339 2.16255731747e-19 0.669522389308 4.47084554377e-13 1.75183809272 pwn_265
1.8944047875 8.56262328146 0.0441726444769 Perseus 6.33540775113 0.147424234853 269.859597195 -23.4080789915 17167.5226508 0.126301930785 1.97254173587 0.384459718107 7.58350738517e-20 0.234783510377 1.14002269599e-13 0.446701896958 pwn_266
-8.52262959759 -7.30166301852 0.0461454752546 "Carina Sagittarius" -81.9963114658 0.307201141515 147.640587996 -53.5732983956 8606.58795248 0.208465545305 2.00520543382 0.428283733835 7.21074735277e-20 0.223242952098 1.12927639006e-13 0.442491107767 pwn_267
7.14559155294 10.2898004019 0.0431219866109 Norma 20.8213577241 0.122904465397 277.16051494 -10.7042769382 20102.6848279 0.0721858165163 2.4993896366 0.360159632993 5.79911927599e-21 0.017953929647 5.06396844956e-15 0.0198424498083 pwn_268
3.90352350043 1.46148124568 -0.0512802226507 "Carina Sagittarius" 21.3983131685 -0.27461611262 277.790838457 -10.3773397532 10699.1230476 0.168414754106 1.94217500283 0.4895054595 1.09383557088e-19 0.338648783553 2.08025888581e-13 0.815120254816 pwn_269
3.25575212066 0.624696670993 0.0161725090348 "Carina Sagittarius" 19.636736247 0.0956443523196 276.623159728 -11.7655427836 9688.15115277 0.212737843053 1.86526550774 0.449412609651 2.00999352649e-20 0.0622289017489 3.87289547443e-14 0.151753974831 pwn_270
-2.15672518743 6.64990340901 0.10352761991 "Carina Sagittarius" -8.10213007822 0.387619526753 260.81946141 -35.5339783609 15302.9982293 0.01 2.00576483044 0.293358583112 1.38165858217e-20 0.0427758074976 1.73546685979e-14 0.0680018337442 pwn_271
7.4482081752 1.54614454632 0.146272109999 Perseus 36.5532252326 0.670108051154 283.915206247 3.52832922913 12506.8869347 0.271734294133 1.75183936989 0.294078835246 1.56701703195e-19 0.485144591936 2.57448308545e-13 1.00877507264 pwn_272
2.50632188371 1.0585447173 -0.0529392725349 "Crux Scutum" 14.6926228244 -0.306948874849 274.595267078 -16.3194823113 9881.81304539 0.207790288028 2.05204353925 0.0171335201761 6.65135133487e-20 0.205924189934 5.84869283162e-14 0.229172821891 pwn_273
10.4554882526 1.56591665653 -0.0981264925217 Norma 46.0875535874 -0.387375328412 289.292805552 11.5060241072 14513.7707555 0.0797673192638 1.90143509153 0.499263288854 1.06807077404e-19 0.330672066268 2.18313917242e-13 0.855432451537 pwn_274
-4.61331650747 -2.46190538156 -0.0147694053505 Norma -37.3810990801 -0.111363252798 231.091974545 -57.0189251246 7598.78239948 0.181916310865 1.51634156203 0.0657879986831 2.13907174983e-19 0.662251315737 3.14707107317e-13 1.23313564124 pwn_275
-2.67159709457 -10.1565050149 0.014569832706 "Crux Scutum" -121.800691453 0.265560801566 115.255229472 -22.1954818122 3143.5095324 0.681528024968 1.98418163119 0.370173598316 1.10683601631e-18 3.42673689259 1.60331194155e-12 6.28235287088 pwn_276
10.4957228673 3.06905264134 -0.0344242392899 Norma 42.2150712301 -0.126266615701 287.235215245 8.19611842522 15620.6389931 0.103610832248 1.91426336464 0.410507597562 3.51942875431e-20 0.108960642548 5.92453602845e-14 0.232144631138 pwn_277
-0.823606849864 -6.03082342914 0.0615762979292 Norma -18.4463923266 1.35517504329 251.70697351 -43.1849178326 2603.64222229 0.01 1.55924570844 0.186527264653 1.46290244139e-19 0.452910972567 2.4768574958e-13 0.970521855185 pwn_278
-9.71799574969 8.6438668492 -0.0849943170243 Perseus -29.5467196024 -0.247113955225 241.939646218 -52.3010860085 19706.8220667 0.177189013191 1.98187377825 0.0984260273327 4.86249574641e-21 0.0150541663975 4.88899639207e-15 0.0191568463526 pwn_279
1.41823619324 6.08849353371 -0.0742010434856 "Carina Sagittarius" 5.55262255564 -0.2900520063 269.848132037 -24.3047529866 14657.4569171 0.110745463365 2.40212610976 0.0493799433953 1.53394245763e-19 0.474904785645 1.08704060419e-13 0.425941607712 pwn_280
-2.45403063625 2.1234357181 0.0745641651125 Perseus -13.0072566938 0.391825104008 257.2214883 -39.5249369791 10903.449575 0.237965982978 2.14075201203 0.374303002915 1.53817103054e-19 0.476213941344 1.90324846005e-13 0.745761203242 pwn_281
0.369117899143 -0.19464535863 -0.035707137188 "Carina Sagittarius" 2.54474259466 -0.246086802516 268.126748514 -26.8814900889 8313.62969719 0.135159798617 2.16522034204 0.226326764603 2.24356608241e-19 0.694602502294 2.22961015743e-13 0.873641454946 pwn_282
0.553317573028 7.36734088348 -0.00346744410126 "Carina Sagittarius" 1.99717904031 -0.0125130749877 267.587161022 -27.2328758465 15876.9858308 0.191353991836 1.63779588409 0.356858879501 6.94354645368e-21 0.0214970478442 1.4686491655e-14 0.0575469567845 pwn_283
-2.75728110005 -10.0672225582 0.0401947336495 "Crux Scutum" -119.613648382 0.726098870999 116.87523503 -23.8605071753 3171.81355507 0.619271201488 2.12876255961 0.457703824426 7.51679073207e-19 2.32717979321 1.07937722706e-12 4.22938820917 pwn_284
11.4350074399 -15.4876163706 0.0281535677017 "Carina Sagittarius" 121.427946793 0.120370198769 9.55050037912 62.9534599447 13401.0063174 0.167246751386 2.04008138697 0.0732918680755 8.35301255133e-20 0.258607199732 7.81148398498e-14 0.306082039104 pwn_285
-0.0278238865658 -2.85125879466 -0.0667826430111 "Carina Sagittarius" -0.282218341961 -0.677343638149 266.900442549 -29.5290608094 5649.20448338 0.145193729364 2.14284221435 0.459585500362 7.83345822659e-20 0.24252192652 1.11105430446e-13 0.435351039213 pwn_286
-1.26003020558 10.7212197717 -0.0566596141658 Perseus -3.75060817187 -0.168532200535 264.266572355 -32.208421202 19262.5589147 0.143216480054 2.11410972786 0.205813229754 1.19420835146e-19 0.36972394782 1.2108541186e-13 0.47445619602 pwn_287
-0.264955091757 -2.68251420474 -0.0680274425398 "Carina Sagittarius" -2.60771156541 -0.669270569191 265.481978371 -31.5075383196 5823.91362502 0.396784790491 1.63285920411 0.152633504949 3.21410523061e-20 0.0995079018764 4.77295242664e-14 0.18702144357 pwn_288
11.7134511111 -1.77697412528 0.0376034639106 "Crux Scutum" 60.1459975527 0.15952625405 295.904664494 24.0964626219 13505.7553608 0.210031766346 1.98882178088 0.471531130301 6.10924141097e-20 0.189140600959 1.05827986797e-13 0.414672116787 pwn_289
-8.85896587053 8.60411449304 -0.0332299756821 Perseus -27.3816067189 -0.098843140626 244.312920938 -50.7109541587 19262.2198388 0.0611881156419 1.79537486769 0.495325846303 1.58389062902e-20 0.0490368615794 3.68584901514e-14 0.144424821782 pwn_290
3.51249371697 2.10353870428 -0.0510095355581 "Crux Scutum" 18.3278004258 -0.261644308327 276.321333897 -13.0899610871 11170.2841118 0.116824201351 1.98647729454 0.0994461088837 3.75519516463e-19 1.16259912218 3.76549290909e-13 1.47545556013 pwn_291
-4.96385081026 -6.89825277119 -0.00980597279605 "Crux Scutum" -72.1160235994 -0.107717229487 162.240518008 -59.3531081089 5215.88968524 0.708895923665 1.75770174974 0.328419173476 6.90163048756e-20 0.213672770513 1.19716640802e-13 0.469092858693 pwn_292
-2.34380058238 7.12858440095 0.0779046173534 "Carina Sagittarius" -8.52901922509 0.282444419129 260.628612687 -35.9454314943 15803.5477244 0.051099067003 2.35436699913 0.0532476568855 1.09480075307e-19 0.338947601568 8.02673127791e-14 0.314516202249 pwn_293
-3.36095399956 -2.34747860302 -0.092405483259 Perseus -28.6465718088 -0.755154016077 243.578993789 -52.060414791 7011.2816304 0.228405856067 1.76807745512 0.325457001929 1.51772685981e-18 4.69884476722 2.58764062749e-12 10.1393067086 pwn_294
-3.96672648782 0.498310176329 0.18338946056 Norma -23.7893319038 1.06837400809 246.918187591 -47.3417357191 9835.55472522 0.273998155297 1.75728561775 0.413656613888 1.02077191589e-19 0.316028456932 2.09030353033e-13 0.819056107829 pwn_295
0.285583480227 2.10643067277 0.0131697443177 Perseus 1.54234502708 0.071116950257 267.243057754 -27.5800775546 10610.2828889 0.169851193896 2.02013832977 0.342249273262 8.62050902726e-20 0.266888824373 1.14884231094e-13 0.45015773932 pwn_296
2.11154428719 -2.45777525174 0.0304958784187 "Carina Sagittarius" 19.2627185748 0.272987578982 276.284506496 -12.013576077 6400.62724925 0.346689829685 1.70918325126 0.208666571031 3.51219363958e-19 1.08736645188 5.25114226369e-13 2.05758641353 pwn_297
-2.27405815258 0.386176096136 0.0721357905292 Perseus -14.3544777821 0.450583124621 256.100964486 -40.5654205158 9172.82233912 0.149904112219 1.88534090834 0.191533179782 1.36910069217e-19 0.423870183335 1.67616043594e-13 0.656779947427 pwn_298
-6.66297694575 -4.53637737236 0.20895414511 "Crux Scutum" -59.2527443793 1.54387150085 188.315317327 -61.2507499615 7755.59333311 0.262537036225 1.77590955866 0.196561207612 1.82435428663e-18 5.64815568616 2.5018528777e-12 9.80315944854 pwn_299
5.3223170212 0.394810364268 -0.0463587294268 "Carina Sagittarius" 30.8947013315 -0.256246972255 282.158382591 -1.92991384205 10365.6576744 0.0574751094645 2.38101645725 0.294855908996 4.65121096155e-19 1.44000339367 4.16578134559e-13 1.63230296724 pwn_300
-4.79755515311 -1.7334217874 -0.0451882682782 Norma -35.3369293025 -0.312133211198 234.343466908 -56.0176412443 8294.88746964 0.378874814525 2.21216703324 0.440783635036 1.16476314335e-19 0.360607784319 1.48542496031e-13 0.582042927648 pwn_301
2.34178168824 11.6267671231 0.00712715622178 Perseus 6.63661518557 0.0201532419197 270.142889738 -23.2100017341 20262.545425 0.0797874858179 1.98448323001 0.464533078634 1.86931846261e-20 0.0578736366132 3.21082704753e-14 0.125811752518 pwn_302
-6.53205818594 -17.7045539147 -0.0287128453549 Perseus -144.638390427 -0.145756367557 103.838105582 -2.22875952664 11286.8251223 0.100459386059 1.89437139591 0.0267648101037 7.56017642145e-20 0.234061189519 7.57381840919e-14 0.296769447002 pwn_303
3.31810498808 -1.07643157842 0.00768192607788 "Crux Scutum" 24.0831631331 0.0541288584934 278.750501269 -7.84381624913 8131.37428936 0.281712172338 2.25404775594 0.0908111973228 1.24910351011e-18 3.86719352977 1.0113059016e-12 3.96266027191 pwn_304
1.73989321406 5.02994657441 -0.0376517916276 "Carina Sagittarius" 7.32777578906 -0.158142838306 270.682478971 -22.6975371905 13641.4112305 0.0969405333943 2.10940510169 0.0561121579141 1.96733829939e-20 0.0609083064828 1.71698026858e-14 0.0672774626074 pwn_305
-3.80589648567 -2.48405064936 0.168282118267 Norma -32.318852766 1.35418014472 236.752842092 -52.8673236951 7120.731249 0.0803208089148 2.13447414926 0.0966673203835 5.49152754735e-20 0.170016332735 4.88336211217e-14 0.191347692174 pwn_306
2.48439395972 -1.19204520114 -0.00939935351751 "Crux Scutum" 18.7758498599 -0.0697711567106 276.361941668 -12.6041686627 7718.71135859 0.072711522703 1.99292809592 0.173303905305 1.13543060331e-18 3.51526502573 1.23116394605e-12 4.82414316927 pwn_307
-8.61740509037 3.0586047375 0.0978716286642 "Carina Sagittarius" -36.7060114368 0.388943265372 231.609880108 -56.2284338258 14417.7180172 0.160513480768 1.5441778925 0.253265841311 3.03404643031e-19 0.939333260157 5.87390271925e-13 2.30160635964 pwn_308
4.00662678053 -1.33177942637 -0.00792995647329 "Carina Sagittarius" 29.2027024174 -0.0553281270828 281.206412015 -3.34374583406 8211.97340686 0.192538674626 1.96963418471 0.314730613505 2.19270282081e-19 0.678855362479 2.9498434397e-13 1.1558547605 pwn_309
2.98590305418 -6.7779468745 -0.0128080587353 Norma 60.0267583576 -0.212900122156 296.192658375 23.8072419501 3446.91863298 0.465154344 1.85622772181 0.36607110957 6.0024867153e-19 1.85835502022 9.95665469429e-13 3.90137543307 pwn_310
10.1881598872 3.60249842723 -0.0338144724982 Norma 40.0914393219 -0.122467541032 286.247097136 6.31221631417 15819.9308939 0.167137885537 2.17416492383 0.445055770693 7.0173511703e-20 0.217255454189 9.38339925685e-14 0.367675333367 pwn_311
-3.28474430235 7.31820027183 -0.0133581869678 "Carina Sagittarius" -11.7310902593 -0.0473746084476 258.649995397 -38.7542433866 16155.6548432 0.046432636505 2.27319745691 0.494544218615 1.51971816202e-20 0.0470500978952 1.9844568357e-14 0.0777581565749 pwn_312
1.39778166984 -7.88830220709 0.00914043601511 Norma 66.364831714 0.343238398324 299.277245811 29.542614103 1525.79531195 0.714698112942 1.82235321791 0.331428239279 3.43330249445e-18 10.6294194875 5.56347023593e-12 21.7996774695 pwn_313
-4.20147724128 -2.65599174904 -0.0178298200528 Norma -35.71377796 -0.141933045397 233.617794277 -56.1002125611 7197.58024261 0.192781498034 2.12646401325 0.422682259334 1.64531347673e-19 0.509384977314 2.23116180936e-13 0.874249447985 pwn_314
3.18520926526 0.119076228457 0.00353866425741 "Crux Scutum" 20.2819653526 0.0220649629834 276.99614048 -11.2287492789 9188.80000966 0.195811327154 2.46868732938 0.389019423462 3.56920031514e-19 1.10501557744 3.3090867569e-13 1.29661921355 pwn_315
-14.9196005207 -7.12988766885 0.020743825674 Perseus -84.7530707908 0.0793287156925 143.93899514 -51.9493304729 14982.3935939 0.112263990311 1.81971756545 0.153766019609 7.7179966521e-21 0.0238947264771 9.55932434592e-15 0.0374568711129 pwn_316
-3.71586644322 1.70415632322 0.0174819372302 Norma -20.0092080601 0.0922348651345 251.635376389 -45.1934714779 10859.6857832 0.135523847344 2.45411886982 0.437846135117 6.03419087856e-20 0.186817055064 6.03263260684e-14 0.236380243884 pwn_317
8.2427912905 -5.32976940256 -0.0233082573285 Norma 68.9629355219 -0.15121710306 301.35834753 31.4870749289 8831.45025319 0.188561263016 1.76980182126 0.0213815689739 4.43147735191e-19 1.37197441236 4.89062147481e-13 1.91632140113 pwn_318
-4.09955008033 4.58738601214 0.00612952888807 "Crux Scutum" -17.392871614 0.0256077536689 254.033637284 -43.2197648547 13714.4457075 0.118563041454 2.00619913401 0.000183671875729 4.42552637068e-20 0.137013200331 3.96532035678e-14 0.155375514158 pwn_319
2.23057203494 2.87975938358 -0.0272962357852 "Crux Scutum" 11.0900704416 -0.134866728752 272.627198535 -19.4016872512 11596.3408158 0.0948571835928 1.9969906848 0.136866314694 3.25461253799e-20 0.10076199808 3.37059747439e-14 0.13207213251 pwn_320
6.60364404562 -1.62602337502 -0.0639597097233 Perseus 43.8509218666 -0.384447483794 288.232190728 9.52738948053 9532.24843185 0.106980580819 2.00310470296 0.231048764814 1.29266195427e-18 4.00204939401 1.49334830062e-12 5.85147577368 pwn_321
