sky_model/pwn/ctadc_skymodel_gps_sources_pwn.ecsv
# %ECSV 0.9
# ---
# datatype:
# - {name: galactocentric_x, unit: kpc, datatype: float64, format: '%.5f', description: Galactocentric
#     x coordinate}
# - {name: galactocentric_y, unit: kpc, datatype: float64, format: '%.5f', description: Galactocentric
#     y coordinate}
# - {name: galactocentric_z, unit: kpc, datatype: float64, format: '%.5f', description: Galactocentric
#     z coordinate}
# - {name: physical_size, unit: pc, datatype: float64, format: '%.5f', description: physical
#     size}
# - {name: spiralarm, datatype: string}
# - {name: distance, unit: kpc, datatype: float64, format: '%.5f', description: Distance
#     observer to source center}
# - {name: GLON, unit: deg, datatype: float64, format: '%.5f', description: Galactic
#     longitude}
# - {name: GLAT, unit: deg, datatype: float64, format: '%.5f', description: Galactic
#     latitude}
# - {name: RA, unit: deg, datatype: float64, format: '%.5f'}
# - {name: DEC, unit: deg, datatype: float64, format: '%.5f'}
# - {name: sigma, unit: deg, datatype: float64, format: '%.5f'}
# - {name: galactocentric_r, unit: kpc, datatype: float64, format: '%0.4f', description: Galactocentric
#     radius in the xy plan}
# - {name: spec_alpha, datatype: float64, format: '%5g', description: Spectral model
#     parameter (log parabola)}
# - {name: spec_beta, datatype: float64, format: '%5g', description: Spectral model
#     parameter (log parabola)}
# - {name: spec_norm, unit: 1 / (cm2 MeV s), datatype: float64, format: '%5g', description: Spectral
#     model norm parameter (log parabola)}
# - {name: spec_norm_cu, unit: '%', datatype: float64, format: '%5g', description: Spectral
#     model norm parameter (log parabola) in crab units}
# - {name: int_flux_above_1TeV, unit: 1 / (cm2 s), datatype: float64, format: '%5g',
#   description: 'Integral flux above 1 TeV '}
# - {name: int_flux_above_1TeV_cu, unit: '%', datatype: float64, format: '%5g', description: Integral
#     flux above 1 TeV in crab units}
galactocentric_x galactocentric_y galactocentric_z physical_size spiralarm distance GLON GLAT RA DEC sigma galactocentric_r spec_alpha spec_beta spec_norm spec_norm_cu int_flux_above_1TeV int_flux_above_1TeV_cu
[from data line 497]
8.54617 9.47832 -0.00076 19.40372 Norma 19.90621 25.42452 -0.00220 279.42260 -6.67851 0.05583 12.7623 2.0231 0.405002 5.15276e-21 0.0159528 3.48175e-15 0.0186437
-7.55795 -5.67127 0.02474 17.21777 "Crux Scutum" 8.07001 -69.48051 0.17566 167.23081 -60.20204 0.12220 9.4491 2.23824 0.28391 8.33567e-21 0.025807 5.32735e-15 0.0285263
-3.57604 -1.54030 0.01438 17.52454 Perseus 7.82469 -27.19501 0.10532 244.30015 -50.43449 0.12827 3.8937 1.9797 0.0697526 2.54322e-21 0.00787376 2.18789e-15 0.0117155
0.56397 -14.84613 0.03875 28.31690 "Carina Sagittarius" 6.37125 174.92156 0.34847 83.59412 33.42338 0.25455 14.8568 1.80865 0.402447 3.77675e-20 0.116927 2.88593e-14 0.154532
1.15035 5.10375 -0.07739 11.24009 "Crux Scutum" 13.65252 4.83349 -0.32478 269.48637 -24.94522 0.04715 5.2318 2.5279 0.479293 1.76411e-20 0.0546165 9.04211e-15 0.0484176
6.28975 -15.34209 0.02882 29.55272 "Carina Sagittarius" 9.29387 137.40852 0.17770 42.53269 59.67109 0.18212 16.5813 2.84653 0.173082 2.40071e-20 0.0743255 1.1909e-14 0.0637689
3.41394 -1.74728 -0.00039 27.35754 "Carina Sagittarius" 7.56665 26.81954 -0.00293 280.06654 -5.43914 0.20708 3.8351 2.60879 0.146756 3.45804e-20 0.10706 1.94477e-14 0.104136
-3.47822 -9.14886 -0.10644 15.38552 "Crux Scutum" 3.53983 -100.56708 -1.72313 126.68704 -41.22400 0.24893 9.7877 2.14254 0.0408876 7.18861e-20 0.222557 5.65476e-14 0.302794
-2.18887 2.74243 0.10124 25.07124 Norma 11.45398 -11.01749 0.50643 258.60849 -37.85155 0.12536 3.5089 2.65003 0.332246 2.54364e-20 0.0787504 1.30013e-14 0.069618
5.09901 0.66886 0.06590 23.76427 "Carina Sagittarius" 10.49153 29.07941 0.35992 280.78000 -3.26369 0.12973 5.1427 2.20671 0.479481 3.95693e-21 0.0122505 2.35188e-15 0.0125936
-4.67306 10.12311 0.00796 21.30316 Perseus 19.20046 -14.08628 0.02376 256.76222 -40.60948 0.06355 11.1497 1.95681 0.0679963 2.95501e-19 0.914864 2.58759e-13 1.38557
2.91120 5.29830 0.05648 11.63552 "Carina Sagittarius" 14.10218 11.91369 0.22948 272.70985 -18.50448 0.04726 6.0454 2.23991 0.24258 5.23319e-20 0.162018 3.41358e-14 0.182786
-2.97209 -3.76104 0.00957 8.30418 Perseus 5.59385 -32.09430 0.09806 238.36121 -53.70632 0.08502 4.7936 2.07168 0.0491191 2.42835e-20 0.0751813 1.99193e-14 0.106661
7.45491 3.59447 0.05679 21.13125 Perseus 14.20757 31.64925 0.22901 282.07068 -1.03709 0.08518 8.2762 1.80506 0.017055 1.42504e-20 0.0441187 1.46694e-14 0.0785501
6.18863 -2.33275 0.06421 25.76028 Perseus 8.73718 45.09915 0.42105 288.09450 11.00675 0.16886 6.6137 1.8305 0.332251 2.28356e-21 0.00706985 1.79642e-15 0.00961926
1.34477 -2.68216 -0.00896 3.43883 "Crux Scutum" 5.97124 13.01510 -0.08598 273.55733 -17.68980 0.03298 3.0004 2.34062 0.433844 1.2554e-18 3.8867 7.1253e-13 3.81537
1.56945 9.87693 0.02918 20.35569 Perseus 18.44385 4.88140 0.09065 269.11683 -24.69545 0.06321 10.0008 1.54604 0.168785 1.90652e-19 0.590254 2.07591e-13 1.11158
-2.18720 4.05853 -0.01405 14.95757 "Crux Scutum" 12.74758 -9.87955 -0.06314 260.02457 -37.25242 0.06720 4.6104 2.28124 0.437883 4.33365e-19 1.34169 2.52676e-13 1.353
0.32681 4.09818 0.02197 27.24837 "Crux Scutum" 12.60244 1.48600 0.09987 267.18249 -27.61355 0.12383 4.1112 1.61112 0.0585265 1.7521e-21 0.00542446 2.02536e-15 0.0108452
10.95284 -6.56638 0.04352 11.67977 "Crux Scutum" 11.12230 79.98812 0.22420 308.72514 40.78863 0.06014 12.7704 1.46365 0.11898 1.76921e-20 0.0547744 2.16917e-14 0.116152
7.51690 1.26931 -0.02008 15.80299 Perseus 12.32654 37.57613 -0.09332 285.06405 4.08968 0.07343 7.6233 1.54835 0.450803 2.95455e-21 0.00914721 2.57037e-15 0.0137635
-7.95856 -9.14438 0.09513 16.89871 "Carina Sagittarius" 7.98517 -94.62894 0.68259 134.25679 -44.42835 0.12121 12.1226 2.69003 0.254255 5.74224e-19 1.77778 2.96712e-13 1.5888
4.50472 -3.61733 -0.06523 6.79187 Perseus 6.64359 42.69447 -0.56261 287.85005 8.41989 0.05855 5.7773 2.04113 0.304096 8.73175e-21 0.0270333 6.16204e-15 0.0329958
11.01320 2.66000 -0.11043 22.24809 Norma 15.67955 44.62068 -0.40354 288.61191 10.20038 0.08127 11.3299 2.12597 0.0190091 6.86018e-21 0.021239 5.5511e-15 0.0297244
14.80426 -13.68840 0.08065 25.42286 "Carina Sagittarius" 15.68733 109.31386 0.29456 344.63117 60.14643 0.09282 20.1628 2.52578 0.064195 1.77989e-20 0.055105 1.09069e-14 0.0584031
1.36532 -5.09800 -0.00112 4.56355 Perseus 3.66575 21.86708 -0.01747 277.77960 -9.84279 0.07130 5.2777 2.38025 0.0278954 1.09441e-18 3.38828 7.46006e-13 3.99462
-14.37626 1.48118 -0.08953 10.86750 Perseus 17.50168 -55.22844 -0.29311 196.92915 -63.10669 0.03556 14.4524 1.68255 0.4525 2.29882e-20 0.0711709 1.83902e-14 0.0984734
0.93365 1.94089 0.00617 4.02721 Norma 10.48255 5.10991 0.03374 269.29716 -24.52640 0.02200 2.1538 2.3607 0.0673975 4.07215e-20 0.126073 2.73943e-14 0.146688
-1.99200 -6.12571 0.00110 28.82669 Norma 3.09925 -39.99627 0.02043 226.80012 -58.27813 0.53271 6.4415 2.15525 0.424836 1.61937e-18 5.01352 1.01099e-12 5.41351
3.25779 4.99242 -0.17632 21.01356 "Carina Sagittarius" 13.88127 13.57444 -0.72779 274.42881 -17.50354 0.08670 5.9613 1.9975 0.175517 1.73226e-19 0.536304 1.35994e-13 0.728205
-7.57516 -10.54515 -0.00658 29.03341 "Carina Sagittarius" 7.84638 -105.10856 -0.04804 125.10322 -36.54350 0.21193 12.9840 2.10729 0.400299 3.33348e-20 0.103204 2.15805e-14 0.115557
2.82434 -4.92368 0.07499 17.35035 Perseus 4.55769 38.29935 0.94281 284.47083 5.20636 0.21803 5.6762 2.48394 0.182522 2.4679e-20 0.0764056 1.45532e-14 0.0779279
-3.96787 4.30154 -0.00616 24.65585 "Crux Scutum" 13.40237 -17.22097 -0.02635 254.23659 -43.11808 0.10536 5.8521 1.83421 0.133842 1.66348e-21 0.00515009 1.50543e-15 0.00806108
1.83971 6.60067 0.07080 13.10918 "Carina Sagittarius" 15.21249 6.94611 0.26665 270.07736 -22.81896 0.04935 6.8523 2.22027 0.0468304 1.43011e-19 0.442759 1.06414e-13 0.569814
-3.33240 -4.87171 0.04352 12.55311 Norma 4.92658 -42.56589 0.50613 221.99161 -59.04480 0.14594 5.9024 2.0971 0.140353 8.48894e-20 0.262815 6.40599e-14 0.34302
10.86931 1.96059 0.03559 13.21323 Norma 15.08533 46.09777 0.13517 288.82563 11.75857 0.05017 11.0447 1.56085 0.23574 1.93686e-22 0.000599648 1.96193e-16 0.00105055
-6.15416 5.37911 -0.01453 20.76228 "Carina Sagittarius" 15.18235 -23.91307 -0.05483 248.00400 -48.20453 0.07832 8.1737 1.85932 0.408754 3.92558e-20 0.121535 2.90173e-14 0.155378
2.15865 -2.04850 -0.08752 12.70524 "Crux Scutum" 6.80363 18.50001 -0.73705 276.83564 -13.15925 0.10695 2.9759 2.15796 0.226257 1.6188e-19 0.501175 1.11609e-13 0.597632
-1.55651 1.59383 0.02225 27.30992 Perseus 10.21316 -8.76620 0.12485 260.62290 -36.23016 0.15315 2.2278 2.4892 0.485718 1.78034e-21 0.00551188 9.26127e-16 0.00495911
0.59377 10.30684 -0.05751 29.54842 Perseus 18.81630 1.80835 -0.17512 267.63540 -27.47836 0.08994 10.3239 2.4004 0.270817 2.95165e-19 0.913824 1.74341e-13 0.933543
3.46620 1.79452 -0.04350 3.82152 "Crux Scutum" 10.86248 18.60855 -0.22947 276.42665 -12.82668 0.02015 3.9032 2.27916 0.0124728 5.54519e-19 1.71678 4.07028e-13 2.17951
7.85624 -0.19097 0.00771 8.22783 Perseus 11.43506 43.39558 0.03863 287.63842 9.31950 0.04121 7.8586 1.85542 0.207684 4.02702e-20 0.124675 3.39142e-14 0.1816
10.28410 1.52985 -0.01065 6.03075 Norma 14.36526 45.71705 -0.04247 288.80534 11.33892 0.02404 10.3973 2.64036 0.34445 2.06708e-21 0.00639962 1.05648e-15 0.00565712
-9.87416 -7.01125 -0.04941 4.14383 "Carina Sagittarius" 9.98588 -81.42597 -0.28350 147.75904 -54.39144 0.02377 12.1102 2.16457 0.117146 2.78518e-21 0.00862285 2.04597e-15 0.0109555
0.06768 -6.09490 0.03076 9.14901 Norma 2.40625 1.61199 0.73243 266.64619 -27.17848 0.21777 6.0953 1.79809 0.349315 2.03232e-19 0.6292 1.61366e-13 0.864061
-0.39482 -10.10586 0.04356 15.06342 "Crux Scutum" 1.65426 -166.18699 1.50891 95.26925 17.66216 0.52153 10.1136 2.04513 0.251849 3.17379e-20 0.0982598 2.30331e-14 0.123335
7.78752 10.36666 -0.01089 25.59874 Norma 20.41070 22.42918 -0.03057 278.05499 -9.35045 0.07183 12.9658 2.36887 0.0128689 6.36863e-20 0.197171 4.41504e-14 0.236411
-6.41544 -5.62361 -0.06569 8.98925 "Crux Scutum" 7.03106 -65.85072 -0.53530 173.81515 -62.10107 0.07322 8.5313 2.10229 0.387176 2.70993e-21 0.00838989 1.77019e-15 0.0094788
-8.73749 2.41798 0.03839 16.33652 "Carina Sagittarius" 13.98383 -38.66974 0.15730 228.81537 -57.48402 0.06691 9.0659 2.36606 0.280187 4.85137e-20 0.150197 2.90381e-14 0.15549
-3.74785 -4.39017 0.03241 28.09971 Norma 5.56220 -42.36242 0.33383 222.49422 -59.11095 0.28934 5.7723 2.43111 0.0412468 1.77595e-19 0.54983 1.16437e-13 0.623482
-5.17856 -1.02166 0.00608 21.01480 Norma 9.09632 -34.70161 0.03831 234.88279 -55.35884 0.13232 5.2784 2.22016 0.237607 3.6634e-19 1.13418 2.42249e-13 1.29717
-9.83571 -0.48953 0.05242 24.54813 "Carina Sagittarius" 12.68509 -50.83968 0.23676 206.21515 -61.98724 0.11084 9.8479 1.84269 0.143646 3.14227e-21 0.00972838 2.80409e-15 0.015015
2.28928 -1.13666 0.02380 17.87684 "Crux Scutum" 7.71104 17.27060 0.17688 275.41354 -13.81832 0.13278 2.5559 2.14064 0.439841 9.98072e-20 0.309 6.23572e-14 0.333903
-0.81412 3.39669 -0.03843 29.47259 Norma 11.92457 -3.91478 -0.18463 264.17827 -32.35553 0.14156 3.4929 2.11355 0.142464 1.77638e-21 0.00549963 1.32481e-15 0.00709392
-7.21726 0.17495 -0.08566 18.89388 "Crux Scutum" 11.28499 -39.75930 -0.43490 227.62799 -58.55285 0.09589 7.2194 2.6578 0.470844 3.05584e-19 0.946081 1.48565e-13 0.795516
10.39080 1.89315 0.02952 4.22879 Norma 14.69650 44.99353 0.11510 288.32074 10.77137 0.01648 10.5619 1.6121 0.273066 7.87005e-21 0.0243655 7.45006e-15 0.0398927
-7.58560 -2.88285 0.01430 8.34554 "Crux Scutum" 9.43895 -53.47999 0.08678 200.66671 -62.56720 0.05064 8.1149 2.05955 0.161807 1.97671e-19 0.611986 1.50562e-13 0.806212
2.09946 -1.66399 -0.00503 13.92889 "Carina Sagittarius" 7.15114 17.07268 -0.04033 275.51519 -14.09512 0.11156 2.6789 1.92477 0.406773 2.30774e-21 0.0071447 1.64509e-15 0.00880895
-2.89994 1.48859 0.00962 19.23448 Norma 10.40104 -16.18936 0.05301 255.02293 -42.25991 0.10592 3.2597 2.20053 0.3487 1.28809e-19 0.398789 8.13682e-14 0.435701
5.36492 -10.03996 -0.02565 23.84213 "Crux Scutum" 5.58162 106.01575 -0.26334 339.40343 58.14374 0.24465 11.3835 1.36873 0.206981 1.18116e-19 0.365684 1.428e-13 0.76465
1.84044 4.59572 0.01622 14.15333 "Crux Scutum" 13.22442 7.99980 0.07028 270.82556 -22.00020 0.06130 4.9505 2.43448 0.314809 8.69519e-20 0.269201 4.95194e-14 0.26516
1.63957 -2.84138 0.07328 22.17157 "Carina Sagittarius" 5.89182 16.15879 0.71267 274.38481 -14.54521 0.21553 3.2805 2.10412 0.389292 2.03544e-19 0.630169 1.32693e-13 0.710531
-1.93171 -6.17880 -0.04545 24.32648 Norma 3.02018 -39.76734 -0.86230 228.03484 -58.92456 0.46132 6.4737 1.54659 0.425779 8.62311e-20 0.266969 7.63508e-14 0.408834
-1.31192 5.05859 0.02612 11.56603 "Crux Scutum" 13.62193 -5.52669 0.10988 262.84036 -33.54914 0.04863 5.2259 1.99167 0.408206 2.5704e-19 0.795788 1.76406e-13 0.9446
10.39613 1.44158 0.07270 29.44030 Norma 14.38471 46.28033 0.28956 288.77275 11.99200 0.11722 10.4956 2.28269 0.0830385 2.88408e-20 0.0892905 2.01381e-14 0.107833
6.76573 5.00953 0.18506 20.54073 Perseus 15.11015 26.60226 0.70174 279.33750 -5.30907 0.07786 8.4185 1.62257 0.414195 1.16281e-21 0.00360004 9.88373e-16 0.00529242
0.80577 2.97069 0.00105 26.78695 Norma 11.49896 4.01819 0.00522 268.71803 -25.48411 0.13342 3.0780 2.10097 0.0293145 5.0462e-20 0.156229 4.12057e-14 0.220643
-4.58758 -0.78141 0.00283 18.01032 Norma 8.97901 -30.72530 0.01807 240.19846 -52.88479 0.11488 4.6537 1.78276 0.100085 6.20396e-21 0.0192073 6.00261e-15 0.0321421
-4.47971 -8.21418 0.10927 23.02328 "Crux Scutum" 4.49015 -86.34923 1.39451 143.47182 -49.90233 0.29367 9.3563 1.9332 0.311463 5.5867e-20 0.172963 4.18244e-14 0.223957
-10.90055 -0.90138 -0.06938 23.80469 "Carina Sagittarius" 13.28781 -55.12022 -0.29918 197.16878 -63.10571 0.10260 10.9378 2.10802 0.0573463 2.75953e-20 0.0854343 2.1942e-14 0.117492
7.21359 0.63119 0.05570 27.52271 Perseus 11.63690 38.30856 0.27426 285.07209 4.90913 0.13546 7.2412 2.15504 0.301674 1.4328e-20 0.044359 9.49532e-15 0.0508444
-2.43298 10.65344 -0.02787 7.05944 Perseus 19.30737 -7.23928 -0.08271 261.88954 -35.08322 0.02094 10.9277 1.95878 0.153983 2.12693e-20 0.0658493 1.73902e-14 0.0931191
-4.25762 6.47434 -0.01611 18.07365 "Carina Sagittarius" 15.56786 -15.87191 -0.05927 255.40586 -42.07872 0.06649 7.7488 2.18184 0.214733 4.91733e-17 152.239 3.36595e-11 180.236
10.52362 4.10652 -0.03061 14.56622 Norma 16.42169 39.85433 -0.10682 286.12366 6.10873 0.05080 11.2965 2.34539 0.157576 1.11209e-19 0.3443 7.16088e-14 0.383442
-5.72031 -3.71508 -0.04830 27.92529 "Crux Scutum" 7.45787 -50.08820 -0.37106 208.07342 -62.41524 0.21446 6.8208 2.01633 0.0350868 1.45553e-18 4.50628 1.25556e-12 6.72314
-7.93468 4.04434 0.03017 5.83756 "Carina Sagittarius" 14.84319 -32.31460 0.11646 238.05298 -53.83156 0.02252 8.9059 2.52947 0.250379 1.19826e-20 0.0370978 6.69471e-15 0.035848
2.83339 3.29908 0.15844 29.52949 "Crux Scutum" 12.13555 13.50311 0.74806 273.03571 -16.86174 0.13936 4.3488 2.53866 0.4818 9.01995e-21 0.0279255 4.59775e-15 0.0246195
2.38301 -5.55632 -0.03610 26.63719 Perseus 3.78751 38.99134 -0.54613 286.11809 5.14039 0.40280 6.0458 1.97139 0.305892 1.02844e-19 0.318401 7.55136e-14 0.404351
-4.21277 6.52707 0.04110 4.99331 "Carina Sagittarius" 15.60647 -15.66059 0.15087 255.35713 -41.78290 0.01832 7.7685 1.90865 0.150016 1.38271e-19 0.428084 1.17283e-13 0.628011
2.23954 10.72339 -0.05797 16.25609 Perseus 19.35349 6.64505 -0.17162 270.32872 -23.29774 0.04811 10.9548 1.60075 0.478075 2.14768e-23 6.64918e-05 1.77792e-17 9.5202e-05
-10.84698 -3.63551 0.00167 22.37411 "Carina Sagittarius" 11.88782 -65.84544 0.00804 174.15735 -61.58225 0.10780 11.4400 2.06203 0.194619 3.4429e-21 0.0106591 2.5625e-15 0.0137213
7.07444 1.73152 -0.04428 22.93009 Perseus 12.43919 34.66137 -0.20395 283.82982 1.44610 0.10558 7.2833 1.99097 0.348759 2.64545e-20 0.0819024 1.87429e-14 0.100362
4.30330 7.35074 -0.16038 27.47534 Perseus 16.42529 15.18906 -0.55947 275.07121 -16.00132 0.09580 8.5177 2.33372 0.317056 1.26871e-20 0.0392789 7.59136e-15 0.0406493
2.72620 -10.44826 -0.02669 24.59637 "Crux Scutum" 3.35091 125.55115 -0.45636 18.50121 62.30057 0.42040 10.7981 1.6471 0.476455 3.39756e-21 0.0105187 2.73749e-15 0.0146584
0.32568 7.11679 -0.10606 11.39512 "Carina Sagittarius" 15.62054 1.19469 -0.38902 267.48719 -28.11486 0.04178 7.1242 2.01678 0.457301 2.82982e-20 0.0876106 1.87034e-14 0.100151
8.43217 -3.79198 0.00783 16.45774 Norma 9.65748 60.82362 0.04646 296.38392 24.62690 0.09760 9.2456 2.39062 0.074002 2.27406e-20 0.0704043 1.49694e-14 0.0801564
4.72799 2.45654 -0.02015 21.94822 "Carina Sagittarius" 11.93315 23.34127 -0.09677 278.54053 -8.57181 0.10534 5.3281 1.88089 0.0428429 1.06399e-21 0.00329408 1.00713e-15 0.00539285
3.88398 0.23810 -0.05051 6.73779 "Carina Sagittarius" 9.56254 23.96458 -0.30265 279.01527 -8.11327 0.04036 3.8913 1.87129 0.404821 1.13659e-20 0.0351884 8.36192e-15 0.0447754
4.20009 13.64176 -0.00299 8.23775 Norma 22.53660 10.74087 -0.00760 272.32991 -19.64587 0.02094 14.2737 1.66592 0.452472 1.35526e-22 0.000419586 1.09513e-16 0.000586408
4.37253 -1.30180 -0.06325 15.98815 "Carina Sagittarius" 8.42242 31.27650 -0.43027 282.48753 -1.66949 0.10872 4.5622 2.88617 0.246487 5.15551e-19 1.59613 2.44732e-13 1.31046
-3.80186 -3.71523 0.00609 11.05264 Norma 6.11132 -38.46980 0.05707 229.22971 -57.46430 0.10358 5.3157 1.87576 0.345381 1.0595e-19 0.32802 8.04456e-14 0.43076
10.64651 6.47044 0.06489 26.28910 Norma 18.37026 35.41925 0.20237 283.81400 2.30589 0.08196 12.4585 1.7099 0.0348941 2.89627e-20 0.0896679 3.16246e-14 0.169339
-0.79083 -4.54071 -0.10906 18.82949 Perseus 4.03897 -11.29560 -1.54731 260.55104 -39.26155 0.26701 4.6091 1.85884 0.109902 4.73618e-19 1.46631 4.29593e-13 2.30034
-3.84953 0.48972 -0.01473 12.41396 Norma 9.77927 -23.18131 -0.08629 248.78073 -47.68897 0.07270 3.8806 1.86771 0.0746881 6.82876e-21 0.0211417 6.34351e-15 0.0339675
2.63552 -2.20234 0.06566 25.91849 "Crux Scutum" 6.82721 22.70893 0.55104 277.66380 -8.83342 0.21743 3.4346 2.01918 0.30058 5.28323e-20 0.163568 3.78361e-14 0.2026
