sky_model/pwn/ctadc_skymodel_gps_sources_pwn.ecsv
# %ECSV 0.9
# ---
# datatype:
# - {name: galactocentric_x, unit: kpc, datatype: float64, description: Galactocentric
#     x coordinate}
# - {name: galactocentric_y, unit: kpc, datatype: float64, description: Galactocentric
#     y coordinate}
# - {name: galactocentric_z, unit: kpc, datatype: float64, description: Galactocentric
#     z coordinate}
# - {name: spiralarm, datatype: string}
# - {name: GLON, unit: deg, datatype: float64, description: Galactic longitude}
# - {name: GLAT, unit: deg, datatype: float64, description: Galactic latitude}
# - {name: RA, unit: deg, datatype: float64}
# - {name: DEC, unit: deg, datatype: float64}
# - {name: distance, unit: pc, datatype: float64, description: Distance observer to
#     source center}
# - {name: sigma, unit: deg, datatype: float64, description: Angular size}
# - {name: size_physical, unit: pc, datatype: float64, description: Physical size}
# - {name: spec_alpha, datatype: float64, description: Spectral model parameter (log
#     parabola)}
# - {name: spec_beta, datatype: float64, description: Spectral model parameter (log
#     parabola)}
# - {name: spec_norm, unit: 1 / (cm2 MeV s), datatype: float64, description: Spectral
#     model norm parameter (log parabola)}
# - {name: spec_norm_cu, unit: '%', datatype: float64, description: Spectral model norm
#     parameter (log parabola) in crab units}
# - {name: int_flux_above_1TeV, unit: 1 / (cm2 s), datatype: float64, description: 'Integral
#     flux above 1 TeV '}
# - {name: int_flux_above_1TeV_cu, unit: '%', datatype: float64, description: Integral
#     flux above 1 TeV in crab units}
# - {name: source_name, datatype: string, description: source name}
# - {name: galactocentric_r, unit: kpc, datatype: float64, description: Galactocentric
#     radius in the xy plan}
galactocentric_x galactocentric_y galactocentric_z spiralarm GLON GLAT RA DEC distance sigma size_physical spec_alpha spec_beta spec_norm spec_norm_cu int_flux_above_1TeV int_flux_above_1TeV_cu source_name galactocentric_r
[from data line 463]
-14.1972551257 -1.57189694798 0.00376877694378 Perseus -63.9881372916 0.0136689448547 177.961380817 -62.0547605113 15797.4896489 0.01 2.75718210722 1.84722848949 0.22482344941 1.83538798744e-20 0.056823157506 1.53499191541e-14 0.0821939071178 pwn_463 14.2840090002
-1.12886820179 1.13726546813 0.0124707244342 "Carina Sagittarius" -6.68093851636 0.0736378464499 262.10878829 -34.5320525073 9703.16364075 0.0773119230766 13.0929486021 1.63712356585 0.0138070224817 4.43848372256e-20 0.137414356736 5.27484486554e-14 0.282451069993 pwn_464 1.60240948637
-5.11929874364 -8.14479428526 -0.00351502760369 "Crux Scutum" -86.0308583179 -0.0392462271228 142.300850746 -51.1685004539 5131.60823542 0.0308994407034 2.76746107834 1.97947087736 0.149590109732 7.23597127477e-20 0.224023878476 5.85434825416e-14 0.313481622806 pwn_465 9.6200256536
-14.4542288192 -0.841973536275 -0.031703502541 Perseus -62.0848123442 -0.111047949303 181.922042685 -62.5558859584 16357.6008385 0.029983509038 8.56011248156 1.97543058125 0.0318488592504 1.40417706114e-21 0.0043472974029 1.25111144963e-15 0.00669930162186 pwn_466 14.4787309594
-1.54776863921 -0.279029968733 -0.0424466565217 "Carina Sagittarius" -10.6623132372 -0.290720476498 259.693163974 -38.0241902608 8365.50881502 0.0479050703153 6.99441363389 1.89790074861 0.21889262443 5.30153397414e-20 0.164134178766 4.30718109503e-14 0.230635770331 pwn_467 1.57271913703
3.43280638212 -0.422426198362 -0.110413184217 "Carina Sagittarius" 23.0245158006 -0.720753699899 278.953557821 -9.1402695504 8777.44548541 0.0498042050351 7.62977323038 2.33937395897 0.424742624491 8.64103383956e-20 0.267524267479 4.9250918937e-14 0.2637229171 pwn_468 3.45869969066
3.58837101942 -0.0855906432533 0.0238891975907 "Carina Sagittarius" 23.0960897082 0.149628998022 278.205024043 -8.67570079727 9147.63696753 0.0699037858814 11.1605912096 1.83393611884 0.298401008852 2.65627342246e-22 0.000822375672588 2.13073928331e-16 0.00114094273062 pwn_469 3.58939163804
-7.53673863874 0.714063569387 -0.0262262444937 "Crux Scutum" -39.2818049985 -0.126232437901 228.109340945 -58.0436460166 11903.8684714 0.045257622867 9.4028025548 2.29031600196 0.337766299135 1.78338878295e-20 0.055213275014 1.08079115683e-14 0.0578729093398 pwn_470 7.57048981835
4.7848002172 8.25584707523 0.00522917470037 Perseus 15.9372244757 0.0171936142862 274.910020056 -15.0695734895 17425.6349001 0.0950692744592 28.9138921116 2.58878273099 0.0940039858885 1.63172244626e-20 0.0505177227945 9.5118127783e-15 0.0509327149003 pwn_471 9.5421865444
-3.83478851345 15.5332449476 -0.0737771773665 Norma -9.06579653776 -0.173688701099 260.717749936 -36.6461628314 24337.376784 0.0271658547466 11.5391691637 2.14171924509 0.130976574851 4.79762138833e-21 0.0148533169917 3.54235690027e-15 0.0189681881133 pwn_472 15.9996031683
-4.37326791325 -3.60928619259 0.0390958240328 Norma -41.8030278553 0.341419842931 223.45894791 -58.854354583 6560.95132359 0.235555870535 26.9737024442 1.84269893863 0.0815660764864 2.74045906709e-20 0.0848439339657 2.57766090398e-14 0.138025496288 pwn_473 5.67031031435
-5.66487708982 6.16061260076 -0.00561839745821 "Carina Sagittarius" -21.1265876903 -0.0204816599454 250.713582982 -46.1133195123 15717.0107157 0.0242683176679 6.65712963313 1.72519844554 0.42134438113 3.11486229004e-22 0.000964353650166 2.47410833727e-16 0.00132480587572 pwn_474 8.3692281639
-3.46707723258 5.04059947679 0.0627419803307 "Crux Scutum" -14.3620518527 0.257188006743 256.297591177 -40.688662981 13977.5675739 0.095336795503 23.2578689492 1.88706446996 0.140156506494 1.37613857796e-19 0.426049095344 1.19380432785e-13 0.639244031545 pwn_475 6.11786462927
2.26615255527 10.1060860212 -0.0427992131909 Perseus 6.94421151033 -0.130829313029 270.451166312 -23.0175912078 18743.6313506 0.01 3.27138084169 2.31139281622 0.281163154851 4.47593289818e-21 0.0138573773937 2.75504749619e-15 0.0147523980897 pwn_476 10.3570469765
-7.1108209423 1.20289691755 0.0443922231889 "Crux Scutum" -36.2360285253 0.211435696129 232.48721699 -56.1109074502 12029.6281628 0.06993374272 14.6830594833 2.14667722049 0.0705643065095 4.89709412894e-21 0.015161282133 3.75820365898e-15 0.0201239784636 pwn_477 7.21184688326
12.8243204098 -4.06516330244 0.00282403068452 "Crux Scutum" 70.9238695034 0.0119241825539 302.450902376 33.2249564136 13569.4870382 0.01 2.36832229029 2.38103856488 0.0619944541637 9.27580455478e-21 0.0287176611603 6.18550624251e-15 0.0331214073812 pwn_478 13.453205813
6.98496947879 -4.20692615194 0.0106068828953 Norma 58.4244516525 0.0741241967548 295.056023274 22.5589973668 8198.80443665 0.171799464851 24.5839126014 2.3310992638 0.173791681608 3.85448445291e-20 0.119333883991 2.47980242826e-14 0.132785487931 pwn_479 8.15401902546
1.02434578321 -1.39052757885 -0.0591484539499 Perseus 8.19885644211 -0.471799100936 271.440551818 -22.0926513462 7183.13169379 0.227949502493 28.5780200375 2.14224319556 0.16517657903 1.5446693335e-19 0.478225799847 1.11520839038e-13 0.597158421067 pwn_480 1.72709328964
-0.64418816869 -6.15170892146 -0.138408452205 Norma -15.3401356525 -3.25320182881 259.336950475 -43.552295178 2438.97648325 0.0587199178656 2.4996003219 2.2420464785 0.164426616906 5.50907543522e-18 17.0559610997 3.74918995062e-12 20.0757129385 pwn_481 6.18534566949
-9.41011456709 -7.95560311372 0.0724859413101 "Carina Sagittarius" -86.6889972358 0.440602938465 142.068483301 -50.3673776083 9426.1274311 0.170826283316 28.1039039883 2.65657386283 0.30046639351 1.11611128304e-20 0.0345545288867 5.75477250371e-15 0.030814965988 pwn_482 12.3224136057
-10.396906479 -4.39555015567 0.0398747596136 "Carina Sagittarius" -68.4570796853 0.204392210629 169.175055576 -60.5553748764 11177.8246029 0.120692019192 23.5458218451 2.52469686785 0.15799507802 2.61064705576e-20 0.0808249862463 1.52506999952e-14 0.0816626202586 pwn_483 11.2878928726
3.46791665436 -1.22291159746 0.184932363159 "Carina Sagittarius" 25.4802637563 1.31419950967 278.272387517 -6.02335764525 8063.29098563 0.0833011325552 11.7230579668 2.00917619493 0.384367934487 2.09090606943e-21 0.0064733934038 1.4387327392e-15 0.00770395361339 pwn_484 3.67722160017
7.61403897285 -5.02602617229 0.0780942856494 Norma 65.4747301764 0.534625606529 298.561286935 28.8805227328 8369.47921636 0.187523260792 27.392552316 2.39690383258 0.0453353841233 5.92571611672e-23 0.000183458703304 3.95485893184e-17 0.00021177004546 pwn_485 9.12329592662
-11.3048479931 -3.35382875638 0.000421676275556 "Carina Sagittarius" -65.5241135983 0.00194510581086 174.802827354 -61.6782728436 12421.0573943 0.0458489234331 9.93951449525 2.27575524175 0.162392928869 6.82315715435e-20 0.211243255553 4.55888249653e-14 0.244113575269 pwn_486 11.7918512318
-2.71071439409 6.57650260766 0.0222319753452 "Carina Sagittarius" -10.1927236984 0.0831555260236 259.64789142 -37.4250126115 15318.2700611 0.0492225540242 13.1598621669 2.44091642326 0.334596564251 5.91156472217e-20 0.183020579634 3.32837265447e-14 0.178223709237 pwn_487 7.11325235563
-8.11888547743 4.06260267295 0.0589430294992 "Carina Sagittarius" -32.873541698 0.225780065653 237.19616261 -54.09668141 14957.8996385 0.0162972532727 4.25463598683 2.30148497161 0.301466055239 8.46063489054e-20 0.261939160698 5.18442318141e-14 0.277609278038 pwn_488 9.07860352003
9.80057289952 -2.80115306082 -0.0372681044184 Norma 59.8228123734 -0.188347279781 296.058124728 23.6428430554 11337.084039 0.10216328085 20.2150130085 1.80774976949 0.0597578091835 1.22005003718e-20 0.0377724469717 1.20210240466e-14 0.0643687386249 pwn_489 10.1930215162
-0.473123709298 -6.08080050963 0.0520403082172 Norma -11.0656876051 1.20941625007 257.854174026 -37.4774356202 2465.57912308 0.0544408231012 2.34272399149 1.61409463039 0.219736746567 5.31155782679e-19 1.64444514761 5.24495481537e-13 2.80850553415 pwn_490 6.09917870555
-2.86748212835 -4.95404602134 0.0551749831627 Norma -38.9611897387 0.693188271313 227.840340046 -57.1756144313 4560.62360362 0.192390948328 15.313972604 2.27178810516 0.154610731437 2.38767521538e-20 0.0739218332936 1.60621447171e-14 0.0860076471888 pwn_491 5.72407422541
-4.77328022702 -7.29173801726 -0.0230820313792 "Crux Scutum" -75.7950770233 -0.268590368245 155.963375692 -57.6718889393 4923.88402836 0.243930674765 20.9630381241 2.67078545951 0.315935216157 2.73735742601e-19 0.84747907926 1.39437524398e-13 0.746643341506 pwn_492 8.71513897985
1.41305382608 -6.57000473546 0.0240306839414 Norma 36.2098738702 0.575592729512 283.842578387 3.17968526827 2392.10792196 0.596302011017 24.8966028472 1.86730076762 0.0649351397864 3.51371869178e-19 1.08783860427 3.29345472992e-13 1.76353966069 pwn_493 6.72024429164
6.79972297106 -5.30620708269 0.0634224125902 Norma 64.8408110001 0.483698634644 298.239563669 28.310766575 7512.69379678 0.0440135526388 5.77111284174 2.04357307859 0.335282961492 9.03163556865e-21 0.0279617200268 6.25657734433e-15 0.0335019703981 pwn_494 8.6250835409
-1.81985373259 2.831332509 0.0283365898379 Norma -9.12399885776 0.141468050759 260.353497655 -36.515187821 11476.5747068 0.114739302044 22.9827736561 1.78927568214 0.231916265635 6.3069566939e-20 0.195261817148 5.45423204202e-14 0.29205667949 pwn_495 3.36575569294
10.6626975679 -6.95397203416 -0.160202400336 "Crux Scutum" 81.7499452848 -0.851872766636 311.285910677 41.526875695 10775.3880072 0.116901758653 21.9852765224 2.45334885141 0.13744499396 4.86345071136e-19 1.50571229454 2.98202784002e-13 1.59678052271 pwn_496 12.7299193429
-3.1321464555 -0.951796975697 0.058386195643 Perseus -22.5361330986 0.409339492549 248.884010106 -46.8784267547 8172.46102852 0.122276383861 17.4410839229 1.40844994349 0.373721996832 8.21908905653e-20 0.254460961502 8.2970270596e-14 0.444279259482 pwn_497 3.27356974901
-7.77121211578 9.46161328358 0.0796773546271 Perseus -23.3960448785 0.233264877261 248.21586957 -47.6299454987 19570.8364149 0.0531519151353 18.1553989402 1.42090190969 0.0939549276566 5.98309947709e-21 0.0185235277928 7.83315982261e-15 0.0419440652705 pwn_498 12.2439317083
-6.14945208457 5.65428573068 -0.114483875716 "Carina Sagittarius" -23.4829540392 -0.425035274696 248.849482042 -48.140207813 15432.843939 0.0152202711993 4.09964010697 2.21250597595 0.0761189692815 2.56967317416e-19 0.795564450205 1.88286964581e-13 1.0082164683 pwn_499 8.35384390952
4.0038508195 -4.80789438952 -0.00148702723253 Perseus 47.3196499301 -0.0156436439414 289.545375677 12.7690573801 5446.32604927 0.195739471267 18.6063465351 2.07529690596 0.00767796828227 1.89276593628e-18 5.85995645906 1.60179963508e-12 8.5771246809 pwn_500 6.25672996425
-1.54257852312 -3.59458264906 -0.0140855947236 Perseus -17.4564991479 -0.1569437768 254.174668199 -43.383592426 5142.26275981 0.137812924461 12.3686533624 1.95611309548 0.430650178156 2.05892346828e-20 0.0637437606278 1.42452848274e-14 0.0762789436356 pwn_501 3.91159467748
-0.549731845653 -4.31888488706 0.0552376393278 Perseus -7.49026903109 0.750445318635 260.876031251 -34.8241611548 4217.46130825 0.356153821872 26.2163168539 2.00967156404 0.246182770357 1.07347958783e-18 3.32346621618 7.98597318204e-13 4.27623319301 pwn_502 4.35373078748
0.978564762229 1.76171339339 0.101816179711 Perseus 5.44729680577 0.565899988526 268.978450529 -23.9673078111 10308.7689515 0.0579101843822 10.4193174278 2.26109637434 0.258357804661 2.02329178751e-21 0.00626406126165 1.29385523373e-15 0.00692818091334 pwn_503 2.01524764591
-6.43399762503 5.18332938705 0.0293545938001 "Carina Sagittarius" -25.1832393291 0.111232504684 246.496301259 -49.0089859556 15120.538689 0.0679266926811 17.9260789298 1.97585880329 0.0573813083529 4.28662262076e-21 0.0132712774637 3.7358516586e-15 0.0200042906512 pwn_504 8.26215643603
-12.4834909254 13.1973285974 0.0489792086728 Norma -29.9138372245 0.112107488246 241.100683057 -52.2791473325 25032.2594447 0.031247845465 13.6520396261 1.77092250848 0.0538880680238 1.34520615727e-20 0.0416472494511 1.37169604139e-14 0.0734499353957 pwn_505 18.1660955571
0.981020068566 -11.0259598912 0.0314613179406 "Crux Scutum" 158.77506686 0.665191973902 71.3266731956 46.6096228647 2709.95637631 0.55950536172 26.4641363295 1.82179112158 0.166891702447 2.11150491376e-19 0.653716691568 1.87685483101e-13 1.00499572737 pwn_506 11.0695163353
14.8513599643 6.74362939467 0.0513513264313 "Crux Scutum" 44.2532275112 0.138247526701 287.951133276 10.1260266112 21282.2406449 0.0235115957756 8.73326921428 2.3665016586 0.258115322009 6.17570240844e-21 0.019119821698 3.73417148832e-15 0.0199952938768 pwn_507 16.3107151959
0.0662639588507 2.96662190285 0.0150321948117 Norma 0.33110038386 0.0751107390205 266.528472461 -28.614379494 11466.8232193 0.0187096226314 3.74442837957 1.94257741351 0.350436109522 1.01045126187e-19 0.312833208011 7.35427745613e-14 0.393798033773 pwn_508 2.96736186312
3.52113032291 -7.69906345044 -0.0611225984101 Norma 77.1852181807 -0.969720412301 307.811222305 37.8252925791 3611.59162688 0.36215146182 22.8282190547 1.68441672487 0.249635178256 8.440317456e-20 0.261310137957 7.73694930971e-14 0.414288887486 pwn_509 8.46604611166
-3.55942713539 0.890391991376 0.000617041637722 Perseus -20.7592080458 0.00352047561768 251.034176302 -45.8202524115 10042.359467 0.0756677548159 13.2624643936 2.13065349808 0.41577921552 1.11720571384e-20 0.0345884121932 7.09299885606e-15 0.0379807400486 pwn_510 3.6691033551
-3.41503958388 6.39540210106 0.00848401755512 "Carina Sagittarius" -12.9129267768 0.0318088298729 257.669871228 -39.6632478192 15281.8706672 0.0685450979404 18.2822858897 2.25149841653 0.188696165873 4.46725218106e-20 0.138305021085 2.98163035648e-14 0.159656768299 pwn_511 7.2500802336
-8.72854091746 4.09701197868 0.0427657132952 "Carina Sagittarius" -34.7183075597 0.15988270057 234.732114968 -55.2710551879 15325.5983976 0.01 2.67482154593 2.49868822427 0.0140439959774 4.43184832594e-21 0.01372089265 2.83893894274e-15 0.0152016099518 pwn_512 9.64224733666
1.02804276409 -4.61650944497 0.0106868263898 Perseus 14.8273068108 0.152419494548 274.240754277 -15.9830224672 4017.273332 0.408247490319 28.624612927 2.16537101614 0.213076137513 1.41125373884e-18 4.3692066218 9.76222469316e-13 5.22735906056 pwn_513 4.72959103732
-0.0527541535367 -10.6410587455 -0.0692598934871 "Crux Scutum" -178.588558622 -1.85222079159 85.4577533022 26.7634122924 2142.82815108 0.708619233263 26.5032901242 1.90208662584 0.0425013146587 5.40156038949e-20 0.167230971811 5.03353074016e-14 0.269529470466 pwn_514 10.6411895118
-6.79840337171 -4.50326138343 -0.00801956013855 "Crux Scutum" -59.5489971622 -0.0582646367794 187.420818871 -62.8251722357 7886.20772533 0.140023160207 19.2728667889 2.24220236018 0.161027213682 4.77937300946e-19 1.47968204627 3.25881579568e-13 1.74499161939 pwn_515 8.15460921761
8.26849826783 -3.88308672067 0.0609083006091 Norma 60.8221508628 0.368498528848 296.076161943 24.7867284286 9470.35699723 0.0120067812861 1.98458783173 2.31815246101 0.492577341559 2.73812175714e-20 0.0847715714286 1.53537356242e-14 0.0822143430943 pwn_516 9.13490153671
-4.65907818701 -2.24906403939 0.0273729925707 Norma -36.6986690133 0.20116779555 231.809822006 -56.3801223778 7796.27854923 0.0901561631215 12.2676250625 2.088328408 0.428677128561 1.28445908341e-19 0.397665350901 8.28692627173e-14 0.4437383946 pwn_517 5.17351897706
2.66833052914 9.45505565712 -0.0781618190779 Perseus 8.45295388473 -0.246708579978 271.362848843 -21.7609393812 18152.4136338 0.0927481397204 29.384434261 2.08662018218 0.118227856579 1.8765153872e-21 0.00580964516161 1.44750815187e-15 0.0077509431413 pwn_518 9.82436080832
4.74543378872 1.10336209054 0.0730864617269 "Carina Sagittarius" 26.2959558648 0.390920455052 279.473660419 -5.72386541469 10712.0981566 0.111840632799 20.9099058995 2.17803987148 0.187981215656 9.4903691162e-20 0.293819477282 6.61318900203e-14 0.354115117563 pwn_519 4.87201701002
