sky_model/snrs/ctadc_skymodel_gps_sources_snr_1.ecsv
# %ECSV 0.9
# ---
# datatype:
# - {name: Simulation_number, unit: '', datatype: float64, format: '%i', description: Simulation_number}
# - {name: galactocentric_x, unit: kpc, datatype: float64, format: '%0.4f', description: X
#     Position}
# - {name: galactocentric_y, unit: kpc, datatype: float64, format: '%0.4f', description: Y
#     Position}
# - {name: galactocentric_z, unit: kpc, datatype: float64, format: '%0.4f', description: Z
#     Position}
# - {name: n0, unit: 1 / cm3, datatype: float64, format: '%0.4f', description: density}
# - {name: type, unit: '', datatype: float64, format: '%i', description: type of progenitor}
# - {name: age, unit: kyear, datatype: float64, format: '%0.4f', description: age of
#     the SNR}
# - {name: size, unit: arcmin, datatype: float64, format: '%0.4f', description: apparent
#     size of the SNR}
# - {name: size_physical, unit: pc, datatype: float64, format: '%0.4f', description: SNR
#     Radius}
# - {name: '0.1', unit: 'TeV^{-1}cm^{-2}s^{-1}', datatype: float64, description: Differential
#     spectrum}
# - {name: '0.11514', unit: 'TeV^{-1}cm^{-2}s^{-1}', datatype: float64, description: Differential
#     spectrum}
# - {name: '0.132571', unit: 'TeV^{-1}cm^{-2}s^{-1}', datatype: float64, description: Differential
#     spectrum}
# - {name: '0.152642', unit: 'TeV^{-1}cm^{-2}s^{-1}', datatype: float64, description: Differential
#     spectrum}
# - {name: '0.175751', unit: 'TeV^{-1}cm^{-2}s^{-1}', datatype: float64, description: Differential
#     spectrum}
# - {name: '0.202359', unit: 'TeV^{-1}cm^{-2}s^{-1}', datatype: float64, description: Differential
#     spectrum}
# - {name: '0.232995', unit: 'TeV^{-1}cm^{-2}s^{-1}', datatype: float64, description: Differential
#     spectrum}
# - {name: '0.26827', unit: 'TeV^{-1}cm^{-2}s^{-1}', datatype: float64, description: Differential
#     spectrum}
# - {name: '0.308884', unit: 'TeV^{-1}cm^{-2}s^{-1}', datatype: float64, description: Differential
#     spectrum}
# - {name: '0.355648', unit: 'TeV^{-1}cm^{-2}s^{-1}', datatype: float64, description: Differential
#     spectrum}
# - {name: '0.409492', unit: 'TeV^{-1}cm^{-2}s^{-1}', datatype: float64, description: Differential
#     spectrum}
# - {name: '0.471487', unit: 'TeV^{-1}cm^{-2}s^{-1}', datatype: float64, description: Differential
#     spectrum}
# - {name: '0.542868', unit: 'TeV^{-1}cm^{-2}s^{-1}', datatype: float64, description: Differential
#     spectrum}
# - {name: '0.625055', unit: 'TeV^{-1}cm^{-2}s^{-1}', datatype: float64, description: Differential
#     spectrum}
# - {name: '0.719686', unit: 'TeV^{-1}cm^{-2}s^{-1}', datatype: float64, description: Differential
#     spectrum}
# - {name: '0.828643', unit: 'TeV^{-1}cm^{-2}s^{-1}', datatype: float64, description: Differential
#     spectrum}
# - {name: '0.954095', unit: 'TeV^{-1}cm^{-2}s^{-1}', datatype: float64, description: Differential
#     spectrum}
# - {name: '1.09854', unit: 'TeV^{-1}cm^{-2}s^{-1}', datatype: float64, description: Differential
#     spectrum}
# - {name: '1.26486', unit: 'TeV^{-1}cm^{-2}s^{-1}', datatype: float64, description: Differential
#     spectrum}
# - {name: '1.45635', unit: 'TeV^{-1}cm^{-2}s^{-1}', datatype: float64, description: Differential
#     spectrum}
[...]
# - {name: galactocentric_r, unit: kpc, datatype: float64, format: '%0.4f', description: Galactocentric
#     radius in the xy plan}
# - {name: distance, unit: kpc, datatype: float64, description: Distance from Earth}
# - {name: glon, unit: deg, datatype: float64, description: Galactic longitude}
# - {name: glat, unit: deg, datatype: float64, description: Galactic latitude}
# meta: !!omap
# - simulation_parameters:
#   - {description: Spectral index, name: alpha, value: 4.1}
#   - {description: Electron to proton ratio, name: Kep, value: 0.01}
#   - {description: CR efficiency, name: xi, value: 0.1}
# - energy_array: [0.1, 0.11514, 0.132571, 0.152642, 0.175751, 0.202359, 0.232995, 0.26827,
#     0.308884, 0.355648, 0.409492, 0.471487, 0.542868, 0.625055, 0.719686, 0.828643,
#     0.954095, 1.09854, 1.26486, 1.45635, 1.67683, 1.9307, 2.223, 2.55955, 2.94705,
#     3.39322, 3.90694, 4.49843, 5.17947, 5.96362, 6.86649, 7.90604, 9.10298, 10.4811,
#     12.0679, 13.895, 15.9986, 18.4207, 21.2095, 24.4205, 28.1177, 32.3746, 37.2759,
#     42.9193, 49.4171, 56.8987, 65.5129, 75.4312, 86.8511, 100.0]
Simulation_number galactocentric_x galactocentric_y galactocentric_z n0 type age size size_physical 0.1 0.11514 0.132571 0.152642 0.175751 0.202359 0.232995 0.26827 0.308884 0.355648 0.409492 0.471487 0.542868 0.625055 0.719686 0.828643 0.954095 1.09854 1.26486 1.45635 1.67683 1.9307 2.223 2.55955 2.94705 3.39322 3.90694 4.49843 5.17947 5.96362 6.86649 7.90604 9.10298 10.4811 12.0679 13.895 15.9986 18.4207 21.2095 24.4205 28.1177 32.3746 37.2759 42.9193 49.4171 56.8987 65.5129 75.4312 86.8511 100.0 galactocentric_r distance glon glat
[from data line 941]
0 4.9829 12.4980 -1.3003 0.0053 4 39.3812 26.3461 50.0000 1.10625e-14 7.79953e-15 5.48055e-15 3.83699e-15 2.67565e-15 1.85776e-15 1.28386e-15 8.82759e-16 6.03647e-16 4.10343e-16 2.77155e-16 1.85903e-16 1.23764e-16 8.17299e-17 5.35003e-17 3.46902e-17 2.22631e-17 1.41292e-17 8.85891e-18 5.48173e-18 3.34363e-18 2.00779e-18 1.1852e-18 6.86646e-19 3.89733e-19 2.16281e-19 1.17088e-19 6.16802e-20 3.15275e-20 1.55866e-20 7.42616e-21 3.39587e-21 1.48354e-21 6.15891e-22 2.41502e-22 8.88084e-23 3.03663e-23 9.55116e-24 2.72306e-24 6.8795e-25 1.47929e-25 2.49163e-26 2.6914e-27 1.00014e-28 1.13633e-32 0.0 0.0 0.0 0.0 0.0 13.4547 21.6202815614 13.3496925192 -3.44799807116
0 -5.6220 -6.6013 -0.5886 0.1276 2 38.4926 34.9658 79.3340 8.89405e-16 5.38749e-16 3.21409e-16 1.88575e-16 1.08639e-16 6.13493e-17 3.38928e-17 1.82782e-17 9.59868e-18 4.8948e-18 2.41619e-18 1.1504e-18 5.26156e-19 2.301e-19 9.57077e-20 3.76304e-20 1.38859e-20 4.76778e-21 1.50683e-21 4.3195e-22 1.09799e-22 2.37663e-23 4.02297e-24 4.30809e-25 1.45262e-26 1.31698e-31 8.24477e-117 2.08725e-132 1.35022e-153 2.64567e-175 1.44521e-206 1.31359e-246 2.18712e-289 0.0 0.0 0.0 0.0 0.0 0.0 0.0 0.0 0.0 0.0 0.0 0.0 0.0 0.0 0.0 0.0 0.0 8.6709 5.96312920322 -71.3384321076 -5.66458739702
0 6.2039 4.4686 -0.0360 1.8877 2 5.2034 26.8934 19.6516 2.9697e-11 2.34404e-11 1.84881e-11 1.45707e-11 1.14712e-11 9.02236e-12 7.08773e-12 5.56003e-12 4.35574e-12 3.40634e-12 2.65852e-12 2.07085e-12 1.60952e-12 1.24703e-12 9.63406e-13 7.41955e-13 5.69446e-13 4.34763e-13 3.30338e-13 2.49646e-13 1.87519e-13 1.3988e-13 1.03518e-13 7.59086e-14 5.5043e-14 3.94196e-14 2.78476e-14 1.93709e-14 1.32429e-14 8.87749e-15 5.82163e-15 3.73314e-15 2.3385e-15 1.42935e-15 8.50955e-16 4.92046e-16 2.75198e-16 1.48087e-16 7.61736e-17 3.71604e-17 1.70278e-17 7.24278e-18 2.81853e-18 9.86036e-19 3.039e-19 8.09333e-20 1.85709e-20 3.93869e-21 9.82645e-22 3.56216e-22 7.6457 14.3761690771 25.5656303339 -0.143620519602
0 6.9672 -9.7733 -0.6937 0.0331 2 29.1420 50.1160 72.2862 8.82982e-14 4.32199e-14 2.03271e-14 9.17871e-15 3.9848e-15 1.67258e-15 6.87611e-16 2.83471e-16 1.21181e-16 5.54621e-17 2.74776e-17 1.44878e-17 7.88543e-18 4.31343e-18 2.33087e-18 1.23225e-18 6.3372e-19 3.15738e-19 1.51822e-19 7.01724e-20 3.10346e-20 1.30656e-20 5.2052e-21 1.94877e-21 6.80013e-22 2.1891e-22 6.41322e-23 1.6753e-23 3.76712e-24 6.7912e-25 8.2961e-26 4.16293e-27 4.8221e-30 5.13332e-86 1.24306e-97 1.2603e-113 1.65912e-135 6.24184e-158 3.33379e-189 3.27131e-232 1.69917e-290 0.0 0.0 0.0 0.0 0.0 0.0 0.0 0.0 0.0 12.0025 7.11652923873 100.356971494 -5.59387160925
0 3.7759 -3.6295 1.1982 0.1305 3 20.5770 67.9022 60.0133 2.0313e-12 1.17006e-12 6.54383e-13 3.54427e-13 1.85399e-13 9.33988e-14 4.5186e-14 2.09406e-14 9.27973e-15 3.93251e-15 1.5997e-15 6.31382e-16 2.47107e-16 9.92349e-17 4.24375e-17 1.96762e-17 9.74994e-18 4.99456e-18 2.56451e-18 1.29352e-18 6.3364e-19 2.99387e-19 1.3573e-19 5.87447e-20 2.41381e-20 9.35654e-21 3.39602e-21 1.1438e-21 3.53388e-22 9.85575e-23 2.41851e-23 4.9803e-24 7.77049e-25 7.06964e-26 1.47603e-27 1.5586e-72 2.61079e-82 5.37237e-96 8.6898e-114 5.80132e-133 9.53358e-160 1.99242e-196 5.3065e-246 1.05978e-304 0.0 0.0 0.0 0.0 0.0 0.0 5.2374 6.27811985736 37.7844236458 11.0025869898
0 -2.8633 -8.9053 0.0631 0.7367 1 3.1803 3.4194 7.1801 5.92253e-12 4.39822e-12 3.25372e-12 2.3966e-12 1.75671e-12 1.28073e-12 9.28187e-13 6.68336e-13 4.77863e-13 3.39109e-13 2.38726e-13 1.66655e-13 1.15338e-13 7.91261e-14 5.38153e-14 3.63002e-14 2.43036e-14 1.61702e-14 1.07099e-14 7.07614e-15 4.67534e-15 3.09681e-15 2.06081e-15 1.37978e-15 9.29837e-16 6.30245e-16 4.28925e-16 2.92434e-16 1.99242e-16 1.35347e-16 9.14994e-17 6.14682e-17 4.09889e-17 2.71069e-17 1.77643e-17 1.15274e-17 7.40069e-18 4.69656e-18 2.94324e-18 1.81945e-18 1.10816e-18 6.64109e-19 3.91035e-19 2.25853e-19 1.27728e-19 7.05867e-20 3.80332e-20 1.99305e-20 1.01291e-20 4.97675e-21 9.3543 2.89250776859 -98.0563539981 1.24927435816
0 7.7181 -9.5241 0.8919 0.0191 3 28.2477 51.7836 72.2862 1.29792e-13 6.52364e-14 3.15091e-14 1.459e-14 6.46653e-15 2.74421e-15 1.11961e-15 4.44106e-16 1.75197e-16 7.12464e-17 3.10633e-17 1.48031e-17 7.59693e-18 4.0565e-18 2.1836e-18 1.1613e-18 6.03492e-19 3.04541e-19 1.48574e-19 6.979e-20 3.14265e-20 1.34995e-20 5.50074e-21 2.11241e-21 7.58679e-22 2.52471e-22 7.69137e-23 2.10861e-23 5.05929e-24 1.00765e-24 1.48174e-25 1.17721e-26 1.47832e-28 2.99502e-80 2.23603e-91 2.17775e-105 4.82763e-125 2.56232e-146 7.20688e-174 5.77804e-212 9.1479e-264 0.0 0.0 0.0 0.0 0.0 0.0 0.0 0.0 0.0 12.2588 7.83665062164 97.5586278907 6.53501299047
0 -1.7653 1.7559 0.1471 0.1651 2 21.4804 36.0970 54.6819 3.50317e-12 2.38184e-12 1.59501e-12 1.05051e-12 6.79428e-13 4.3077e-13 2.67229e-13 1.61863e-13 9.55052e-14 5.47529e-14 3.0412e-14 1.63139e-14 8.42183e-15 4.16762e-15 1.96844e-15 8.83223e-16 3.746e-16 1.49454e-16 5.58721e-17 1.95541e-17 6.44837e-18 2.04862e-18 6.57586e-19 2.27936e-19 8.88062e-20 3.78973e-20 1.66741e-20 7.21287e-21 2.99116e-21 1.17409e-21 4.32383e-22 1.48077e-22 4.66495e-23 1.3321e-23 3.37043e-24 7.2558e-25 1.22186e-25 1.31188e-26 4.70159e-28 2.76118e-32 1.53361e-71 5.85976e-84 1.84943e-97 3.61897e-116 9.63315e-142 2.88783e-176 7.19533e-218 2.6103e-266 0.0 0.0 2.4899 10.4078053127 -9.76625377915 0.81008269383
0 -7.0396 -4.1234 0.0480 1.3602 1 32.5537 6.9582 16.2707 3.44778e-12 2.39538e-12 1.65603e-12 1.13948e-12 7.80552e-13 5.32484e-13 3.61893e-13 2.4512e-13 1.65511e-13 1.11425e-13 7.47869e-14 5.00307e-14 3.33416e-14 2.21181e-14 1.45919e-14 9.56336e-15 6.21935e-15 4.00869e-15 2.55783e-15 1.61377e-15 1.00554e-15 6.18034e-16 3.74214e-16 2.22902e-16 1.30415e-16 7.48205e-17 4.20112e-17 2.30376e-17 1.23084e-17 6.38999e-18 3.21381e-18 1.5606e-18 7.28863e-19 3.25987e-19 1.38934e-19 5.61062e-20 2.13286e-20 7.57353e-21 2.48829e-21 7.47125e-22 2.01383e-22 4.73157e-23 9.16053e-24 1.2906e-24 9.51119e-26 9.82297e-28 3.36452e-305 0.0 0.0 0.0 8.1583 8.28932036326 -58.1299654127 0.332109619269
0 -7.2381 9.7878 0.0090 0.4197 2 12.8718 15.3455 41.3648 3.29912e-12 2.52922e-12 1.93123e-12 1.46812e-12 1.11065e-12 8.35713e-13 6.25135e-13 4.64588e-13 3.428e-13 2.50952e-13 1.82128e-13 1.30913e-13 9.31111e-14 6.54598e-14 4.54336e-14 3.10855e-14 2.09362e-14 1.38568e-14 8.99577e-15 5.7161e-15 3.5452e-15 2.13985e-15 1.25296e-15 7.08925e-16 3.8581e-16 2.00847e-16 9.93591e-17 4.63374e-17 2.01773e-17 8.1102e-18 2.96939e-18 9.74953e-19 2.82652e-19 7.15342e-20 1.55627e-20 2.89212e-21 4.78427e-22 8.37448e-23 1.97353e-23 5.90628e-24 1.8034e-24 5.07156e-25 1.26231e-25 2.65982e-26 4.339e-27 4.40738e-28 1.38513e-29 1.62189e-34 2.29427e-61 3.11448e-72 12.1734 19.6680892077 -21.5929951162 0.0262444543132
0 5.0921 -4.2163 -0.5045 0.2720 3 3.2078 22.6112 17.9059 1.90203e-11 1.50461e-11 1.18967e-11 9.40159e-12 7.42484e-12 5.86022e-12 4.62146e-12 3.64144e-12 2.86692e-12 2.25427e-12 1.7705e-12 1.38892e-12 1.08773e-12 8.50323e-13 6.63567e-13 5.16847e-13 4.01361e-13 3.10806e-13 2.39957e-13 1.84633e-13 1.41521e-13 1.07937e-13 8.1838e-14 6.16743e-14 4.61564e-14 3.42683e-14 2.52103e-14 1.83537e-14 1.32043e-14 9.37404e-15 6.55757e-15 4.5145e-15 3.05547e-15 2.03044e-15 1.32474e-15 8.49054e-16 5.33948e-16 3.28766e-16 1.97588e-16 1.15461e-16 6.52943e-17 3.55303e-17 1.84744e-17 9.1e-18 4.20091e-18 1.79326e-18 6.95963e-19 2.40363e-19 7.19066e-20 1.80315e-20 6.6111 6.67344314895 49.9279257052 -4.33563477822
0 9.8557 6.3905 -0.9730 0.0191 3 37.1984 90.6379 87.0690 2.1569e-15 1.32191e-15 8.02379e-16 4.80563e-16 2.83315e-16 1.64101e-16 9.32156e-17 5.18279e-17 2.81455e-17 1.4893e-17 7.65783e-18 3.81463e-18 1.83448e-18 8.48351e-19 3.75569e-19 1.58353e-19 6.32143e-20 2.37284e-20 8.30665e-21 2.68463e-21 7.90299e-22 2.07712e-22 4.70928e-23 8.59317e-24 1.07066e-24 5.57589e-26 7.40356e-29 1.95343e-106 5.16207e-121 4.87379e-140 2.25711e-160 1.79721e-189 1.85943e-225 1.96442e-265 1.60571334898e-321 0.0 0.0 0.0 0.0 0.0 0.0 0.0 0.0 0.0 0.0 0.0 0.0 0.0 0.0 0.0 11.7462 17.8832038474 33.4998385783 -3.11883635887
0 -8.1545 -9.6061 -0.0210 0.3650 2 23.8678 19.5548 54.6819 5.27136e-13 3.3257e-13 2.05304e-13 1.23766e-13 7.2703e-14 4.15163e-14 2.29867e-14 1.23058e-14 6.35064e-15 3.14947e-15 1.49626e-15 6.79027e-16 2.93786e-16 1.21197e-16 4.78839e-17 1.83449e-17 6.98536e-18 2.74327e-18 1.15167e-18 5.22425e-19 2.50452e-19 1.22413e-19 5.92219e-20 2.78463e-20 1.25932e-20 5.43935e-21 2.23019e-21 8.62365e-22 3.12129e-22 1.04792e-22 3.22575e-23 8.95688e-24 2.18572e-24 4.46602e-25 6.8814e-26 6.10892e-27 1.18592e-28 4.25312e-69 3.46244e-79 3.06715e-93 1.82311e-108 2.23574e-128 8.10676e-156 4.75906e-193 1.36346e-242 3.08054e-294 0.0 0.0 0.0 0.0 12.6005 8.22919097668 -97.7245609996 -0.146358967048
0 6.0236 7.8235 0.0691 0.5855 2 31.7599 50.2810 60.0133 1.01616e-13 4.96842e-14 2.39312e-14 1.14995e-14 5.60582e-15 2.8204e-15 1.48073e-15 8.10784e-16 4.57868e-16 2.62512e-16 1.5062e-16 8.5575e-17 4.78079e-17 2.61413e-17 1.39421e-17 7.23048e-18 3.63485e-18 1.76521e-18 8.24947e-19 3.69382e-19 1.57682e-19 6.38062e-20 2.43128e-20 8.6555e-21 2.85146e-21 8.58468e-22 2.31966e-22 5.45971e-23 1.0563e-23 1.47337e-24 1.03215e-25 7.57736e-28 2.9144e-84 1.69705e-96 7.3225e-111 3.71267e-131 1.79784e-154 8.7745e-183 3.98042e-222 8.67656e-276 0.0 0.0 0.0 0.0 0.0 0.0 0.0 0.0 0.0 0.0 9.8737 17.3995410656 20.2549473089 0.22744153441
0 3.2744 1.1173 0.1141 0.4659 2 33.8732 84.7254 65.8645 2.85436e-14 1.70356e-14 1.03211e-14 6.27907e-15 3.80368e-15 2.28095e-15 1.34878e-15 7.84321e-16 4.47524e-16 2.50039e-16 1.365e-16 7.26361e-17 3.75763e-17 1.88413e-17 9.12569e-18 4.25304e-18 1.89891e-18 8.08169e-19 3.25978e-19 1.23781e-19 4.38995e-20 1.44005e-20 4.314e-21 1.15862e-21 2.70479e-22 5.16621e-23 7.02718e-24 4.60422e-25 2.38796e-27 1.56845e-94 1.05291e-108 2.25393e-124 2.82546e-144 2.80694e-172 3.68696e-202 4.82228e-241 6.26724e-295 0.0 0.0 0.0 0.0 0.0 0.0 0.0 0.0 0.0 0.0 0.0 0.0 0.0 3.4598 10.1601186769 18.8021376623 0.643534614467
0 4.0375 8.3433 0.6126 0.0980 2 26.8763 47.7615 65.8645 2.79046e-13 1.47472e-13 7.52107e-14 3.69325e-14 1.7432e-14 7.90413e-15 3.44911e-15 1.45744e-15 6.04478e-16 2.51941e-16 1.08923e-16 5.02332e-17 2.48881e-17 1.30126e-17 6.97644e-18 3.74178e-18 1.97582e-18 1.01767e-18 5.08363e-19 2.4521e-19 1.13731e-19 5.0492e-20 2.13474e-20 8.54471e-21 3.21596e-21 1.12892e-21 3.65929e-22 1.0808e-22 2.85225e-23 6.50398e-24 1.19887e-24 1.52962e-25 8.62377e-27 2.13801e-29 1.12563e-81 7.83399e-93 1.36395e-108 1.04219e-128 1.04502e-150 1.83441e-181 1.41928e-223 1.74091e-280 0.0 0.0 0.0 0.0 0.0 0.0 0.0 0.0 9.2688 17.3312563085 13.4800206054 2.02567269584
0 8.7719 -3.7124 1.1982 0.0347 1 11.2858 38.6910 22.0055 6.92108e-11 5.34163e-11 4.1099e-11 3.15133e-11 2.40714e-11 1.83095e-11 1.38617e-11 1.04404e-11 7.81871e-12 5.81852e-12 4.29999e-12 3.15345e-12 2.29304e-12 1.65183e-12 1.17768e-12 8.30065e-13 5.77672e-13 3.96417e-13 2.67832e-13 1.77857e-13 1.15856e-13 7.38587e-14 4.59669e-14 2.78475e-14 1.63667e-14 9.29556e-15 5.07847e-15 2.65447e-15 1.31889e-15 6.18115e-16 2.70746e-16 1.09645e-16 4.05587e-17 1.3501e-17 4.02544e-18 1.09445e-18 2.8689e-19 8.07484e-20 2.66695e-20 9.96396e-21 3.80715e-21 1.39491e-21 4.77274e-22 1.50368e-22 4.29808e-23 1.09028e-23 2.36092e-24 4.03301e-25 4.50999e-26 1.88437e-27 9.5251 10.064931752 61.3747789932 6.83710584502
0 6.7915 -9.7924 0.7117 0.0323 2 5.7991 12.3534 17.9059 2.06325e-12 1.51008e-12 1.09604e-12 7.882e-13 5.6108e-13 3.9504e-13 2.74762e-13 1.88528e-13 1.27482e-13 8.48508e-14 5.54439e-14 3.55184e-14 2.22673e-14 1.36342e-14 8.13126e-15 4.69877e-15 2.6257e-15 1.41338e-15 7.29627e-16 3.59364e-16 1.67891e-16 7.39417e-17 3.0527e-17 1.17745e-17 4.24849e-18 1.44783e-18 4.76969e-19 1.58384e-19 5.57921e-20 2.13946e-20 8.72287e-21 3.60047e-21 1.4449e-21 5.50532e-22 1.96419e-22 6.49027e-23 1.96155e-23 5.32835e-24 1.26425e-24 2.48168e-25 3.57639e-26 2.76061e-27 3.34399e-29 1.77853e-61 7.88078e-71 1.77914e-82 1.66925e-98 3.10933e-120 2.14123e-149 3.74445e-181 11.9171 6.94997025368 100.774621433 5.87768043482
0 2.6195 -3.7452 0.0180 3.5831 2 5.2280 19.3801 19.6516 1.91267e-11 1.50841e-11 1.18861e-11 9.35752e-12 7.35939e-12 5.78106e-12 4.53556e-12 3.55317e-12 2.77906e-12 2.16987e-12 1.69069e-12 1.31438e-12 1.01939e-12 7.88401e-13 6.07792e-13 4.66981e-13 3.57467e-13 2.72447e-13 2.06602e-13 1.55838e-13 1.16852e-13 8.70402e-14 6.43525e-14 4.7174e-14 3.42252e-14 2.45576e-14 1.74003e-14 1.21527e-14 8.34862e-15 5.62754e-15 3.71156e-15 2.38745e-15 1.48956e-15 8.98945e-16 5.23256e-16 2.92778e-16 1.56915e-16 8.0195e-17 3.88436e-17 1.7671e-17 7.46444e-18 2.88758e-18 1.00663e-18 3.10908e-19 8.41489e-20 2.03677e-20 4.96397e-21 1.54636e-21 6.5612e-22 3.13534e-22 4.5704 5.42869349884 28.8510958821 0.190166796283
0 5.0906 2.1086 0.2703 0.3884 1 30.2855 34.7367 20.2992 4.03133e-11 2.83351e-11 1.97225e-11 1.35833e-11 9.24839e-12 6.21991e-12 4.12869e-12 2.70276e-12 1.74371e-12 1.10821e-12 6.93716e-13 4.27717e-13 2.59905e-13 1.55852e-13 9.24068e-14 5.43161e-14 3.1742e-14 1.84924e-14 1.07693e-14 6.27666e-15 3.65897e-15 2.12826e-15 1.23042e-15 7.03795e-16 3.96432e-16 2.1895e-16 1.1812e-16 6.20313e-17 3.16071e-17 1.55727e-17 7.39166e-18 3.36599e-18 1.46365e-18 6.04477e-19 2.35644e-19 8.60843e-20 2.92141e-20 9.10883e-21 2.56986e-21 6.40615e-22 1.35168e-22 2.20675e-23 2.23676e-24 6.89866e-26 4.51672e-31 5.49603e-130 1.22753e-161 3.68181e-199 9.01806e-244 1.41274e-304 5.5101 11.7698885365 25.6343439111 1.31578914152
0 -1.0670 -0.7212 -0.1231 0.0511 3 18.0446 39.1836 54.6819 5.86794e-12 4.17031e-12 2.93078e-12 2.03456e-12 1.39355e-12 9.4055e-13 6.24658e-13 4.07584e-13 2.60832e-13 1.634e-13 9.99902e-14 5.96262e-14 3.45577e-14 1.9409e-14 1.0529e-14 5.49454e-15 2.74668e-15 1.3088e-15 5.91127e-16 2.51445e-16 9.99936e-17 3.68675e-17 1.24872e-17 3.85099e-18 1.07661e-18 2.76175e-19 6.86424e-20 1.85745e-20 6.07272e-21 2.31501e-21 9.21179e-22 3.56026e-22 1.2972e-22 4.39352e-23 1.36666e-23 3.84403e-24 9.54173e-25 1.99981e-25 3.22383e-26 3.17064e-27 8.79943e-29 1.80011e-35 3.2477e-70 3.90395e-81 1.6379e-95 2.9673e-115 5.62411e-142 3.05117e-177 1.02729e-214 6.77305e-266 1.2879 7.8526479354 -7.81056504078 -0.898387065124
0 4.9348 -6.9208 -0.2282 0.2714 1 12.9235 13.6617 15.4758 1.51477e-11 1.11868e-11 8.21103e-12 5.98586e-12 4.33093e-12 3.10763e-12 2.20961e-12 1.55546e-12 1.08307e-12 7.45222e-13 5.0618e-13 3.39046e-13 2.23711e-13 1.45261e-13 9.27343e-14 5.8161e-14 3.58207e-14 2.16659e-14 1.28799e-14 7.53973e-15 4.36027e-15 2.50293e-15 1.43481e-15 8.26756e-16 4.81466e-16 2.8413e-16 1.69725e-16 1.02157e-16 6.15563e-17 3.68858e-17 2.1855e-17 1.27481e-17 7.29671e-18 4.08748e-18 2.23558e-18 1.19084e-18 6.16133e-19 3.08699e-19 1.49265e-19 6.93866e-20 3.08744e-20 1.30851e-20 5.25238e-21 1.98372e-21 6.99478e-22 2.28081e-22 6.79171e-23 1.81358e-23 4.21357e-24 8.03939e-25 8.5000 5.18634250049 72.2548649649 -2.52214836726
0 3.9167 -1.5360 -0.1261 0.5086 1 22.6549 24.3416 17.1193 3.26526e-11 2.31553e-11 1.62837e-11 1.13485e-11 7.83282e-12 5.35094e-12 3.61608e-12 2.41632e-12 1.59609e-12 1.04215e-12 6.72784e-13 4.29698e-13 2.71803e-13 1.70534e-13 1.06338e-13 6.60489e-14 4.09562e-14 2.54019e-14 1.57749e-14 9.80851e-15 6.09846e-15 3.78286e-15 2.33411e-15 1.42804e-15 8.63667e-16 5.1492e-16 3.01894e-16 1.7367e-16 9.78167e-17 5.38224e-17 2.88627e-17 1.50449e-17 7.60037e-18 3.70873e-18 1.74152e-18 7.83604e-19 3.36224e-19 1.36812e-19 5.24568e-20 1.88103e-20 6.25071e-21 1.90225e-21 5.21359e-22 1.25255e-22 2.50804e-23 3.75442e-24 3.18218e-25 5.61482e-27 5.84711e-227 2.61659e-282 4.2071 7.99086022681 29.3539605023 -0.904381677133
