sky_model/snrs/ctadc_skymodel_gps_sources_snr_1_summary_all.ecsv
# %ECSV 0.9
# ---
# datatype:
# - {name: distance, unit: kpc, datatype: float64, description: distance}
# - {name: GLAT, datatype: float64, description: Latitude}
# - {name: GLON, datatype: float64, description: Latitude}
# - {name: galactocentric_x, unit: kpc, datatype: float64, description: galactocentric_x}
# - {name: galactocentric_y, unit: kpc, datatype: float64, description: galactocentric_x}
# - {name: galactocentric_z, unit: kpc, datatype: float64, description: galactocentric_x}
# - {name: galactocentric_r, unit: kpc, datatype: float64, description: galactocentric_x}
# - {name: age, unit: kyr, datatype: float64, description: age}
# - {name: n0, unit: 1 / cm3, datatype: float64, description: n0 column density}
# - {name: int_flux_above_1TeV_cu, datatype: float64, description: Integral flux between
#     1 and 10 TeV in crab units}
# - {name: skip, datatype: float64, description: skip because already known}
# - {name: size_physical, unit: pc, datatype: float64, description: intrinsic physical
#     size}
# - {name: sigma, unit: deg, datatype: float64, description: angular size}
# - {name: flux_1_10, unit: 1 / (cm2 s), datatype: float64, description: Integral flux
#     between 1 and 10 TeV}
distance GLAT GLON galactocentric_x galactocentric_y galactocentric_z galactocentric_r age n0 int_flux_above_1TeV_cu skip size_physical sigma flux_1_10
[from data line 302]
4.08849 -2.11119 -11.53225 -0.81681 -4.49677 -0.15061 4.57035 13.8092 0.4315 0.0 0.0 14.4948 0.406258333333 0.0
11.50227 -0.52356 -0.81049 -0.1627 3.00064 -0.10511 3.00505 8.9087 0.4204 0.0 0.0 12.2061 0.121603333333 0.0
2.89748 -7.14439 27.49396 1.32725 -5.94972 -0.36036 6.09596 6.6157 0.3477 0.0 0.0 23.6705 0.936136666667 0.0
15.45652 -0.02224 -17.89056 -4.74824 6.20912 -0.006 7.81658 1.0389 2.1376 0.0 0.0 4.4354 0.0328833333333 0.0
12.79375 0.13437 -55.62088 -10.5589 -1.27582 0.03 10.6357 18.3017 0.6284 0.0 0.0 49.8241 0.446266666667 0.0
9.73841 -2.89881 -18.54872 -3.09393 0.72072 -0.49249 3.17677 9.9663 0.1753 0.0 0.0 34.3418 0.4041 0.0
13.4788 -2.2728 8.88437 2.08004 4.80661 -0.53453 5.23737 18.4606 0.3099 0.0 0.0 49.8241 0.423585 0.0
6.69453 1.45355 69.21903 6.25699 -6.12557 0.16982 8.75629 14.8125 0.3129 0.0 0.0 45.3979 0.777085 0.0
6.41063 -1.53004 20.40706 2.23451 -2.49385 -0.17117 3.34848 12.9453 0.2625 0.0 0.0 15.5888 0.278653333333 0.0
19.52232 0.15146 -22.21197 -7.38008 9.57354 0.05161 12.08794 3.3836 0.3669 0.0 0.0 13.5451 0.0795066666667 0.0
4.99394 -0.17227 -2.7698 -0.24132 -3.51192 -0.01502 3.5202 4.2575 2.5643 0.0 0.0 21.5677 0.494895 0.0
10.6832 0.06758 -46.38392 -7.7344 -1.13049 0.0126 7.81658 8.3576 2.0985 0.0 0.0 28.5112 0.30582 0.0
12.61807 0.48229 75.14484 12.1959 -5.26514 0.10621 13.28389 3.4719 0.2059 0.0 0.0 17.9059 0.162613333333 0.0
24.59502 -0.33829 -11.6342 -4.95981 15.5893 -0.14522 16.35928 17.6066 0.0806 0.0 0.0 54.6819 0.25477 0.0
19.18464 -0.87817 -7.33523 -2.4491 10.5254 -0.29403 10.80658 2.2807 0.1457 0.0 0.0 8.5533 0.05109 0.0
12.5768 -0.53308 53.8236 10.1516 -1.07657 -0.11701 10.20853 16.9348 0.3441 0.0 0.0 45.3979 0.413635 0.0
3.7268 0.95948 -33.40046 -2.05127 -5.38914 0.06241 5.76633 4.9615 2.0356 0.0 0.0 19.6516 0.604248333333 0.0
17.11128 -0.51839 17.43266 5.12607 7.82469 -0.15482 9.35427 13.7483 0.3075 0.0 0.0 41.3648 0.277013333333 0.0
10.43025 -4.12762 -23.01512 -4.06738 1.07512 -0.75075 4.20707 13.9719 0.2112 0.0 0.0 41.3648 0.454453333333 0.0
6.19667 -3.97378 -53.77854 -4.98708 -4.84714 -0.42943 6.95455 12.3175 0.2758 0.0 0.0 37.6901 0.696983333333 0.0
8.76556 -3.59447 -2.32692 -0.35519 0.2411 -0.54955 0.42929 11.1414 0.002 0.0 0.0 25.9783 0.339613333333 0.0
3.57668 0.70173 13.1503 0.81366 -5.01737 0.0438 5.08292 12.1571 2.8679 0.0 0.0 9.4425 0.302525 0.0
5.38252 0.59405 -75.4137 -5.20876 -7.14455 0.05581 8.84171 3.2037 0.9604 0.0 0.0 6.8363 0.145541666667 0.0
7.33402 5.80465 -24.24805 -2.99655 -1.8473 0.74174 3.5202 0.464 0.1607 0.0 0.0 2.7856 0.0435233333333 0.0
3.32135 -1.50114 131.26919 2.49553 -10.69 -0.08701 10.97742 4.9931 0.3752 0.0 0.0 25.9783 0.8963 0.0
12.604 -0.68742 13.17984 2.87361 3.77112 -0.15121 4.7412 8.9524 0.4422 0.0 0.0 31.291 0.284488333333 0.0
12.00085 0.36957 -32.8987 -6.51819 1.57609 0.07741 6.70603 8.98 1.3006 0.0 0.0 9.7844 0.0934283333333 0.0
4.66727 3.35664 -30.42816 -2.35972 -4.48248 0.27327 5.06566 6.9087 0.3836 0.0 0.0 31.291 0.768261666667 0.0
13.20741 -0.32019 51.19115 10.2916 -0.22272 -0.07381 10.29401 0.62 0.4962 0.0 0.0 2.5381 0.0220216666667 0.0
7.17717 1.72633 28.24941 3.39549 -2.18053 0.21622 4.03535 16.4535 0.3275 0.0 0.0 45.3979 0.724828333333 0.0
8.78842 2.58517 -2.16142 -0.33112 0.27323 0.3964 0.42929 17.7639 0.0034 0.0 0.0 37.6901 0.491438333333 0.0
14.7042 -0.70147 4.98662 1.27804 6.14745 -0.18002 6.2789 8.8664 0.4132 0.0 0.0 31.291 0.243855 0.0
17.34638 0.51137 -54.60142 -14.1392 1.54768 0.15482 14.22365 8.3254 0.1278 0.0 0.0 15.0325 0.0993066666667 0.0
10.39236 2.26881 -58.40047 -8.84456 -3.05889 0.41141 9.35858 16.1307 0.147 0.0 0.0 45.3979 0.50058 0.0
9.11071 -3.79875 0.72268 0.11466 0.58997 -0.6036 0.60101 19.5523 0.0026 0.0 0.0 37.6901 0.474055 0.0
19.48039 0.10589 -10.57807 -3.57611 10.6493 0.036 11.23371 9.6962 0.5026 0.0 0.0 12.1917 0.0717166666667 0.0
15.03107 0.02287 25.71366 6.52159 5.0426 0.006 8.24372 2.6814 1.8026 0.0 0.0 11.2454 0.0857316666667 0.0
11.57093 -0.56753 17.57772 3.49424 2.53012 -0.11461 4.31407 6.1902 0.6293 0.0 0.0 28.5112 0.282358333333 0.0
11.11311 -0.49545 -15.42416 -2.95556 2.21245 -0.0961 3.69192 10.6965 0.745 0.0 0.0 34.3418 0.354111666667 0.0
8.51285 -4.22809 -0.5749 -0.08518 -0.01075 -0.62763 0.08586 12.9394 0.0004 0.0 0.0 31.291 0.421208333333 0.0
7.23284 -0.71304 7.90347 0.99447 -1.33642 -0.09001 1.66583 10.8141 0.1301 0.0 0.0 41.3648 0.655353333333 0.0
3.451 0.0 65.43571 3.13867 -7.06537 0.0 7.73115 18.7028 2.2205 0.0 0.0 41.3648 1.37353333333 0.0
13.24081 -0.43104 -0.46338 -0.10708 4.74 -0.09961 4.74121 11.5981 0.9179 0.0 0.0 11.6261 0.100616666667 0.0
1.0066 -7.02574 -118.19676 -0.88049 -8.97205 -0.12312 9.01515 6.4604 0.4039 0.0 0.0 23.6705 2.69465 0.0
14.95226 0.25523 -36.83074 -8.96309 3.46782 0.06661 9.61055 0.7525 0.6514 0.0 0.0 3.9696 0.0304216666667 0.0
17.27778 -0.23282 -55.00399 -14.1537 1.40906 -0.07021 14.22367 3.1206 0.2045 0.0 0.0 9.1489 0.0606783333333 0.0
4.45854 -0.10025 -34.18204 -2.50491 -4.81165 -0.0078 5.42462 0.29 3.8857 0.0 0.0 2.3126 0.0594383333333 0.0
10.66472 -0.87124 27.83871 4.97968 0.92936 -0.16216 5.06566 16.5862 0.4349 0.0 0.0 15.581 0.167416666667 0.0
19.42415 -0.10266 -13.24656 -4.45088 10.4073 -0.0348 11.31911 18.7267 0.4929 0.0 0.0 49.8241 0.293935 0.0
3.5351 -0.12643 128.77716 2.75591 -10.714 -0.0078 11.06277 4.5051 0.5875 0.0 0.0 23.6705 0.767283333333 0.0
2.84156 0.18165 36.44565 1.68805 -6.2142 0.00901 6.43939 16.4488 3.31 0.0 0.0 37.6901 1.51992666667 0.0
11.53855 2.80452 21.11185 4.15109 2.25118 0.56456 4.72222 1.9779 0.2907 0.0 0.0 7.0534 0.0700483333333 0.0
11.00623 -1.46965 -5.37072 -1.02984 2.45431 -0.28228 2.66162 13.3735 0.146 0.0 0.0 17.7476 0.18478 0.0
18.69505 -0.37333 -38.84075 -11.7245 6.06112 -0.12181 13.19853 15.6618 0.1911 0.0 0.0 45.3979 0.278266666667 0.0
13.73042 -0.08013 71.22754 13.0 -4.08141 -0.0192 13.62563 16.6053 0.285 0.0 0.0 16.9567 0.141516666667 0.0
22.86716 -0.55781 7.45092 2.9652 14.173 -0.22262 14.47986 11.9068 0.0886 0.0 0.0 45.3979 0.227496666667 0.0
2.00493 -6.77215 -169.67438 -0.35686 -10.4587 -0.23642 10.46479 16.6824 0.1853 0.0 0.0 49.8241 2.84763333333 0.0
15.10813 -0.76009 27.29771 6.92819 4.92444 -0.20042 8.5 11.0958 0.2921 0.0 0.0 14.3397 0.108763333333 0.0
4.62832 1.11433 62.35135 4.09904 -6.35264 0.09001 7.5603 4.1807 0.8427 0.0 0.0 16.3151 0.403943333333 0.0
12.95961 0.73488 19.3107 4.28527 3.72949 0.16622 5.6809 5.434 0.4395 0.0 0.0 9.8979 0.08752 0.0
7.2607 3.2008 5.49508 0.6942 -1.28394 0.40541 1.4596 19.2262 0.0266 0.0 0.0 49.8241 0.786346666667 0.0
15.03299 0.53289 -35.08619 -8.64071 3.80079 0.13981 9.4397 5.0 0.3319 0.0 0.0 25.9783 0.198025 0.0
8.06971 -1.15893 -26.36335 -3.58272 -1.27105 -0.16322 3.80151 1.9127 0.3288 0.0 0.0 7.751 0.110066666667 0.0
11.08136 0.03723 21.78286 4.11218 1.79011 0.0072 4.48492 2.3328 3.6955 0.0 0.0 4.6048 0.0476183333333 0.0
17.20738 0.03596 58.30363 14.6408 0.54106 0.0108 14.65079 8.806 0.2266 0.0 0.0 13.732 0.0914483333333 0.0
8.45683 3.11441 2.87905 0.42414 -0.06632 0.45946 0.42929 0.9022 0.0027 0.0 0.0 11.0698 0.149998333333 0.0
10.77261 0.23617 -46.00718 -7.75004 -1.01775 0.0444 7.81658 17.458 1.6123 0.0 0.0 41.3648 0.44001 0.0
9.73577 0.72749 -48.40671 -7.28056 -2.03754 0.12361 7.5603 2.2782 0.5135 0.0 0.0 6.7092 0.0789683333333 0.0
15.28187 0.76495 -1.93784 -0.51672 6.77177 0.20402 6.79146 3.6891 0.3751 0.0 0.0 8.7125 0.06533 0.0
8.30408 -0.62161 -56.72855 -6.94247 -3.9446 -0.09009 7.98485 19.9337 0.7569 0.0 0.0 49.8241 0.687545 0.0
8.20944 0.19683 -59.09252 -7.04364 -4.28322 0.0282 8.24372 10.2893 1.6166 0.0 0.0 31.291 0.436776666667 0.0
2.79438 1.26738 -19.36999 -0.92658 -5.86444 0.06181 5.93719 11.9833 2.0165 0.0 0.0 10.0708 0.412985 0.0
5.90856 -0.77393 38.45836 3.67447 -3.87366 -0.07981 5.33919 9.5884 1.4652 0.0 0.0 34.3418 0.666031666667 0.0
14.64569 0.06573 -40.47579 -9.5069 2.64068 0.0168 9.86683 9.4487 0.8889 0.0 0.0 10.7726 0.0842866666667 0.0
5.05093 5.28756 5.16392 0.45268 -3.49098 0.46547 3.52021 14.085 0.2217 0.0 0.0 16.6794 0.378408333333 0.0
7.89473 -0.44856 1.46473 0.2018 -0.6081 -0.06181 0.6407 15.2922 0.0242 0.0 0.0 41.3648 0.600408333333 0.0
22.76292 0.16463 8.00719 3.1708 14.0409 0.06541 14.39447 6.1968 0.2012 0.0 0.0 23.6705 0.11916 0.0
5.31707 -0.80902 92.45724 5.31165 -8.72794 -0.07508 10.21717 6.9304 0.5004 0.0 0.0 41.3648 0.89148 0.0
7.57479 -0.70354 -20.73474 -2.68159 -1.41637 -0.09301 3.03266 17.0374 0.548 0.0 0.0 45.3979 0.68678 0.0
15.82861 -0.33016 42.46379 10.6861 3.17664 -0.09121 11.14826 3.6237 0.3501 0.0 0.0 14.8658 0.107621666667 0.0
13.19497 2.07377 -3.14523 -0.7235 4.66647 0.47748 4.72222 6.7489 0.3176 0.0 0.0 25.9783 0.225608333333 0.0
14.34864 0.4313 48.01124 10.6647 1.09875 0.10801 10.72115 1.9 0.3355 0.0 0.0 7.751 0.0619016666667 0.0
9.09054 -3.40893 1.15258 0.18253 0.57262 -0.54054 0.60101 19.5412 0.0032 0.0 0.0 41.3648 0.521428333333 0.0
13.06653 0.47405 -20.63288 -4.60421 3.72799 0.10811 5.92424 16.5077 0.7935 0.0 0.0 13.7954 0.120983333333 0.0
15.79812 -0.04135 -13.87493 -3.78844 6.83715 -0.0114 7.81658 13.6642 2.1076 0.0 0.0 37.6901 0.273385 0.0
13.81641 0.58531 -8.99567 -2.16022 5.14576 0.14114 5.58081 1.4762 0.5082 0.0 0.0 5.595 0.046405 0.0
7.7256 -0.37827 -34.83018 -4.41235 -2.15859 -0.05101 4.91206 2.7574 2.5453 0.0 0.0 11.2454 0.1668 0.0
2.56887 0.96367 -12.82453 -0.57012 -5.99557 0.0432 6.02262 17.5562 2.6957 0.0 0.0 41.3648 1.8452 0.0
19.36644 0.07989 -18.97759 -6.29793 9.81378 0.027 11.6608 7.4718 0.4615 0.0 0.0 28.5112 0.168701666667 0.0
2.84254 -0.87088 135.75637 1.98304 -10.5361 -0.0432 10.72109 12.1997 0.5641 0.0 0.0 13.0726 0.526995 0.0
9.44379 -0.74701 -63.91215 -8.48094 -4.34746 -0.12312 9.53031 17.6314 0.3695 0.0 0.0 16.4958 0.200161666667 0.0
5.01054 0.4666 66.79995 4.60521 -6.5262 0.0408 7.98744 4.4788 1.5807 0.0 0.0 23.6705 0.541346666667 0.0
22.66007 -0.58263 8.54452 3.36661 13.9074 -0.23042 14.30908 13.1277 0.0894 0.0 0.0 45.3979 0.229576666667 0.0
11.14379 1.12719 13.73158 2.64473 2.32319 0.21922 3.5202 6.9493 0.2676 0.0 0.0 31.291 0.321765 0.0
10.40411 -0.67745 20.15364 3.58437 1.26641 -0.12301 3.80151 10.4421 0.4673 0.0 0.0 34.3418 0.378243333333 0.0
5.98256 0.48849 -0.89214 -0.09315 -2.51838 0.05101 2.5201 15.9791 0.783 0.0 0.0 13.652 0.261493333333 0.0
12.99914 -0.71413 51.68844 10.199 -0.44197 -0.16202 10.20857 3.6734 0.2594 0.0 0.0 13.5451 0.119405 0.0
13.84768 0.14152 11.4112 2.73974 5.0739 0.0342 5.76634 13.4617 3.1323 0.0 0.0 9.6657 0.079985 0.0
19.22963 0.41159 -1.17361 -0.39385 10.7251 0.13814 10.73233 16.6479 0.2725 0.0 0.0 17.1265 0.102058333333 0.0
14.68549 -0.04214 1.61216 0.41316 6.17967 -0.0108 6.19347 13.4252 3.4754 0.0 0.0 34.3418 0.267971666667 0.0
19.35245 0.07106 -26.51511 -8.63958 8.81688 0.024 12.34422 7.4968 0.3866 0.0 0.0 34.3418 0.203348333333 0.0
9.28526 -2.29838 -7.97518 -1.28724 0.68806 -0.37237 1.45959 14.5342 0.0287 0.0 0.0 45.3979 0.560265 0.0
7.80701 -2.84421 4.44286 0.60402 -0.72604 -0.38739 0.94444 1.7035 0.011 0.0 0.0 7.751 0.11377 0.0
15.31001 1.38245 -36.55171 -9.11519 3.79525 0.36937 9.87373 16.6001 0.1434 0.0 0.0 54.6819 0.40928 0.0
12.0948 0.1734 55.63645 9.98388 -1.67322 0.0366 10.12312 10.0007 0.7228 0.0 0.0 11.485 0.108815 0.0
3.04178 -3.57403 60.27146 2.6363 -6.99454 -0.18962 7.47487 9.119 0.3534 0.0 0.0 31.291 1.17881 0.0
15.44364 0.18255 2.55377 0.68812 6.92822 0.0492 6.96231 5.2007 1.9948 0.0 0.0 7.2076 0.05348 0.0
12.94371 -0.06109 13.5108 3.02402 4.0855 -0.0138 5.08291 4.3301 3.8301 0.0 0.0 17.9059 0.158521666667 0.0
13.51908 -0.41708 33.08122 7.37889 2.82731 -0.09841 7.90201 0.4885 0.6776 0.0 0.0 3.2157 0.0272566666667 0.0
17.34993 0.24176 14.33556 4.29581 8.30954 0.07321 9.35427 1.2314 0.6525 0.0 0.0 4.8679 0.0321516666667 0.0
7.92932 1.36717 -98.49266 -7.84014 -9.67069 0.18919 12.4495 11.8867 0.1551 0.0 0.0 37.6901 0.544683333333 0.0
14.82871 0.33155 -36.96895 -8.91757 3.34737 0.08581 9.52512 13.1226 0.536 0.0 0.0 41.3648 0.319655 0.0
3.15564 0.30506 -26.60557 -1.41322 -5.67855 0.0168 5.85176 4.8208 3.5881 0.0 0.0 17.9059 0.65022 0.0
19.38751 0.3263 -18.72419 -6.22354 9.86113 0.11041 11.6608 13.6617 0.2764 0.0 0.0 15.7691 0.093205 0.0
6.79728 1.44299 -17.12451 -2.00082 -2.00612 0.17117 2.83334 2.4381 0.1921 0.0 0.0 9.3361 0.157393333333 0.0
7.76425 -0.03985 -59.31273 -6.67699 -4.5375 -0.0054 8.07286 2.9761 1.934 0.0 0.0 12.3418 0.182151666667 0.0
3.66873 -1.07777 68.09559 3.40327 -7.13159 -0.06901 7.90201 8.6836 1.0944 0.0 0.0 28.5112 0.890538333333 0.0
1.79983 1.108 3.98579 0.12508 -6.70486 0.0348 6.70603 4.0383 2.5787 0.0 0.0 21.5677 1.373175 0.0
2.54004 2.26103 -20.80869 -0.90164 -6.12749 0.10021 6.19347 17.9455 0.8994 0.0 0.0 13.9143 0.627731666667 0.0
7.11139 -1.40218 19.96433 2.42735 -1.81797 -0.17402 3.03266 9.6927 0.2176 0.0 0.0 34.3418 0.553378333333 0.0
8.43758 -3.73439 -0.2052 -0.03015 -0.08039 -0.54955 0.08586 17.2367 0.0005 0.0 0.0 37.6901 0.511873333333 0.0
8.78034 0.65002 -27.10079 -3.99969 -0.68419 0.09961 4.05779 13.4655 0.7912 0.0 0.0 41.3648 0.53985 0.0
15.11424 -0.33666 -5.59975 -1.4748 6.54185 -0.08881 6.70603 4.229 1.04 0.0 0.0 23.6705 0.179463333333 0.0
11.04577 -1.01255 -9.46911 -1.81692 2.39356 -0.1952 3.00505 1.5711 0.2054 0.0 0.0 6.8216 0.0707683333333 0.0
21.64278 0.3193 15.23749 5.68808 12.3816 0.12061 13.62565 4.1683 0.1761 0.0 0.0 14.8658 0.07871 0.0
1.97365 -0.26154 -46.99426 -1.44329 -7.15384 -0.00901 7.29798 16.8081 2.5678 0.0 0.0 41.3648 2.40166666667 0.0
13.67952 -0.56551 -4.6988 -1.12054 5.13288 -0.13501 5.25377 3.8733 0.5337 0.0 0.0 14.8658 0.124528333333 0.0
13.30274 -0.25328 -53.00191 -10.6242 -0.49465 -0.05881 10.63571 16.3843 0.5151 0.0 0.0 14.9901 0.129126666667 0.0
4.93943 0.20882 -40.97471 -3.23889 -4.77076 0.018 5.76633 3.4133 3.6045 0.0 0.0 5.404 0.125368333333 0.0
13.51239 0.28243 -4.51749 -1.06427 4.97025 0.06661 5.08292 19.8611 1.9269 0.0 0.0 12.4491 0.105575 0.0
13.0106 -0.57872 -18.12122 -4.04646 3.86465 -0.13141 5.59548 10.3717 0.5614 0.0 0.0 37.6901 0.331958333333 0.0
5.68217 -1.04077 -4.07754 -0.40397 -2.83315 -0.10321 2.86181 6.2628 0.3927 0.0 0.0 23.6705 0.47736 0.0
13.7298 0.49582 -5.71867 -1.36804 5.16096 0.11881 5.3392 19.143 0.6665 0.0 0.0 45.3979 0.3789 0.0
10.53636 1.14541 -44.67494 -7.40646 -1.00902 0.21062 7.47488 12.3262 0.3367 0.0 0.0 14.5457 0.158196666667 0.0
14.35526 0.12454 -40.35837 -9.29596 2.43881 0.0312 9.61055 7.6459 0.9105 0.0 0.0 28.5112 0.227591666667 0.0
1.96835 -2.51603 2.04575 0.0702 -6.5348 -0.08641 6.53518 8.8323 1.1255 0.0 0.0 10.0027 0.582328333333 0.0
14.99269 0.01147 44.99173 10.5999 2.10296 0.003 10.80649 9.7146 0.6455 0.0 0.0 37.6901 0.288071666667 0.0
19.00219 0.427 -32.51973 -10.2151 7.52232 0.14161 12.68596 6.5518 0.1887 0.0 0.0 31.291 0.188698333333 0.0
9.31976 1.05143 -89.11331 -9.31707 -8.3558 0.17102 12.51508 11.6127 0.1668 0.0 0.0 37.6901 0.463421666667 0.0
7.53182 -0.21454 -31.11261 -3.89183 -2.05165 -0.0282 4.3995 1.079 3.2067 0.0 0.0 4.8679 0.0740616666667 0.0
11.51315 -0.66594 -40.45867 -7.47037 0.25947 -0.13381 7.47487 10.4844 0.4684 0.0 0.0 12.7603 0.127005 0.0
4.67002 -11.12276 14.1123 1.11727 -4.056 -0.9009 4.20707 11.8027 0.1732 0.0 0.0 16.3087 0.400178333333 0.0
12.86985 1.0696 22.06436 4.83369 3.42522 0.24024 5.92425 16.7705 0.3903 0.0 0.0 45.3979 0.404216666667 0.0
12.21393 0.54891 -61.51258 -10.7346 -2.67464 0.11701 11.06279 7.51 0.2952 0.0 0.0 28.5112 0.267493333333 0.0
18.28961 0.42296 -43.45167 -12.5782 4.77707 0.13501 13.4548 10.6979 0.168 0.0 0.0 54.6819 0.342603333333 0.0
12.73906 0.28068 34.41486 7.19979 2.00918 0.06241 7.47488 2.4856 1.3925 0.0 0.0 10.2464 0.09217 0.0
12.69201 -0.5472 -28.56588 -6.06865 2.64648 -0.12121 6.6206 17.4725 0.6024 0.0 0.0 45.3979 0.409881666667 0.0
11.774 -1.05129 39.25819 7.44952 0.6151 -0.21602 7.47487 0.262 0.3331 0.0 0.0 2.7492 0.0267566666667 0.0
5.13794 -0.00669 7.08386 0.63362 -3.40128 -0.0006 3.45979 16.5464 2.5697 0.0 0.0 37.6901 0.840605 0.0
19.26172 -0.16064 -29.68001 -9.53751 8.2346 -0.05401 12.60051 16.7059 0.3204 0.0 0.0 45.3979 0.27008 0.0
