sky_model/snrs/ctadc_skymodel_gps_sources_snr_2.ecsv
# %ECSV 0.9
# ---
# datatype:
# - {name: Simulation_number, unit: '', datatype: float64, format: '%i', description: Simulation_number}
# - {name: n0, unit: 1 / cm3, datatype: float64, format: '%0.4f', description: density}
# - {name: type, unit: '', datatype: float64, format: '%i', description: type of progenitor}
# - {name: age, unit: kyear, datatype: float64, format: '%0.4f', description: age of
#     the SNR}
# - {name: size, unit: arcmin, datatype: float64, format: '%0.4f', description: apparent
#     size of the SNR}
# - {name: size_physical, unit: pc, datatype: float64, format: '%0.4f', description: SNR
#     Radius}
# - {name: '0.1', unit: 'TeV^{-1}cm^{-2}s^{-1}', datatype: float64, description: Differential
#     spectrum}
# - {name: '0.11514', unit: 'TeV^{-1}cm^{-2}s^{-1}', datatype: float64, description: Differential
#     spectrum}
# - {name: '0.132571', unit: 'TeV^{-1}cm^{-2}s^{-1}', datatype: float64, description: Differential
#     spectrum}
# - {name: '0.152642', unit: 'TeV^{-1}cm^{-2}s^{-1}', datatype: float64, description: Differential
#     spectrum}
# - {name: '0.175751', unit: 'TeV^{-1}cm^{-2}s^{-1}', datatype: float64, description: Differential
#     spectrum}
# - {name: '0.202359', unit: 'TeV^{-1}cm^{-2}s^{-1}', datatype: float64, description: Differential
#     spectrum}
# - {name: '0.232995', unit: 'TeV^{-1}cm^{-2}s^{-1}', datatype: float64, description: Differential
#     spectrum}
# - {name: '0.26827', unit: 'TeV^{-1}cm^{-2}s^{-1}', datatype: float64, description: Differential
#     spectrum}
# - {name: '0.308884', unit: 'TeV^{-1}cm^{-2}s^{-1}', datatype: float64, description: Differential
#     spectrum}
# - {name: '0.355648', unit: 'TeV^{-1}cm^{-2}s^{-1}', datatype: float64, description: Differential
#     spectrum}
# - {name: '0.409492', unit: 'TeV^{-1}cm^{-2}s^{-1}', datatype: float64, description: Differential
#     spectrum}
# - {name: '0.471487', unit: 'TeV^{-1}cm^{-2}s^{-1}', datatype: float64, description: Differential
#     spectrum}
# - {name: '0.542868', unit: 'TeV^{-1}cm^{-2}s^{-1}', datatype: float64, description: Differential
#     spectrum}
# - {name: '0.625055', unit: 'TeV^{-1}cm^{-2}s^{-1}', datatype: float64, description: Differential
#     spectrum}
# - {name: '0.719686', unit: 'TeV^{-1}cm^{-2}s^{-1}', datatype: float64, description: Differential
#     spectrum}
# - {name: '0.828643', unit: 'TeV^{-1}cm^{-2}s^{-1}', datatype: float64, description: Differential
#     spectrum}
# - {name: '0.954095', unit: 'TeV^{-1}cm^{-2}s^{-1}', datatype: float64, description: Differential
#     spectrum}
# - {name: '1.09854', unit: 'TeV^{-1}cm^{-2}s^{-1}', datatype: float64, description: Differential
#     spectrum}
# - {name: '1.26486', unit: 'TeV^{-1}cm^{-2}s^{-1}', datatype: float64, description: Differential
#     spectrum}
# - {name: '1.45635', unit: 'TeV^{-1}cm^{-2}s^{-1}', datatype: float64, description: Differential
#     spectrum}
# - {name: '1.67683', unit: 'TeV^{-1}cm^{-2}s^{-1}', datatype: float64, description: Differential
#     spectrum}
# - {name: '1.9307', unit: 'TeV^{-1}cm^{-2}s^{-1}', datatype: float64, description: Differential
#     spectrum}
# - {name: '2.223', unit: 'TeV^{-1}cm^{-2}s^{-1}', datatype: float64, description: Differential
#     spectrum}
[...]
#     radius in the xy plan}
# - {name: distance, unit: kpc, datatype: float64, format: '%.5f', description: Distance
#     from Earth}
# - {name: glon, unit: deg, datatype: float64, format: '%.5f', description: Galactic
#     longitude}
# - {name: glat, unit: deg, datatype: float64, format: '%.5f', description: Galactic
#     latitude}
# meta: !!omap
# - simulation_parameters:
#   - {description: Spectral index, name: alpha, value: 4.1}
#   - {description: Electron to proton ratio, name: Kep, value: 0.01}
#   - {description: CR efficiency, name: xi, value: 0.1}
# - energy_array: [0.1, 0.11514, 0.132571, 0.152642, 0.175751, 0.202359, 0.232995, 0.26827,
#     0.308884, 0.355648, 0.409492, 0.471487, 0.542868, 0.625055, 0.719686, 0.828643,
#     0.954095, 1.09854, 1.26486, 1.45635, 1.67683, 1.9307, 2.223, 2.55955, 2.94705,
#     3.39322, 3.90694, 4.49843, 5.17947, 5.96362, 6.86649, 7.90604, 9.10298, 10.4811,
#     12.0679, 13.895, 15.9986, 18.4207, 21.2095, 24.4205, 28.1177, 32.3746, 37.2759,
#     42.9193, 49.4171, 56.8987, 65.5129, 75.4312, 86.8511, 100.0]
Simulation_number n0 type age size size_physical 0.1 0.11514 0.132571 0.152642 0.175751 0.202359 0.232995 0.26827 0.308884 0.355648 0.409492 0.471487 0.542868 0.625055 0.719686 0.828643 0.954095 1.09854 1.26486 1.45635 1.67683 1.9307 2.223 2.55955 2.94705 3.39322 3.90694 4.49843 5.17947 5.96362 6.86649 7.90604 9.10298 10.4811 12.0679 13.895 15.9986 18.4207 21.2095 24.4205 28.1177 32.3746 37.2759 42.9193 49.4171 56.8987 65.5129 75.4312 86.8511 100.0 galactocentric_x galactocentric_y galactocentric_z galactocentric_r distance glon glat
[from data line 120]
0 0.2064 1 2.9540 5.3093 8.9253 3.95017e-12 3.02614e-12 2.31183e-12 1.76054e-12 1.33592e-12 1.00964e-12 7.59605e-13 5.68618e-13 4.23268e-13 3.13116e-13 2.30038e-13 1.67717e-13 1.21255e-13 8.68529e-14 6.15783e-14 4.31704e-14 2.98937e-14 2.04217e-14 1.37459e-14 9.10431e-15 5.92537e-15 3.78436e-15 2.36884e-15 1.45185e-15 8.70874e-16 5.11492e-16 2.94736e-16 1.67331e-16 9.42782e-17 5.32662e-17 3.05531e-17 1.79881e-17 1.09286e-17 6.83381e-18 4.35948e-18 2.80643e-18 1.80629e-18 1.15502e-18 7.31073e-19 4.57066e-19 2.8185e-19 1.71205e-19 1.02303e-19 6.00464e-20 3.45616e-20 1.94721e-20 1.07166e-20 5.74821e-21 2.99735e-21 1.51506e-21 2.76002 2.70370 -0.67267 3.86364 11.55825 13.83919 -3.33642
0 0.3965 2 37.3644 23.4291 65.8645 1.23588e-15 7.0227e-16 4.11818e-16 2.4624e-16 1.48283e-16 8.90435e-17 5.29534e-17 3.10452e-17 1.78877e-17 1.01046e-17 5.58371e-18 3.01134e-18 1.58101e-18 8.05777e-19 3.97386e-19 1.88953e-19 8.62677e-20 3.7641e-20 1.5612e-20 6.11718e-21 2.24794e-21 7.68024e-22 2.41291e-22 6.86651e-23 1.72902e-23 3.69288e-24 6.1179e-25 6.28443e-26 1.89283e-27 1.34055e-33 1.39669e-100 9.14087e-116 1.76757e-132 2.81495e-156 4.39337e-185 5.06528e-218 4.63402e-264 0.0 0.0 0.0 0.0 0.0 0.0 0.0 0.0 0.0 0.0 0.0 0.0 0.0 -7.36074 9.37211 -0.04505 11.91709 19.32860 -22.38462 -0.13353
0 1.8456 2 2.0193 4.0525 8.5067 2.41404e-13 1.90364e-13 1.49975e-13 1.18078e-13 9.28028e-14 7.28579e-14 5.71404e-14 4.4695e-14 3.49016e-14 2.72082e-14 2.11427e-14 1.63746e-14 1.26449e-14 9.7337e-15 7.45455e-15 5.67504e-15 4.29703e-15 3.2338e-15 2.41675e-15 1.79173e-15 1.31623e-15 9.55372e-16 6.85911e-16 4.86776e-16 3.41289e-16 2.36333e-16 1.61624e-16 1.09163e-16 7.28039e-17 4.79141e-17 3.10819e-17 1.98376e-17 1.2429e-17 7.62464e-18 4.56567e-18 2.65901e-18 1.49969e-18 8.14931e-19 4.24037e-19 2.09713e-19 9.76995e-20 4.24167e-20 1.69461e-20 6.14366e-21 1.99627e-21 5.80916e-22 1.57613e-22 4.54732e-23 1.65669e-23 7.50462e-24 6.76283 4.25009 -0.02402 7.98744 14.43265 27.94212 -0.09537
0 0.0538 2 23.2514 32.3495 60.0133 6.55588e-13 4.29132e-13 2.75727e-13 1.73599e-13 1.06897e-13 6.42437e-14 3.75952e-14 2.13677e-14 1.1762e-14 6.25091e-15 3.19611e-15 1.56622e-15 7.32512e-16 3.25502e-16 1.36802e-16 5.41216e-17 2.00925e-17 7.00165e-18 2.31028e-18 7.41014e-19 2.4358e-19 8.77794e-20 3.57799e-20 1.59182e-20 7.27008e-21 3.26293e-21 1.40775e-21 5.77424e-22 2.23444e-22 8.09455e-23 2.72038e-23 8.38411e-24 2.33153e-24 5.70128e-25 1.16863e-25 1.81144e-26 1.63155e-27 3.34818e-29 5.22112e-67 3.49992e-77 7.25154e-91 2.29723e-105 2.2185e-125 8.24358e-153 6.74741e-190 8.09951e-236 1.41707e-287 0.0 0.0 0.0 -10.76130 -1.68175 0.63063 10.89192 12.75507 -57.64207 2.83395
0 0.0180 1 20.9229 23.5142 32.2331 2.47111e-12 1.73337e-12 1.20106e-12 8.21123e-13 5.53193e-13 3.66746e-13 2.38898e-13 1.52648e-13 9.5499e-14 5.83791e-14 3.47934e-14 2.01675e-14 1.13387e-14 6.16533e-15 3.23206e-15 1.62822e-15 7.85671e-16 3.62082e-16 1.59068e-16 6.66368e-17 2.67456e-17 1.04117e-17 4.02089e-18 1.58845e-18 6.58681e-19 2.87672e-19 1.29507e-19 5.82783e-20 2.55554e-20 1.07397e-20 4.27922e-21 1.60303e-21 5.59782e-22 1.80375e-22 5.29129e-23 1.3851e-23 3.12622e-24 5.68168e-25 7.09519e-26 3.85497e-27 8.59978e-30 4.9711e-67 3.09461e-78 8.58612e-91 3.50514e-108 6.70635e-132 7.17066e-164 1.56546e-201 1.29357e-246 4.80905e-308 1.89611 0.65952 1.15616 2.00754 9.42490 11.69559 7.04627
0 0.8966 2 13.9812 28.5788 41.3648 5.66947e-12 4.27739e-12 3.20914e-12 2.39294e-12 1.77232e-12 1.30296e-12 9.50114e-13 6.86639e-13 4.91362e-13 3.47833e-13 2.43311e-13 1.67978e-13 1.14305e-13 7.65524e-14 5.03738e-14 3.25088e-14 2.05325e-14 1.26623e-14 7.60428e-15 4.43357e-15 2.50097e-15 1.35959e-15 7.09043e-16 3.52867e-16 1.66552e-16 7.40198e-17 3.07111e-17 1.17756e-17 4.12282e-18 1.29989e-18 3.63739e-19 8.94092e-20 1.9513e-20 4.06218e-21 9.55668e-22 2.83498e-22 9.59147e-23 3.22539e-23 1.01135e-23 2.87915e-24 7.26239e-25 1.55851e-25 2.6177e-26 2.8148e-27 1.03637e-28 1.09927e-32 1.74264e-62 6.78179e-73 3.98233e-87 2.45983e-106 8.53659 -3.38553 0.05105 9.18342 9.95157 59.07319 0.29393
0 0.1666 3 11.0667 18.8169 41.3648 2.78542e-12 2.15401e-12 1.66054e-12 1.27573e-12 9.76348e-13 7.44102e-13 5.6447e-13 4.2601e-13 3.19713e-13 2.38445e-13 1.76612e-13 1.2983e-13 9.46499e-14 6.83604e-14 4.88721e-14 3.45492e-14 2.41237e-14 1.66095e-14 1.126e-14 7.50367e-15 4.90582e-15 3.13962e-15 1.96171e-15 1.19303e-15 7.03607e-16 4.00646e-16 2.19094e-16 1.14331e-16 5.65025e-17 2.62133e-17 1.13039e-17 4.48242e-18 1.61585e-18 5.22913e-19 1.49603e-19 3.70836e-20 7.76618e-21 1.33919e-21 1.88854e-22 2.39177e-23 3.81263e-24 9.38707e-25 2.64948e-25 6.9415e-26 1.57741e-26 2.90602e-27 3.74818e-28 2.25321e-29 9.65927e-32 1.70043e-56 0.88630 6.56101 0.90691 6.62060 15.11430 3.36783 3.44000
0 0.1539 2 13.3171 38.5829 41.3648 8.52058e-12 6.57958e-12 5.06476e-12 3.88431e-12 2.9667e-12 2.25631e-12 1.7073e-12 1.28464e-12 9.61061e-13 7.14298e-13 5.26608e-13 3.85125e-13 2.79213e-13 2.00433e-13 1.42053e-13 9.94123e-14 6.86023e-14 4.66053e-14 3.11073e-14 2.03496e-14 1.2981e-14 8.06294e-15 4.8629e-15 2.83786e-15 1.59658e-15 8.62756e-16 4.46142e-16 2.19893e-16 1.02801e-16 4.52943e-17 1.86502e-17 7.10016e-18 2.46713e-18 7.70365e-19 2.12173e-19 5.04362e-20 1.0116e-20 1.69048e-21 2.45575e-22 3.83049e-23 8.57526e-24 2.45541e-24 6.97783e-25 1.7825e-25 3.90022e-26 6.76902e-27 7.79247e-28 3.49985e-29 2.5525e-32 3.23877e-58 -3.01439 -1.81805 0.77477 3.52021 7.37125 -24.28129 6.03337
0 0.1156 1 35.4690 10.7453 27.5421 5.83304e-13 3.95627e-13 2.64528e-13 1.74153e-13 1.12745e-13 7.16762e-14 4.46882e-14 2.72876e-14 1.62959e-14 9.50752e-15 5.41518e-15 3.01038e-15 1.63342e-15 8.66712e-16 4.51217e-16 2.3168e-16 1.18122e-16 6.02339e-17 3.08793e-17 1.59567e-17 8.29411e-18 4.30676e-18 2.21327e-18 1.11506e-18 5.46209e-19 2.58397e-19 1.17379e-19 5.09226e-20 2.0979e-20 8.15567e-21 2.96983e-21 1.00402e-21 3.11589e-22 8.73842e-23 2.16046e-23 4.50046e-24 7.17408e-25 6.87241e-26 1.73821e-27 6.28142e-39 1.18849e-74 2.60669e-87 1.68864e-101 3.38697e-121 4.45835e-148 2.52538e-184 1.19653e-226 1.26542e-277 0.0 0.0 10.15840 5.89748 -0.30931 11.74621 17.62317 35.20557 -1.00567
0 0.0049 2 27.0426 40.0238 54.6819 5.72102e-16 3.5224e-16 2.14407e-16 1.287e-16 7.60377e-17 4.41419e-17 2.51356e-17 1.40128e-17 7.63209e-18 4.05151e-18 2.09067e-18 1.04554e-18 5.05e-19 2.34669e-19 1.04451e-19 4.43062e-20 1.78069e-20 6.73519e-21 2.3783e-21 7.76349e-22 2.31253e-22 6.16769e-23 1.42646e-23 2.68521e-24 3.55108e-25 2.15981e-26 7.41926e-29 8.63532e-106 8.89267e-120 1.14178e-138 3.44674e-158 3.47452e-186 6.45272e-222 2.41436e-260 2.20538000001e-314 0.0 0.0 0.0 0.0 0.0 0.0 0.0 0.0 0.0 0.0 0.0 0.0 0.0 0.0 0.0 -9.27324 -8.40441 -1.49550 12.51507 9.39354 -89.40941 -9.16076
0 0.8898 1 23.0572 6.8920 15.4210 1.79429e-12 1.26032e-12 8.79197e-13 6.08998e-13 4.18818e-13 2.85978e-13 1.93922e-13 1.30643e-13 8.74932e-14 5.82948e-14 3.86775e-14 2.55792e-14 1.6878e-14 1.11191e-14 7.31638e-15 4.808e-15 3.15371e-15 2.06259e-15 1.34316e-15 8.69475e-16 5.58554e-16 3.55491e-16 2.23801e-16 1.39164e-16 8.53504e-17 5.15567e-17 3.06286e-17 1.78665e-17 1.02157e-17 5.71432e-18 3.12027e-18 1.65918e-18 8.56814e-19 4.28391e-19 2.06659e-19 9.58153e-20 4.25072e-20 1.79536e-20 7.17791e-21 2.69832e-21 9.46201e-22 3.06484e-22 9.05168e-23 2.39144e-23 5.4732e-24 1.01922e-24 1.34104e-25 8.46194e-27 4.58244e-29 0.0 -7.56843 4.89338 0.05706 9.01256 15.38399 -29.47024 0.21250
0 1.0322 1 27.5438 17.9991 16.0780 1.10291e-11 7.69004e-12 5.32795e-12 3.66798e-12 2.50946e-12 1.70661e-12 1.15417e-12 7.76655e-13 5.20348e-13 3.47353e-13 2.31179e-13 1.53479e-13 1.0167e-13 6.71964e-14 4.42915e-14 2.90911e-14 1.90185e-14 1.23591e-14 7.97173e-15 5.096e-15 3.22393e-15 2.01563e-15 1.24369e-15 7.56298e-16 4.52621e-16 2.6618e-16 1.53564e-16 8.67512e-17 4.78888e-17 2.57729e-17 1.34877e-17 6.8437e-18 3.35582e-18 1.58436e-18 7.1719e-19 3.09795e-19 1.27002e-19 4.9104e-20 1.77744e-20 5.97e-21 1.83952e-21 5.11764e-22 1.25345e-22 2.58068e-23 4.04952e-24 3.79329e-25 9.28846e-27 4.03404e-38 0.0 0.0 -0.51361 -2.37988 -0.01502 2.43467 6.14165 -4.79714 -0.14008
0 0.1421 1 19.0781 27.0540 20.5942 1.58394e-11 1.1742e-11 8.6485e-12 6.32463e-12 4.58878e-12 3.30049e-12 2.35125e-12 1.65742e-12 1.15485e-12 7.94488e-13 5.38972e-13 3.60049e-13 2.36501e-13 1.52506e-13 9.63682e-14 5.9556e-14 3.59249e-14 2.11068e-14 1.20528e-14 6.67603e-15 3.58074e-15 1.85685e-15 9.31534e-16 4.53311e-16 2.15329e-16 1.0095e-16 4.74291e-17 2.26842e-17 1.1143e-17 5.6016e-18 2.84226e-18 1.43015e-18 7.03302e-19 3.34668e-19 1.53046e-19 6.68878e-20 2.77839e-20 1.09021e-20 4.01263e-21 1.37362e-21 4.32705e-22 1.23622e-22 3.13263e-23 6.76904e-24 1.15077e-24 1.27059e-25 5.07562e-27 1.3484e-30 1.0778e-113 3.02398e-141 3.64086 -4.90431 1.09910 6.10804 5.23382 45.35763 12.12233
0 0.3866 1 5.4837 8.2636 10.1897 7.41981e-12 5.54827e-12 4.13045e-12 3.05967e-12 2.25389e-12 1.65009e-12 1.1998e-12 8.65834e-13 6.19687e-13 4.39529e-13 3.08702e-13 2.14526e-13 1.47387e-13 1.00034e-13 6.70259e-14 4.431e-14 2.88923e-14 1.8582e-14 1.1794e-14 7.3964e-15 4.59305e-15 2.83328e-15 1.74351e-15 1.07562e-15 6.68525e-16 4.20194e-16 2.67519e-16 1.72336e-16 1.11959e-16 7.30124e-17 4.75689e-17 3.08367e-17 1.98286e-17 1.26193e-17 7.93612e-18 4.92536e-18 3.01289e-18 1.81416e-18 1.07372e-18 6.23656e-19 3.54869e-19 1.97427e-19 1.07155e-19 5.65999e-20 2.90154e-20 1.43917e-20 6.88275e-21 3.16139e-21 1.38848e-21 5.80169e-22 8.46411 -8.98547 0.02402 12.34422 8.47805 93.28268 0.16236
0 1.7131 3 4.7359 10.3713 23.6705 3.11185e-12 2.45532e-12 1.93576e-12 1.52478e-12 1.19987e-12 9.43142e-13 7.40431e-13 5.80493e-13 4.54405e-13 3.55101e-13 2.76975e-13 2.15583e-13 1.67408e-13 1.29662e-13 1.00137e-13 7.70888e-14 5.9136e-14 4.51846e-14 3.43736e-14 2.60226e-14 1.95945e-14 1.46657e-14 1.0903e-14 8.04535e-15 5.88747e-15 4.26848e-15 3.06265e-15 2.17195e-15 1.52017e-15 1.04831e-15 7.10852e-16 4.72878e-16 3.07751e-16 1.953e-16 1.20378e-16 7.17222e-17 4.10675e-17 2.24373e-17 1.15659e-17 5.54957e-18 2.45347e-18 9.84357e-19 3.52218e-19 1.1105e-19 3.00842e-20 6.79052e-21 1.24327e-21 1.89243e-22 3.0856e-23 8.39979e-24 -5.61304 6.15374 0.01201 8.32915 15.69199 -20.95908 0.04386
0 0.2405 2 29.1323 33.1781 65.8645 6.82419e-15 3.23913e-15 1.55222e-15 7.65761e-16 3.95024e-16 2.13975e-16 1.2062e-16 6.96099e-17 4.04578e-17 2.33889e-17 1.33398e-17 7.46758e-18 4.0885e-18 2.18292e-18 1.13338e-18 5.70501e-19 2.77471e-19 1.29896e-19 5.82787e-20 2.49348e-20 1.01162e-20 3.86615e-21 1.38108e-21 4.56777e-22 1.38159e-22 3.75456e-23 8.90396e-24 1.74221e-24 2.47935e-25 1.81876e-26 1.61958e-28 3.53795e-87 1.81918e-100 2.22997e-114 3.59262e-134 1.7326e-159 6.19159e-187 2.08121e-225 3.6438e-278 0.0 0.0 0.0 0.0 0.0 0.0 0.0 0.0 0.0 0.0 0.0 -4.14585 4.48554 -0.69670 6.10804 13.64909 -17.70655 -2.92585
0 0.2193 2 7.5192 126.6000 25.9783 1.36315e-10 1.07388e-10 8.44084e-11 6.62813e-11 5.19805e-11 4.06337e-11 3.17114e-11 2.47102e-11 1.91565e-11 1.48054e-11 1.14077e-11 8.76049e-12 6.67209e-12 5.05532e-12 3.80848e-12 2.85075e-12 2.11828e-12 1.55954e-12 1.13659e-12 8.21349e-13 5.88473e-13 4.18062e-13 2.94564e-13 2.05902e-13 1.428e-13 9.82366e-14 6.69908e-14 4.52408e-14 3.02199e-14 1.99383e-14 1.29721e-14 8.30682e-15 5.22415e-15 3.21842e-15 1.93648e-15 1.13393e-15 6.43473e-16 3.52087e-16 1.84627e-16 9.20962e-17 4.33041e-17 1.89787e-17 7.64464e-18 2.78061e-18 8.93163e-19 2.46287e-19 5.62298e-20 1.0148e-20 1.36795e-21 1.30552e-22 1.10362 -7.73479 -0.43243 7.81313 1.41086 55.26397 -17.84860
0 0.5753 1 6.2862 4.8404 9.9583 2.73607e-12 2.01843e-12 1.48162e-12 1.08157e-12 7.84702e-13 5.65496e-13 4.04539e-13 2.87099e-13 2.02016e-13 1.40856e-13 9.72722e-14 6.6505e-14 4.5006e-14 3.01463e-14 1.99928e-14 1.31369e-14 8.56265e-15 5.54596e-15 3.57768e-15 2.30502e-15 1.48752e-15 9.64098e-16 6.28727e-16 4.12832e-16 2.72733e-16 1.80929e-16 1.20197e-16 7.97268e-17 5.26538e-17 3.45431e-17 2.24703e-17 1.44728e-17 9.21903e-18 5.80142e-18 3.60269e-18 2.20521e-18 1.32877e-18 7.87046e-19 4.57529e-19 2.60581e-19 1.45117e-19 7.88495e-20 4.16987e-20 2.14042e-20 1.06316e-20 5.09227e-21 2.34288e-21 1.03085e-21 4.31583e-22 1.70944e-22 10.50540 0.97220 -0.04805 10.55029 14.14526 47.96058 -0.19462
0 0.4005 2 35.4604 47.1940 65.8645 4.96261e-15 2.83055e-15 1.66446e-15 9.96886e-16 6.00765e-16 3.60804e-16 2.14514e-16 1.25706e-16 7.23875e-17 4.08636e-17 2.25639e-17 1.21589e-17 6.37781e-18 3.24725e-18 1.59967e-18 7.59685e-19 3.46364e-19 1.50897e-19 6.2479e-20 2.44337e-20 8.95939e-21 3.05344e-21 9.56537e-22 2.71263e-22 6.80027e-23 1.44327e-23 2.36579e-24 2.37641e-25 6.67028e-27 1.63161e-34 1.67474e-100 1.02254e-115 1.28707e-132 1.1574e-156 1.56107e-185 8.02393e-219 2.52711e-265 0.0 0.0 0.0 0.0 0.0 0.0 0.0 0.0 0.0 0.0 0.0 0.0 0.0 -1.73850 0.93661 -0.04805 1.97475 9.59554 -10.43851 -0.28690
0 0.7309 1 10.5865 16.5828 11.7259 2.19107e-11 1.58543e-11 1.14036e-11 8.14916e-12 5.78286e-12 4.07313e-12 2.8464e-12 1.97292e-12 1.35608e-12 9.24305e-13 6.24864e-13 4.19179e-13 2.79253e-13 1.84956e-13 1.21967e-13 8.02172e-14 5.27139e-14 3.46696e-14 2.28505e-14 1.51022e-14 1.00068e-14 6.64096e-15 4.40683e-15 2.91807e-15 1.92402e-15 1.26065e-15 8.19371e-16 5.27496e-16 3.35929e-16 2.11377e-16 1.31265e-16 8.0353e-17 4.84231e-17 2.86866e-17 1.66799e-17 9.50231e-18 5.29336e-18 2.87704e-18 1.52196e-18 7.81466e-19 3.88257e-19 1.86001e-19 8.55841e-20 3.76542e-20 1.57607e-20 6.23945e-21 2.32053e-21 8.04248e-22 2.57155e-22 7.4846e-23 4.37224 -6.37607 -0.09610 7.73115 4.86177 64.09062 -1.13256
0 0.1635 2 6.5840 16.3948 23.6705 2.01367e-12 1.5852e-12 1.24615e-12 9.78839e-13 7.66789e-13 5.99592e-13 4.68195e-13 3.64295e-13 2.82507e-13 2.1851e-13 1.68547e-13 1.29072e-13 9.83912e-14 7.4631e-14 5.62914e-14 4.21784e-14 3.12607e-14 2.2983e-14 1.67515e-14 1.20979e-14 8.65403e-15 6.13106e-15 4.30262e-15 2.99183e-15 2.06171e-15 1.40777e-15 9.51871e-16 6.36663e-16 4.20672e-16 2.74153e-16 1.75897e-16 1.10872e-16 6.84875e-17 4.13399e-17 2.43008e-17 1.38551e-17 7.62521e-18 4.02744e-18 2.02721e-18 9.64141e-19 4.28723e-19 1.75925e-19 6.55374e-20 2.17126e-20 6.23243e-21 1.4995e-21 2.89922e-22 4.27362e-23 4.54607e-24 3.52647e-25 -3.26531 0.85097 -0.66066 3.37437 9.92670 -19.24894 -3.81608
0 0.3630 1 10.3010 6.5851 13.3273 2.49689e-12 1.8419e-12 1.35084e-12 9.84305e-13 7.12118e-13 5.1116e-13 3.63763e-13 2.56444e-13 1.78948e-13 1.23499e-13 8.42247e-14 5.67168e-14 3.76846e-14 2.46909e-14 1.59465e-14 1.01515e-14 6.37251e-15 3.94898e-15 2.42045e-15 1.47168e-15 8.91117e-16 5.39819e-16 3.28658e-16 2.01827e-16 1.25212e-16 7.84058e-17 4.93979e-17 3.11717e-17 1.96071e-17 1.22404e-17 7.55823e-18 4.60417e-18 2.76123e-18 1.62744e-18 9.41025e-19 5.32835e-19 2.94845e-19 1.59082e-19 8.34774e-20 4.24817e-20 2.08991e-20 9.90333e-21 4.50185e-21 1.95411e-21 8.05688e-22 3.13622e-22 1.14441e-22 3.8814e-23 1.21039e-23 3.41931e-24 0.50423 5.40114 0.36637 5.42463 13.91511 2.07737 1.50870
0 0.1619 2 30.5625 54.6713 65.8645 5.67609e-14 2.7382e-14 1.27961e-14 5.82548e-15 2.6126e-15 1.17548e-15 5.43426e-16 2.63942e-16 1.35941e-16 7.3592e-17 4.10344e-17 2.30814e-17 1.28958e-17 7.08706e-18 3.80816e-18 1.9926e-18 1.0118e-18 4.96876e-19 2.35103e-19 1.06733e-19 4.62691e-20 1.90484e-20 7.40038e-21 2.6931e-21 9.09831e-22 2.82108e-22 7.90157e-23 1.9495e-23 4.0446e-24 6.3846e-25 5.93478e-26 1.31084e-27 3.24236e-80 3.61254e-92 4.24431e-105 1.86168e-123 3.15959e-146 8.72912e-172 1.7091e-207 2.34096e-256 2.27270197087e-322 0.0 0.0 0.0 0.0 0.0 0.0 0.0 0.0 0.0 3.06743 -0.82626 0.56156 3.17676 8.28317 21.78810 3.88738
