sky_model/snrs/ctadc_skymodel_gps_sources_snr_1_summary_all.ecsv
# %ECSV 0.9
# ---
# datatype:
# - {name: distance, unit: kpc, datatype: float64, description: distance}
# - {name: GLAT, datatype: float64, description: Latitude}
# - {name: GLON, datatype: float64, description: Latitude}
# - {name: galactocentric_x, unit: kpc, datatype: float64, description: galactocentric_x}
# - {name: galactocentric_y, unit: kpc, datatype: float64, description: galactocentric_x}
# - {name: galactocentric_z, unit: kpc, datatype: float64, description: galactocentric_x}
# - {name: galactocentric_r, unit: kpc, datatype: float64, description: galactocentric_x}
# - {name: age, unit: kyr, datatype: float64, description: age}
# - {name: n0, unit: 1 / cm3, datatype: float64, description: n0 column density}
# - {name: skip, datatype: float64, description: skip because already known}
# - {name: size_physical, unit: pc, datatype: float64, description: intrinsic physical
#     size}
# - {name: sigma, unit: deg, datatype: float64, description: angular size}
# - {name: flux_1_10, unit: 1 / (cm2 s), datatype: float64, description: Integral flux
#     between 1 and 10 TeV}
# - {name: int_flux_above_1TeV_cu, datatype: float64, description: Integral flux between
#     1 and 10 TeV in crab units}
distance GLAT GLON galactocentric_x galactocentric_y galactocentric_z galactocentric_r age n0 skip size_physical sigma flux_1_10 int_flux_above_1TeV_cu
[from data line 255]
14.96885 0.0735 4.71899 1.23147 6.4181 0.0192 6.53518 28.6006 3.0863 0.0 13.116 0.100406666667 3.6105e-14 0.00193330726155
8.23079 -0.10452 36.43979 4.8889 -1.87849 -0.01502 5.23737 37.7038 3.8088 0.0 14.0485 0.195588333333 1.0248e-13 0.00548747619896
17.85806 0.09434 34.17284 10.0307 6.27479 0.0294 11.83165 23.2149 0.4357 0.0 17.8302 0.114413333333 3.7319e-15 0.000199831307835
13.66232 0.30198 -92.84429 -13.6453 -9.17794 0.07201 16.44472 19.2759 0.1179 0.0 21.465 0.180035 1.4282e-14 0.000764755416408
15.54776 -0.09287 -0.00951 -0.00258 7.04774 -0.0252 7.04774 34.2789 2.5566 0.0 14.6437 0.107928333333 2.0675e-14 0.00110708011723
11.59618 -0.60835 -7.37348 -1.48813 2.99964 -0.12312 3.34849 11.9428 0.3801 0.0 14.0196 0.13854 2.2915e-14 0.00122702495218
8.57668 -1.62518 0.30082 0.04501 0.07311 -0.24324 0.08586 6.1596 0.0014 0.0 31.5635 0.421715 3.2082e-13 0.0171788847985
19.42398 0.02124 -17.13509 -5.7228 10.0618 0.0072 11.57542 7.8874 0.4999 0.0 11.2267 0.0662316666667 1.3379e-14 0.000716402654819
10.66669 -0.70976 -14.01945 -2.58382 1.84817 -0.13213 3.17677 0.0098 0.307 0.0 0.4245 0.00456 1.0262e-14 0.000549497275114
9.43457 -1.2767 -0.96884 -0.15949 0.93088 -0.21021 0.94444 15.0442 0.0192 0.0 27.8027 0.33769 4.2565e-14 0.00227921959805
5.85982 0.68061 47.60707 4.3274 -4.54952 0.06961 6.2789 20.5248 1.6477 0.0 13.0147 0.254508333333 1.7301e-13 0.00926413209584
13.42478 -0.12817 -6.36731 -1.48883 4.84193 -0.03003 5.06566 37.3947 3.3962 0.0 14.3267 0.12229 3.4008e-14 0.00182101961919
12.13753 0.47022 39.24665 7.67867 0.89934 0.09961 7.73116 8.2123 0.6911 0.0 28.5112 0.269176666667 4.4599e-13 0.0238813379193
5.47357 0.32035 -34.83705 -3.1267 -4.00747 0.0306 5.08292 17.5665 3.3778 0.0 10.5948 0.221806666667 4.9802e-13 0.0266673779918
5.49522 0.5636 0.01815 0.00174 -3.00505 0.05405 3.00505 37.1587 1.1723 0.0 17.674 0.368556666667 5.2735e-14 0.00282379056745
11.82926 0.24414 -64.68607 -10.6933 -3.44212 0.0504 11.23365 6.4246 0.4619 0.0 23.6705 0.229298333333 2.8508e-13 0.0152651221194
7.0822 -0.43691 -63.11315 -6.31644 -5.29731 -0.05401 8.24372 3.0212 1.2198 0.0 12.3418 0.199693333333 2.4959e-13 0.0133647461407
5.84569 -0.21761 -44.25978 -4.07975 -4.31345 -0.0222 5.93719 10.2905 3.421 0.0 31.291 0.61339 1.2484e-12 0.066847826764
7.54702 -1.14352 -38.29162 -4.67569 -2.57777 -0.15061 5.33919 19.5205 0.4699 0.0 16.3812 0.248726666667 2.9773e-14 0.00159424891561
6.10649 0.03941 105.89678 5.87296 -10.1726 0.0042 11.74621 14.8349 0.4771 0.0 14.6239 0.274425 6.7825e-14 0.00363181179932
19.50407 -0.2838 -17.23561 -5.77902 10.128 -0.09661 11.66077 8.0228 0.3033 0.0 34.3418 0.201766666667 2.0321e-13 0.0108812454956
15.81693 0.20867 22.33562 6.01089 6.13015 0.05761 8.58543 3.9003 1.0286 0.0 21.5677 0.156255 4.1465e-13 0.0222031811661
11.30866 2.25237 42.5366 7.63944 -0.1737 0.44444 7.64141 6.4164 0.226 0.0 12.0783 0.12239 5.9754e-14 0.00319963556589
7.29959 -1.52621 -66.82226 -6.70805 -5.62801 -0.19442 8.75628 4.2285 0.2853 0.0 16.3151 0.256121666667 2.3514e-13 0.0125909948617
16.32538 -0.28431 41.23675 10.7611 3.77641 -0.08101 11.4045 6.3007 0.3572 0.0 23.6705 0.166148333333 1.3708e-13 0.00734019552452
20.77157 -1.25089 9.179 3.31268 12.0007 -0.45345 12.44952 25.5589 0.0617 0.0 27.3535 0.150901666667 6.857e-16 3.6717041663e-05
7.69569 1.81129 60.2505 6.67808 -4.68324 0.24324 8.15656 10.1771 0.28 0.0 13.9639 0.207928333333 6.7172e-14 0.00359684573806
14.647 0.10798 3.89032 0.99375 6.11322 0.0276 6.19346 10.8483 3.1267 0.0 8.8659 0.0693633333333 9.0808e-14 0.00486247793399
10.74266 -0.6625 -72.91508 -10.2679 -5.34414 -0.12421 11.57539 15.7056 0.2569 0.0 16.9262 0.180551666667 1.8576e-14 0.000994685381263
12.17505 0.76247 15.35747 3.22416 3.23927 0.16202 4.57035 31.1872 0.4072 0.0 20.3473 0.191508333333 4.0473e-15 0.00021671996897
19.3448 0.18128 -9.77944 -3.28581 10.5636 0.06121 11.06283 4.9975 0.4491 0.0 25.9783 0.153886666667 2.7565e-13 0.014760175783
11.62862 -0.39914 21.30519 4.22499 2.33364 -0.08101 4.82664 6.1708 1.3963 0.0 28.5112 0.280956666667 7.8802e-13 0.0421959503738
13.58899 0.36433 -47.47286 -10.0143 0.68515 0.08641 10.03771 8.3387 0.4684 0.0 28.5112 0.240426666667 2.9756e-13 0.0159333861999
8.54214 1.45041 10.98439 1.62711 -0.11705 0.21622 1.63131 19.7991 0.0524 0.0 25.4868 0.341901666667 3.4464e-14 0.00184543696059
6.36361 2.46121 25.26461 2.71348 -2.7504 0.27327 3.86363 9.1296 0.3004 0.0 13.1779 0.237298333333 1.0957e-13 0.00586712302029
7.10814 -0.13543 67.57171 6.57045 -5.78806 -0.0168 8.75628 22.27 1.4064 0.0 13.8797 0.223756666667 8.9509e-14 0.00479292063908
9.07068 1.38485 3.41942 0.54086 0.55189 0.21922 0.77273 6.0899 0.0137 0.0 19.6516 0.248263333333 1.9458e-17 1.04191366002e-06
4.08849 -2.11119 -11.53225 -0.81681 -4.49677 -0.15061 4.57035 13.8092 0.4315 0.0 14.4948 0.406258333333 1.5788e-13 0.00845396899191
11.50227 -0.52356 -0.81049 -0.1627 3.00064 -0.10511 3.00505 8.9087 0.4204 0.0 12.2061 0.121603333333 3.289e-14 0.00176115429531
2.89748 -7.14439 27.49396 1.32725 -5.94972 -0.36036 6.09596 6.6157 0.3477 0.0 23.6705 0.936136666667 3.6081e-12 0.193202213832
15.45652 -0.02224 -17.89056 -4.74824 6.20912 -0.006 7.81658 1.0389 2.1376 0.0 4.4354 0.0328833333333 8.1667e-15 0.000437300662315
9.73841 -2.89881 -18.54872 -3.09393 0.72072 -0.49249 3.17677 9.9663 0.1753 0.0 34.3418 0.4041 3.4315e-13 0.0183745848719
6.41063 -1.53004 20.40706 2.23451 -2.49385 -0.17117 3.34848 12.9453 0.2625 0.0 15.5888 0.278653333333 7.0864e-14 0.00379454052852
19.52232 0.15146 -22.21197 -7.38008 9.57354 0.05161 12.08794 3.3836 0.3669 0.0 13.5451 0.0795066666667 2.7313e-14 0.00146252378437
4.99394 -0.17227 -2.7698 -0.24132 -3.51192 -0.01502 3.5202 4.2575 2.5643 0.0 21.5677 0.494895 4.337e-12 0.232232477311
10.6832 0.06758 -46.38392 -7.7344 -1.13049 0.0126 7.81658 8.3576 2.0985 0.0 28.5112 0.30582 6.7297e-13 0.0360353908822
12.61807 0.48229 75.14484 12.1959 -5.26514 0.10621 13.28389 3.4719 0.2059 0.0 17.9059 0.162613333333 2.3905e-13 0.0128003628548
19.18464 -0.87817 -7.33523 -2.4491 10.5254 -0.29403 10.80658 2.2807 0.1457 0.0 8.5533 0.05109 5.9071e-14 0.00316306310059
3.7268 0.95948 -33.40046 -2.05127 -5.38914 0.06241 5.76633 4.9615 2.0356 0.0 19.6516 0.604248333333 3.9611e-12 0.212104234696
13.71532 -1.56833 -2.82923 -0.67673 5.19347 -0.37538 5.23737 22.4032 0.3604 0.0 18.254 0.152511666667 5.975e-15 0.000319942137869
8.76556 -3.59447 -2.32692 -0.35519 0.2411 -0.54955 0.42929 11.1414 0.002 0.0 25.9783 0.339613333333 3.3027e-13 0.0176849020709
3.57668 0.70173 13.1503 0.81366 -5.01737 0.0438 5.08292 12.1571 2.8679 0.0 9.4425 0.302525 1.2997e-12 0.0695947776716
5.38252 0.59405 -75.4137 -5.20876 -7.14455 0.05581 8.84171 3.2037 0.9604 0.0 6.8363 0.145541666667 4.0708e-13 0.0217978318801
7.33402 5.80465 -24.24805 -2.99655 -1.8473 0.74174 3.5202 0.464 0.1607 0.0 2.7856 0.0435233333333 5.5784e-13 0.0298705476466
7.01698 -0.61302 20.95797 2.50971 -1.94762 -0.07508 3.17677 27.2844 0.8878 0.0 16.5062 0.269556666667 3.9906e-14 0.00213683865335
3.32135 -1.50114 131.26919 2.49553 -10.69 -0.08701 10.97742 4.9931 0.3752 0.0 25.9783 0.8963 8.9518e-12 0.479340256029
19.00307 0.34556 29.56893 9.37728 8.02786 0.11461 12.34423 35.4048 0.2363 0.0 23.8655 0.143913333333 8.5334e-16 4.56936274358e-05
17.42179 0.27826 -52.98963 -13.9116 1.98709 0.08461 14.0528 30.6069 0.1972 0.0 23.337 0.1535 1.7194e-15 9.20683701843e-05
12.604 -0.68742 13.17984 2.87361 3.77112 -0.15121 4.7412 8.9524 0.4422 0.0 31.291 0.284488333333 3.7684e-13 0.0201785766083
12.00085 0.36957 -32.8987 -6.51819 1.57609 0.07741 6.70603 8.98 1.3006 0.0 9.7844 0.0934283333333 6.3393e-14 0.00339449237588
4.66727 3.35664 -30.42816 -2.35972 -4.48248 0.27327 5.06566 6.9087 0.3836 0.0 31.291 0.768261666667 4.7898e-12 0.256478468948
12.9156 0.13842 -53.84101 -10.4278 -0.87946 0.0312 10.46482 21.0129 0.6623 0.0 15.7578 0.139808333333 1.2536e-14 0.000671262701309
13.20741 -0.32019 51.19115 10.2916 -0.22272 -0.07381 10.29401 0.62 0.4962 0.0 2.5381 0.0220216666667 3.3785e-14 0.00180907868249
15.61426 -0.48442 22.49735 5.97444 5.92546 -0.13201 8.41457 26.3087 0.4132 0.0 18.9481 0.139058333333 3.655e-15 0.000195713558813
7.69606 0.2189 -61.66124 -6.77369 -4.84683 0.0294 8.32914 36.8515 1.5474 0.0 16.6649 0.248135 3.9536e-14 0.00211702633687
14.7042 -0.70147 4.98662 1.27804 6.14745 -0.18002 6.2789 8.8664 0.4132 0.0 31.291 0.243855 2.7149e-13 0.0145374210895
17.34638 0.51137 -54.60142 -14.1392 1.54768 0.15482 14.22365 8.3254 0.1278 0.0 15.0325 0.0993066666667 2.9595e-14 0.00158471758497
9.47317 0.12703 -87.33273 -9.46288 -8.05916 0.021 12.42965 37.7368 0.3814 0.0 22.253 0.269181666667 3.7514e-15 0.00020087547046
14.04066 -0.33547 -43.88519 -9.73304 1.61936 -0.08221 9.86683 20.1324 0.5105 0.0 16.3146 0.13315 8.7693e-15 0.000469567964788
19.48039 0.10589 -10.57807 -3.57611 10.6493 0.036 11.23371 9.6962 0.5026 0.0 12.1917 0.0717166666667 1.0993e-14 0.000588639986877
15.03107 0.02287 25.71366 6.52159 5.0426 0.006 8.24372 2.6814 1.8026 0.0 11.2454 0.0857316666667 5.8223e-14 0.00311765541307
5.74483 -0.72416 105.91117 5.52429 -10.0748 -0.07261 11.48997 23.5837 0.372 0.0 18.5183 0.369383333333 3.1294e-14 0.00167569360041
11.57093 -0.56753 17.57772 3.49424 2.53012 -0.11461 4.31407 6.1902 0.6293 0.0 28.5112 0.282358333333 8.3061e-13 0.0444765086418
5.08134 4.40627 23.89757 2.05238 -3.86801 0.39039 4.37879 21.6607 0.3236 0.0 18.3994 0.414933333333 4.4693e-14 0.00239316719126
11.11311 -0.49545 -15.42416 -2.95556 2.21245 -0.0961 3.69192 10.6965 0.745 0.0 34.3418 0.354111666667 4.2077e-13 0.0225308875901
19.04943 0.10288 -29.9363 -9.50635 8.00784 0.0342 12.42965 35.0647 0.365 0.0 21.7975 0.131123333333 1.0944e-15 5.86016193612e-05
8.51285 -4.22809 -0.5749 -0.08518 -0.01075 -0.62763 0.08586 12.9394 0.0004 0.0 31.291 0.421208333333 9.8747e-14 0.00528758598964
13.24081 -0.43104 -0.46338 -0.10708 4.74 -0.09961 4.74121 11.5981 0.9179 0.0 11.6261 0.100616666667 3.1307e-14 0.00167638970883
1.0066 -7.02574 -118.19676 -0.88049 -8.97205 -0.12312 9.01515 6.4604 0.4039 0.0 23.6705 2.69465 3.5894e-11 1.92200888647
14.95226 0.25523 -36.83074 -8.96309 3.46782 0.06661 9.61055 0.7525 0.6514 0.0 3.9696 0.0304216666667 8.3857e-14 0.00449027411803
17.27778 -0.23282 -55.00399 -14.1537 1.40906 -0.07021 14.22367 3.1206 0.2045 0.0 9.1489 0.0606783333333 4.9404e-14 0.00264542617226
7.53992 -0.64751 -11.93748 -1.55949 -1.12361 -0.08521 1.92211 35.8807 0.2039 0.0 24.7106 0.375551666667 3.659e-15 0.000195927746019
4.45854 -0.10025 -34.18204 -2.50491 -4.81165 -0.0078 5.42462 0.29 3.8857 0.0 2.3126 0.0594383333333 2.8897e-13 0.0154734191765
10.66472 -0.87124 27.83871 4.97968 0.92936 -0.16216 5.06566 16.5862 0.4349 0.0 15.581 0.167416666667 1.8114e-14 0.000969946759055
3.5351 -0.12643 128.77716 2.75591 -10.714 -0.0078 11.06277 4.5051 0.5875 0.0 23.6705 0.767283333333 8.0587e-12 0.431517607773
14.26141 -0.25554 -39.70321 -9.11025 2.4721 -0.06361 9.4397 31.3065 0.7118 0.0 18.2288 0.14647 5.6989e-15 0.000305157866025
11.53855 2.80452 21.11185 4.15109 2.25118 0.56456 4.72222 1.9779 0.2907 0.0 7.0534 0.0700483333333 1.1844e-13 0.00634208314797
11.00623 -1.46965 -5.37072 -1.02984 2.45431 -0.28228 2.66162 13.3735 0.146 0.0 17.7476 0.18478 3.4507e-14 0.00184773947304
13.73042 -0.08013 71.22754 13.0 -4.08141 -0.0192 13.62563 16.6053 0.285 0.0 16.9567 0.141516666667 1.0024e-14 0.000536753136401
9.30449 0.32517 5.32669 0.86376 0.76416 0.05281 1.15327 39.4032 0.0807 0.0 30.8639 0.380111666667 1.9431e-16 1.04046789639e-05
15.10813 -0.76009 27.29771 6.92819 4.92444 -0.20042 8.5 11.0958 0.2921 0.0 14.3397 0.108763333333 1.532e-14 0.000820336996175
4.62832 1.11433 62.35135 4.09904 -6.35264 0.09001 7.5603 4.1807 0.8427 0.0 16.3151 0.403943333333 9.7763e-13 0.0523489593715
12.95961 0.73488 19.3107 4.28527 3.72949 0.16622 5.6809 5.434 0.4395 0.0 9.8979 0.08752 4.0692e-14 0.00217892643919
15.03299 0.53289 -35.08619 -8.64071 3.80079 0.13981 9.4397 5.0 0.3319 0.0 25.9783 0.198025 4.2265e-13 0.0226315555766
8.06971 -1.15893 -26.36335 -3.58272 -1.27105 -0.16322 3.80151 1.9127 0.3288 0.0 7.751 0.110066666667 1.2402e-13 0.00664087429932
11.08136 0.03723 21.78286 4.11218 1.79011 0.0072 4.48492 2.3328 3.6955 0.0 4.6048 0.0476183333333 3.3663e-13 0.0180254597273
17.20738 0.03596 58.30363 14.6408 0.54106 0.0108 14.65079 8.806 0.2266 0.0 13.732 0.0914483333333 1.8103e-14 0.00096935774424
11.98519 0.1292 -2.81282 -0.58815 3.47072 0.02703 3.5202 24.5187 2.3552 0.0 13.0148 0.124435 5.027e-14 0.0026917977022
8.45683 3.11441 2.87905 0.42414 -0.06632 0.45946 0.42929 0.9022 0.0027 0.0 11.0698 0.149998333333 4.9555e-13 0.0265351173926
18.10549 -0.12343 33.72395 10.052 6.5587 -0.039 12.00247 33.2295 0.3993 0.0 20.9532 0.132615 1.5317e-15 8.20176355771e-05
9.73577 0.72749 -48.40671 -7.28056 -2.03754 0.12361 7.5603 2.2782 0.5135 0.0 6.7092 0.0789683333333 1.261e-13 0.00675225164606
15.28187 0.76495 -1.93784 -0.51672 6.77177 0.20402 6.79146 3.6891 0.3751 0.0 8.7125 0.06533 4.0696e-14 0.00217914062639
8.20944 0.19683 -59.09252 -7.04364 -4.28322 0.0282 8.24372 10.2893 1.6166 0.0 31.291 0.436776666667 1.0593e-12 0.056722126635
12.64127 -0.65819 13.74434 3.00324 3.77848 -0.14522 4.82663 37.713 0.4666 0.0 21.3696 0.193713333333 2.7017e-15 0.000144667393118
2.79438 1.26738 -19.36999 -0.92658 -5.86444 0.06181 5.93719 11.9833 2.0165 0.0 10.0708 0.412985 1.5043e-12 0.080550453221
5.90856 -0.77393 38.45836 3.67447 -3.87366 -0.07981 5.33919 9.5884 1.4652 0.0 34.3418 0.666031666667 9.0529e-13 0.0484753837642
14.64569 0.06573 -40.47579 -9.5069 2.64068 0.0168 9.86683 9.4487 0.8889 0.0 10.7726 0.0842866666667 2.9014e-14 0.00155360689341
5.05093 5.28756 5.16392 0.45268 -3.49098 0.46547 3.52021 14.085 0.2217 0.0 16.6794 0.378408333333 1.0876e-13 0.00582375011123
6.40892 2.25572 25.41307 2.7482 -2.71571 0.25225 3.86364 30.614 0.3034 0.0 21.4166 0.38293 1.2298e-14 0.000658518562595
7.40812 1.10926 63.43799 6.62496 -5.18796 0.14341 8.41457 21.3272 0.3792 0.0 17.7161 0.27404 2.3094e-14 0.00123660982961
22.76292 0.16463 8.00719 3.1708 14.0409 0.06541 14.39447 6.1968 0.2012 0.0 23.6705 0.11916 5.3359e-14 0.00285720377147
15.82861 -0.33016 42.46379 10.6861 3.17664 -0.09121 11.14826 3.6237 0.3501 0.0 14.8658 0.107621666667 5.7123e-14 0.00305875393163
13.19497 2.07377 -3.14523 -0.7235 4.66647 0.47748 4.72222 6.7489 0.3176 0.0 25.9783 0.225608333333 2.6111e-13 0.0139816052919
14.34864 0.4313 48.01124 10.6647 1.09875 0.10801 10.72115 1.9 0.3355 0.0 7.751 0.0619016666667 3.73e-14 0.00199729568912
11.50383 0.43934 4.85444 0.97348 2.96223 0.08821 3.11809 26.8699 0.6442 0.0 17.4893 0.174213333333 1.0328e-14 0.000553031364001
13.06653 0.47405 -20.63288 -4.60421 3.72799 0.10811 5.92424 16.5077 0.7935 0.0 13.7954 0.120983333333 2.0005e-14 0.00107120376034
12.4279 -1.39844 5.24609 1.13599 3.87216 -0.3033 4.03536 24.49 0.3136 0.0 19.4523 0.17936 5.7147e-15 0.000306003905486
13.81641 0.58531 -8.99567 -2.16022 5.14576 0.14114 5.58081 1.4762 0.5082 0.0 5.595 0.046405 7.8048e-14 0.00417922074918
7.7256 -0.37827 -34.83018 -4.41235 -2.15859 -0.05101 4.91206 2.7574 2.5453 0.0 11.2454 0.1668 2.2543e-13 0.0120710554209
19.36644 0.07989 -18.97759 -6.29793 9.81378 0.027 11.6608 7.4718 0.4615 0.0 28.5112 0.168701666667 1.676e-13 0.00897444390071
2.84254 -0.87088 135.75637 1.98304 -10.5361 -0.0432 10.72109 12.1997 0.5641 0.0 13.0726 0.526995 4.354e-13 0.0233142772934
9.44379 -0.74701 -63.91215 -8.48094 -4.34746 -0.12312 9.53031 17.6314 0.3695 0.0 16.4958 0.200161666667 1.956e-14 0.00104737543376
5.01054 0.4666 66.79995 4.60521 -6.5262 0.0408 7.98744 4.4788 1.5807 0.0 23.6705 0.541346666667 4.3976e-12 0.235477413471
11.14379 1.12719 13.73158 2.64473 2.32319 0.21922 3.5202 6.9493 0.2676 0.0 31.291 0.321765 7.9053e-13 0.0423303528451
10.40411 -0.67745 20.15364 3.58437 1.26641 -0.12301 3.80151 10.4421 0.4673 0.0 34.3418 0.378243333333 4.6419e-13 0.0248558897033
5.98256 0.48849 -0.89214 -0.09315 -2.51838 0.05101 2.5201 15.9791 0.783 0.0 13.652 0.261493333333 9.758e-14 0.0052250968725
