sky_model/snrs/ctadc_skymodel_gps_sources_snr_1_summary_all.ecsv
# %ECSV 0.9
# ---
# datatype:
# - {name: distance, unit: kpc, datatype: float64, description: distance}
# - {name: GLAT, datatype: float64, description: Latitude}
# - {name: GLON, datatype: float64, description: Latitude}
# - {name: galactocentric_x, unit: kpc, datatype: float64, description: galactocentric_x}
# - {name: galactocentric_y, unit: kpc, datatype: float64, description: galactocentric_x}
# - {name: galactocentric_z, unit: kpc, datatype: float64, description: galactocentric_x}
# - {name: galactocentric_r, unit: kpc, datatype: float64, description: galactocentric_x}
# - {name: age, unit: kyr, datatype: float64, description: age}
# - {name: n0, unit: 1 / cm3, datatype: float64, description: n0 column density}
# - {name: int_flux_above_1TeV_cu, datatype: float64, description: Integral flux between
#     1 and 10 TeV in crab units}
# - {name: skip, datatype: float64, description: skip because already known}
# - {name: size_physical, unit: pc, datatype: float64, description: intrinsic physical
#     size}
# - {name: sigma, unit: deg, datatype: float64, description: angular size}
# - {name: flux_1_10, unit: 1 / (cm2 s), datatype: float64, description: Integral flux
#     between 1 and 10 TeV}
distance GLAT GLON galactocentric_x galactocentric_y galactocentric_z galactocentric_r age n0 int_flux_above_1TeV_cu skip size_physical sigma flux_1_10
14.81595 0.10452 6.41064 1.65425 6.22328 0.02703 6.43939 8.7584 2.9791 0.0 0.0 8.2134 0.063525 0.0
12.5219 -0.87865 53.52435 10.0678 -1.05684 -0.19202 10.12312 2.1385 0.23 0.0 0.0 8.5067 0.0778483333333 0.0
5.74748 -1.76653 -37.16857 -3.47076 -3.92223 -0.17718 5.23737 17.4565 0.4208 0.0 0.0 49.8241 0.993378333333 0.0
5.58895 2.4183 68.97601 5.21225 -6.4967 0.23582 8.32915 19.7591 0.2753 0.0 0.0 18.3126 0.375468333333 0.0
4.51629 0.0381 96.17925 4.49005 -8.98613 0.003 10.04545 15.3657 0.8564 0.0 0.0 13.2011 0.334951666667 0.0
6.08281 -1.14181 -69.90214 -5.71128 -6.41021 -0.12121 8.58542 0.6347 0.4433 0.0 0.0 2.5381 0.047815 0.0
14.24147 -0.40075 9.48722 2.34733 5.54634 -0.09961 6.02261 6.1488 0.9264 0.0 0.0 23.6705 0.19046 0.0
4.37507 -1.55615 -89.49981 -4.37329 -8.46182 -0.11881 9.52513 3.6396 0.3833 0.0 0.0 8.6274 0.225968333333 0.0
6.71187 1.41007 -14.986 -1.73505 -2.01837 0.16517 2.66162 6.0134 0.1728 0.0 0.0 21.5677 0.368225 0.0
9.07744 0.11363 60.29293 7.88438 -4.00154 0.018 8.84171 10.0851 1.3494 0.0 0.0 31.291 0.39501 0.0
4.20665 -1.19334 -90.63295 -4.20548 -8.54646 -0.08761 9.52513 1.135 0.5251 0.0 0.0 7.0624 0.192385 0.0
8.91591 -2.12327 2.89488 0.44998 0.39842 -0.33033 0.60101 5.4044 0.0066 0.0 0.0 17.9059 0.230135 0.0
6.96281 0.03456 171.39315 1.04201 -15.3844 0.0042 15.41965 4.1374 0.1895 0.0 0.0 14.8658 0.244656666667 0.0
4.82938 -3.02976 -2.93074 -0.24657 -3.68368 -0.25526 3.69192 17.8409 0.2832 0.0 0.0 17.4756 0.41466 0.0
18.55174 0.3132 5.488 1.77421 9.96643 0.10141 10.12312 3.782 0.3985 0.0 0.0 8.6982 0.0537283333333 0.0
3.95426 -2.13939 -93.83965 -3.94263 -8.76461 -0.14761 9.61055 15.5529 0.3079 0.0 0.0 49.8241 1.44386666667 0.0
15.53526 0.31205 -8.07167 -2.1813 6.88113 0.08461 7.21859 16.8984 1.0083 0.0 0.0 13.2762 0.0979283333333 0.0
8.49879 4.74278 0.54245 0.08019 -0.03069 0.7027 0.08586 9.7622 0.0003 0.0 0.0 25.9783 0.350273333333 0.0
13.27447 0.11655 -50.84334 -10.2933 -0.11795 0.027 10.29398 9.0803 0.7204 0.0 0.0 11.0532 0.0954166666667 0.0
11.16248 -0.24663 10.20779 1.97818 2.48569 -0.04805 3.17677 19.0358 1.4676 0.0 0.0 45.3979 0.466045 0.0
13.51876 -0.42472 49.5721 10.2905 0.26654 -0.10021 10.29395 0.1702 0.3889 0.0 0.0 0.7573 0.00641833333333 0.0
14.54435 0.55602 21.20137 5.25967 5.05928 0.14114 7.29798 12.4068 0.4506 0.0 0.0 13.7634 0.108438333333 0.0
8.91228 -1.52534 -29.01319 -4.32102 -0.70891 -0.23724 4.37879 2.2111 0.3548 0.0 0.0 7.1168 0.0915066666667 0.0
11.82377 -2.25614 29.57827 5.83183 1.77495 -0.46547 6.09596 19.1122 0.3121 0.0 0.0 49.8241 0.482876666667 0.0
18.77677 -0.26001 2.71489 0.88937 10.2555 -0.08521 10.29399 4.547 0.4455 0.0 0.0 17.9059 0.109276666667 0.0
9.72261 -0.74329 -5.03466 -0.85317 1.18428 -0.12613 1.45959 3.3003 0.0636 0.0 0.0 11.2454 0.13254 0.0
19.26056 -0.59264 -23.99414 -7.83176 9.09526 -0.19922 12.00251 3.2141 0.1614 0.0 0.0 12.3418 0.0734283333333 0.0
4.77242 -1.30405 37.14521 2.88102 -4.69685 -0.10861 5.51005 1.9055 0.7988 0.0 0.0 7.751 0.186111666667 0.0
4.87466 -0.28237 -6.21283 -0.52754 -3.65403 -0.02402 3.69191 13.1622 2.6344 0.0 0.0 34.3418 0.807295 0.0
7.45577 -0.17984 -27.8582 -3.48395 -1.90834 -0.0234 3.97236 13.0891 2.9687 0.0 0.0 34.3418 0.527818333333 0.0
16.00995 -0.52399 -12.10603 -3.35749 7.15325 -0.14641 7.90201 16.8631 0.4003 0.0 0.0 45.3979 0.324936666667 0.0
13.99974 -0.0442 -9.11222 -2.21712 5.32306 -0.0108 5.76633 9.3147 3.73 0.0 0.0 31.291 0.256125 0.0
9.25699 -0.37884 -4.04707 -0.65331 0.73371 -0.06121 0.98241 7.473 0.0519 0.0 0.0 28.5112 0.352938333333 0.0
8.27007 2.45575 2.44503 0.35248 -0.24504 0.35435 0.42929 2.4693 0.004 0.0 0.0 8.5067 0.117871666667 0.0
13.42046 -1.02571 17.78935 4.09954 4.27673 -0.24024 5.92424 9.3043 0.3903 0.0 0.0 31.291 0.26718 0.0
14.67057 0.38434 -34.21201 -8.24844 3.63174 0.09841 9.01256 6.2166 0.5237 0.0 0.0 10.0993 0.0788866666667 0.0
2.02515 1.3413 -149.37453 -1.03138 -10.2422 0.0474 10.294 13.8349 0.6282 0.0 0.0 13.4609 0.761683333333 0.0
9.88902 0.97439 -35.45359 -5.73523 -0.44571 0.16817 5.75252 3.093 0.4364 0.0 0.0 12.3418 0.143013333333 0.0
7.06173 0.04869 -121.95748 -5.99146 -12.2377 0.006 13.62567 19.6327 0.292 0.0 0.0 18.0521 0.292935 0.0
14.74607 -0.05829 -36.85394 -8.84435 3.29931 -0.015 9.4397 6.0487 1.0645 0.0 0.0 23.6705 0.183943333333 0.0
10.70032 -0.392 -6.26781 -1.16819 2.13611 -0.07321 2.43467 1.4024 0.4818 0.0 0.0 5.5286 0.0592066666667 0.0
15.49339 -0.0111 -23.52845 -6.18503 5.7053 -0.003 8.41457 19.1913 1.6866 0.0 0.0 45.3979 0.33577 0.0
8.0111 0.30042 -62.5795 -7.11096 -4.8108 0.042 8.58543 0.1926 1.2411 0.0 0.0 1.4524 0.020775 0.0
13.74156 0.32276 -48.97255 -10.3664 0.5201 0.07741 10.37944 3.9946 0.4692 0.0 0.0 16.3151 0.136053333333 0.0
13.45977 0.08685 -21.48895 -4.9306 4.02414 0.0204 6.36432 19.4114 3.1905 0.0 0.0 11.1541 0.0949616666667 0.0
8.41144 -0.02046 -81.82638 -8.32599 -7.30412 -0.003 11.07575 14.6958 0.589 0.0 0.0 45.3979 0.618468333333 0.0
7.16526 -3.19538 4.15092 0.51784 -1.36465 -0.3994 1.4596 18.7241 0.0269 0.0 0.0 49.8241 0.79682 0.0
12.54889 -0.2411 36.01062 7.37787 1.65081 -0.05281 7.5603 2.4057 1.5727 0.0 0.0 16.3151 0.148983333333 0.0
9.12548 -0.30141 21.70156 3.3743 -0.02143 -0.048 3.37437 3.5941 1.6694 0.0 0.0 6.4258 0.0806916666667 0.0
9.78084 1.63623 1.05689 0.18034 1.27519 0.27928 1.28788 9.5208 0.0273 0.0 0.0 28.5112 0.334035 0.0
2.68857 1.86735 -106.39243 -2.57791 -9.25835 0.08761 9.61055 17.1549 0.514 0.0 0.0 15.2768 0.651125 0.0
7.71344 4.75674 3.40584 0.45666 -0.8267 0.63964 0.94444 16.3271 0.0052 0.0 0.0 37.1947 0.552566666667 0.0
19.51942 0.06165 -21.2838 -7.08531 9.68807 0.021 12.00251 17.6107 0.4277 0.0 0.0 45.3979 0.266515 0.0
11.54502 -0.09232 -37.42369 -7.01595 0.66862 -0.0186 7.04774 5.9515 2.6759 0.0 0.0 21.5677 0.214073333333 0.0
13.62369 -0.14132 49.01859 10.2848 0.43458 -0.0336 10.29398 0.3843 0.6935 0.0 0.0 1.594 0.0134083333333 0.0
2.37199 -0.78273 -116.19838 -2.12812 -9.54709 -0.0324 9.7814 14.3069 0.8451 0.0 0.0 41.3648 1.99835 0.0
18.77848 -0.15379 2.56496 0.84037 10.2596 -0.0504 10.29396 5.7657 0.613 0.0 0.0 21.5677 0.131611666667 0.0
16.4864 0.05218 22.11324 6.20611 6.77368 0.01502 9.18687 13.7782 1.1827 0.0 0.0 11.8474 0.0823466666667 0.0
6.15807 0.95002 58.7093 5.26161 -5.30206 0.1021 7.4697 1.9479 0.7022 0.0 0.0 7.751 0.144233333333 0.0
11.54916 -2.44401 13.83919 2.76002 2.7037 -0.49249 3.86364 2.954 0.2522 0.0 0.0 8.5848 0.08518 0.0
14.43265 -0.09767 27.94212 6.76283 4.25009 -0.0246 7.98744 2.0193 1.838 0.0 0.0 8.5067 0.0675416666667 0.0
9.95152 0.22802 59.07319 8.53659 -3.38553 0.0396 9.18342 13.9812 1.0063 0.0 0.0 37.6901 0.434001666667 0.0
15.08781 0.56741 3.36783 0.8863 6.56101 0.14941 6.6206 11.0667 0.4568 0.0 0.0 41.3648 0.314165 0.0
7.35054 4.24067 -24.28129 -3.01439 -1.81805 0.54354 3.52021 13.3171 0.2039 0.0 0.0 41.3648 0.64486 0.0
5.1203 2.02152 45.35763 3.64086 -4.90431 0.18062 6.10804 19.0781 0.4169 0.0 0.0 16.6225 0.372008333333 0.0
8.47805 0.13788 93.28268 8.46411 -8.98547 0.0204 12.34422 5.4837 0.3907 0.0 0.0 10.1684 0.137438333333 0.0
15.69198 0.02848 -20.95908 -5.61304 6.15374 0.0078 8.32915 4.7359 1.734 0.0 0.0 23.6705 0.172855 0.0
1.38815 -14.66143 55.26397 1.10362 -7.73479 -0.35135 7.81313 7.5192 0.2501 0.0 0.0 25.9783 2.1445 0.0
14.14523 -0.16285 47.96058 10.5054 0.9722 -0.0402 10.55029 6.2862 0.6083 0.0 0.0 9.8488 0.0797866666667 0.0
4.8612 -0.71434 64.09062 4.37224 -6.37607 -0.06061 7.73115 10.5865 1.3214 0.0 0.0 10.4225 0.245685 0.0
9.90567 -0.80526 -19.24894 -3.26531 0.85097 -0.13921 3.37437 6.584 0.3175 0.0 0.0 23.6705 0.273826666667 0.0
13.91058 0.37321 2.07737 0.50423 5.40114 0.09061 5.42463 10.301 1.1575 0.0 0.0 10.5837 0.087185 0.0
7.98529 -0.29278 -59.91214 -6.90924 -4.49681 -0.0408 8.24372 11.2618 1.4347 0.0 0.0 37.6901 0.540866666667 0.0
6.11396 -0.90058 36.10893 3.60265 -3.56115 -0.0961 5.06566 5.3317 1.0205 0.0 0.0 8.3151 0.155846666667 0.0
8.69761 -3.28567 -11.98421 -1.80302 -0.00595 -0.4985 1.80303 18.3565 0.0386 0.0 0.0 54.6819 0.720438333333 0.0
3.08008 -8.91802 -53.56048 -2.44792 -6.69263 -0.47748 7.12626 2.4105 0.2484 0.0 0.0 13.5451 0.503935 0.0
11.58952 -0.29692 -69.74651 -10.8728 -4.48806 -0.06006 11.76267 1.2735 0.3786 0.0 0.0 5.5486 0.0548616666667 0.0
19.04962 0.074 -30.6816 -9.72038 7.88297 0.0246 12.51507 8.9016 0.3692 0.0 0.0 12.5207 0.0753183333333 0.0
11.79139 2.24773 9.68828 1.98282 3.11428 0.46246 3.69193 0.8985 0.2418 0.0 0.0 3.6824 0.0357866666667 0.0
7.82864 0.12736 42.3945 5.2783 -2.71841 0.0174 5.93719 15.0773 3.5304 0.0 0.0 9.8772 0.144576666667 0.0
13.52712 0.66846 33.65287 7.49568 2.75935 0.15782 7.98744 18.6884 0.3703 0.0 0.0 49.8241 0.422073333333 0.0
13.99092 0.22608 5.662 1.38033 5.42255 0.05521 5.59548 11.1606 2.3554 0.0 0.0 31.291 0.256286666667 0.0
10.02438 0.70311 11.80845 2.05124 1.3115 0.12301 2.43467 10.9947 0.1989 0.0 0.0 37.6901 0.430846666667 0.0
5.23775 1.25383 69.13101 4.89297 -6.63459 0.11461 8.24372 5.5201 0.5065 0.0 0.0 21.5677 0.471858333333 0.0
7.129 0.15915 -68.25627 -6.62175 -5.85903 0.0198 8.84171 13.3746 1.3371 0.0 0.0 37.6901 0.605831666667 0.0
6.17044 -1.11545 -60.32755 -5.36029 -5.44596 -0.12012 7.64141 5.816 0.5279 0.0 0.0 21.5677 0.400535 0.0
1.63238 0.82144 -24.52912 -0.67762 -7.01509 0.0234 7.04774 16.7266 2.5921 0.0 0.0 10.9522 0.768828333333 0.0
18.70848 -0.5017 0.58158 0.18989 10.2068 -0.16382 10.20857 19.0138 0.2571 0.0 0.0 18.2781 0.111955 0.0
7.08351 -0.04854 -68.44055 -6.58792 -5.89705 -0.006 8.84171 2.3739 1.4037 0.0 0.0 10.2464 0.165758333333 0.0
13.78824 0.45382 30.19846 6.93522 3.41664 0.10921 7.73115 7.6103 0.5989 0.0 0.0 28.5112 0.236951666667 0.0
23.28359 -0.28203 4.33834 1.76129 14.7166 -0.11461 14.82162 11.3333 0.1398 0.0 0.0 41.3648 0.20358 0.0
9.23503 -0.37601 -87.35162 -9.22497 -8.07329 -0.06061 12.2588 18.41 0.3351 0.0 0.0 49.8241 0.618236666667 0.0
12.94694 0.53377 36.87478 7.76871 1.85644 0.12061 7.98744 17.8048 0.4951 0.0 0.0 15.6228 0.138275 0.0
6.71262 -1.93642 -131.41818 -5.03093 -12.9382 -0.22682 13.8819 6.6166 0.0995 0.0 0.0 14.3749 0.245395 0.0
15.5794 -0.7702 -27.34653 -7.15608 5.33707 -0.20942 8.92714 1.2016 0.2645 0.0 0.0 7.0624 0.0519466666667 0.0
19.37586 0.01242 -6.65258 -2.24467 10.7454 0.0042 10.97735 15.2171 0.6078 0.0 0.0 45.3979 0.268488333333 0.0
7.43114 1.16598 3.09541 0.40119 -1.08124 0.15121 1.15327 16.9184 0.0348 0.0 0.0 45.3979 0.700056666667 0.0
10.07754 0.39269 2.57737 0.45316 1.56711 0.06907 1.63132 6.4971 0.1683 0.0 0.0 31.291 0.35581 0.0
10.93483 -0.32071 0.05018 0.00958 2.43465 -0.06121 2.43467 6.5147 0.6012 0.0 0.0 23.6705 0.248055 0.0
3.95207 -0.64377 -95.24829 -3.93525 -8.86148 -0.0444 9.69598 3.1286 0.7936 0.0 0.0 12.3418 0.357855 0.0
12.0146 -1.03116 -59.04954 -10.3022 -2.32193 -0.21622 10.56062 4.0584 0.195 0.0 0.0 10.2998 0.0982366666667 0.0
11.848 1.50332 -62.80343 -10.5345 -3.0868 0.31083 10.97743 10.4513 0.1339 0.0 0.0 34.3418 0.332148333333 0.0
2.27353 5.38115 -8.16352 -0.32142 -6.25943 0.21321 6.26768 17.1444 0.3908 0.0 0.0 45.3979 2.28816666667 0.0
13.43933 1.37002 -56.44237 -11.1962 -1.07319 0.32132 11.24752 1.2935 0.1228 0.0 0.0 4.8679 0.0415066666667 0.0
16.7016 0.04735 -61.25402 -14.6433 -0.46775 0.0138 14.65077 3.3909 0.2254 0.0 0.0 17.9059 0.122853333333 0.0
16.58628 0.19692 39.59044 10.5703 4.28164 0.05701 11.40455 8.5528 0.4226 0.0 0.0 31.291 0.216183333333 0.0
7.8667 0.88723 14.01105 1.90437 -0.86826 0.12181 2.09296 0.4631 0.1439 0.0 0.0 1.92 0.0279683333333 0.0
9.9094 0.10756 23.92901 4.01929 0.55766 0.0186 4.05779 15.3352 3.1619 0.0 0.0 37.6901 0.435846666667 0.0
9.48913 -1.46393 -48.73429 -7.13026 -2.24347 -0.24242 7.47488 11.3105 0.3181 0.0 0.0 37.6901 0.45515 0.0
6.44261 -1.1154 -71.88482 -6.12211 -6.49719 -0.12541 8.92713 6.4648 0.4019 0.0 0.0 23.6705 0.421015 0.0
14.0955 -0.63419 11.69248 2.8564 5.30216 -0.15602 6.02262 18.7978 0.4565 0.0 0.0 49.8241 0.405053333333 0.0
6.52118 -2.16406 27.31224 2.99004 -2.70994 -0.24625 4.03536 17.5316 0.3225 0.0 0.0 49.8241 0.87552 0.0
15.36159 -0.54835 -28.25022 -7.27066 5.03123 -0.14702 8.84171 8.6825 0.3476 0.0 0.0 12.5442 0.093575 0.0
9.53334 0.68883 46.1637 6.87611 -1.89768 0.11461 7.13317 9.8171 0.6163 0.0 0.0 37.6901 0.453038333333 0.0
16.95606 0.01622 -58.62167 -14.4762 0.3288 0.0048 14.47993 19.4594 0.2382 0.0 0.0 49.8241 0.33672 0.0
13.24716 -0.25953 -13.22528 -3.03066 4.39569 -0.06001 5.33919 12.2425 2.1909 0.0 0.0 37.6901 0.32603 0.0
9.051 -0.5508 62.35506 8.01737 -4.30061 -0.08701 9.09799 8.0161 0.5905 0.0 0.0 10.933 0.138418333333 0.0
8.61612 0.17973 -14.38757 -2.14092 -0.15415 0.02703 2.14646 15.6717 0.6531 0.0 0.0 45.3979 0.603776666667 0.0
10.79737 0.12737 -73.91409 -10.3746 -5.50829 0.024 11.74622 18.9728 0.4553 0.0 0.0 49.8241 0.528778333333 0.0
2.9385 1.62654 -109.2666 -2.77281 -9.46921 0.08341 9.86683 0.2073 0.504 0.0 0.0 2.2664 0.0883833333333 0.0
11.17339 1.1396 54.80301 9.12881 -2.06105 0.22222 9.35858 10.1465 0.236 0.0 0.0 14.4272 0.147961666667 0.0
14.77899 0.20472 -0.03965 -0.01023 6.27889 0.05281 6.2789 18.7243 2.2275 0.0 0.0 41.3648 0.32073 0.0
1.806 -12.87433 -11.36843 -0.34704 -6.77394 -0.4024 6.78282 16.9973 0.2962 0.0 0.0 49.8241 3.16136666667 0.0
22.17663 0.231 11.8543 4.55557 13.2035 0.08941 13.96731 15.0872 0.1957 0.0 0.0 17.5788 0.0908333333333 0.0
6.27445 -1.15181 19.71883 2.1166 -2.59468 -0.12613 3.34849 3.8751 0.3642 0.0 0.0 8.9424 0.163318333333 0.0
7.16991 0.77204 97.70474 7.10454 -9.46117 0.09661 11.83166 16.6736 0.2931 0.0 0.0 49.8241 0.796303333333 0.0
12.68277 -0.23855 5.83355 1.28905 4.11698 -0.05281 4.31407 9.4733 2.2591 0.0 0.0 28.5112 0.257605 0.0
9.71827 0.99151 11.16557 1.88161 1.03289 0.16817 2.14647 15.0307 0.1086 0.0 0.0 45.3979 0.535303333333 0.0
12.01104 -0.52383 -2.8058 -0.58793 3.49614 -0.10981 3.54523 18.8132 0.5258 0.0 0.0 49.8241 0.475348333333 0.0
17.62464 -0.34723 -51.19016 -13.7334 2.54582 -0.10681 13.96737 2.7306 0.1773 0.0 0.0 8.8917 0.0578116666667 0.0
12.96849 0.33139 -30.08775 -6.50133 2.72091 0.07501 7.04774 2.6091 1.2574 0.0 0.0 5.9594 0.0526583333333 0.0
15.6168 0.20474 -2.40897 -0.6564 7.1029 0.05581 7.13317 13.8636 1.7169 0.0 0.0 11.0265 0.0809083333333 0.0
8.76166 0.60823 62.26489 7.75458 -4.42269 0.09301 8.92713 18.3536 0.5715 0.0 0.0 45.3979 0.593748333333 0.0
16.9314 0.01218 15.25173 4.45398 7.83507 0.0036 9.01256 17.7794 1.3101 0.0 0.0 41.3648 0.279956666667 0.0
17.11991 0.0241 15.08758 4.45623 8.02977 0.0072 9.18342 13.8076 1.212 0.0 0.0 37.6901 0.252278333333 0.0
11.97108 0.04312 -47.55262 -8.83343 -0.42056 0.00901 8.84344 16.3657 1.3937 0.0 0.0 41.3648 0.39596 0.0
3.1436 2.7377 23.32385 1.24322 -5.61658 0.15015 5.75253 6.8692 0.475 0.0 0.0 10.7224 0.390858333333 0.0
2.69763 2.2054 144.4067 1.56893 -10.692 0.10381 10.8065 16.9726 0.3408 0.0 0.0 45.3979 1.92841666667 0.0
6.97955 0.05911 20.35714 2.42798 -1.95638 0.0072 3.11809 8.3554 2.0405 0.0 0.0 28.5112 0.468101666667 0.0
6.40743 0.85319 67.03724 5.89904 -6.00053 0.09541 8.41457 1.1651 0.6276 0.0 0.0 4.8679 0.0870583333333 0.0
2.25454 4.36561 152.84405 1.02602 -10.5002 0.17162 10.55021 15.288 0.2344 0.0 0.0 45.3979 2.3074 0.0
11.02725 -0.22448 -71.37887 -10.4499 -4.97893 -0.0432 11.57541 18.3487 0.4385 0.0 0.0 49.8241 0.517758333333 0.0
12.17205 1.31473 18.32452 3.82587 3.05178 0.27928 4.89394 16.924 0.3772 0.0 0.0 16.1597 0.152133333333 0.0
4.03739 1.49893 4.23531 0.29807 -4.47501 0.10561 4.48493 0.89 0.7767 0.0 0.0 5.8634 0.166416666667 0.0
17.65785 0.16939 34.94067 10.1131 5.97488 0.05221 11.74623 5.1901 0.3985 0.0 0.0 19.6516 0.12753 0.0
6.79871 0.79397 -42.49405 -4.59218 -3.48747 0.09421 5.76633 15.5903 1.0564 0.0 0.0 41.3648 0.6972 0.0
6.85763 1.70485 20.74526 2.42799 -2.08983 0.20402 3.20352 13.2513 0.2296 0.0 0.0 45.3979 0.758603333333 0.0
8.56073 -3.27787 46.89249 6.23973 -2.65943 -0.48949 6.78283 9.5143 0.2664 0.0 0.0 31.291 0.418853333333 0.0
12.36673 -0.80698 21.2675 4.48525 3.02338 -0.17417 5.40909 12.6805 0.4272 0.0 0.0 14.033 0.130031666667 0.0
12.67489 0.19801 20.67763 4.4756 3.35833 0.0438 5.59548 15.3845 2.8205 0.0 0.0 10.4136 0.0941483333333 0.0
