sky_model/snrs/ctadc_skymodel_gps_sources_snr_1_summary_all.ecsv
# %ECSV 0.9
# ---
# datatype:
# - {name: distance, unit: kpc, datatype: float64, description: distance}
# - {name: GLAT, datatype: float64, description: Latitude}
# - {name: GLON, datatype: float64, description: Latitude}
# - {name: galactocentric_x, unit: kpc, datatype: float64, description: galactocentric_x}
# - {name: galactocentric_y, unit: kpc, datatype: float64, description: galactocentric_x}
# - {name: galactocentric_z, unit: kpc, datatype: float64, description: galactocentric_x}
# - {name: galactocentric_r, unit: kpc, datatype: float64, description: galactocentric_x}
# - {name: age, unit: kyr, datatype: float64, description: age}
# - {name: n0, unit: 1 / cm3, datatype: float64, description: n0 column density}
# - {name: skip, datatype: float64, description: skip because already known}
# - {name: size_physical, unit: pc, datatype: float64, description: intrinsic physical
#     size}
# - {name: sigma, unit: deg, datatype: float64, description: angular size}
# - {name: flux_1_10, unit: 1 / (cm2 s), datatype: float64, description: Integral flux
#     between 1 and 10 TeV}
# - {name: int_flux_above_1TeV_cu, datatype: float64, description: Integral flux between
#     1 and 10 TeV in crab units}
distance GLAT GLON galactocentric_x galactocentric_y galactocentric_z galactocentric_r age n0 skip size_physical sigma flux_1_10 int_flux_above_1TeV_cu
[from data line 509]
8.44676 0.01628 -97.80879 -8.36843 -9.64764 0.0024 12.77136 7.5922 0.362 0.0 11.7846 0.159873333333 7.2498e-14 0.00388203600187
11.27577 0.36589 0.4014 0.07899 2.77526 0.07201 2.77638 22.1813 0.6924 0.0 15.9618 0.162215 1.5947e-14 0.000853910840601
15.56349 0.76657 44.04998 10.8201 2.685 0.20822 11.14826 3.9044 0.1814 0.0 14.8658 0.109455 4.0716e-14 0.00218021156242
14.99221 -0.61231 8.55139 2.22916 6.32469 -0.16022 6.70603 15.3848 0.4273 0.0 15.1691 0.115943333333 1.0116e-14 0.000541679442122
17.50093 0.1573 26.17547 7.72001 7.2061 0.04805 10.56061 24.4998 0.5734 0.0 17.2489 0.112941666667 4.5971e-15 0.000246160000334
3.11815 1.40045 133.78314 2.25052 -10.6569 0.07621 10.89194 24.7398 0.4173 0.0 18.4496 0.678016666667 1.0471e-13 0.00560688556589
9.98297 0.56137 1.19932 0.20894 1.4803 0.09781 1.49497 20.5058 0.0901 0.0 23.2147 0.266475 3.132e-14 0.00167708581725
5.64532 0.52376 -75.25618 -5.45921 -7.06334 0.05161 8.92714 7.2958 0.979 0.0 25.9783 0.527321666667 2.0404e-12 0.109256893407
13.52137 -0.22884 -17.84492 -4.14348 4.37075 -0.05401 6.02261 32.1369 2.2849 0.0 14.5939 0.123681666667 2.64e-14 0.00141363555477
13.37385 0.97179 3.36843 0.78569 4.84882 0.22682 4.91206 34.8212 0.3881 0.0 21.4715 0.183975 2.4084e-15 0.000128962116292
7.1911 4.7189 -26.86599 -3.23868 -2.10681 0.59159 3.86364 1.2164 0.2267 0.0 5.9804 0.0952983333333 4.2974e-13 0.0230112023979
5.19702 0.13231 46.42458 3.76506 -4.91766 0.012 6.19347 10.5587 3.46 0.0 31.291 0.689951666667 2.2171e-12 0.1187186132
15.48316 0.19985 -20.33738 -5.3811 6.01789 0.05401 8.07287 3.8156 1.2965 0.0 6.9214 0.051225 5.6981e-14 0.00305115028584
8.36913 0.64498 65.96324 7.64291 -5.09128 0.09421 9.18342 9.5352 0.529 0.0 31.291 0.428441666667 8.6087e-13 0.0460968348497
19.40841 0.46767 -17.34929 -5.78732 10.0248 0.15842 11.57539 8.3621 0.2109 0.0 28.5112 0.168336666667 8.0864e-14 0.00433000854169
8.09895 2.33756 -12.15615 -1.70403 -0.58924 0.33033 1.80303 7.1264 0.0527 0.0 23.6705 0.334913333333 6.2216e-14 0.00333146779073
9.39204 0.22696 -19.82934 -3.18594 0.33509 0.0372 3.20351 33.7386 1.7388 0.0 15.7155 0.191745 3.6151e-14 0.00193577041441
12.1869 -0.82662 -32.55023 -6.55634 1.77151 -0.17582 6.79145 25.9205 0.3998 0.0 18.9599 0.178276666667 6.0234e-15 0.000322533803052
8.90217 -0.74154 90.33864 8.90127 -8.55261 -0.11521 12.34422 37.2989 0.2354 0.0 24.388 0.31393 2.7013e-15 0.000144645974397
8.81736 0.11308 -26.44011 -3.92603 -0.60495 0.0174 3.97236 16.1981 3.0943 0.0 10.4365 0.135633333333 1.8743e-13 0.0100362769708
