sky_model/snrs/ctadc_skymodel_gps_sources_snr_1.ecsv
# %ECSV 0.9
# ---
# datatype:
# - {name: Simulation_number, unit: '', datatype: float64, format: '%i', description: Simulation_number}
# - {name: galactocentric_x, unit: kpc, datatype: float64, format: '%0.4f', description: X
#     Position}
# - {name: galactocentric_y, unit: kpc, datatype: float64, format: '%0.4f', description: Y
#     Position}
# - {name: galactocentric_z, unit: kpc, datatype: float64, format: '%0.4f', description: Z
#     Position}
# - {name: n0, unit: 1 / cm3, datatype: float64, format: '%0.4f', description: density}
# - {name: type, unit: '', datatype: float64, format: '%i', description: type of progenitor}
# - {name: age, unit: kyear, datatype: float64, format: '%0.4f', description: age of
#     the SNR}
# - {name: size, unit: arcmin, datatype: float64, format: '%0.4f', description: apparent
#     size of the SNR}
# - {name: size_physical, unit: pc, datatype: float64, format: '%0.4f', description: SNR
#     Radius}
# - {name: '0.1', unit: 'TeV^{-1}cm^{-2}s^{-1}', datatype: float64, description: Differential
#     spectrum}
# - {name: '0.11514', unit: 'TeV^{-1}cm^{-2}s^{-1}', datatype: float64, description: Differential
#     spectrum}
# - {name: '0.132571', unit: 'TeV^{-1}cm^{-2}s^{-1}', datatype: float64, description: Differential
#     spectrum}
# - {name: '0.152642', unit: 'TeV^{-1}cm^{-2}s^{-1}', datatype: float64, description: Differential
#     spectrum}
# - {name: '0.175751', unit: 'TeV^{-1}cm^{-2}s^{-1}', datatype: float64, description: Differential
#     spectrum}
# - {name: '0.202359', unit: 'TeV^{-1}cm^{-2}s^{-1}', datatype: float64, description: Differential
#     spectrum}
# - {name: '0.232995', unit: 'TeV^{-1}cm^{-2}s^{-1}', datatype: float64, description: Differential
#     spectrum}
# - {name: '0.26827', unit: 'TeV^{-1}cm^{-2}s^{-1}', datatype: float64, description: Differential
#     spectrum}
# - {name: '0.308884', unit: 'TeV^{-1}cm^{-2}s^{-1}', datatype: float64, description: Differential
#     spectrum}
# - {name: '0.355648', unit: 'TeV^{-1}cm^{-2}s^{-1}', datatype: float64, description: Differential
#     spectrum}
# - {name: '0.409492', unit: 'TeV^{-1}cm^{-2}s^{-1}', datatype: float64, description: Differential
#     spectrum}
# - {name: '0.471487', unit: 'TeV^{-1}cm^{-2}s^{-1}', datatype: float64, description: Differential
#     spectrum}
# - {name: '0.542868', unit: 'TeV^{-1}cm^{-2}s^{-1}', datatype: float64, description: Differential
#     spectrum}
# - {name: '0.625055', unit: 'TeV^{-1}cm^{-2}s^{-1}', datatype: float64, description: Differential
#     spectrum}
# - {name: '0.719686', unit: 'TeV^{-1}cm^{-2}s^{-1}', datatype: float64, description: Differential
#     spectrum}
# - {name: '0.828643', unit: 'TeV^{-1}cm^{-2}s^{-1}', datatype: float64, description: Differential
#     spectrum}
# - {name: '0.954095', unit: 'TeV^{-1}cm^{-2}s^{-1}', datatype: float64, description: Differential
#     spectrum}
# - {name: '1.09854', unit: 'TeV^{-1}cm^{-2}s^{-1}', datatype: float64, description: Differential
#     spectrum}
# - {name: '1.26486', unit: 'TeV^{-1}cm^{-2}s^{-1}', datatype: float64, description: Differential
#     spectrum}
# - {name: '1.45635', unit: 'TeV^{-1}cm^{-2}s^{-1}', datatype: float64, description: Differential
#     spectrum}
[...]
# - {name: galactocentric_r, unit: kpc, datatype: float64, format: '%0.4f', description: Galactocentric
#     radius in the xy plan}
# - {name: distance, unit: kpc, datatype: float64, description: Distance from Earth}
# - {name: glon, unit: deg, datatype: float64, description: Galactic longitude}
# - {name: glat, unit: deg, datatype: float64, description: Galactic latitude}
# meta: !!omap
# - simulation_parameters:
#   - {description: Spectral index, name: alpha, value: 4.1}
#   - {description: Electron to proton ratio, name: Kep, value: 0.01}
#   - {description: CR efficiency, name: xi, value: 0.1}
# - energy_array: [0.1, 0.11514, 0.132571, 0.152642, 0.175751, 0.202359, 0.232995, 0.26827,
#     0.308884, 0.355648, 0.409492, 0.471487, 0.542868, 0.625055, 0.719686, 0.828643,
#     0.954095, 1.09854, 1.26486, 1.45635, 1.67683, 1.9307, 2.223, 2.55955, 2.94705,
#     3.39322, 3.90694, 4.49843, 5.17947, 5.96362, 6.86649, 7.90604, 9.10298, 10.4811,
#     12.0679, 13.895, 15.9986, 18.4207, 21.2095, 24.4205, 28.1177, 32.3746, 37.2759,
#     42.9193, 49.4171, 56.8987, 65.5129, 75.4312, 86.8511, 100.0]
Simulation_number galactocentric_x galactocentric_y galactocentric_z n0 type age size size_physical 0.1 0.11514 0.132571 0.152642 0.175751 0.202359 0.232995 0.26827 0.308884 0.355648 0.409492 0.471487 0.542868 0.625055 0.719686 0.828643 0.954095 1.09854 1.26486 1.45635 1.67683 1.9307 2.223 2.55955 2.94705 3.39322 3.90694 4.49843 5.17947 5.96362 6.86649 7.90604 9.10298 10.4811 12.0679 13.895 15.9986 18.4207 21.2095 24.4205 28.1177 32.3746 37.2759 42.9193 49.4171 56.8987 65.5129 75.4312 86.8511 100.0 galactocentric_r distance glon glat
[from data line 705]
0 -6.8372 -3.7884 -0.0090 2.1232 2 13.6642 16.4031 37.6901 5.13735e-12 3.91269e-12 2.96619e-12 2.23719e-12 1.67789e-12 1.25065e-12 9.25865e-13 6.80303e-13 4.95765e-13 3.58017e-13 2.5597e-13 1.81006e-13 1.26453e-13 8.71667e-14 5.92046e-14 3.95616e-14 2.59626e-14 1.66999e-14 1.05056e-14 6.44731e-15 3.84908e-15 2.22815e-15 1.24602e-15 6.70234e-16 3.44995e-16 1.68921e-16 7.81324e-17 3.38556e-17 1.35995e-17 4.9967e-18 1.65502e-18 4.86186e-19 1.24907e-19 2.80362e-20 5.71807e-21 1.19972e-21 3.07322e-22 9.64671e-23 3.18984e-23 1.00181e-23 2.86836e-24 7.29174e-25 1.58236e-25 2.70756e-26 3.02483e-27 1.24415e-28 4.20578e-32 1.09408e-60 5.39e-71 5.04948e-85 7.8166 8.30334263525 -55.4288190474 -0.0621651272915
0 -7.4620 -0.3388 0.3514 0.2716 2 20.5501 23.5428 54.6819 1.04314e-12 6.80066e-13 4.35058e-13 2.72629e-13 1.67029e-13 9.98358e-14 5.80827e-14 3.28067e-14 1.79395e-14 9.46797e-15 4.80666e-15 2.33889e-15 1.08677e-15 4.8043e-16 2.01448e-16 8.00084e-17 3.01748e-17 1.09211e-17 3.88728e-18 1.41876e-18 5.56204e-19 2.388e-19 1.09622e-19 5.15042e-20 2.39027e-20 1.07313e-20 4.60766e-21 1.87759e-21 7.21077e-22 2.58981e-22 8.61837e-23 2.62572e-23 7.20032e-24 1.72879e-24 3.44977e-25 5.10298e-26 4.14317e-27 5.86686e-29 6.81591e-68 1.76824e-78 2.04254e-92 2.15849e-107 3.43092e-128 1.17798e-156 4.15787e-195 1.39565e-241 2.42815e-295 0.0 0.0 0.0 7.4697 11.0639302535 -42.4374654519 1.81981575084
0 -3.8722 1.1360 -0.2973 0.3146 1 24.4900 10.7546 19.4393 4.73847e-12 3.39218e-12 2.40737e-12 1.69224e-12 1.17721e-12 8.09682e-13 5.50078e-13 3.68773e-13 2.43721e-13 1.58637e-13 1.01603e-13 6.3985e-14 3.96013e-14 2.40838e-14 1.43968e-14 8.46881e-15 4.91221e-15 2.81813e-15 1.60554e-15 9.12457e-16 5.19298e-16 2.9682e-16 1.70458e-16 9.81237e-17 5.6363e-17 3.21217e-17 1.80579e-17 9.96198e-18 5.36954e-18 2.8173e-18 1.43403e-18 7.05712e-19 3.3452e-19 1.52104e-19 6.6029e-20 2.72191e-20 1.05893e-20 3.85977e-21 1.30666e-21 4.06299e-22 1.14272e-22 2.83797e-23 5.95905e-24 9.65989e-25 9.67306e-26 2.90057e-27 1.19825e-32 6.75213e-158 1.27822e-192 1.41718e-236 4.0354 10.3891439422 -21.8924076676 -1.63980681201
0 -5.1458 -2.1602 0.1141 0.7226 1 1.4762 2.6033 5.2314 6.55825e-12 4.92474e-12 3.68816e-12 2.75343e-12 2.0482e-12 1.51737e-12 1.11894e-12 8.20887e-13 5.98803e-13 4.34072e-13 3.12514e-13 2.23337e-13 1.58344e-13 1.11321e-13 7.7573e-14 5.35641e-14 3.66456e-14 2.48438e-14 1.66986e-14 1.11382e-14 7.38341e-15 4.87411e-15 3.21258e-15 2.12039e-15 1.40565e-15 9.38276e-16 6.31608e-16 4.28865e-16 2.93392e-16 2.01777e-16 1.39123e-16 9.59048e-17 6.59443e-17 4.51467e-17 3.07347e-17 2.07867e-17 1.39568e-17 9.29714e-18 6.14039e-18 4.01812e-18 2.60318e-18 1.66833e-18 1.05672e-18 6.60867e-19 4.07629e-19 2.47679e-19 1.48051e-19 8.69347e-20 5.00638e-20 2.82239e-20 5.5808 8.16606872559 -39.0649338248 0.800686795215
0 2.1586 -4.4123 -0.0541 2.4174 2 2.7574 10.0080 11.2454 3.85235e-12 3.03926e-12 2.39471e-12 1.88544e-12 1.48277e-12 1.16411e-12 9.12896e-13 7.14663e-13 5.57997e-13 4.34864e-13 3.38261e-13 2.61971e-13 2.02204e-13 1.55541e-13 1.19195e-13 9.08217e-14 6.8714e-14 5.16619e-14 3.85672e-14 2.85617e-14 2.09616e-14 1.52296e-14 1.0944e-14 7.77315e-15 5.4554e-15 3.78358e-15 2.59392e-15 1.75826e-15 1.17815e-15 7.7978e-16 5.09121e-16 3.27327e-16 2.06796e-16 1.28066e-16 7.75181e-17 4.57063e-17 2.61459e-17 1.4441e-17 7.65698e-18 3.87051e-18 1.84966e-18 8.27291e-19 3.42215e-19 1.29183e-19 4.3939e-20 1.34077e-20 3.7737e-21 1.09229e-21 3.89452e-22 1.77707e-22 4.9121 4.622911978 27.8374605246 -0.669954865121
0 -0.8347 -2.3458 0.2613 0.1278 3 27.5167 47.0324 65.8645 4.50996e-14 2.08941e-14 9.46737e-15 4.25408e-15 1.93591e-15 9.14621e-16 4.57175e-16 2.42384e-16 1.34346e-16 7.61774e-17 4.33489e-17 2.44331e-17 1.35318e-17 7.32774e-18 3.86619e-18 1.98121e-18 9.82876e-19 4.70363e-19 2.16261e-19 9.50899e-20 3.9776e-20 1.57329e-20 5.84288e-21 2.02027e-21 6.43537e-22 1.86179e-22 4.78727e-23 1.05317e-23 1.83269e-24 2.08624e-25 8.59418e-27 1.84113e-30 1.63196e-90 4.10499e-103 1.54353e-119 1.56713e-142 1.26444e-166 8.52555e-199 3.11033e-243 1.27785e-303 0.0 0.0 0.0 0.0 0.0 0.0 0.0 0.0 0.0 0.0 2.4899 6.21602160215 -7.72403737274 2.40886605477
0 -4.6627 3.9268 -0.1832 0.4148 3 37.5672 32.9654 65.8645 2.91272e-15 1.79854e-15 1.10432e-15 6.71101e-16 4.02382e-16 2.37504e-16 1.37741e-16 7.8348e-17 4.36235e-17 2.37255e-17 1.2574e-17 6.47622e-18 3.23174e-18 1.55709e-18 7.21526e-19 3.20117e-19 1.3529e-19 5.41464e-20 2.03822e-20 7.15784e-21 2.32166e-21 6.86329e-22 1.81326e-22 4.14023e-23 7.64007e-24 9.73263e-25 5.38698e-26 1.08382e-28 1.27639e-101 3.02709e-116 1.56281e-133 5.35622e-154 5.41112e-183 7.76821e-216 6.66319e-256 1.05042e-311 0.0 0.0 0.0 0.0 0.0 0.0 0.0 0.0 0.0 0.0 0.0 0.0 0.0 0.0 6.0960 13.274039347 -20.5668220319 -0.790712281924
0 5.9956 -0.5701 0.0511 2.3978 2 17.5562 110.7060 41.3648 1.32483e-10 9.62224e-11 6.92487e-11 4.93384e-11 3.47679e-11 2.42064e-11 1.66316e-11 1.12625e-11 7.50613e-12 4.91583e-12 3.15809e-12 1.98636e-12 1.22057e-12 7.30971e-13 4.25499e-13 2.4002e-13 1.3076e-13 6.85358e-14 3.44123e-14 1.64728e-14 7.47756e-15 3.2001e-15 1.28338e-15 4.79682e-16 1.66553e-16 5.38885e-17 1.65338e-17 5.02214e-18 1.61543e-18 5.77781e-19 2.25649e-19 9.04067e-20 3.52501e-20 1.30012e-20 4.4685e-21 1.41413e-21 4.06089e-22 1.03513e-22 2.25294e-23 3.86688e-24 4.32799e-25 1.76519e-26 4.92384e-30 6.03691e-65 4.63584e-75 1.02188e-88 2.08862e-107 1.19237e-132 8.02222e-165 2.5046e-200 6.0226 9.94145173775 37.0919503685 0.294225179808
0 -9.8138 -6.2979 0.0330 0.4502 2 7.4718 10.1221 28.5112 2.33814e-12 1.84605e-12 1.45625e-12 1.14785e-12 9.03902e-13 7.10977e-13 5.58634e-13 4.38284e-13 3.43331e-13 2.68545e-13 2.09616e-13 1.63245e-13 1.26852e-13 9.83364e-14 7.59419e-14 5.84524e-14 4.48258e-14 3.42361e-14 2.60163e-14 1.96411e-14 1.47338e-14 1.09728e-14 8.10448e-15 5.9295e-15 4.2913e-15 3.06727e-15 2.16154e-15 1.49917e-15 1.02155e-15 6.82819e-16 4.47107e-16 2.86497e-16 1.79481e-16 1.09799e-16 6.54652e-17 3.79297e-17 2.12634e-17 1.14724e-17 5.9188e-18 2.89703e-18 1.33232e-18 5.68855e-19 2.22144e-19 7.78636e-20 2.39201e-20 6.24868e-21 1.33542e-21 2.22227e-22 2.71516e-23 2.33174e-24 11.6608 10.0578566977 -77.3531322636 0.188176760129
0 10.5361 1.9830 -0.0541 0.5216 1 12.1997 32.1139 13.2778 1.17497e-10 8.5357e-11 6.16084e-11 4.41523e-11 3.13978e-11 2.2141e-11 1.54729e-11 1.07093e-11 7.33725e-12 4.97384e-12 3.3351e-12 2.21182e-12 1.45112e-12 9.42381e-13 6.06423e-13 3.87295e-13 2.46008e-13 1.55815e-13 9.86779e-14 6.26436e-14 3.99363e-14 2.55848e-14 1.64595e-14 1.06128e-14 6.83952e-15 4.39186e-15 2.80159e-15 1.77076e-15 1.10656e-15 6.82467e-16 4.14757e-16 2.48006e-16 1.45684e-16 8.39297e-17 4.73328e-17 2.60767e-17 1.40016e-17 7.3082e-18 3.6973e-18 1.80707e-18 8.50115e-19 3.83332e-19 1.64895e-19 6.73005e-20 2.58995e-20 9.329e-21 3.1173e-21 9.5534e-22 2.6425e-22 6.43127e-23 10.7211 14.862922078 45.1446352041 -0.208376159577
0 6.1254 -5.3861 0.1111 0.5374 3 24.4112 63.8597 54.6819 1.22242e-12 6.6591e-13 3.51121e-13 1.78869e-13 8.79186e-14 4.16884e-14 1.91068e-14 8.51247e-15 3.72915e-15 1.63709e-15 7.38218e-16 3.49667e-16 1.75374e-16 9.21236e-17 4.95881e-17 2.67704e-17 1.42707e-17 7.43849e-18 3.7677e-18 1.84601e-18 8.71266e-19 3.94403e-19 1.7041e-19 6.98899e-20 2.70348e-20 9.78958e-21 3.28842e-21 1.01283e-21 2.81403e-22 6.87107e-23 1.40448e-23 2.16257e-24 1.90864e-25 3.56589e-27 1.99916e-75 1.22812e-85 2.6034e-99 3.04889e-118 7.67303e-138 1.1331e-164 1.32933e-201 1.1242e-251 2.47403000124e-315 0.0 0.0 0.0 0.0 0.0 0.0 0.0 8.1566 6.87232262934 63.0526875376 0.926392587797
0 4.3475 -8.4809 -0.1021 0.4482 1 17.6314 11.5565 15.8729 9.39598e-12 6.76102e-12 4.82834e-12 3.41972e-12 2.40038e-12 1.66859e-12 1.14787e-12 7.80938e-13 5.25119e-13 3.48821e-13 2.2883e-13 1.48237e-13 9.48551e-14 5.9998e-14 3.75616e-14 2.33189e-14 1.43917e-14 8.85565e-15 5.44917e-15 3.36146e-15 2.0818e-15 1.29433e-15 8.06576e-16 5.02348e-16 3.1159e-16 1.91778e-16 1.16736e-16 7.00743e-17 4.13821e-17 2.39907e-17 1.3626e-17 7.56619e-18 4.09814e-18 2.15973e-18 1.10431e-18 5.46116e-19 2.60269e-19 1.19056e-19 5.20327e-20 2.16136e-20 8.48186e-21 3.12263e-21 1.06944e-21 3.37143e-22 9.64362e-23 2.44845e-23 5.30855e-24 9.08649e-25 1.02014e-25 4.30852e-27 9.5303 4.3487005592 89.7488072206 -1.34535620576
0 10.5890 1.6779 -0.6066 0.0602 3 29.3230 180.9110 72.2862 1.63446e-13 7.36642e-14 3.37593e-14 1.61372e-14 8.19255e-15 4.41985e-15 2.4933e-15 1.43848e-15 8.33022e-16 4.78223e-16 2.70154e-16 1.49503e-16 8.07914e-17 4.2514e-17 2.17215e-17 1.07412e-17 5.12215e-18 2.34595e-18 1.02715e-18 4.27646e-19 1.6827e-19 6.21284e-20 2.13402e-20 6.74592e-21 1.93391e-21 4.91558e-22 1.06397e-22 1.80253e-23 1.9415e-24 6.78477e-26 1.67571e-30 5.67462e-94 8.78174e-108 2.02302e-124 6.62065e-148 3.24746e-174 6.8196e-207 2.82732e-252 3.7591499999e-314 0.0 0.0 0.0 0.0 0.0 0.0 0.0 0.0 0.0 0.0 0.0 10.7211 14.6998351058 46.1339904686 -2.36505325366
0 -6.8888 -2.4276 0.4835 0.2348 2 33.9444 29.0539 65.8645 1.11772e-14 5.28922e-15 2.51754e-15 1.22918e-15 6.26347e-16 3.3541e-16 1.87476e-16 1.07659e-16 6.24425e-17 3.60908e-17 2.0602e-17 1.15495e-17 6.33458e-18 3.38898e-18 1.76353e-18 8.89913e-19 4.34018e-19 2.03807e-19 9.17516e-20 3.94061e-20 1.60556e-20 6.16563e-21 2.21453e-21 7.37022e-22 2.24563e-22 6.15755e-23 1.47766e-23 2.943e-24 4.32385e-25 3.41734e-26 4.14037e-28 5.46073e-86 3.72692e-99 9.27241e-113 4.6114e-132 3.05875e-157 5.31269e-184 1.47165e-221 4.16964e-273 0.0 0.0 0.0 0.0 0.0 0.0 0.0 0.0 0.0 0.0 0.0 7.3040 9.19585381333 -48.6040443704 3.01378362329
0 6.5262 4.6052 0.0511 1.3915 3 4.4788 32.4802 23.6705 5.89196e-11 4.65101e-11 3.66869e-11 2.89144e-11 2.27675e-11 1.79088e-11 1.40708e-11 1.10412e-11 8.65158e-12 6.76843e-12 5.28583e-12 4.11993e-12 3.20424e-12 2.48603e-12 1.92365e-12 1.48408e-12 1.14115e-12 8.74247e-13 6.67051e-13 5.06661e-13 3.82889e-13 2.87736e-13 2.14886e-13 1.59371e-13 1.17288e-13 8.55685e-14 6.18227e-14 4.41832e-14 3.1193e-14 2.17206e-14 1.48909e-14 1.00297e-14 6.62063e-15 4.27058e-15 2.68247e-15 1.63345e-15 9.57742e-16 5.37699e-16 2.86715e-16 1.43749e-16 6.66432e-17 2.81698e-17 1.07332e-17 3.62792e-18 1.06703e-18 2.65182e-19 5.38602e-20 8.76454e-21 1.24637e-21 2.3466e-22 7.9874 14.6403695923 26.4726229578 0.19979130163
0 -13.9074 3.3666 -1.4084 0.0032 3 13.1277 9.4765 31.2910 1.8701e-12 1.42214e-12 1.07637e-12 8.10299e-13 6.06478e-13 4.51061e-13 3.33062e-13 2.44041e-13 1.77324e-13 1.276e-13 9.08704e-14 6.39858e-14 4.45017e-14 3.05003e-14 2.0582e-14 1.36533e-14 8.88757e-15 5.66557e-15 3.52374e-15 2.1313e-15 1.25015e-15 7.08268e-16 3.85721e-16 2.0081e-16 9.9312e-17 4.63365e-17 2.02487e-17 8.22622e-18 3.08293e-18 1.05655e-18 3.27702e-19 9.1008e-20 2.25047e-20 5.0311e-21 1.09038e-21 2.6438e-22 7.87155e-23 2.63875e-23 8.77811e-24 2.72071e-24 7.64072e-25 1.89439e-25 3.96823e-26 6.40699e-27 6.36277e-28 1.8606e-29 4.14164e-35 3.71093e-63 4.69721e-74 7.30393e-89 14.3091 18.3361889819 -49.5272430536 -4.40525068444
0 -2.7144 -6.7744 0.3183 0.2955 2 23.4584 28.6874 54.6819 1.4292e-12 9.23621e-13 5.85261e-13 3.62971e-13 2.19885e-13 1.29829e-13 7.45336e-14 4.14948e-14 2.23378e-14 1.15912e-14 5.77818e-15 2.75734e-15 1.25514e-15 5.4329e-16 2.23186e-16 8.70969e-17 3.2513e-17 1.1821e-17 4.33015e-18 1.67175e-18 7.02414e-19 3.19036e-19 1.50891e-19 7.14713e-20 3.30385e-20 1.46921e-20 6.23141e-21 2.5036e-21 9.46232e-22 3.33736e-22 1.0877e-22 3.23366e-23 8.60453e-24 1.98491e-24 3.72854e-25 4.94327e-26 3.09894e-27 1.43773e-29 1.21276e-70 4.00584e-82 1.93012e-96 1.27056e-112 4.0273e-135 7.87888e-166 3.03254e-207 6.41296e-255 5.04141000002e-313 0.0 0.0 0.0 7.2980 3.23218863268 -57.5551346019 5.65186372432
0 14.6349 -1.7245 0.0300 0.2125 2 24.8673 64.7476 60.0133 1.66923e-12 9.57709e-13 5.33426e-13 2.87714e-13 1.4989e-13 7.523e-14 3.62905e-14 1.67965e-14 7.45612e-15 3.18217e-15 1.31562e-15 5.35358e-16 2.20165e-16 9.45616e-17 4.34586e-17 2.136e-17 1.09664e-17 5.70974e-18 2.94656e-18 1.48597e-18 7.26237e-19 3.42037e-19 1.54486e-19 6.65815e-20 2.72293e-20 1.04989e-20 3.78782e-21 1.26702e-21 3.88329e-22 1.07252e-22 2.59872e-23 5.25309e-24 7.93669e-25 6.72567e-26 1.09311e-27 1.05834e-73 1.04626e-83 8.82951e-98 1.04196e-115 2.02935e-135 6.2015e-163 1.4069e-200 1.99877e-251 1.31226e-310 0.0 0.0 0.0 0.0 0.0 0.0 14.7362 16.1272626338 65.1573422288 0.1066884872
0 -2.3232 2.6447 0.1652 0.2907 3 6.9493 19.3075 31.2910 1.06973e-11 8.44648e-12 6.66435e-12 5.25372e-12 4.13803e-12 3.25572e-12 2.55864e-12 2.00834e-12 1.57398e-12 1.23166e-12 9.62152e-13 7.49998e-13 5.83372e-13 4.52713e-13 3.50281e-13 2.70173e-13 2.0769e-13 1.59072e-13 1.21297e-13 9.20109e-14 6.9418e-14 5.20549e-14 3.87677e-14 2.86483e-14 2.0983e-14 1.52129e-14 1.09008e-14 7.70579e-15 5.36267e-15 3.66548e-15 2.45441e-15 1.60565e-15 1.02339e-15 6.33791e-16 3.80417e-16 2.2076e-16 1.23504e-16 6.63941e-17 3.4107e-17 1.66107e-17 7.5944e-18 3.22014e-18 1.24717e-18 4.3285e-19 1.31393e-19 3.38242e-20 7.09741e-21 1.15325e-21 1.3613e-22 1.09285e-23 3.5202 11.3854950716 -11.775045203 0.831197001636
0 -1.2664 3.5844 -0.5616 0.2285 2 10.4421 22.6632 34.3418 8.33343e-12 6.5417e-12 5.12521e-12 4.00925e-12 3.1308e-12 2.43832e-12 1.8949e-12 1.46903e-12 1.1344e-12 8.73222e-13 6.69937e-13 5.11421e-13 3.88252e-13 2.93206e-13 2.20154e-13 1.64213e-13 1.21218e-13 8.86738e-14 6.42103e-14 4.5964e-14 3.24766e-14 2.26117e-14 1.54862e-14 1.04158e-14 6.87004e-15 4.43897e-15 2.80733e-15 1.73623e-15 1.04864e-15 6.17161e-16 3.52817e-16 1.95129e-16 1.03895e-16 5.29465e-17 2.56456e-17 1.17074e-17 4.98582e-18 1.95607e-18 6.96107e-19 2.20417e-19 6.06232e-20 1.40543e-20 2.64645e-21 3.87994e-22 4.30738e-23 3.98832e-24 5.01614e-25 1.09899e-25 2.59787e-26 5.23697e-27 3.8015 12.1635169447 -5.98260855621 -2.64615683582
0 -1.9108 7.2212 0.1261 0.5063 3 35.5251 35.7402 65.8645 3.41435e-15 2.11129e-15 1.29155e-15 7.7963e-16 4.63488e-16 2.70908e-16 1.55418e-16 8.7355e-17 4.80065e-17 2.57368e-17 1.34258e-17 6.79529e-18 3.32609e-18 1.56859e-18 7.09746e-19 3.06637e-19 1.258e-19 4.86959e-20 1.76525e-20 5.93847e-21 1.83253e-21 5.10365e-22 1.24995e-22 2.56479e-23 3.96613e-24 3.50202e-25 6.28443e-27 2.85316e-99 1.80208e-111 4.12581e-129 4.82126e-147 8.29101e-172 2.6337e-206 1.07592e-240 9.35547e-289 0.0 0.0 0.0 0.0 0.0 0.0 0.0 0.0 0.0 0.0 0.0 0.0 0.0 0.0 0.0 7.4697 15.8373663892 -6.92984459393 0.456298332591
0 2.5184 -0.0931 0.0360 0.9592 1 15.9791 15.0679 13.1108 2.78351e-11 1.97964e-11 1.39936e-11 9.82868e-12 6.8581e-12 4.75358e-12 3.27324e-12 2.23964e-12 1.52339e-12 1.03076e-12 6.94339e-13 4.66105e-13 3.12138e-13 2.08735e-13 1.39503e-13 9.32214e-14 6.22884e-14 4.15967e-14 2.77376e-14 1.84452e-14 1.22139e-14 8.0409e-15 5.25505e-15 3.40459e-15 2.18382e-15 1.38522e-15 8.67911e-16 5.36515e-16 3.26817e-16 1.95912e-16 1.15401e-16 6.66859e-17 3.77349e-17 2.08664e-17 1.12501e-17 5.89871e-18 2.99918e-18 1.47397e-18 6.97644e-19 3.16701e-19 1.37248e-19 5.6479e-20 2.19342e-20 7.98157e-21 2.69784e-21 8.3776e-22 2.35388e-22 5.84368e-23 1.2282e-23 2.0002e-24 2.5201 8.77603111823 16.6762564921 0.235267683632
