sky_model/snrs/ctadc_skymodel_gps_sources_snr_1.ecsv
# %ECSV 0.9
# ---
# datatype:
# - {name: Simulation_number, unit: '', datatype: float64, format: '%i', description: Simulation_number}
# - {name: n0, unit: 1 / cm3, datatype: float64, format: '%0.4f', description: density}
# - {name: type, unit: '', datatype: float64, format: '%i', description: type of progenitor}
# - {name: age, unit: kyear, datatype: float64, format: '%0.4f', description: age of
#     the SNR}
# - {name: sigma, unit: arcmin, datatype: float64, format: '%0.4f', description: apparent
#     size of the SNR}
# - {name: size_physical, unit: pc, datatype: float64, format: '%0.4f', description: SNR
#     Radius}
# - {name: '0.1', unit: 1 / (cm2 s TeV), datatype: float64, description: Differential
#     spectrum}
# - {name: '0.11514', unit: 1 / (cm2 s TeV), datatype: float64, description: Differential
#     spectrum}
# - {name: '0.132571', unit: 1 / (cm2 s TeV), datatype: float64, description: Differential
#     spectrum}
# - {name: '0.152642', unit: 1 / (cm2 s TeV), datatype: float64, description: Differential
#     spectrum}
# - {name: '0.175751', unit: 1 / (cm2 s TeV), datatype: float64, description: Differential
#     spectrum}
# - {name: '0.202359', unit: 1 / (cm2 s TeV), datatype: float64, description: Differential
#     spectrum}
# - {name: '0.232995', unit: 1 / (cm2 s TeV), datatype: float64, description: Differential
#     spectrum}
# - {name: '0.26827', unit: 1 / (cm2 s TeV), datatype: float64, description: Differential
#     spectrum}
# - {name: '0.308884', unit: 1 / (cm2 s TeV), datatype: float64, description: Differential
#     spectrum}
# - {name: '0.355648', unit: 1 / (cm2 s TeV), datatype: float64, description: Differential
#     spectrum}
# - {name: '0.409492', unit: 1 / (cm2 s TeV), datatype: float64, description: Differential
#     spectrum}
# - {name: '0.471487', unit: 1 / (cm2 s TeV), datatype: float64, description: Differential
#     spectrum}
# - {name: '0.542868', unit: 1 / (cm2 s TeV), datatype: float64, description: Differential
#     spectrum}
# - {name: '0.625055', unit: 1 / (cm2 s TeV), datatype: float64, description: Differential
#     spectrum}
# - {name: '0.719686', unit: 1 / (cm2 s TeV), datatype: float64, description: Differential
#     spectrum}
# - {name: '0.828643', unit: 1 / (cm2 s TeV), datatype: float64, description: Differential
#     spectrum}
# - {name: '0.954095', unit: 1 / (cm2 s TeV), datatype: float64, description: Differential
#     spectrum}
# - {name: '1.09854', unit: 1 / (cm2 s TeV), datatype: float64, description: Differential
#     spectrum}
# - {name: '1.26486', unit: 1 / (cm2 s TeV), datatype: float64, description: Differential
#     spectrum}
# - {name: '1.45635', unit: 1 / (cm2 s TeV), datatype: float64, description: Differential
#     spectrum}
# - {name: '1.67683', unit: 1 / (cm2 s TeV), datatype: float64, description: Differential
#     spectrum}
# - {name: '1.9307', unit: 1 / (cm2 s TeV), datatype: float64, description: Differential
#     spectrum}
# - {name: '2.223', unit: 1 / (cm2 s TeV), datatype: float64, description: Differential
#     spectrum}
# - {name: '2.55955', unit: 1 / (cm2 s TeV), datatype: float64, description: Differential
#     spectrum}
# - {name: '2.94705', unit: 1 / (cm2 s TeV), datatype: float64, description: Differential
#     spectrum}
[...]
#     from Earth}
# - {name: GLON, unit: deg, datatype: float64, format: '%.5f', description: Galactic
#     longitude}
# - {name: GLAT, unit: deg, datatype: float64, format: '%.5f', description: Galactic
#     latitude}
# - {name: skip, datatype: int64, description: 'Skip boolean, 1 skip 0 keep'}
# meta: !!omap
# - simulation_parameters:
#   - {description: Spectral index, name: alpha, value: 4.1}
#   - {description: Electron to proton ratio, name: Kep, value: 0.01}
#   - {description: CR efficiency, name: xi, value: 0.1}
# - energy_array: [0.1, 0.11514, 0.132571, 0.152642, 0.175751, 0.202359, 0.232995, 0.26827,
#     0.308884, 0.355648, 0.409492, 0.471487, 0.542868, 0.625055, 0.719686, 0.828643,
#     0.954095, 1.09854, 1.26486, 1.45635, 1.67683, 1.9307, 2.223, 2.55955, 2.94705,
#     3.39322, 3.90694, 4.49843, 5.17947, 5.96362, 6.86649, 7.90604, 9.10298, 10.4811,
#     12.0679, 13.895, 15.9986, 18.4207, 21.2095, 24.4205, 28.1177, 32.3746, 37.2759,
#     42.9193, 49.4171, 56.8987, 65.5129, 75.4312, 86.8511, 100.0]
# schema: astropy-2.0
Simulation_number n0 type age sigma size_physical 0.1 0.11514 0.132571 0.152642 0.175751 0.202359 0.232995 0.26827 0.308884 0.355648 0.409492 0.471487 0.542868 0.625055 0.719686 0.828643 0.954095 1.09854 1.26486 1.45635 1.67683 1.9307 2.223 2.55955 2.94705 3.39322 3.90694 4.49843 5.17947 5.96362 6.86649 7.90604 9.10298 10.4811 12.0679 13.895 15.9986 18.4207 21.2095 24.4205 28.1177 32.3746 37.2759 42.9193 49.4171 56.8987 65.5129 75.4312 86.8511 100.0 galactocentric_x galactocentric_y galactocentric_z galactocentric_r distance GLON GLAT skip
[from data line 619]
0 0.3236 1 21.6607 24.8960 18.3994 2.98933e-11 2.15138e-11 1.53568e-11 1.08637e-11 7.6099e-12 5.27374e-12 3.61243e-12 2.44349e-12 1.63058e-12 1.07249e-12 6.94687e-13 4.42802e-13 2.77606e-13 1.71146e-13 1.03785e-13 6.19655e-14 3.64921e-14 2.12569e-14 1.2294e-14 7.09079e-15 4.09607e-15 2.37722e-15 1.3877e-15 8.13545e-16 4.77163e-16 2.78543e-16 1.60941e-16 9.15795e-17 5.1102e-17 2.78641e-17 1.48001e-17 7.63457e-18 3.81271e-18 1.83694e-18 8.50473e-19 3.76704e-19 1.58823e-19 6.33692e-20 2.37664e-20 8.31164e-21 2.68373e-21 7.89585e-22 2.07595e-22 4.71913e-23 8.69381e-24 1.12037e-24 6.70508e-26 2.77947e-28 1.93856e-179 2.14665e-219 2.05238 -3.86801 0.39039 4.37879 5.08134 23.89757 4.40627 0
0 0.8954 2 24.3361 19.9285 49.8241 9.98692e-13 6.52277e-13 4.18129e-13 2.62614e-13 1.61301e-13 9.66867e-14 5.64322e-14 3.1992e-14 1.75687e-14 9.31866e-15 4.75926e-15 2.33294e-15 1.09417e-15 4.897e-16 2.08845e-16 8.49863e-17 3.32236e-17 1.26807e-17 4.86362e-18 1.94569e-18 8.34318e-19 3.82398e-19 1.81926e-19 8.6832e-20 4.05619e-20 1.8272e-20 7.8663e-21 3.21424e-21 1.23816e-21 4.46221e-22 1.49077e-22 4.56277e-23 1.25823e-23 3.0432e-24 6.13866e-25 9.25441e-26 7.84049e-27 1.29849e-28 1.73572e-67 6.58419e-78 9.40882e-92 1.57553e-106 5.15504e-127 4.59018e-155 5.69982e-193 3.1856e-239 3.50712e-292 0.0 0.0 0.0 4.87381 7.98426 0.04505 9.35427 17.18973 16.47108 0.15014 0
0 0.3951 2 30.8980 69.5918 60.0133 5.31024e-13 2.72664e-13 1.35407e-13 6.50853e-14 3.03786e-14 1.387e-14 6.27658e-15 2.87056e-15 1.35695e-15 6.74186e-16 3.52756e-16 1.91814e-16 1.0624e-16 5.88583e-17 3.22007e-17 1.72554e-17 9.00933e-18 4.56501e-18 2.23657e-18 1.05549e-18 4.77749e-19 2.06408e-19 8.46511e-20 3.27448e-20 1.18575e-20 3.98325e-21 1.22691e-21 3.40899e-22 8.32399e-23 1.70129e-23 2.61804e-24 2.30441e-25 4.23867e-27 5.41618e-78 5.11891e-89 1.73877e-102 1.98386e-121 1.72288e-142 5.07587e-169 9.0387e-206 8.57174e-256 4.94065645841e-323 0.0 0.0 0.0 0.0 0.0 0.0 0.0 0.0 3.81945 -3.97146 0.24324 5.51005 5.92917 40.14487 2.35121 0
0 0.7450 2 10.6965 21.2467 34.3418 1.02423e-11 8.02845e-12 6.28297e-12 4.90835e-12 3.82643e-12 2.97657e-12 2.3097e-12 1.78713e-12 1.37872e-12 1.06002e-12 8.11763e-13 6.19112e-13 4.70103e-13 3.54935e-13 2.66431e-13 1.9874e-13 1.47225e-13 1.08182e-13 7.87212e-14 5.67061e-14 4.03862e-14 2.83967e-14 1.96781e-14 1.34117e-14 8.96855e-15 5.86776e-15 3.74419e-15 2.32207e-15 1.39461e-15 8.08196e-16 4.50327e-16 2.40409e-16 1.22481e-16 5.9246e-17 2.70167e-17 1.15042e-17 4.51949e-18 1.61392e-18 5.14347e-19 1.42987e-19 3.37086e-20 6.51324e-21 9.94255e-22 1.18065e-22 1.23709e-23 1.80638e-24 4.21493e-25 1.03654e-25 2.20565e-26 3.67073e-27 -2.95556 2.21245 -0.09610 3.69192 11.11311 -15.42416 -0.49545 0
0 0.3624 1 35.0647 7.8787 21.8289 1.64406e-12 1.14695e-12 7.91757e-13 5.40374e-13 3.64236e-13 2.42263e-13 1.58873e-13 1.0262e-13 6.52334e-14 4.07919e-14 2.50885e-14 1.51715e-14 9.0237e-15 5.28679e-15 3.05738e-15 1.75016e-15 9.94871e-16 5.63036e-16 3.18123e-16 1.79766e-16 1.01505e-16 5.70928e-17 3.18347e-17 1.75006e-17 9.43398e-18 4.96276e-18 2.53678e-18 1.25503e-18 5.98574e-19 2.74062e-19 1.19898e-19 4.9855e-20 1.95835e-20 7.2155e-21 2.47248e-21 7.79522e-22 2.22844e-22 5.64792e-23 1.21944e-23 2.06593e-24 2.25279e-25 8.53767e-27 1.12326e-30 2.19408e-96 2.09818e-115 2.82901e-141 4.36934e-176 5.68061e-215 3.02961e-264 0.0 -9.50635 8.00784 0.03604 12.42965 19.04943 -29.93630 0.10839 0
0 0.0004 3 12.9394 25.2725 31.2910 1.33009e-11 1.01153e-11 7.65562e-12 5.76346e-12 4.31411e-12 3.20829e-12 2.3692e-12 1.73624e-12 1.26138e-12 9.07795e-13 6.46657e-13 4.55466e-13 3.16663e-13 2.17116e-13 1.46602e-13 9.73414e-14 6.34048e-14 4.0405e-14 2.5142e-14 1.52325e-14 8.95566e-15 5.08914e-15 2.78193e-15 1.45464e-15 7.2281e-16 3.38831e-16 1.48681e-16 6.05898e-17 2.27476e-17 7.80043e-18 2.4189e-18 6.71206e-19 1.65679e-19 3.68944e-20 7.93441e-21 1.90293e-21 5.61951e-22 1.87809e-22 6.24369e-23 1.93502e-23 5.4342e-24 1.34732e-24 2.82227e-25 4.55675e-26 4.5253e-27 1.32329e-28 2.9456e-34 2.74228e-62 3.47112e-73 5.39741e-88 -0.08518 -0.01075 -0.62763 0.08586 8.51285 -0.57490 -4.22809 0
0 0.1359 3 10.8141 39.3214 41.3648 2.35163e-11 1.82244e-11 1.40824e-11 1.08472e-11 8.32541e-12 6.36508e-12 4.8454e-12 3.67086e-12 2.76652e-12 2.07294e-12 1.5432e-12 1.14077e-12 8.36796e-13 6.08475e-13 4.38226e-13 3.12309e-13 2.20009e-13 1.53005e-13 1.04841e-13 7.06903e-14 4.68147e-14 3.03857e-14 1.92814e-14 1.19264e-14 7.16565e-15 4.16441e-15 2.32921e-15 1.2463e-15 6.3351e-16 3.03489e-16 1.35824e-16 5.6257e-17 2.13509e-17 7.3422e-18 2.25542e-18 6.07276e-19 1.39853e-19 2.67798e-20 4.15443e-21 5.26733e-22 6.47675e-23 1.16336e-23 3.06205e-24 8.31907e-25 2.01765e-25 4.103e-26 6.31161e-27 5.68355e-28 1.23711e-29 5.30055e-52 0.99447 -1.33642 -0.08709 1.66583 7.23280 7.90347 -0.68989 0
0 2.2178 2 18.7028 82.4119 41.3648 7.56916e-11 5.51868e-11 3.98838e-11 2.85472e-11 2.02177e-11 1.41534e-11 9.78271e-12 6.66796e-12 4.47578e-12 2.95414e-12 1.91405e-12 1.21515e-12 7.54321e-13 4.56809e-13 2.69178e-13 1.53886e-13 8.50738e-14 4.53132e-14 2.31568e-14 1.13011e-14 5.23931e-15 2.29367e-15 9.4215e-16 3.6077e-16 1.28069e-16 4.20627e-17 1.28816e-17 3.7883e-18 1.13891e-18 3.77364e-19 1.40815e-19 5.57703e-20 2.18912e-20 8.18871e-21 2.86456e-21 9.25468e-22 2.72383e-22 7.16083e-23 1.62621e-23 2.98605e-24 3.80856e-25 2.19462e-26 7.02033e-29 1.33334e-62 2.66713e-72 5.63564e-85 2.28338e-102 6.7201e-126 4.41764e-157 2.77463e-190 3.13867 -7.06537 0.00300 7.73115 3.45100 65.43571 0.04986 0
0 0.9902 1 11.5981 5.9466 11.4519 6.27559e-12 4.50353e-12 3.21376e-12 2.27974e-12 1.60712e-12 1.1257e-12 7.83384e-13 5.41677e-13 3.72246e-13 2.54355e-13 1.72927e-13 1.17079e-13 7.90208e-14 5.32285e-14 3.58236e-14 2.41112e-14 1.62388e-14 1.09456e-14 7.38105e-15 4.97528e-15 3.34813e-15 2.24616e-15 1.49992e-15 9.95517e-16 6.55843e-16 4.28358e-16 2.7708e-16 1.7732e-16 1.12159e-16 7.00448e-17 4.31417e-17 2.61734e-17 1.56196e-17 9.15522e-18 5.26164e-18 2.95946e-18 1.62566e-18 8.7007e-19 4.52526e-19 2.28043e-19 1.10976e-19 5.19589e-20 2.33059e-20 9.96687e-21 4.04158e-21 1.54413e-21 5.51703e-22 1.82665e-22 5.53876e-23 1.51256e-23 -0.10708 4.74000 -0.09610 4.74121 13.24078 -0.46338 -0.41583 0
0 0.1725 2 20.9803 207.2180 54.6819 1.12637e-10 7.63502e-11 5.09591e-11 3.34418e-11 2.15438e-11 1.36007e-11 8.39791e-12 5.06084e-12 2.96956e-12 1.69216e-12 9.33705e-13 4.9727e-13 2.54702e-13 1.24969e-13 5.8481e-14 2.59792e-14 1.09025e-14 4.30264e-15 1.59176e-15 5.52409e-16 1.81598e-16 5.81414e-17 1.91205e-17 6.88e-18 2.77324e-18 1.20509e-18 5.32536e-19 2.29776e-19 9.47856e-20 3.69633e-20 1.35111e-20 4.58775e-21 1.43103e-21 4.03796e-22 1.00624e-22 2.11993e-23 3.44431e-24 3.4347e-25 9.86033e-27 5.52919e-33 2.02914e-71 5.29717e-84 5.97935e-98 2.60808e-117 9.5727e-144 2.09913e-179 1.75183e-221 1.3567e-271 0.0 0.0 0.02379 -10.29390 -0.27027 10.29393 1.81430 179.24037 -8.56704 0
0 0.4039 2 6.4604 161.6790 23.6705 5.82406e-10 4.59692e-10 3.6254e-10 2.85721e-10 2.24813e-10 1.76716e-10 1.3875e-10 1.08681e-10 8.49984e-11 6.63761e-11 5.16515e-11 4.00821e-11 3.10204e-11 2.39373e-11 1.83669e-11 1.40223e-11 1.06512e-11 8.04406e-12 6.03518e-12 4.49372e-12 3.31275e-12 2.41708e-12 1.74563e-12 1.24704e-12 8.80817e-13 6.1501e-13 4.24517e-13 2.89725e-13 1.95503e-13 1.30377e-13 8.58439e-14 5.57206e-14 3.55858e-14 2.23104e-14 1.36947e-14 8.20451e-15 4.7796e-15 2.69551e-15 1.46379e-15 7.60486e-16 3.75006e-16 1.73812e-16 7.48097e-17 2.94499e-17 1.04033e-17 3.21917e-18 8.46302e-19 1.81866e-19 3.05179e-20 3.85183e-21 -0.88049 -8.97205 -0.12312 9.01515 1.00660 -118.19676 -7.02574 0
0 0.6337 1 0.7525 1.8345 3.9895 5.13717e-12 3.89532e-12 2.94851e-12 2.22709e-12 1.67792e-12 1.26043e-12 9.4359e-13 7.03644e-13 5.22404e-13 3.85931e-13 2.83542e-13 2.07048e-13 1.50177e-13 1.08129e-13 7.72336e-14 5.46919e-14 3.83734e-14 2.66622e-14 1.83371e-14 1.24803e-14 8.40589e-15 5.60495e-15 3.70322e-15 2.42817e-15 1.58373e-15 1.03073e-15 6.71908e-16 4.4048e-16 2.91441e-16 1.95079e-16 1.32172e-16 9.05186e-17 6.24823e-17 4.33174e-17 3.00586e-17 2.08195e-17 1.43651e-17 9.86094e-18 6.72874e-18 4.56123e-18 3.06988e-18 2.05023e-18 1.35787e-18 8.91252e-19 5.79312e-19 3.72606e-19 2.36937e-19 1.48816e-19 9.22243e-20 5.6327e-20 -8.96309 3.46782 0.06907 9.61055 14.95227 -36.83074 0.26467 0
0 0.5596 2 22.7870 43.6233 54.6819 1.45717e-12 8.67643e-13 5.03107e-13 2.83453e-13 1.54796e-13 8.17361e-14 4.16267e-14 2.04012e-14 9.60629e-15 4.34444e-15 1.89144e-15 7.98305e-16 3.31394e-16 1.38551e-16 6.00791e-17 2.76337e-17 1.35003e-17 6.86809e-18 3.54139e-18 1.81008e-18 9.03911e-19 4.37152e-19 2.03523e-19 9.07504e-20 3.8554e-20 1.55148e-20 5.87434e-21 2.0761e-21 6.78211e-22 2.02171e-22 5.39704e-23 1.25017e-23 2.36224e-24 3.16198e-25 2.02046e-26 1.00567e-28 1.72654e-74 1.33195e-85 3.85245e-101 4.27602e-118 5.1337e-140 2.82148e-170 2.23886e-211 1.96064e-266 2.47032822921e-323 0.0 0.0 0.0 0.0 0.0 -1.97167 -0.11012 -0.00601 1.97474 8.61844 -13.22487 -0.03993 0
0 0.2056 1 3.1206 3.6368 9.1390 3.53038e-12 2.70291e-12 2.0635e-12 1.57025e-12 1.19053e-12 8.98922e-13 6.75613e-13 5.05171e-13 3.7557e-13 2.77449e-13 2.03526e-13 1.48142e-13 1.06907e-13 7.64233e-14 5.40657e-14 3.78133e-14 2.61161e-14 1.77907e-14 1.19383e-14 7.88082e-15 5.1108e-15 3.2517e-15 2.02726e-15 1.23735e-15 7.39112e-16 4.32371e-16 2.48268e-16 1.4058e-16 7.91075e-17 4.4718e-17 2.57077e-17 1.51856e-17 9.25496e-18 5.79771e-18 3.69813e-18 2.37612e-18 1.52431e-18 9.7062e-19 6.1139e-19 3.80202e-19 2.33088e-19 1.40689e-19 8.34874e-20 4.86329e-20 2.77613e-20 1.54995e-20 8.44569e-21 4.48082e-21 2.30847e-21 1.15142e-21 -14.15370 1.40906 -0.06907 14.22367 17.27777 -55.00399 -0.22904 0
0 0.1868 3 34.1830 77.1859 72.2862 7.28599e-15 4.4769e-15 2.7157e-15 1.62318e-15 9.54362e-16 5.51076e-16 3.11963e-16 1.72801e-16 9.34543e-17 4.92266e-17 2.51854e-17 1.24764e-17 5.96327e-18 2.73895e-18 1.20336e-18 5.03081e-19 1.98922e-19 7.38684e-20 2.55444e-20 8.13963e-21 2.35614e-21 6.06318e-22 1.33517e-22 2.32507e-23 2.64065e-24 1.06347e-25 1.48327e-29 4.09006e-109 1.60895e-124 1.06195e-143 3.51876e-165 7.48904e-196 3.32922e-232 2.02568e-274 0.0 0.0 0.0 0.0 0.0 0.0 0.0 0.0 0.0 0.0 0.0 0.0 0.0 0.0 0.0 0.0 -2.24164 -2.48745 -0.53453 3.34849 6.43906 -20.44681 -4.76186 0
0 0.2078 1 35.8807 22.4472 24.6163 9.79237e-12 6.86674e-12 4.76173e-12 3.26234e-12 2.20561e-12 1.46951e-12 9.6383e-13 6.21588e-13 3.93321e-13 2.43945e-13 1.48116e-13 8.79521e-14 5.0936e-14 2.8756e-14 1.58264e-14 8.49806e-15 4.46063e-15 2.29672e-15 1.16597e-15 5.87321e-16 2.95946e-16 1.49979e-16 7.64031e-17 3.88931e-17 1.96015e-17 9.68404e-18 4.64855e-18 2.15198e-18 9.54643e-19 4.03395e-19 1.61369e-19 6.06905e-20 2.12871e-20 6.89419e-21 2.03463e-21 5.36613e-22 1.22357e-22 2.25944e-23 2.90782e-24 1.70523e-25 5.8323e-28 4.85123e-66 3.63291e-77 1.67483e-89 1.42212e-106 7.15398e-130 2.74023e-161 1.03711e-198 5.62893e-243 2.52813e-303 -1.55949 -1.12361 -0.08408 1.92211 7.53991 -11.93748 -0.63897 0
0 3.9009 3 0.2900 3.5663 2.3126 5.00203e-12 3.86127e-12 2.98212e-12 2.30387e-12 1.78014e-12 1.37542e-12 1.06246e-12 8.20358e-13 6.33005e-13 4.88004e-13 3.75788e-13 2.88967e-13 2.21825e-13 1.69941e-13 1.29884e-13 9.89987e-14 7.5221e-14 5.695e-14 4.2942e-14 3.2231e-14 2.40666e-14 1.78658e-14 1.31761e-14 9.64634e-15 7.00428e-15 5.03921e-15 3.58822e-15 2.52566e-15 1.75488e-15 1.20177e-15 8.09725e-16 5.35728e-16 3.47293e-16 2.20066e-16 1.35956e-16 8.16734e-17 4.75892e-17 2.68411e-17 1.46471e-17 7.7514e-18 4.00745e-18 2.05287e-18 1.06374e-18 5.70669e-19 3.20283e-19 1.86707e-19 1.10835e-19 6.56773e-20 3.83973e-20 2.20312e-20 -2.50491 -4.81165 -0.00601 5.42462 4.45854 -34.18204 -0.07718 0
0 0.1617 3 22.2879 63.3052 60.0133 1.12698e-12 6.22467e-13 3.32771e-13 1.7175e-13 8.5367e-14 4.07729e-14 1.86866e-14 8.22014e-15 3.48312e-15 1.43525e-15 5.85995e-16 2.44103e-16 1.07217e-16 5.06271e-17 2.55094e-17 1.33502e-17 7.05132e-18 3.68231e-18 1.87812e-18 9.2884e-19 4.43177e-19 2.03079e-19 8.89488e-20 3.70411e-20 1.4576e-20 5.38137e-21 1.8481e-21 5.84059e-22 1.67385e-22 4.25324e-23 9.20504e-24 1.5609e-24 1.6908e-25 6.10032e-27 3.06098e-31 7.88764e-82 2.83644e-94 1.0435e-111 1.092e-130 3.34289e-155 4.48055e-189 4.11916e-235 7.6332e-297 0.0 0.0 0.0 0.0 0.0 0.0 0.0 -0.75729 -14.97330 0.08108 14.99244 6.51795 -173.32747 0.71276 0
0 0.4349 1 16.5862 10.0450 15.5810 7.50941e-12 5.42159e-12 3.88554e-12 2.76232e-12 1.94662e-12 1.35878e-12 9.38783e-13 6.4153e-13 4.3333e-13 2.8915e-13 1.90522e-13 1.23935e-13 7.95995e-14 5.05033e-14 3.16867e-14 1.96928e-14 1.21514e-14 7.46616e-15 4.58255e-15 2.81809e-15 1.7401e-15 1.07965e-15 6.72482e-16 4.19466e-16 2.61115e-16 1.61599e-16 9.90716e-17 5.998e-17 3.57667e-17 2.09605e-17 1.20476e-17 6.77785e-18 3.72433e-18 1.99407e-18 1.03758e-18 5.23117e-19 2.54699e-19 1.19307e-19 5.35386e-20 2.29046e-20 9.29026e-21 3.54975e-21 1.2681e-21 4.19657e-22 1.2713e-22 3.46609e-23 8.2744e-24 1.64285e-24 2.4279e-25 2.0103e-26 4.97968 0.92936 -0.16216 5.06566 10.66472 27.83871 -0.87124 0
0 0.4972 2 18.7267 17.6361 49.8241 1.2799e-12 8.81679e-13 5.98912e-13 4.00647e-13 2.63561e-13 1.70228e-13 1.07759e-13 6.67285e-14 4.03343e-14 2.3742e-14 1.35738e-14 7.51545e-15 4.01676e-15 2.06491e-15 1.01698e-15 4.7778e-16 2.13133e-16 8.98584e-17 3.56588e-17 1.32889e-17 4.66208e-18 1.5594e-18 5.13082e-19 1.75099e-19 6.5337e-20 2.68872e-20 1.16996e-20 5.11123e-21 2.16593e-21 8.74217e-22 3.32545e-22 1.18176e-22 3.88536e-23 1.16713e-23 3.14603e-24 7.38565e-25 1.4257e-25 1.9899e-26 1.41806e-27 1.21152e-29 5.45136e-66 3.48122e-77 2.25476e-89 2.21514e-105 2.16691e-127 3.30142e-157 1.07874e-196 2.31838e-238 2.55309e-295 0.0 -4.45088 10.40730 -0.03303 11.31911 19.42415 -13.24656 -0.09744 0
0 0.4119 2 21.7329 44.9739 54.6819 2.40248e-12 1.49295e-12 9.06618e-13 5.36902e-13 3.09364e-13 1.73012e-13 9.36617e-14 4.89437e-14 2.46152e-14 1.188e-14 5.48787e-15 2.42224e-15 1.02182e-15 4.13745e-16 1.62668e-16 6.35187e-17 2.54798e-17 1.08605e-17 4.98118e-18 2.41537e-18 1.19833e-18 5.90959e-19 2.84331e-19 1.32024e-19 5.87466e-20 2.49041e-20 9.99789e-21 3.77523e-21 1.33014e-21 4.32988e-22 1.28536e-22 3.41388e-23 7.85458e-24 1.46911e-24 1.93081e-25 1.18181e-26 4.79723e-29 1.67931e-72 6.42846e-84 2.46782e-99 1.5696e-115 5.81009e-138 9.92987e-169 2.36866e-210 8.60399e-262 1.09712217316e-319 0.0 0.0 0.0 0.0 -4.87637 -1.71252 -0.18619 5.16834 8.35964 -35.69483 -1.27620 0
0 0.5892 3 4.5051 46.0370 23.6705 9.56413e-11 7.55978e-11 5.97193e-11 4.71451e-11 3.71914e-11 2.93151e-11 2.30866e-11 1.81626e-11 1.4273e-11 1.12028e-11 8.78043e-12 6.87151e-12 5.36857e-12 4.18609e-12 3.25727e-12 2.52877e-12 1.95788e-12 1.51141e-12 1.16301e-12 8.91759e-13 6.81008e-13 5.17598e-13 3.9141e-13 2.94313e-13 2.19899e-13 1.63125e-13 1.2003e-13 8.75072e-14 6.31263e-14 4.49895e-14 3.1619e-14 2.18667e-14 1.4843e-14 9.8603e-15 6.38902e-15 4.02254e-15 2.45047e-15 1.43467e-15 8.04734e-16 4.31515e-16 2.20147e-16 1.06122e-16 4.78441e-17 1.99033e-17 7.51184e-18 2.51788e-18 7.29643e-19 1.76751e-19 3.44205e-20 5.2352e-21 2.75591 -10.71400 -0.00601 11.06277 3.53509 128.77716 -0.09734 0
0 3.3100 2 16.4488 91.1956 37.6901 1.48751e-10 1.11907e-10 8.36982e-11 6.22001e-11 4.58992e-11 3.36087e-11 2.44007e-11 1.75504e-11 1.2494e-11 8.7944e-12 6.11378e-12 4.19232e-12 2.83167e-12 1.88108e-12 1.22688e-12 7.84049e-13 4.89895e-13 2.98548e-13 1.7696e-13 1.01701e-13 5.64696e-14 3.01538e-14 1.54122e-14 7.49748e-15 3.44803e-15 1.48724e-15 5.9604e-16 2.19553e-16 7.34594e-17 2.20912e-17 5.93497e-18 1.46452e-18 3.57098e-19 9.69462e-20 3.11998e-20 1.10793e-20 3.92027e-21 1.30716e-21 4.00611e-22 1.10748e-22 2.68963e-23 5.46706e-24 8.38393e-25 7.45486e-26 1.5235e-27 1.34266e-55 6.08966e-64 3.00469e-75 1.14762e-90 1.92319e-111 1.68805 -6.21420 0.00901 6.43939 2.84156 36.44565 0.18165 0
