sky_model/snrs/ctadc_skymodel_gps_sources_snr_2.ecsv
# %ECSV 0.9
# ---
# datatype:
# - {name: Simulation_number, unit: '', datatype: float64, format: '%i', description: Simulation_number}
# - {name: n0, unit: 1 / cm3, datatype: float64, format: '%0.4f', description: density}
# - {name: type, unit: '', datatype: float64, format: '%i', description: type of progenitor}
# - {name: age, unit: kyear, datatype: float64, format: '%0.4f', description: age of
#     the SNR}
# - {name: sigma, unit: arcmin, datatype: float64, format: '%0.4f', description: apparent
#     size of the SNR}
# - {name: size_physical, unit: pc, datatype: float64, format: '%0.4f', description: SNR
#     Radius}
# - {name: '0.1', unit: 1 / (cm2 s TeV), datatype: float64, description: Differential
#     spectrum}
# - {name: '0.11514', unit: 1 / (cm2 s TeV), datatype: float64, description: Differential
#     spectrum}
# - {name: '0.132571', unit: 1 / (cm2 s TeV), datatype: float64, description: Differential
#     spectrum}
# - {name: '0.152642', unit: 1 / (cm2 s TeV), datatype: float64, description: Differential
#     spectrum}
# - {name: '0.175751', unit: 1 / (cm2 s TeV), datatype: float64, description: Differential
#     spectrum}
# - {name: '0.202359', unit: 1 / (cm2 s TeV), datatype: float64, description: Differential
#     spectrum}
# - {name: '0.232995', unit: 1 / (cm2 s TeV), datatype: float64, description: Differential
#     spectrum}
# - {name: '0.26827', unit: 1 / (cm2 s TeV), datatype: float64, description: Differential
#     spectrum}
# - {name: '0.308884', unit: 1 / (cm2 s TeV), datatype: float64, description: Differential
#     spectrum}
# - {name: '0.355648', unit: 1 / (cm2 s TeV), datatype: float64, description: Differential
#     spectrum}
# - {name: '0.409492', unit: 1 / (cm2 s TeV), datatype: float64, description: Differential
#     spectrum}
# - {name: '0.471487', unit: 1 / (cm2 s TeV), datatype: float64, description: Differential
#     spectrum}
# - {name: '0.542868', unit: 1 / (cm2 s TeV), datatype: float64, description: Differential
#     spectrum}
# - {name: '0.625055', unit: 1 / (cm2 s TeV), datatype: float64, description: Differential
#     spectrum}
# - {name: '0.719686', unit: 1 / (cm2 s TeV), datatype: float64, description: Differential
#     spectrum}
# - {name: '0.828643', unit: 1 / (cm2 s TeV), datatype: float64, description: Differential
#     spectrum}
# - {name: '0.954095', unit: 1 / (cm2 s TeV), datatype: float64, description: Differential
#     spectrum}
# - {name: '1.09854', unit: 1 / (cm2 s TeV), datatype: float64, description: Differential
#     spectrum}
# - {name: '1.26486', unit: 1 / (cm2 s TeV), datatype: float64, description: Differential
#     spectrum}
# - {name: '1.45635', unit: 1 / (cm2 s TeV), datatype: float64, description: Differential
#     spectrum}
# - {name: '1.67683', unit: 1 / (cm2 s TeV), datatype: float64, description: Differential
#     spectrum}
# - {name: '1.9307', unit: 1 / (cm2 s TeV), datatype: float64, description: Differential
#     spectrum}
# - {name: '2.223', unit: 1 / (cm2 s TeV), datatype: float64, description: Differential
#     spectrum}
# - {name: '2.55955', unit: 1 / (cm2 s TeV), datatype: float64, description: Differential
#     spectrum}
# - {name: '2.94705', unit: 1 / (cm2 s TeV), datatype: float64, description: Differential
#     spectrum}
[...]
#     from Earth}
# - {name: GLON, unit: deg, datatype: float64, format: '%.5f', description: Galactic
#     longitude}
# - {name: GLAT, unit: deg, datatype: float64, format: '%.5f', description: Galactic
#     latitude}
# - {name: skip, datatype: int64, description: 'Skip boolean, 1 skip 0 keep'}
# meta: !!omap
# - simulation_parameters:
#   - {description: Spectral index, name: alpha, value: 4.1}
#   - {description: Electron to proton ratio, name: Kep, value: 0.01}
#   - {description: CR efficiency, name: xi, value: 0.1}
# - energy_array: [0.1, 0.11514, 0.132571, 0.152642, 0.175751, 0.202359, 0.232995, 0.26827,
#     0.308884, 0.355648, 0.409492, 0.471487, 0.542868, 0.625055, 0.719686, 0.828643,
#     0.954095, 1.09854, 1.26486, 1.45635, 1.67683, 1.9307, 2.223, 2.55955, 2.94705,
#     3.39322, 3.90694, 4.49843, 5.17947, 5.96362, 6.86649, 7.90604, 9.10298, 10.4811,
#     12.0679, 13.895, 15.9986, 18.4207, 21.2095, 24.4205, 28.1177, 32.3746, 37.2759,
#     42.9193, 49.4171, 56.8987, 65.5129, 75.4312, 86.8511, 100.0]
# schema: astropy-2.0
Simulation_number n0 type age sigma size_physical 0.1 0.11514 0.132571 0.152642 0.175751 0.202359 0.232995 0.26827 0.308884 0.355648 0.409492 0.471487 0.542868 0.625055 0.719686 0.828643 0.954095 1.09854 1.26486 1.45635 1.67683 1.9307 2.223 2.55955 2.94705 3.39322 3.90694 4.49843 5.17947 5.96362 6.86649 7.90604 9.10298 10.4811 12.0679 13.895 15.9986 18.4207 21.2095 24.4205 28.1177 32.3746 37.2759 42.9193 49.4171 56.8987 65.5129 75.4312 86.8511 100.0 galactocentric_x galactocentric_y galactocentric_z galactocentric_r distance GLON GLAT skip
[from data line 167]
0 0.4921 2 5.5201 28.3112 21.5677 9.60159e-12 7.58412e-12 5.98623e-12 4.72067e-12 3.72001e-12 2.92771e-12 2.30152e-12 1.80742e-12 1.41662e-12 1.10849e-12 8.66008e-13 6.74967e-13 5.24525e-13 4.06574e-13 3.14274e-13 2.42e-13 1.85392e-13 1.41375e-13 1.07249e-13 8.088e-14 6.05793e-14 4.5017e-14 3.31133e-14 2.40983e-14 1.73402e-14 1.23231e-14 8.64064e-15 5.97294e-15 4.06841e-15 2.72953e-15 1.80337e-15 1.17351e-15 7.51257e-16 4.72238e-16 2.9074e-16 1.74779e-16 1.02219e-16 5.79086e-17 3.1612e-17 1.65236e-17 8.20607e-18 3.83536e-18 1.66717e-18 6.64107e-19 2.37963e-19 7.49262e-20 2.01282e-20 4.44779e-21 7.7624e-22 1.04931e-22 4.89297 -6.63459 0.11712 8.24372 5.23781 69.13101 1.28124 0
0 2.5815 1 21.7130 6.4664 12.1708 4.85811e-12 3.44418e-12 2.43584e-12 1.71874e-12 1.21011e-12 8.50229e-13 5.96178e-13 4.17196e-13 2.9133e-13 2.02964e-13 1.41029e-13 9.76926e-14 6.74309e-14 4.63495e-14 3.17064e-14 2.15715e-14 1.45868e-14 9.79706e-15 6.53131e-15 4.31894e-15 2.83086e-15 1.83779e-15 1.18075e-15 7.50096e-16 4.7071e-16 2.91476e-16 1.77889e-16 1.06862e-16 6.30952e-17 3.65562e-17 2.07461e-17 1.15092e-17 6.22748e-18 3.27822e-18 1.67414e-18 8.26774e-19 3.93427e-19 1.79662e-19 7.83727e-20 3.24864e-20 1.27187e-20 4.66999e-21 1.59455e-21 5.00923e-22 1.42684e-22 3.60344e-23 7.75492e-24 1.31155e-24 1.43797e-25 5.69028e-27 -6.27254 2.81900 0.03003 6.87688 12.94084 -28.99348 0.13296 0
0 0.3841 4 24.3208 37.6162 72.2862 4.27588e-12 2.90889e-12 1.94919e-12 1.28466e-12 8.31492e-13 5.27616e-13 3.27603e-13 1.98629e-13 1.17326e-13 6.73436e-14 3.74548e-14 2.01213e-14 1.04043e-14 5.1581e-15 2.44131e-15 1.09798e-15 4.66979e-16 1.86935e-16 7.01786e-17 2.46975e-17 8.20698e-18 2.63528e-18 8.57678e-19 3.01604e-19 1.18737e-19 5.09195e-20 2.24422e-20 9.71649e-21 4.03335e-21 1.58508e-21 5.84559e-22 2.00514e-22 6.32869e-23 1.81123e-23 4.59574e-24 9.93317e-25 1.6837e-25 1.83188e-26 6.82202e-28 6.51016e-32 4.04925e-71 1.6758e-83 6.35003e-97 1.6438e-115 6.33064e-141 3.09026e-175 9.44139e-217 7.01659e-265 0.0 0.0 -0.40773 4.70459 0.20721 4.72223 13.21251 -1.76861 0.89859 0
0 1.3283 2 13.3746 36.3498 37.6901 1.29297e-11 9.94401e-12 7.61974e-12 5.8152e-12 4.41829e-12 3.34042e-12 2.51188e-12 1.87758e-12 1.39421e-12 1.02782e-12 7.51679e-13 5.44876e-13 3.9115e-13 2.77812e-13 1.94982e-13 1.35054e-13 9.21965e-14 6.19371e-14 4.08762e-14 2.64467e-14 1.6729e-14 1.03212e-14 6.1918e-15 3.59876e-15 2.01784e-15 1.08593e-15 5.57492e-16 2.7102e-16 1.23672e-16 5.24282e-17 2.0406e-17 7.19874e-18 2.26858e-18 6.31495e-19 1.5309e-19 3.19435e-20 5.81857e-21 1.02217e-21 2.16188e-22 6.04686e-23 1.87115e-23 5.51602e-24 1.46446e-24 3.37506e-25 6.35036e-26 8.50881e-27 5.59647e-28 3.63e-30 4.99375e-56 2.23829e-65 -6.62175 -5.85903 0.02102 8.84171 7.12901 -68.25627 0.16895 0
0 0.5279 2 5.8160 24.0321 21.5677 7.1307e-12 5.62841e-12 4.43861e-12 3.49823e-12 2.75237e-12 2.16332e-12 1.69872e-12 1.33045e-12 1.04039e-12 8.12295e-13 6.32241e-13 4.9053e-13 3.79535e-13 2.92777e-13 2.24739e-13 1.71524e-13 1.30238e-13 9.83159e-14 7.37273e-14 5.48688e-14 4.04795e-14 2.95234e-14 2.13132e-14 1.52206e-14 1.07484e-14 7.50443e-15 5.18077e-15 3.53702e-15 2.38803e-15 1.59362e-15 1.05019e-15 6.82341e-16 4.36261e-16 2.7386e-16 1.68347e-16 1.01024e-16 5.89647e-17 3.3327e-17 1.81444e-17 9.45466e-18 4.6785e-18 2.1774e-18 9.41785e-19 3.72958e-19 1.32717e-19 4.14509e-20 1.1034e-20 2.41621e-21 4.20237e-22 5.83901e-23 -5.36029 -5.44596 -0.12012 7.64141 6.17044 -60.32755 -1.11545 0
0 2.5175 3 24.5801 26.6669 45.3979 7.45834e-13 4.6634e-13 2.85144e-13 1.70165e-13 9.89005e-14 5.58557e-14 3.05804e-14 1.61908e-14 8.27023e-15 4.06725e-15 1.92335e-15 8.7479e-16 3.83903e-16 1.63888e-16 6.91144e-17 2.94671e-17 1.30317e-17 6.07453e-18 2.97322e-18 1.49733e-18 7.57184e-19 3.77098e-19 1.8261e-19 8.52796e-20 3.81762e-20 1.62918e-20 6.58931e-21 2.50908e-21 8.92477e-22 2.93714e-22 8.83224e-23 2.38341e-23 5.60183e-24 1.08247e-24 1.5108e-25 1.07018e-26 8.6637e-29 1.41639e-71 1.6318e-82 1.56637e-97 2.75412e-113 8.22465e-135 2.21185e-164 2.00522e-204 3.0396e-255 7.91558e-311 0.0 0.0 0.0 0.0 7.36528 0.59710 0.00000 7.38944 11.70489 38.99466 0.00000 0
0 3.5177 2 22.7375 83.7745 45.3979 9.59951e-12 6.17594e-12 3.89514e-12 2.404e-12 1.4491e-12 8.51345e-13 4.86389e-13 2.6959e-13 1.4461e-13 7.48879e-14 3.73572e-14 1.79214e-14 8.26476e-15 3.67118e-15 1.58039e-15 6.67651e-16 2.82463e-16 1.22704e-16 5.58204e-17 2.66631e-17 1.31618e-17 6.5559e-18 3.22593e-18 1.54517e-18 7.13599e-19 3.15606e-19 1.32886e-19 5.29421e-20 1.98197e-20 6.91509e-21 2.22579e-21 6.52014e-22 1.70339e-22 3.83262e-23 6.92488e-24 8.52991e-25 4.43638e-26 7.19501e-29 1.95099e-71 1.81549e-83 5.60822e-98 6.09662e-115 1.74033e-138 1.41931e-170 8.23879e-214 3.18289e-262 6.42285339594e-323 0.0 0.0 0.0 -2.21890 -5.50696 -0.01802 5.93718 3.72587 -36.55151 -0.27708 0
0 2.5186 1 16.7266 46.3936 11.0152 3.17563e-10 2.26059e-10 1.6052e-10 1.13712e-10 8.0377e-11 5.66996e-11 3.99231e-11 2.80621e-11 1.96922e-11 1.37952e-11 9.64618e-12 6.73063e-12 4.68443e-12 3.25044e-12 2.24731e-12 1.5472e-12 1.06001e-12 7.22228e-13 4.89055e-13 3.28914e-13 2.19569e-13 1.45391e-13 9.54289e-14 6.20409e-14 3.99194e-14 2.5399e-14 1.59646e-14 9.90253e-15 6.05444e-15 3.64399e-15 2.15591e-15 1.25182e-15 7.12086e-16 3.96042e-16 2.14884e-16 1.13459e-16 5.8134e-17 2.8815e-17 1.37679e-17 6.31598e-18 2.76931e-18 1.15457e-18 4.55001e-19 1.68324e-19 5.79744e-20 1.83992e-20 5.30615e-21 1.36157e-21 2.99715e-22 5.26053e-23 -0.67762 -7.01509 0.02703 7.04774 1.63244 -24.52912 0.94864 0
0 0.2592 1 19.0138 6.7063 18.2480 1.17235e-12 8.54451e-13 6.18153e-13 4.43557e-13 3.1542e-13 2.22093e-13 1.54697e-13 1.06487e-13 7.2364e-14 4.84943e-14 3.20116e-14 2.07912e-14 1.32718e-14 8.31795e-15 5.11421e-15 3.08314e-15 1.8225e-15 1.05717e-15 6.02899e-16 3.39144e-16 1.8907e-16 1.05086e-16 5.86003e-17 3.29506e-17 1.87203e-17 1.07262e-17 6.16584e-18 3.53106e-18 2.00032e-18 1.11407e-18 6.07059e-19 3.22385e-19 1.66298e-19 8.30503e-20 4.00136e-20 1.85259e-20 8.206e-21 3.45992e-21 1.3806e-21 5.17858e-22 1.81143e-22 5.85064e-23 1.72209e-23 4.53069e-24 1.03107e-24 1.90339e-25 2.46434e-26 1.49527e-27 6.71098e-30 4.29076e-183 0.18989 10.20680 -0.16216 10.20857 18.70847 0.58158 -0.49664 0
0 1.4093 2 2.3739 9.9455 10.2464 1.43207e-12 1.13075e-12 8.92229e-13 7.03412e-13 5.54132e-13 4.36041e-13 3.42733e-13 2.69108e-13 2.1093e-13 1.65076e-13 1.28989e-13 1.00559e-13 7.82017e-14 6.06708e-14 4.69493e-14 3.61853e-14 2.77795e-14 2.12388e-14 1.61632e-14 1.22364e-14 9.20437e-15 6.86579e-15 5.07945e-15 3.72283e-15 2.69959e-15 1.93407e-15 1.3669e-15 9.51573e-16 6.51587e-16 4.38334e-16 2.89425e-16 1.87439e-16 1.18952e-16 7.3938e-17 4.4928e-17 2.66057e-17 1.52946e-17 8.4949e-18 4.53274e-18 2.30756e-18 1.11145e-18 5.01317e-19 2.09099e-19 7.94273e-20 2.69865e-20 8.04701e-21 2.08095e-21 4.78961e-22 1.13436e-22 3.58448e-23 -6.58792 -5.89705 -0.00300 8.84171 7.08351 -68.44055 -0.02429 0
0 0.5833 2 7.6103 14.2171 28.5112 2.51787e-12 1.98726e-12 1.56717e-12 1.2349e-12 9.71973e-13 7.64228e-13 6.00168e-13 4.70594e-13 3.68462e-13 2.88008e-13 2.24621e-13 1.74823e-13 1.35766e-13 1.05092e-13 8.10942e-14 6.23687e-14 4.77927e-14 3.64479e-14 2.76424e-14 2.08464e-14 1.56215e-14 1.16217e-14 8.57485e-15 6.26683e-15 4.53003e-15 3.23338e-15 2.27463e-15 1.57401e-15 1.06929e-15 7.11828e-16 4.6361e-16 2.95025e-16 1.83228e-16 1.10914e-16 6.53112e-17 3.7294e-17 2.05597e-17 1.08803e-17 5.48904e-18 2.61749e-18 1.16753e-18 4.80845e-19 1.79911e-19 5.99165e-20 1.73077e-20 4.19668e-21 8.19413e-22 1.22402e-22 1.33145e-23 1.09835e-24 6.93522 3.41664 0.11111 7.73115 13.78825 30.19846 0.46172 0
0 0.1427 3 11.3333 12.2148 41.3648 1.14164e-12 8.84335e-13 6.83019e-13 5.25796e-13 4.03323e-13 3.08146e-13 2.34389e-13 1.77434e-13 1.33598e-13 9.99926e-14 7.43589e-14 5.49042e-14 4.02091e-14 2.91901e-14 2.09878e-14 1.49322e-14 1.04918e-14 7.27426e-15 4.96936e-15 3.33937e-15 2.20313e-15 1.42379e-15 8.98874e-16 5.52298e-16 3.28959e-16 1.89205e-16 1.04544e-16 5.5161e-17 2.75771e-17 1.29594e-17 5.68853e-18 2.31443e-18 8.64829e-19 2.93221e-19 8.87569e-20 2.34986e-20 5.30845e-21 9.95344e-22 1.51544e-22 1.92473e-23 2.53918e-24 5.09377e-25 1.38941e-25 3.75824e-26 8.9983e-27 1.79475e-27 2.67022e-28 2.23653e-29 3.80822e-31 4.44686e-54 1.76129 14.71660 -0.11111 14.82162 23.28358 4.33834 -0.27342 0
0 0.3418 2 18.4100 37.0942 49.8241 3.47628e-12 2.45632e-12 1.7154e-12 1.1827e-12 8.0405e-13 5.38286e-13 3.54343e-13 2.28987e-13 1.45007e-13 8.98043e-14 5.42713e-14 3.19254e-14 1.82306e-14 1.00745e-14 5.36907e-15 2.74882e-15 1.34608e-15 6.27424e-16 2.76869e-16 1.14995e-16 4.46868e-17 1.61608e-17 5.42471e-18 1.69801e-18 5.06393e-19 1.51449e-19 4.90292e-20 1.80128e-20 7.27437e-21 3.01041e-21 1.21257e-21 4.63282e-22 1.6568e-22 5.48798e-23 1.66317e-23 4.53221e-24 1.07958e-24 2.13052e-25 3.09568e-26 2.42602e-27 3.06936e-29 3.49257e-63 7.52354e-74 2.42121e-85 4.91159e-101 1.62983e-122 1.57337e-151 6.48249e-188 1.22274e-228 2.68501e-284 -9.22497 -8.07329 -0.05706 12.25880 9.23501 -87.35162 -0.35400 0
0 0.9062 2 26.9096 28.0872 54.6819 1.27962e-13 7.05446e-14 3.76999e-14 1.95002e-14 9.75386e-15 4.71962e-15 2.2149e-15 1.01445e-15 4.58733e-16 2.08467e-16 9.72686e-17 4.74275e-17 2.42811e-17 1.29149e-17 7.00244e-18 3.79906e-18 2.0341e-18 1.06515e-18 5.42269e-19 2.67197e-19 1.26907e-19 5.78526e-20 2.51929e-20 1.04232e-20 4.07182e-21 1.49096e-21 5.07245e-22 1.58566e-22 4.4852e-23 1.1208e-23 2.36887e-24 3.86181e-25 3.85519e-26 1.08532e-27 1.11343e-34 1.8756e-84 2.05678e-97 1.65195e-115 1.02407e-134 3.33983e-160 2.32944e-195 4.32819e-243 7.17871e-306 0.0 0.0 0.0 0.0 0.0 0.0 0.0 -2.41570 4.66546 0.10210 5.25377 13.38564 -10.39741 0.43704 0
0 2.1676 2 26.9781 27.7344 49.8241 3.03232e-13 1.77321e-13 1.00906e-13 5.57693e-14 2.98808e-14 1.54968e-14 7.77254e-15 3.77155e-15 1.77516e-15 8.15432e-16 3.69709e-16 1.68272e-16 7.84458e-17 3.80664e-17 1.93017e-17 1.01209e-17 5.38894e-18 2.86206e-18 1.49583e-18 7.62398e-19 3.76621e-19 1.79457e-19 8.21081e-20 3.5901e-20 1.49208e-20 5.85822e-21 2.15728e-21 7.38694e-22 2.32658e-22 6.64075e-23 1.67881e-23 3.60769e-24 6.04854e-25 6.40801e-26 2.17351e-27 4.49128e-32 2.02299e-80 3.39455e-93 1.58073e-110 1.40062e-128 1.20879e-153 4.71217e-188 1.2473e-234 3.42016e-292 0.0 0.0 0.0 0.0 0.0 0.0 -6.14947 2.21191 0.05105 6.53518 12.35166 -29.85918 0.23681 0
0 0.4818 1 17.8048 8.3418 15.7082 2.49827e-12 1.79345e-12 1.27775e-12 9.02841e-13 6.3225e-13 4.38512e-13 3.01029e-13 2.04414e-13 1.37237e-13 9.10613e-14 5.97085e-14 3.86936e-14 2.47952e-14 1.57272e-14 9.88895e-15 6.17683e-15 3.84229e-15 2.38671e-15 1.48413e-15 9.25495e-16 5.791e-16 3.63292e-16 2.28017e-16 1.42756e-16 8.88543e-17 5.48035e-17 3.33982e-17 2.00606e-17 1.18507e-17 6.87173e-18 3.90362e-18 2.16798e-18 1.17448e-18 6.19087e-19 3.16625e-19 1.5662e-19 7.46638e-20 3.41645e-20 1.49367e-20 6.20691e-21 2.43686e-21 8.97585e-22 3.07581e-22 9.70286e-23 2.77757e-23 7.05906e-24 1.53261e-24 2.62914e-25 2.96463e-26 1.26702e-27 7.76871 1.85644 0.12312 7.98744 12.94696 36.87478 0.54488 0
0 0.1001 1 6.6166 14.7063 14.3578 1.1544e-11 8.85887e-12 6.77612e-12 5.16412e-12 3.9196e-12 2.96153e-12 2.22639e-12 1.6644e-12 1.2366e-12 9.12496e-13 6.68264e-13 4.85332e-13 3.49242e-13 2.48769e-13 1.75221e-13 1.21897e-13 8.36472e-14 5.65381e-14 3.75813e-14 2.45234e-14 1.56791e-14 9.80085e-15 5.9758e-15 3.5451e-15 2.04092e-15 1.13729e-15 6.12054e-16 3.17692e-16 1.59142e-16 7.72667e-17 3.67408e-17 1.7433e-17 8.4677e-18 4.31041e-18 2.31735e-18 1.29922e-18 7.42359e-19 4.23518e-19 2.38128e-19 1.31046e-19 7.03122e-20 3.66734e-20 1.85396e-20 9.05447e-21 4.25638e-21 1.91792e-21 8.24492e-22 3.36335e-22 1.29387e-22 4.65993e-23 -5.03093 -12.93820 -0.22523 13.88190 6.71257 -131.41818 -1.92279 0
0 0.2663 3 1.2016 3.1168 7.0624 6.72176e-13 5.29595e-13 4.17151e-13 3.28456e-13 2.58501e-13 2.0334e-13 1.59837e-13 1.2555e-13 9.85304e-14 7.7243e-14 6.04887e-14 4.73045e-14 3.6935e-14 2.87919e-14 2.24038e-14 1.73898e-14 1.34655e-14 1.03991e-14 8.00737e-15 6.14216e-15 4.69177e-15 3.56784e-15 2.69945e-15 2.0307e-15 1.51762e-15 1.12566e-15 8.27697e-16 6.0252e-16 4.33532e-16 3.07781e-16 2.15163e-16 1.47795e-16 9.95273e-17 6.5559e-17 4.21502e-17 2.63999e-17 1.60764e-17 9.50203e-18 5.44326e-18 3.00875e-18 1.59514e-18 8.05133e-19 3.83392e-19 1.70326e-19 6.96412e-20 2.57833e-20 8.48647e-21 2.44159e-21 6.12915e-22 1.4187e-22 -7.15608 5.33707 -0.20721 8.92714 15.57937 -27.34653 -0.76206 0
0 0.1477 2 23.3225 22.1835 60.0133 1.66822e-13 1.00921e-13 5.9522e-14 3.41464e-14 1.90064e-14 1.02368e-14 5.31956e-15 2.65896e-15 1.27445e-15 5.84042e-16 2.55333e-16 1.06431e-16 4.24253e-17 1.63337e-17 6.20506e-18 2.40969e-18 9.95951e-19 4.475e-19 2.15497e-19 1.07315e-19 5.34551e-20 2.60677e-20 1.22963e-20 5.56976e-21 2.40876e-21 9.88904e-22 3.82949e-22 1.38838e-22 4.67012e-23 1.44074e-23 4.01099e-24 9.82063e-25 2.01605e-25 3.13021e-26 2.82158e-27 5.73974e-29 1.5217e-71 2.05249e-81 2.67681e-95 1.04367e-111 3.07523e-131 2.41953e-158 2.81102e-195 4.84555e-245 1.12418e-299 0.0 0.0 0.0 0.0 0.0 -11.98950 5.71966 0.16517 13.28392 18.60038 -40.13637 0.50877 0
0 0.6063 3 15.2171 16.1093 45.3979 9.3584e-13 6.6204e-13 4.62939e-13 3.19629e-13 2.17633e-13 1.45945e-13 9.62499e-14 6.2325e-14 3.9555e-14 2.45561e-14 1.48793e-14 8.77836e-15 5.02882e-15 2.78879e-15 1.49204e-15 7.67175e-16 3.7748e-16 1.76888e-16 7.85258e-17 3.2837e-17 1.28599e-17 4.693e-18 1.59225e-18 5.04856e-19 1.52894e-19 4.65071e-20 1.52823e-20 5.66573e-21 2.29725e-21 9.52904e-22 3.84831e-22 1.47521e-22 5.29663e-23 1.76253e-23 5.37026e-24 1.47307e-24 3.53933e-25 7.07481e-26 1.05147e-26 8.67119e-28 1.32817e-29 5.08234e-63 1.44664e-73 6.40852e-85 2.44811e-100 1.87345e-121 5.44924e-150 3.63188e-186 3.46711e-226 6.56026e-281 -2.24467 10.74540 0.00601 10.97735 19.37586 -6.65258 0.01776 0
0 0.0345 2 16.9184 42.0031 45.3979 3.70218e-12 2.72339e-12 1.98735e-12 1.43243e-12 1.02279e-12 7.23255e-13 5.02533e-13 3.44008e-13 2.32029e-13 1.53918e-13 9.9748e-14 6.31401e-14 3.90838e-14 2.36029e-14 1.38724e-14 7.91832e-15 4.38154e-15 2.34527e-15 1.21085e-15 6.00558e-16 2.84775e-16 1.28391e-16 5.46874e-17 2.18476e-17 8.11884e-18 2.78097e-18 8.69827e-19 2.46539e-19 6.33251e-20 1.50873e-20 3.59541e-21 9.74639e-22 3.20247e-22 1.17256e-22 4.29263e-23 1.48681e-23 4.76103e-24 1.38708e-24 3.60102e-25 8.04006e-26 1.43801e-26 1.74622e-27 8.89892e-29 1.41043e-31 5.51433e-64 1.32503e-73 8.72522e-87 9.29248e-105 5.6265e-129 1.88962e-158 0.40119 -1.08124 0.15315 1.15327 7.43118 3.09541 1.18092 0
0 1.4506 1 31.2852 7.2308 15.8090 2.09208e-12 1.457e-12 1.01006e-12 6.97145e-13 4.79186e-13 3.28118e-13 2.23897e-13 1.52299e-13 1.03293e-13 6.98578e-14 4.71065e-14 3.16617e-14 2.12001e-14 1.41309e-14 9.36764e-15 6.1699e-15 4.03311e-15 2.61359e-15 1.67722e-15 1.06468e-15 6.67793e-16 4.13388e-16 2.52252e-16 1.5153e-16 8.94783e-17 5.18547e-17 2.94394e-17 1.63406e-17 8.84759e-18 4.66129e-18 2.38275e-18 1.17803e-18 5.61269e-19 2.56659e-19 1.12124e-19 4.65491e-20 1.82538e-20 6.71337e-21 2.29604e-21 7.22463e-22 2.06108e-22 5.21263e-23 1.12302e-23 1.89918e-24 2.07273e-25 7.98819e-27 1.4453e-30 0.0 0.0 0.0 7.18063 4.70618 -0.02402 8.58543 15.03214 28.53437 -0.09157 0
0 0.0578 2 25.8138 52.7176 65.8645 3.55773e-13 2.02452e-13 1.11732e-13 5.96464e-14 3.07113e-14 1.52066e-14 7.21939e-15 3.27756e-15 1.42038e-15 5.87705e-16 2.3321e-16 8.98541e-17 3.44661e-17 1.36787e-17 5.84192e-18 2.72345e-18 1.35684e-18 6.96028e-19 3.56411e-19 1.78775e-19 8.69372e-20 4.0728e-20 1.82877e-20 7.83036e-21 3.17894e-21 1.21565e-21 4.34508e-22 1.43794e-22 4.35223e-23 1.18379e-23 2.81117e-24 5.51512e-25 7.90207e-26 5.9317e-27 6.02735e-29 5.92287e-76 2.32043e-86 4.78486e-101 3.58565e-119 9.52635e-140 2.03704e-168 1.38073e-207 1.90592e-260 2.15560841281e-320 0.0 0.0 0.0 0.0 0.0 0.0 -1.62990 -0.06790 0.18318 1.63131 8.59014 -10.94018 1.22191 0
