sky_model/snrs/ctadc_skymodel_gps_sources_snr_2_summary_all.ecsv
# %ECSV 0.9
# ---
# datatype:
# - {name: file, datatype: string}
# - {name: name, datatype: string}
# - {name: spatial_type, datatype: string}
# - {name: ra, datatype: float64}
# - {name: dec, datatype: float64}
# - {name: GLON, datatype: float64}
# - {name: GLAT, datatype: float64}
# - {name: size, datatype: float64}
# - {name: spectral_type, datatype: string}
# - {name: flux_1_10, datatype: float64}
# - {name: distance, unit: kpc, datatype: float64, description: distance}
# - {name: galactocentric_x, unit: kpc, datatype: float64, description: galactocentric_x}
# - {name: galactocentric_y, unit: kpc, datatype: float64, description: galactocentric_x}
# - {name: galactocentric_z, unit: kpc, datatype: float64, description: galactocentric_x}
# - {name: galactocentric_r, unit: kpc, datatype: float64, description: galactocentric_x}
# - {name: age, unit: kyr, datatype: float64, description: age}
# - {name: n0, unit: 1 / cm3, datatype: float64, description: n0 column density}
# - {name: int_flux_above_1TeV_cu, unit: '%', datatype: float64, description: integral
#     flux in crab unit}
# - {name: skip, datatype: int64, description: skip because already known}
# - {name: size_physical, unit: pc, datatype: float64, description: intrinsic physical
#     size}
# - {name: sigma, unit: deg, datatype: float64, description: angular size}
# meta: !!omap
# - {tag: snr}
# - {filename: snrs/ctadc_skymodel_gps_sources_snr_2.xml}
file name spatial_type ra dec GLON GLAT size spectral_type flux_1_10 distance galactocentric_x galactocentric_y galactocentric_z galactocentric_r age n0 int_flux_above_1TeV_cu skip size_physical sigma
[from data line 506]
snr snr_576 RadialShell 266.246105779 -32.1678127804 357.17077624 -1.56833293233 0.15251 NodeFunction 8.78591062708e-16 13.71532 -0.67673 5.19347 -0.37538 5.23737 22.4032 0.3604 0.00470457410736 0 36.5218906087 0.152511666667
snr snr_577 RadialShell 201.158024384 -66.6332860603 306.221466096 -3.9737825179 0.69698 NodeFunction 8.09705894535e-14 6.19667 -4.98708 -4.84714 -0.42943 6.95455 12.3175 0.2758 0.433571606598 0 75.4093159344 0.696983333333
snr snr_578 RadialShell 268.613348693 -32.7749952772 357.673086272 -3.59447292464 0.33961 NodeFunction 3.58341978472e-14 8.76556 -0.35519 0.2411 -0.54955 0.42929 11.1414 0.002 0.191880667247 0 51.9766923353 0.339613333333
snr snr_579 RadialShell 272.882576683 -17.1837763828 13.1503061955 0.721597418752 0.30362 NodeFunction 1.44343779717e-13 3.5767 0.81366 -5.01737 0.04505 5.08292 12.1571 2.8164 0.772914769384 0 18.9607165569 0.303618333333
snr snr_580 RadialShell 157.419695992 -57.126765727 284.586306243 0.607368298338 0.14599 NodeFunction 4.38905375308e-14 5.38253 -5.20876 -7.14455 0.05706 8.84171 3.2037 0.9455 0.235019789285 0 13.7198337534 0.145988333333
snr snr_581 RadialShell 241.708224031 -44.2646702017 335.751956243 5.80464695481 0.04352 NodeFunction 6.33535431015e-14 7.33402 -2.99655 -1.8473 0.74174 3.5202 0.464 0.1607 0.339237958518 0 5.57324940995 0.0435233333333
snr snr_582 RadialShell 277.888896492 -10.9242550505 20.9579762372 -0.613022334848 0.26956 NodeFunction 5.18697975305e-15 7.01698 2.50971 -1.94762 -0.07508 3.17677 27.2844 0.8878 0.0277746174271 0 33.0251314806 0.269556666667
snr snr_583 RadialShell 29.8787358468 60.3144125623 131.269196254 -1.45069733931 0.89632 NodeFunction 9.12804034772e-13 3.32127 2.49553 -10.69 -0.08408 10.97742 4.9931 0.384 4.88777362912 0 51.9770358829 0.89632
snr snr_584 RadialShell 281.010071537 -2.83138224115 29.5689362019 0.353117986892 0.14436 NodeFunction 2.88431386701e-16 19.00309 9.37728 8.02786 0.11712 12.34423 35.4048 0.2327 0.00154445781572 0 47.8961158543 0.144355
snr snr_585 RadialShell 201.662196831 -62.3061890764 307.010376225 0.286407458428 0.15391 NodeFunction 5.06373113292e-16 17.4218 -13.9116 1.98709 0.08709 14.0528 30.6069 0.1945 0.00271146604897 0 46.8180700442 0.153913333333
snr snr_586 RadialShell 274.177869156 -17.8228615057 13.1798462353 -0.668922580401 0.28449 NodeFunction 4.18141112921e-14 12.60395 2.87361 3.77112 -0.14715 4.7412 8.9524 0.4544 0.22390119096 0 62.6059156869 0.284488333333
snr snr_587 RadialShell 236.992010076 -53.9858297567 327.101306221 0.387107029623 0.09477 NodeFunction 6.76782419254e-15 12.00087 -6.51819 1.57609 0.08108 6.70603 8.98 1.2104 0.0362395337386 0 19.8583484259 0.0947733333333
snr snr_588 RadialShell 237.140627145 -50.1250705924 329.571846251 3.35663700125 0.76826 NodeFunction 4.81381486218e-13 4.66727 -2.35972 -4.48248 0.27327 5.06566 6.9087 0.3836 2.57764388002 0 62.606053622 0.768261666667
snr snr_589 RadialShell 199.873635698 -62.5492836218 306.158996221 0.146537483945 0.14011 NodeFunction 1.52683926029e-15 12.9156 -10.4278 -0.87946 0.03303 10.46482 21.0129 0.6553 0.00817573585136 0 31.5945708095 0.140105
snr snr_590 RadialShell 290.9442106 16.4978215572 51.2468761888 0.54300897903 0.42901 NodeFunction 3.28059631497e-16 13.30828 10.378 -0.16984 0.12613 10.37939 20.0481 0.3125 0.00175665439079 0 99.6866401828 0.429013333333
snr snr_592 RadialShell 137.503527961 -47.4358054214 269.117946234 0.36570903717 0.63869 NodeFunction 5.17264602345e-16 8.93924 -8.938 -8.63761 0.05706 12.42965 20.4143 0.3283 0.002769786489 0 99.6867000589 0.638693333333
snr snr_593 RadialShell 291.701348423 16.0428269949 51.1911562318 -0.31266102377 0.02202 NodeFunction 4.68618598615e-15 13.2074 10.2916 -0.22272 -0.07207 10.29401 0.62 0.5044 0.0250930269934 0 5.07822284742 0.0220216666667
snr snr_594 RadialShell 279.182595937 -3.37574462781 28.2494161482 1.72632793445 0.72483 NodeFunction 7.58051451319e-15 7.17717 3.39549 -2.18053 0.21622 4.03535 16.4535 0.3275 0.0405912304518 0 90.8306943134 0.724828333333
snr snr_596 RadialShell 278.485505401 -9.49453221284 22.497356233 -0.473842281 0.13837 NodeFunction 5.50236598317e-16 15.61424 5.97444 5.92546 -0.12913 8.41457 26.3087 0.4236 0.00294634098074 0 37.7230701084 0.13837
snr snr_598 RadialShell 279.790147517 -5.0820674308 27.0107962005 0.405327886221 0.42175 NodeFunction 3.34145531246e-19 14.8572 6.74735 4.73626 0.10511 8.24372 22.4428 0.5708 1.78924243726e-06 0 109.40607782 0.421755
snr snr_599 RadialShell 288.818245378 19.1881390019 52.6798960338 3.5896090514 3.18637 NodeFunction 3.76532569782e-18 1.96652 1.56083 -7.3101 0.12312 7.47487 22.8709 0.5233 2.01621147035e-05 0 109.405298952 3.18636666667
snr snr_603 RadialShell 182.948936836 -62.2717767729 298.338766225 0.245917743524 0.24968 NodeFunction 5.20454870665e-15 7.69608 -6.77369 -4.84683 0.03303 8.32914 36.8515 1.4999 0.0278686935539 0 33.5510615296 0.249685
snr snr_604 RadialShell 98.3733032489 1.89190467048 209.197846091 -3.12541797203 4.1524 NodeFunction 8.05333169199e-18 1.8176 -0.88536 -10.0843 -0.0991 10.12309 35.1352 0.407 4.3123015205e-05 0 131.77764311 4.1524
snr snr_605 RadialShell 269.920184873 -24.9949119387 4.98662623128 -0.690402787631 0.24385 NodeFunction 3.04657176055e-14 14.70417 1.27804 6.14745 -0.17718 6.2789 8.8664 0.4162 0.16313417276 0 62.6060666536 0.243855
snr snr_606 RadialShell 198.163600419 -62.2542937507 305.398586232 0.515797507201 0.09945 NodeFunction 4.60674755273e-15 17.34639 -14.1392 1.54768 0.15616 14.22365 8.3254 0.1269 0.0246676595923 0 30.1192099969 0.0994466666667
snr snr_607 RadialShell 232.07147154 -53.7498024886 324.90201625 2.29408705952 1.11366 NodeFunction 1.87704473312e-17 5.62658 -3.23256 -3.90019 0.22523 5.06566 24.7119 0.3938 0.000100509741387 0 109.405727599 1.11365666667
snr snr_608 RadialShell 141.02354287 -50.1325837118 272.667276223 0.145298859419 0.26966 NodeFunction 5.91230033736e-16 9.47317 -9.46288 -8.05916 0.02402 12.42965 37.7368 0.3781 0.00316584771491 0 44.6013544799 0.269655
snr snr_609 RadialShell 270.689088501 -21.3823401021 8.47500620412 0.485027293861 1.00591 NodeFunction 3.1831448582e-18 5.67589 0.83647 -2.88629 0.04805 3.00505 24.4611 1.2916 1.70447225285e-05 0 99.6865613745 1.00590833333
snr snr_610 RadialShell 190.148791242 -60.5748863938 301.599536293 2.26880762988 0.50058 NodeFunction 6.11068057369e-15 10.39236 -8.84456 -3.05889 0.41141 9.35858 16.1307 0.147 0.032720739859 0 90.8305441512 0.50058
snr snr_611 RadialShell 270.593712722 -30.2346571109 0.722686285483 -3.79875287318 0.47406 NodeFunction 4.34602884877e-16 9.11071 0.11466 0.58997 -0.6036 0.60101 19.5523 0.0026 0.00232715943283 0 75.4093494032 0.474055
snr snr_612 RadialShell 176.787676541 -61.6076349633 295.367426228 0.316317853433 0.42143 NodeFunction 2.4395130973e-18 16.31825 -14.7446 -1.50902 0.09009 14.82162 25.4668 0.1605 1.30628123131e-05 0 120.072896563 0.421431666667
snr snr_613 RadialShell 220.320519157 -60.3603631174 316.114816209 -0.33087277831 0.13284 NodeFunction 1.12240993934e-15 14.04066 -9.73304 1.61936 -0.08108 9.86683 20.1324 0.5166 0.0060101462018 0 32.5644901014 0.132835
snr snr_614 RadialShell 259.334891942 -37.7215730576 349.421936215 0.114816978 0.07195 NodeFunction 1.48624319374e-15 19.48039 -3.57611 10.6493 0.03904 11.23371 9.6962 0.4945 0.00795835690038 0 24.471614617 0.0719483333333
snr snr_615 RadialShell 279.52351441 -6.40485659333 25.7136662148 0.0343378367736 0.08573 NodeFunction 7.70757783728e-15 15.03108 6.52159 5.0426 0.00901 8.24372 2.6814 1.7906 0.0412716139087 0 22.4996463719 0.0857316666667
snr snr_616 RadialShell 339.623774255 57.7214452939 105.911176246 -0.688878240087 0.36758 NodeFunction 3.84264575837e-15 5.74478 5.52429 -10.0748 -0.06907 11.48997 23.5837 0.3812 0.0205761388955 0 36.8695252446 0.367578333333
snr snr_617 RadialShell 276.223305625 -13.8879342335 17.5777262337 -0.550202447125 0.28236 NodeFunction 8.60623701848e-14 11.57089 3.49424 2.53012 -0.11111 4.31407 6.1902 0.6715 0.460836463715 0 57.0442157841 0.282358333333
snr snr_619 RadialShell 274.780810762 -5.98720337936 23.8975760551 4.4062677694 0.41493 NodeFunction 5.36970787699e-15 5.08134 2.05238 -3.86801 0.39039 4.37879 21.6607 0.3236 0.0287530680819 0 36.8129668262 0.414933333333
snr snr_620 RadialShell 275.04944162 -14.5361764794 16.4710862115 0.150137517948 0.33214 NodeFunction 2.64677387408e-17 17.18973 4.87381 7.98426 0.04505 9.35427 24.3361 0.8954 0.000141726274766 0 99.6865704828 0.332141666667
snr snr_621 RadialShell 284.055354761 7.49023618238 40.1448761081 2.35120844331 1.15986 NodeFunction 2.859386761e-19 5.92917 3.81945 -3.97146 0.24324 5.51005 30.898 0.3951 1.53111014779e-06 0 120.072889327 1.15986333333
snr snr_622 RadialShell 256.238866501 -41.9896488417 344.575846218 -0.495453050088 0.35411 NodeFunction 4.63066441421e-14 11.11311 -2.95556 2.21245 -0.0961 3.69192 10.6965 0.745 0.247957267353 0 68.710022043 0.354111666667
snr snr_623 RadialShell 241.077262032 -52.2968360114 330.063706217 0.108386996277 0.13131 NodeFunction 2.34908471679e-16 19.04943 -9.50635 8.00784 0.03604 12.42965 35.0647 0.3624 0.00125785972607 0 43.674660545 0.131311666667
snr snr_624 RadialShell 270.289368628 -31.5731655408 359.425106289 -4.22809289608 0.42121 NodeFunction 1.1649989291e-14 8.51285 -0.08518 -0.01075 -0.62763 0.08586 12.9394 0.0004 0.0623819661909 0 62.6060314729 0.421208333333
snr snr_625 RadialShell 271.490220462 -22.4569214514 7.90347623296 -0.689892720184 0.65536 NodeFunction 5.22003501659e-14 7.2328 0.99447 -1.33642 -0.08709 1.66583 10.8141 0.1359 0.279516177901 0 82.7615121787 0.655356666667
snr snr_626 RadialShell 299.011435712 28.5963892275 65.4357162134 0.0498597164481 1.37353 NodeFunction 9.37961798018e-15 3.451 3.13867 -7.06537 0.003 7.73115 18.7028 2.2178 0.0502248540413 0 82.7614088679 1.37353166667
snr snr_627 RadialShell 266.535461556 -29.5482788969 359.536626223 -0.415832894174 0.09911 NodeFunction 3.8707601733e-15 13.24078 -0.10708 4.74 -0.0961 4.74121 11.5981 0.9902 0.0207266825945 0 22.9126481033 0.09911
snr snr_628 RadialShell 77.9141565983 24.851058317 179.24037607 -8.56703710076 3.45363 NodeFunction 9.25807140897e-16 1.8143 0.02379 -10.2939 -0.27027 10.29393 20.9803 0.1725 0.00495740110314 0 109.403084663 3.45363333333
snr snr_629 RadialShell 110.050397302 -28.8339331839 241.803245844 -7.02573952417 2.69465 NodeFunction 3.71821479866e-12 1.0066 -0.88049 -8.97205 -0.12312 9.01515 6.4604 0.4039 19.9098509077 0 47.3591096874 2.69465
snr snr_630 RadialShell 231.547817473 -56.4011036444 323.169266221 0.264667086133 0.03058 NodeFunction 1.04550645302e-14 14.95227 -8.96309 3.46782 0.06907 9.61055 0.7525 0.6337 0.0559835263154 0 7.98211234067 0.030575
snr snr_631 RadialShell 257.504011158 -39.9568779649 346.775136216 -0.0399330400356 0.72706 NodeFunction 3.23880742348e-18 8.61844 -1.97167 -0.11012 -0.00601 1.97474 22.787 0.5596 1.73427777609e-05 0 109.405754953 0.727055
snr snr_632 RadialShell 197.414130374 -63.0277519621 304.996016209 -0.2290424803 0.06061 NodeFunction 6.93225489498e-15 17.27777 -14.1537 1.40906 -0.06907 14.22367 3.1206 0.2056 0.037120007554 0 18.2852160354 0.0606133333333
snr snr_634 RadialShell 259.114563932 -39.2663699927 348.062526221 -0.638973032071 0.37412 NodeFunction 6.98933969731e-16 7.53991 -1.55949 -1.12361 -0.08408 1.92211 35.8807 0.2078 0.00374256784108 0 49.2517115158 0.37412
snr snr_635 RadialShell 235.733259479 -55.1390747328 325.817966215 -0.0771829534582 0.05944 NodeFunction 2.98702538924e-14 4.45854 -2.50491 -4.81165 -0.00601 5.42462 0.29 3.9009 0.159945655046 0 4.62704293978 0.0594383333333
snr snr_636 RadialShell 90.8563820963 23.5409438964 186.672536233 0.712762749518 1.05509 NodeFunction 1.10878241701e-18 6.51795 -0.75729 -14.9733 0.08108 14.99244 22.2879 0.1617 5.93717517873e-06 0 120.072457347 1.05508666667
snr snr_637 RadialShell 281.309827112 -4.92974155275 27.8387162502 -0.871242081647 0.16742 NodeFunction 2.30351513369e-15 10.66472 4.97968 0.92936 -0.16216 5.06566 16.5862 0.4349 0.0123345867194 0 31.1739897084 0.167416666667
snr snr_638 RadialShell 257.5475684 -40.0084914215 346.753446217 -0.0974430401566 0.29394 NodeFunction 8.82023325102e-17 19.42415 -4.45088 10.4073 -0.03303 11.31911 18.7267 0.4972 0.000472295277461 0 99.6867792782 0.293935
snr snr_639 RadialShell 234.856432895 -57.0062757028 324.305176197 -1.27620293161 0.74957 NodeFunction 1.03304141504e-17 8.35964 -4.87637 -1.71252 -0.18619 5.16834 21.7329 0.4119 5.53160634033e-05 0 109.405993498 0.749565
snr snr_640 RadialShell 25.4725882871 62.2004623837 128.777166219 -0.0973374072731 0.76728 NodeFunction 8.24729773587e-13 3.53509 2.75591 -10.714 -0.00601 11.06277 4.5051 0.5892 4.41616413264 0 47.358777054 0.767283333333
snr snr_641 RadialShell 284.301419617 3.20971019753 36.4456562081 0.181648276816 1.51993 NodeFunction 7.16333370292e-14 2.84156 1.68805 -6.2142 0.00901 6.43939 16.4488 3.31 0.383573606557 0 75.4090908186 1.51992666667
snr snr_642 RadialShell 227.532814677 -58.3575294656 320.296796212 -0.241292863893 0.1453 NodeFunction 8.37276937306e-16 14.26139 -9.11025 2.4721 -0.06006 9.4397 31.3065 0.7411 0.00448335018092 0 36.1790172045 0.145295
snr snr_645 RadialShell 274.891598488 -9.19384953187 21.1118561192 2.80451767045 0.07005 NodeFunction 1.48891279901e-14 11.53855 4.15109 2.25118 0.56456 4.72222 1.9779 0.2907 0.0797265178268 0 14.1121531923 0.0700483333333
snr snr_646 RadialShell 264.542255856 -34.2733320432 354.629286235 -1.46965296774 0.18478 NodeFunction 4.90133497055e-15 11.00623 -1.02984 2.45431 -0.28228 2.66162 13.3735 0.146 0.0262450809856 0 35.5089463923 0.18478
snr snr_647 RadialShell 229.058537572 -58.0211295768 321.15925621 -0.368142879659 0.27827 NodeFunction 2.40601479372e-15 18.69504 -11.7245 6.06112 -0.12012 13.19853 15.6618 0.193 0.0128834396125 0 90.8310688871 0.278268333333
snr snr_648 RadialShell 302.736726691 33.4317783435 71.22754622 -0.0751899749546 0.14144 NodeFunction 1.51547079049e-15 13.73041 13.0 -4.08141 -0.01802 13.62563 16.6053 0.2857 0.00811486133199 0 33.9082292193 0.141441666667
snr snr_649 RadialShell 269.132631852 -24.1887518544 5.32669620878 0.332857219862 0.38099 NodeFunction 2.8531766495e-17 9.3045 0.86376 0.76416 0.05405 1.15327 39.4032 0.0798 0.000152778483173 0 61.8935163215 0.380985
snr snr_650 RadialShell 271.117416994 -22.7826915771 7.45092622933 -0.549282731115 0.2275 NodeFunction 2.89190656125e-15 22.86712 2.9652 14.173 -0.21922 14.47986 11.9068 0.0898 0.0154852346062 0 90.8302998416 0.227496666667
snr snr_651 RadialShell 85.9875675953 16.6477143969 190.325626039 -6.70998734118 2.848 NodeFunction 1.79891502688e-14 2.00467 -0.35686 -10.4587 -0.23423 10.46479 16.6824 0.1866 0.0963261455303 0 99.6843807936 2.848
snr snr_652 RadialShell 280.955023649 -5.3564098962 27.2977162452 -0.751672102691 0.10862 NodeFunction 2.33814420578e-15 15.1081 6.92819 4.92444 -0.1982 8.5 11.0958 0.294 0.0125200143237 0 28.6525902121 0.10862
snr snr_653 RadialShell 296.16991708 26.5029846071 62.3513561552 1.15249955309 0.40394 NodeFunction 1.01269122998e-13 4.62839 4.09904 -6.35264 0.09309 7.5603 4.1807 0.7993 0.542263760871 0 32.6428044439 0.403936666667
snr snr_654 RadialShell 275.882493237 -11.7510324746 19.3107061914 0.743507609394 0.08763 NodeFunction 5.02393441438e-15 12.95964 4.28527 3.72949 0.16817 5.6809 5.434 0.4366 0.0269015617916 0 19.8296371774 0.087635
snr snr_655 RadialShell 289.084050622 0.51042779555 36.2347664499 -5.30351173245 1.28579 NodeFunction 4.62430784031e-18 4.87333 2.86827 -4.58599 -0.45045 5.40909 21.0814 0.3365 2.47616893153e-05 0 109.405739003 1.28579
snr snr_656 RadialShell 176.777227515 -61.2958041489 295.28572624 0.617297856536 0.58743 NodeFunction 4.92186220752e-19 11.70686 -10.5846 -3.49991 0.12613 11.14823 27.9662 0.2737 2.63549977735e-06 0 120.07275705 0.587435
snr snr_657 RadialShell 266.538928271 -22.5804630048 5.49508614463 3.2007972236 0.78635 NodeFunction 3.37299134546e-16 7.2607 0.6942 -1.28394 0.40541 1.4596 19.2262 0.0266 0.00180612897419 0 99.686599657 0.786346666667
