sky_model/snrs/ctadc_skymodel_gps_sources_snr_2.ecsv
# %ECSV 0.9
# ---
# datatype:
# - {name: Simulation_number, unit: '', datatype: float64, format: '%i', description: Simulation_number}
# - {name: n0, unit: 1 / cm3, datatype: float64, format: '%0.4f', description: density}
# - {name: type, unit: '', datatype: float64, format: '%i', description: type of progenitor}
# - {name: age, unit: kyear, datatype: float64, format: '%0.4f', description: age of
#     the SNR}
# - {name: sigma, unit: arcmin, datatype: float64, format: '%0.4f', description: apparent
#     size of the SNR}
# - {name: size_physical, unit: pc, datatype: float64, format: '%0.4f', description: SNR
#     Radius}
# - {name: '0.1', unit: 1 / (cm2 s TeV), datatype: float64, description: Differential
#     spectrum}
# - {name: '0.11514', unit: 1 / (cm2 s TeV), datatype: float64, description: Differential
#     spectrum}
# - {name: '0.132571', unit: 1 / (cm2 s TeV), datatype: float64, description: Differential
#     spectrum}
# - {name: '0.152642', unit: 1 / (cm2 s TeV), datatype: float64, description: Differential
#     spectrum}
# - {name: '0.175751', unit: 1 / (cm2 s TeV), datatype: float64, description: Differential
#     spectrum}
# - {name: '0.202359', unit: 1 / (cm2 s TeV), datatype: float64, description: Differential
#     spectrum}
# - {name: '0.232995', unit: 1 / (cm2 s TeV), datatype: float64, description: Differential
#     spectrum}
# - {name: '0.26827', unit: 1 / (cm2 s TeV), datatype: float64, description: Differential
#     spectrum}
# - {name: '0.308884', unit: 1 / (cm2 s TeV), datatype: float64, description: Differential
#     spectrum}
# - {name: '0.355648', unit: 1 / (cm2 s TeV), datatype: float64, description: Differential
#     spectrum}
# - {name: '0.409492', unit: 1 / (cm2 s TeV), datatype: float64, description: Differential
#     spectrum}
# - {name: '0.471487', unit: 1 / (cm2 s TeV), datatype: float64, description: Differential
#     spectrum}
# - {name: '0.542868', unit: 1 / (cm2 s TeV), datatype: float64, description: Differential
#     spectrum}
# - {name: '0.625055', unit: 1 / (cm2 s TeV), datatype: float64, description: Differential
#     spectrum}
# - {name: '0.719686', unit: 1 / (cm2 s TeV), datatype: float64, description: Differential
#     spectrum}
# - {name: '0.828643', unit: 1 / (cm2 s TeV), datatype: float64, description: Differential
#     spectrum}
# - {name: '0.954095', unit: 1 / (cm2 s TeV), datatype: float64, description: Differential
#     spectrum}
# - {name: '1.09854', unit: 1 / (cm2 s TeV), datatype: float64, description: Differential
#     spectrum}
# - {name: '1.26486', unit: 1 / (cm2 s TeV), datatype: float64, description: Differential
#     spectrum}
# - {name: '1.45635', unit: 1 / (cm2 s TeV), datatype: float64, description: Differential
#     spectrum}
# - {name: '1.67683', unit: 1 / (cm2 s TeV), datatype: float64, description: Differential
#     spectrum}
# - {name: '1.9307', unit: 1 / (cm2 s TeV), datatype: float64, description: Differential
#     spectrum}
# - {name: '2.223', unit: 1 / (cm2 s TeV), datatype: float64, description: Differential
#     spectrum}
# - {name: '2.55955', unit: 1 / (cm2 s TeV), datatype: float64, description: Differential
#     spectrum}
# - {name: '2.94705', unit: 1 / (cm2 s TeV), datatype: float64, description: Differential
#     spectrum}
[...]
#     from Earth}
# - {name: GLON, unit: deg, datatype: float64, format: '%.5f', description: Galactic
#     longitude}
# - {name: GLAT, unit: deg, datatype: float64, format: '%.5f', description: Galactic
#     latitude}
# - {name: skip, datatype: int64, description: 'Skip boolean, 1 skip 0 keep'}
# meta: !!omap
# - simulation_parameters:
#   - {description: Spectral index, name: alpha, value: 4.1}
#   - {description: Electron to proton ratio, name: Kep, value: 0.01}
#   - {description: CR efficiency, name: xi, value: 0.1}
# - energy_array: [0.1, 0.11514, 0.132571, 0.152642, 0.175751, 0.202359, 0.232995, 0.26827,
#     0.308884, 0.355648, 0.409492, 0.471487, 0.542868, 0.625055, 0.719686, 0.828643,
#     0.954095, 1.09854, 1.26486, 1.45635, 1.67683, 1.9307, 2.223, 2.55955, 2.94705,
#     3.39322, 3.90694, 4.49843, 5.17947, 5.96362, 6.86649, 7.90604, 9.10298, 10.4811,
#     12.0679, 13.895, 15.9986, 18.4207, 21.2095, 24.4205, 28.1177, 32.3746, 37.2759,
#     42.9193, 49.4171, 56.8987, 65.5129, 75.4312, 86.8511, 100.0]
# schema: astropy-2.0
Simulation_number n0 type age sigma size_physical 0.1 0.11514 0.132571 0.152642 0.175751 0.202359 0.232995 0.26827 0.308884 0.355648 0.409492 0.471487 0.542868 0.625055 0.719686 0.828643 0.954095 1.09854 1.26486 1.45635 1.67683 1.9307 2.223 2.55955 2.94705 3.39322 3.90694 4.49843 5.17947 5.96362 6.86649 7.90604 9.10298 10.4811 12.0679 13.895 15.9986 18.4207 21.2095 24.4205 28.1177 32.3746 37.2759 42.9193 49.4171 56.8987 65.5129 75.4312 86.8511 100.0 galactocentric_x galactocentric_y galactocentric_z galactocentric_r distance GLON GLAT skip
[from data line 429]
0 0.8569 2 3.7329 8.7968 14.8658 1.06183e-12 8.38224e-13 6.60813e-13 5.20549e-13 4.09699e-13 3.21837e-13 2.52532e-13 1.97899e-13 1.54623e-13 1.20586e-13 9.38634e-14 7.28065e-14 5.62455e-14 4.33046e-14 3.32162e-14 2.53693e-14 1.92183e-14 1.4469e-14 1.08182e-14 8.02581e-15 5.90261e-15 4.29954e-15 3.09943e-15 2.21004e-15 1.55851e-15 1.08717e-15 7.50457e-16 5.12759e-16 3.46736e-16 2.31891e-16 1.53196e-16 9.98184e-17 6.40258e-17 4.03397e-17 2.49017e-17 1.50154e-17 8.8126e-18 5.01279e-18 2.74941e-18 1.44509e-18 7.22387e-19 3.40282e-19 1.49328e-19 6.01917e-20 2.19e-20 7.04232e-21 1.95442e-21 4.58891e-22 9.24987e-23 1.85558e-23 -8.94903 -1.08984 -0.06006 9.01515 11.61892 -50.37386 -0.29617 0
0 0.5454 1 24.8499 8.1044 17.5215 1.66558e-12 1.17384e-12 8.20228e-13 5.67893e-13 3.89361e-13 2.64221e-13 1.77391e-13 1.17796e-13 7.73631e-14 5.02614e-14 3.23193e-14 2.05882e-14 1.30101e-14 8.16955e-15 5.1075e-15 3.18544e-15 1.98519e-15 1.23745e-15 7.71537e-16 4.80658e-16 2.98606e-16 1.845e-16 1.13045e-16 6.84868e-17 4.09162e-17 2.40468e-17 1.38715e-17 7.83716e-18 4.32721e-18 2.32941e-18 1.21939e-18 6.18914e-19 3.0359e-19 1.43386e-19 6.49341e-20 2.8062e-20 1.15102e-20 4.45296e-21 1.61294e-21 5.42165e-22 1.67205e-22 4.65676e-23 1.14217e-23 2.3563e-24 3.71006e-25 3.50046e-26 8.77021e-28 5.69971e-37 8.45119e-251 1.92784000002e-313 10.53550 1.98612 0.04805 10.72107 14.86465 45.13459 0.18520 0
0 0.1357 1 7.4165 5.1169 14.1699 1.41769e-12 1.07982e-12 8.19324e-13 6.19015e-13 4.65448e-13 3.48125e-13 2.58845e-13 1.91211e-13 1.40233e-13 1.02031e-13 7.35859e-14 5.25593e-14 3.71422e-14 2.59405e-14 1.78841e-14 1.21553e-14 8.13315e-15 5.34896e-15 3.45195e-15 2.18202e-15 1.34841e-15 8.13026e-16 4.77399e-16 2.72545e-16 1.51121e-16 8.13964e-17 4.26835e-17 2.19154e-17 1.11324e-17 5.68176e-18 2.96586e-18 1.60494e-18 9.02361e-19 5.2193e-19 3.05663e-19 1.78595e-19 1.03049e-19 5.83588e-20 3.232e-20 1.74563e-20 9.17089e-21 4.67324e-21 2.30246e-21 1.09291e-21 4.97782e-22 2.16556e-22 8.95189e-23 3.49515e-23 1.27991e-23 4.35915e-24 14.86570 3.39625 0.10210 15.24872 19.03996 51.33152 0.30725 0
0 0.2732 3 13.0678 27.4197 45.3979 3.88665e-12 2.87725e-12 2.11425e-12 1.541e-12 1.11318e-12 7.96301e-13 5.63532e-13 3.94126e-13 2.72097e-13 1.85195e-13 1.2409e-13 8.1726e-14 5.28129e-14 3.34216e-14 2.06666e-14 1.24566e-14 7.29812e-15 4.14326e-15 2.27114e-15 1.19716e-15 6.04007e-16 2.90129e-16 1.31862e-16 5.63033e-17 2.24008e-17 8.22677e-18 2.75986e-18 8.36636e-19 2.27196e-19 5.53293e-20 1.247e-20 2.86417e-21 7.76498e-22 2.56568e-22 9.16396e-23 3.18576e-23 1.03113e-23 3.04505e-24 8.04036e-25 1.8371e-25 3.40643e-26 4.42862e-27 2.68285e-28 1.12781e-30 4.94725e-62 2.47881e-71 5.59626e-84 3.0329e-101 1.57276e-124 1.41928e-153 11.22550 -6.61113 0.06607 13.02762 11.38350 80.44854 0.33253 0
0 0.3494 3 22.7685 22.8586 54.6819 1.79382e-13 1.05192e-13 5.99902e-14 3.31914e-14 1.77711e-14 9.18332e-15 4.56824e-15 2.18242e-15 9.99661e-16 4.38997e-16 1.85392e-16 7.59523e-17 3.0727e-17 1.26278e-17 5.44779e-18 2.51859e-18 1.2406e-18 6.34147e-19 3.26705e-19 1.66062e-19 8.22118e-20 3.93352e-20 1.80888e-20 7.95487e-21 3.32755e-21 1.31599e-21 4.88598e-22 1.68875e-22 5.37673e-23 1.55466e-23 3.99522e-24 8.78522e-25 1.52929e-25 1.74816e-26 7.3844e-28 2.30723e-31 4.98298e-79 2.65887e-91 3.27664e-108 8.17968e-126 6.2724e-150 4.37041e-183 5.20195e-228 6.05047e-285 0.0 0.0 0.0 0.0 0.0 0.0 10.67570 4.01165 0.08408 11.40456 16.44746 40.47283 0.29291 0
0 0.1250 3 16.7547 15.8879 54.6819 3.40188e-13 2.28889e-13 1.51538e-13 9.85732e-14 6.2895e-14 3.92917e-14 2.3985e-14 1.42747e-14 8.26246e-15 4.63854e-15 2.51804e-15 1.3173e-15 6.61636e-16 3.17735e-16 1.45228e-16 6.28725e-17 2.56536e-17 9.82154e-18 3.5193e-18 1.18334e-18 3.7876e-19 1.19687e-19 3.97573e-20 1.47424e-20 6.11968e-21 2.69497e-21 1.18924e-21 5.0824e-22 2.06846e-22 7.93927e-23 2.85001e-23 9.47905e-24 2.88618e-24 7.90907e-25 1.89743e-25 3.78258e-26 5.58875e-27 4.53317e-28 6.44126e-30 1.38076e-66 2.72244e-77 3.29801e-90 2.4046e-105 2.5074e-126 6.66214e-155 2.18516e-193 1.20043e-236 6.49749e-291 0.0 0.0 -0.00864 15.16330 0.12012 15.16330 23.66361 -0.02092 0.29084 0
0 0.3841 2 10.7088 17.1857 34.3418 2.84646e-12 2.23479e-12 1.75197e-12 1.37104e-12 1.07119e-12 8.35002e-13 6.49369e-13 5.03861e-13 3.89703e-13 3.00388e-13 2.3078e-13 1.76635e-13 1.34441e-13 1.01822e-13 7.67022e-14 5.74363e-14 4.26511e-14 3.13887e-14 2.28864e-14 1.65128e-14 1.17727e-14 8.27987e-15 5.73369e-15 3.9014e-15 2.60304e-15 1.69972e-15 1.08439e-15 6.75011e-16 4.09451e-16 2.4165e-16 1.3844e-16 7.67242e-17 4.0945e-17 2.09207e-17 1.01637e-17 4.65588e-18 1.99074e-18 7.84673e-19 2.80776e-19 8.94838e-20 2.48028e-20 5.80401e-21 1.10548e-21 1.64417e-22 1.8596e-23 1.76317e-24 2.25703e-25 4.96742e-26 1.18038e-26 2.39956e-27 0.14031 5.23549 0.28529 5.23737 13.73917 0.58526 1.18980 0
0 0.4320 3 25.1891 86.6320 60.0133 7.89381e-14 3.78005e-14 1.81593e-14 8.91303e-15 4.54573e-15 2.42878e-15 1.35337e-15 7.75561e-16 4.49671e-16 2.60231e-16 1.48912e-16 8.37518e-17 4.61115e-17 2.47761e-17 1.29546e-17 6.57185e-18 3.224e-18 1.52382e-18 6.90995e-19 2.99183e-19 1.23008e-19 4.77207e-20 1.73388e-20 5.84725e-21 1.8093e-21 5.05508e-22 1.24316e-22 2.56681e-23 4.01711e-24 3.66002e-25 7.50777e-27 9.41272e-83 1.73306e-95 1.44502e-108 7.48641e-127 1.16805e-151 4.47894e-177 9.95488e-213 9.20536e-262 0.0 0.0 0.0 0.0 0.0 0.0 0.0 0.0 0.0 0.0 0.0 4.34402 -10.45230 -0.05706 11.31906 4.76290 114.20022 -0.68639 0
0 2.3229 2 26.6758 22.7841 49.8241 1.83043e-13 1.05998e-13 5.97022e-14 3.26459e-14 1.73025e-14 8.87853e-15 4.41003e-15 2.12356e-15 9.95608e-16 4.58389e-16 2.10158e-16 9.77302e-17 4.69451e-17 2.3526e-17 1.22546e-17 6.53801e-18 3.50878e-18 1.86545e-18 9.71929e-19 4.92681e-19 2.4172e-19 1.14273e-19 5.18238e-20 2.24366e-20 9.22224e-21 3.57613e-21 1.29853e-21 4.37565e-22 1.35267e-22 3.77511e-23 9.27204e-24 1.91181e-24 2.98954e-25 2.73313e-26 5.80127e-28 1.30012e-73 2.25549e-83 4.94188e-97 8.1859e-115 5.95067e-134 1.10088e-160 2.6901e-197 8.80697e-247 1.9022e-305 0.0 0.0 0.0 0.0 0.0 0.0 3.74920 6.06029 0.03303 7.12626 15.03528 14.43969 0.12588 0
0 0.1184 2 19.1169 56.5235 54.6819 4.86314e-12 3.3705e-12 2.30472e-12 1.55289e-12 1.02957e-12 6.7065e-13 4.28482e-13 2.68012e-13 1.63781e-13 9.75581e-14 5.64998e-14 3.17232e-14 1.72137e-14 8.99479e-15 4.50813e-15 2.15751e-15 9.81069e-16 4.21566e-16 1.70183e-16 6.41696e-17 2.2493e-17 7.32172e-18 2.23242e-18 6.5694e-19 1.98798e-19 6.69735e-20 2.57975e-20 1.07697e-20 4.53987e-21 1.85014e-21 7.14198e-22 2.58244e-22 8.6617e-23 2.66351e-23 7.38765e-24 1.80074e-24 3.67546e-25 5.6613e-26 5.04423e-27 1.00918e-28 6.88577e-63 2.64603e-73 3.83797e-85 5.98873e-100 2.26321e-120 4.28869e-148 2.45128e-185 2.72928e-225 3.60261e-278 0.0 -4.63656 -13.26580 0.17718 14.05273 6.65146 -135.78751 1.52639 0
0 0.6186 2 5.3734 16.7047 21.5677 3.68516e-12 2.9112e-12 2.29798e-12 1.81263e-12 1.42861e-12 1.12472e-12 8.84623e-13 6.94893e-13 5.45043e-13 4.26928e-13 3.33818e-13 2.60432e-13 2.02769e-13 1.57532e-13 1.21977e-13 9.41341e-14 7.23992e-14 5.54719e-14 4.23216e-14 3.20793e-14 2.41681e-14 1.80842e-14 1.34268e-14 9.88044e-15 7.19687e-15 5.18144e-15 3.68152e-15 2.57749e-15 1.77552e-15 1.2019e-15 7.98722e-16 5.20725e-16 3.32845e-16 2.08411e-16 1.27629e-16 7.62522e-17 4.4281e-17 2.4882e-17 1.34554e-17 6.95651e-18 3.41089e-18 1.57042e-18 6.7064e-19 2.61576e-19 9.13999e-20 2.79248e-20 7.2375e-21 1.53461e-21 2.57288e-22 3.47656e-23 2.86017 -0.09675 -0.08108 2.86181 8.87704 18.79675 -0.52334 0
0 0.4197 3 22.8495 19.4930 54.6819 9.29136e-14 5.28285e-14 2.91445e-14 1.55635e-14 8.02566e-15 3.98763e-15 1.90575e-15 8.75534e-16 3.87298e-16 1.65903e-16 6.96746e-17 2.93076e-17 1.27067e-17 5.82723e-18 2.84901e-18 1.46311e-18 7.68806e-19 4.03596e-19 2.08262e-19 1.04602e-19 5.08185e-20 2.37658e-20 1.0649e-20 4.54885e-21 1.84182e-21 7.02221e-22 2.50143e-22 8.24597e-23 2.48442e-23 6.71969e-24 1.58391e-24 3.07278e-25 4.31437e-26 3.08778e-27 2.56514e-29 6.25477e-77 1.70736e-87 2.09524e-102 1.33546e-120 1.6943e-141 1.3603e-170 2.53042e-210 6.33802e-264 4.94065645841e-324 0.0 0.0 0.0 0.0 0.0 0.0 -8.28934 8.91503 -0.00901 12.17337 19.28721 -25.45387 -0.02676 0
0 0.4599 2 15.5617 59.1757 45.3979 1.63442e-11 1.20952e-11 8.88443e-12 6.47289e-12 4.67384e-12 3.3418e-12 2.36375e-12 1.65226e-12 1.14001e-12 7.75411e-13 5.19198e-13 3.41683e-13 2.20618e-13 1.39487e-13 8.61682e-14 5.18808e-14 3.03602e-14 1.72137e-14 9.42255e-15 4.95935e-15 2.49799e-15 1.1977e-15 5.43267e-16 2.31467e-16 9.18774e-17 3.36603e-17 1.12659e-17 3.41025e-18 9.27944e-19 2.2902e-19 5.39411e-20 1.36438e-20 4.18029e-21 1.48595e-21 5.42463e-22 1.89083e-22 6.1109e-23 1.80039e-23 4.73982e-24 1.07864e-24 1.98768e-25 2.55432e-26 1.50354e-27 5.45492e-30 9.59486e-62 4.25321e-71 7.74377e-84 3.1589e-101 1.12587e-124 8.54108e-154 -2.72320 -3.98505 -0.14715 4.82664 5.27468 -31.09635 -1.59858 0
0 2.1465 1 1.9998 2.6183 4.8094 6.20899e-12 4.54408e-12 3.31683e-12 2.41402e-12 1.75147e-12 1.26655e-12 9.12751e-13 6.55489e-13 4.69113e-13 3.34617e-13 2.37951e-13 1.68754e-13 1.19415e-13 8.43624e-14 5.95394e-14 4.2005e-14 2.96409e-14 2.093e-14 1.47925e-14 1.04644e-14 7.40749e-15 5.2445e-15 3.71125e-15 2.62291e-15 1.84988e-15 1.30098e-15 9.11712e-16 6.36276e-16 4.4198e-16 3.05437e-16 2.09894e-16 1.43364e-16 9.72814e-17 6.55454e-17 4.38262e-17 2.90629e-17 1.91016e-17 1.24339e-17 8.00963e-18 5.10158e-18 3.20974e-18 1.99275e-18 1.21942e-18 7.34535e-19 4.34931e-19 2.52753e-19 1.43908e-19 8.01216e-20 4.35263e-20 2.30169e-20 7.56032 1.61629 -0.01502 7.73116 12.62925 36.77228 -0.06812 0
0 1.8175 2 7.4953 18.0264 25.9783 5.89278e-12 4.64469e-12 3.65751e-12 2.87711e-12 2.26073e-12 1.77393e-12 1.39e-12 1.08744e-12 8.49109e-13 6.61731e-13 5.14572e-13 3.99055e-13 3.08631e-13 2.37997e-13 1.82842e-13 1.39905e-13 1.06597e-13 8.0839e-14 6.0978e-14 4.56811e-14 3.39851e-14 2.50873e-14 1.83565e-14 1.32975e-14 9.52314e-15 6.73102e-15 4.68616e-15 3.2063e-15 2.1505e-15 1.41003e-15 9.01191e-16 5.59824e-16 3.37069e-16 1.96184e-16 1.10079e-16 5.93405e-17 3.06038e-17 1.49952e-17 6.91815e-18 2.97236e-18 1.17321e-18 4.18302e-19 1.31941e-19 3.58909e-20 8.17955e-21 1.5253e-21 2.38577e-22 3.89301e-23 9.76395e-24 3.38272e-24 2.83590 0.99398 0.01502 3.00505 9.90849 16.63116 0.08682 0
0 2.1879 2 18.2481 29.7349 41.3648 4.952e-12 3.61286e-12 2.61289e-12 1.87166e-12 1.32667e-12 9.29595e-13 6.43181e-13 4.38881e-13 2.9495e-13 1.94932e-13 1.26483e-13 8.04256e-14 5.0012e-14 3.03441e-14 1.79175e-14 1.02666e-14 5.69002e-15 3.03912e-15 1.55786e-15 7.62803e-16 3.54907e-16 1.55987e-16 6.43528e-17 2.47576e-17 8.83115e-18 2.91343e-18 8.94698e-19 2.62693e-19 7.82771e-20 2.55703e-20 9.41159e-21 3.70411e-21 1.4534e-21 5.4478e-22 1.91136e-22 6.19679e-23 1.83143e-23 4.83966e-24 1.10679e-24 2.05445e-25 2.67414e-26 1.6209e-27 6.75106e-30 2.55791e-63 5.86515e-73 1.80544e-85 1.20344e-102 6.83298e-126 7.9972e-157 9.98586e-190 -7.15334 -2.15085 0.02703 7.46970 9.56466 -48.40843 0.16190 0
0 0.5651 3 10.7167 31.9176 37.6901 1.12349e-11 8.68035e-12 6.6852e-12 5.13043e-12 3.92189e-12 2.98514e-12 2.26133e-12 1.70406e-12 1.2767e-12 9.5043e-13 7.02579e-13 5.15349e-13 3.74785e-13 2.69998e-13 1.92491e-13 1.3566e-13 9.43928e-14 6.47573e-14 4.37356e-14 2.90291e-14 1.88983e-14 1.20388e-14 7.48573e-15 4.52997e-15 2.6588e-15 1.50757e-15 8.21923e-16 4.28476e-16 2.12154e-16 9.89628e-17 4.30588e-17 1.72626e-17 6.28177e-18 2.02972e-18 5.71739e-19 1.38031e-19 2.80044e-20 4.70446e-21 6.71171e-22 9.7234e-23 1.99056e-23 5.53444e-24 1.57434e-24 4.0511e-25 8.9584e-26 1.58126e-26 1.88093e-27 9.21245e-29 1.23271e-31 2.90401e-57 3.44419 -1.14856 -0.10811 3.63065 8.11898 25.10335 -0.76294 0
0 0.3557 3 32.4289 23.4498 65.8645 7.51993e-16 4.59579e-16 2.81529e-16 1.71524e-16 1.03397e-16 6.14603e-17 3.59358e-17 2.06268e-17 1.16001e-17 6.37853e-18 3.42152e-18 1.78585e-18 9.04359e-19 4.42883e-19 2.08967e-19 9.45969e-20 4.0888e-20 1.67819e-20 6.49892e-21 2.35689e-21 7.93226e-22 2.44892e-22 6.82385e-23 1.67234e-23 3.43487e-24 5.32209e-25 4.72556e-26 8.70236e-28 2.49762e-95 9.04051e-108 1.37905e-124 4.67435e-142 4.09015e-167 5.31078e-199 1.61453e-233 5.39033e-282 0.0 0.0 0.0 0.0 0.0 0.0 0.0 0.0 0.0 0.0 0.0 0.0 0.0 0.0 -1.99164 10.70830 0.09610 10.89194 19.31152 -5.91964 0.28511 0
0 0.2671 1 30.6140 27.2761 21.9686 1.07942e-11 7.67048e-12 5.3984e-12 3.75953e-12 2.58808e-12 1.75925e-12 1.1796e-12 7.79285e-13 5.06536e-13 3.23599e-13 2.02964e-13 1.2483e-13 7.51813e-14 4.43224e-14 2.55746e-14 1.44526e-14 8.01185e-15 4.36355e-15 2.34509e-15 1.25102e-15 6.66413e-16 3.56187e-16 1.9136e-16 1.03103e-16 5.53798e-17 2.94215e-17 1.53376e-17 7.7916e-18 3.83529e-18 1.82025e-18 8.29063e-19 3.60613e-19 1.48983e-19 5.81003e-20 2.12334e-20 7.20892e-21 2.24868e-21 6.34694e-22 1.58287e-22 3.34118e-23 5.4559e-24 5.5255e-25 1.69274e-26 8.85106e-32 4.6938e-93 4.88099e-112 9.28847e-138 3.78251e-172 1.37785e-208 8.2105e-258 -1.51402 -3.17798 0.22222 3.52020 5.53765 -15.88011 2.29986 0
0 0.5769 2 27.2876 21.8625 54.6819 1.74301e-13 1.03313e-13 5.96136e-14 3.34105e-14 1.81437e-14 9.52375e-15 4.82045e-15 2.34779e-15 1.09885e-15 4.94355e-16 2.14473e-16 9.05e-17 3.77586e-17 1.59757e-17 7.05321e-18 3.30836e-18 1.6417e-18 8.4274e-19 4.35969e-19 2.22759e-19 1.1099e-19 5.35029e-20 2.4813e-20 1.10158e-20 4.657e-21 1.86378e-21 7.01321e-22 2.46123e-22 7.97536e-23 2.35477e-23 6.21201e-24 1.41606e-24 2.6101e-25 3.33466e-26 1.89597e-27 5.09038e-30 1.15836e-76 3.90018e-88 3.92956e-104 2.95146e-121 7.36316e-144 5.0862e-175 2.6123e-217 3.42322e-273 0.0 0.0 0.0 0.0 0.0 0.0 4.16501 8.18461 -0.08709 9.18342 17.19683 14.01639 -0.29015 0
0 0.1720 2 10.9156 12.5822 37.6901 1.06977e-12 8.34827e-13 6.49995e-13 5.04894e-13 3.91183e-13 3.02121e-13 2.326e-13 1.78449e-13 1.36305e-13 1.03662e-13 7.84708e-14 5.90443e-14 4.415e-14 3.27948e-14 2.41849e-14 1.76753e-14 1.27871e-14 9.15294e-15 6.47421e-15 4.51865e-15 3.10635e-15 2.09883e-15 1.38966e-15 8.9851e-16 5.66312e-16 3.46819e-16 2.05677e-16 1.17707e-16 6.47431e-17 3.41354e-17 1.71929e-17 8.2282e-18 3.71455e-18 1.56714e-18 6.10856e-19 2.16935e-19 6.89964e-20 1.92418e-20 4.58469e-21 9.04656e-22 1.42999e-22 1.78435e-23 1.95014e-24 2.8325e-25 6.66516e-26 1.72787e-26 3.99434e-27 7.57462e-28 1.03189e-28 7.10237e-30 14.53770 6.08877 -0.01201 15.76128 20.59556 44.89954 -0.03342 0
0 0.6466 2 36.6197 42.3965 65.8645 3.31189e-15 2.05076e-15 1.26198e-15 7.68509e-16 4.61788e-16 2.73207e-16 1.58853e-16 9.06089e-17 5.06048e-17 2.7615e-17 1.46895e-17 7.59667e-18 3.80796e-18 1.8439e-18 8.59174e-19 3.83546e-19 1.63219e-19 6.58313e-20 2.49976e-20 8.86599e-21 2.90866e-21 8.71499e-22 2.34115e-22 5.46713e-23 1.04465e-23 1.42138e-24 9.30221e-26 4.74239e-28 1.51783e-99 1.8524e-113 1.3126e-130 3.93112e-150 6.90276e-178 1.98192e-210 9.51374e-249 3.0423e-302 0.0 0.0 0.0 0.0 0.0 0.0 0.0 0.0 0.0 0.0 0.0 0.0 0.0 0.0 -7.58291 -0.97806 -0.10511 7.64573 10.68135 -45.23127 -0.56380 0
0 0.5552 2 38.1140 65.2340 65.8645 7.97367e-15 4.89335e-15 3.00602e-15 1.83573e-15 1.10916e-15 6.60919e-16 3.87476e-16 2.23061e-16 1.25849e-16 6.9445e-17 3.73958e-17 1.96021e-17 9.9735e-18 4.90979e-18 2.33006e-18 1.06161e-18 4.62174e-19 1.91225e-19 7.47264e-20 2.7379e-20 9.32293e-21 2.91774e-21 8.26504e-22 2.06899e-22 4.38201e-23 7.1561e-24 7.12432e-25 1.93474e-26 1.26853e-35 3.50573e-104 9.48287e-121 1.7342e-137 2.38257e-161 6.17357e-193 8.89876e-226 4.98796e-272 0.0 0.0 0.0 0.0 0.0 0.0 0.0 0.0 0.0 0.0 0.0 0.0 0.0 0.0 5.38628 -4.12247 -0.12613 6.78283 6.94195 50.89860 -1.04105 0
