sky_model/snrs/ctadc_skymodel_gps_sources_snr_1_summary_all.ecsv
# %ECSV 0.9
# ---
# datatype:
# - {name: distance, unit: kpc, datatype: float64, description: distance}
# - {name: GLAT, datatype: float64, description: Latitude}
# - {name: GLON, datatype: float64, description: Latitude}
# - {name: galactocentric_x, unit: kpc, datatype: float64, description: galactocentric_x}
# - {name: galactocentric_y, unit: kpc, datatype: float64, description: galactocentric_x}
# - {name: galactocentric_z, unit: kpc, datatype: float64, description: galactocentric_x}
# - {name: galactocentric_r, unit: kpc, datatype: float64, description: galactocentric_x}
# - {name: age, unit: kyr, datatype: float64, description: age}
# - {name: n0, unit: 1 / cm3, datatype: float64, description: n0 column density}
# - {name: int_flux_above_1TeV_cu, datatype: float64, description: Integral flux between
#     1 and 10 TeV in crab units}
# - {name: skip, datatype: float64, description: skip because already known}
# - {name: size_physical, unit: pc, datatype: float64, description: intrinsic physical
#     size}
# - {name: sigma, unit: deg, datatype: float64, description: angular size}
# - {name: flux_1_10, unit: 1 / (cm2 s), datatype: float64, description: Integral flux
#     between 1 and 10 TeV}
distance GLAT GLON galactocentric_x galactocentric_y galactocentric_z galactocentric_r age n0 int_flux_above_1TeV_cu skip size_physical sigma flux_1_10
[from data line 151]
5.23959 0.23622 111.27336 4.88252 -10.401 0.0216 11.48999 12.9163 0.4949 0.0 0.0 13.73 0.300281666667 0.0
9.89512 2.97474 2.93988 0.50682 1.36878 0.51351 1.4596 5.7652 0.0207 0.0 0.0 16.3151 0.18894 0.0
3.72744 1.07924 -91.23309 -3.72592 -8.5802 0.07021 9.35427 12.9438 0.6766 0.0 0.0 37.6901 1.15869333333 0.0
8.55794 -0.08035 -59.11342 -7.34429 -4.10687 -0.012 8.41457 10.7203 1.6538 0.0 0.0 31.291 0.41899 0.0
1.82545 1.92145 -24.21191 -0.74822 -6.83606 0.06121 6.87689 3.5523 1.6855 0.0 0.0 14.8658 0.933188333333 0.0
3.91745 0.30717 -87.19347 -3.9127 -8.30819 0.021 9.18342 2.5853 1.1523 0.0 0.0 6.0394 0.176661666667 0.0
19.15157 0.33391 -31.3338 -9.95909 7.85808 0.11161 12.68593 19.3371 0.2251 0.0 0.0 54.6819 0.327183333333 0.0
6.05513 -0.45465 34.37095 3.41831 -3.50225 -0.04805 4.89393 4.818 2.666 0.0 0.0 19.6516 0.371901666667 0.0
13.51098 0.58581 10.91563 2.55835 4.76583 0.13814 5.40909 10.3135 0.5204 0.0 0.0 34.3418 0.291266666667 0.0
19.50464 0.08108 -11.81054 -3.99213 10.5917 0.0276 11.31906 19.4231 0.5095 0.0 0.0 16.087 0.0945133333333 0.0
8.38733 3.05807 -20.4978 -2.93282 -0.6549 0.44745 3.00505 16.5263 0.1629 0.0 0.0 49.8241 0.68072 0.0
10.36388 1.8099 6.55868 1.18318 1.79092 0.32733 2.14646 5.6776 0.0822 0.0 0.0 19.6516 0.217285 0.0
6.42001 -1.1836 28.06906 3.0202 -2.83631 -0.13261 4.14322 1.8901 0.4594 0.0 0.0 6.3372 0.113113333333 0.0
2.24083 0.07671 35.15017 1.29009 -6.6678 0.003 6.79146 10.5011 3.0491 0.0 0.0 8.7947 0.449743333333 0.0
2.11637 1.23473 -139.83364 -1.36476 -10.1169 0.0456 10.20854 6.5216 0.6558 0.0 0.0 9.8494 0.533296666667 0.0
13.0125 0.18231 12.7727 2.87684 4.19044 0.0414 5.08291 2.1719 2.9663 0.0 0.0 9.3361 0.0822166666667 0.0
6.91565 -0.37783 -37.42551 -4.20275 -3.0081 -0.0456 5.16834 15.2897 2.7966 0.0 0.0 37.6901 0.624521666667 0.0
6.85457 1.79092 -10.70474 -1.2726 -1.76801 0.21422 2.17839 16.5673 0.1001 0.0 0.0 20.86 0.348728333333 0.0
7.40469 0.72035 -21.66401 -2.73332 -1.61889 0.09309 3.17677 7.415 0.6031 0.0 0.0 25.9783 0.40203 0.0
7.59594 -0.47979 20.75435 2.69162 -1.39722 -0.06361 3.03266 11.871 1.0083 0.0 0.0 37.6901 0.56859 0.0
11.98231 -1.50792 -13.47051 -2.79025 3.14864 -0.31532 4.20707 10.0314 0.3274 0.0 0.0 37.6901 0.360445 0.0
14.77069 -1.16157 28.34091 7.01045 4.49758 -0.29943 8.32914 11.0287 0.2425 0.0 0.0 54.6819 0.424225 0.0
9.28057 -0.51124 -13.14964 -2.1112 0.53687 -0.08281 2.17839 11.6603 0.2977 0.0 0.0 37.6901 0.465378333333 0.0
18.78385 0.3664 10.91492 3.55667 9.94366 0.12012 10.5606 17.8725 0.3159 0.0 0.0 49.8241 0.303953333333 0.0
9.84371 -0.65314 24.16382 4.02923 0.48061 -0.11221 4.05779 14.9765 0.6132 0.0 0.0 41.3648 0.481533333333 0.0
12.12962 2.56836 17.20098 3.58342 3.07546 0.54354 4.72222 7.0323 0.2972 0.0 0.0 31.291 0.295613333333 0.0
16.99942 -1.57915 -11.77202 -3.46687 8.13555 -0.46847 8.84344 19.2301 0.1505 0.0 0.0 72.2862 0.487275 0.0
9.86653 -2.71552 -24.70014 -4.11829 0.45375 -0.46745 4.14321 4.2125 0.2844 0.0 0.0 21.5677 0.25049 0.0
9.45653 -0.14556 20.61858 3.33006 0.35076 -0.02402 3.34848 8.0928 2.188 0.0 0.0 25.9783 0.314798333333 0.0
15.55749 -0.30718 -72.5881 -14.8444 -3.84466 -0.08341 15.3342 10.7883 0.1472 0.0 0.0 41.3648 0.304681666667 0.0
7.87491 -0.79462 42.30342 5.29975 -2.67635 -0.10921 5.93719 7.8661 0.777 0.0 0.0 10.2747 0.149511666667 0.0
1.88115 9.46388 155.47228 0.7703 -10.1881 0.30931 10.21718 8.9865 0.1568 0.0 0.0 37.6901 2.29593333333 0.0
12.89973 1.64082 52.27469 10.1989 -0.6102 0.36937 10.21714 4.6299 0.1324 0.0 0.0 16.3151 0.144931666667 0.0
18.11182 0.35687 -46.4123 -13.1185 3.98721 0.11281 13.71105 5.3362 0.181 0.0 0.0 11.7003 0.0740266666667 0.0
1.86198 2.62291 -13.56107 -0.43614 -6.69183 0.08521 6.70603 5.493 1.1161 0.0 0.0 8.2683 0.508856666667 0.0
9.20464 0.25399 -88.31765 -9.20058 -8.22977 0.0408 12.34422 13.2977 0.3629 0.0 0.0 41.3648 0.514965 0.0
8.14519 -1.6479 -7.28576 -1.03253 -0.42392 -0.23423 1.11617 4.0671 0.0235 0.0 0.0 14.8658 0.209141666667 0.0
9.11517 0.09438 28.51324 4.35123 -0.49045 0.01502 4.37878 8.1637 3.5164 0.0 0.0 7.7248 0.0971133333333 0.0
3.37089 0.99959 66.86628 3.09937 -7.17585 0.05881 7.81658 6.0093 1.3207 0.0 0.0 28.5112 0.969221666667 0.0
3.41466 -1.67163 -95.14947 -3.39943 -8.80635 -0.09961 9.4397 10.9152 0.4692 0.0 0.0 12.9649 0.435086666667 0.0
9.19708 -5.15165 29.56237 4.51924 -0.53252 -0.82583 4.55051 5.5954 0.2081 0.0 0.0 11.6078 0.144628333333 0.0
8.35446 -2.08054 34.9788 4.78623 -1.65917 -0.3033 5.06565 6.3345 0.3771 0.0 0.0 23.6705 0.32467 0.0
13.06969 -0.4472 51.32402 10.2031 -0.3328 -0.10201 10.20853 11.9642 0.3896 0.0 0.0 13.9612 0.122408333333 0.0
7.88447 1.15667 -28.19717 -3.72471 -1.55262 0.15916 4.03536 19.7088 0.3619 0.0 0.0 17.3229 0.251768333333 0.0
11.99847 -0.03439 78.11373 11.7412 -6.02868 -0.0072 13.19851 9.9502 0.3234 0.0 0.0 37.6901 0.359961666667 0.0
10.13803 -1.69741 -11.62049 -2.04119 1.42588 -0.3003 2.4899 9.028 0.1226 0.0 0.0 15.6636 0.177048333333 0.0
5.79363 -0.88424 67.39755 5.34801 -6.27357 -0.08941 8.24372 4.5479 0.7156 0.0 0.0 23.6705 0.468176666667 0.0
14.34404 -0.31879 -39.22944 -9.07142 2.611 -0.07981 9.4397 0.785 0.5881 0.0 0.0 5.3425 0.04268 0.0
10.42721 -0.76498 60.62441 9.0857 -3.38557 -0.13921 9.69598 9.9479 0.32 0.0 0.0 37.6901 0.414201666667 0.0
6.69557 0.6316 66.80675 6.15407 -5.86322 0.07381 8.5 0.2196 0.8419 0.0 0.0 2.1769 0.0372566666667 0.0
7.96701 -2.85191 24.41556 3.2891 -1.25445 -0.3964 3.5202 13.643 0.2371 0.0 0.0 41.3648 0.594961666667 0.0
9.00272 1.91155 7.78812 1.21928 0.41471 0.3003 1.28788 13.3099 0.0259 0.0 0.0 37.6901 0.479741666667 0.0
8.39184 0.28705 -14.58243 -2.11281 -0.37859 0.04204 2.14646 17.7605 0.5578 0.0 0.0 45.3979 0.619913333333 0.0
20.89534 -0.06746 20.64806 7.36825 11.0531 -0.0246 13.2839 2.3419 0.3052 0.0 0.0 7.506 0.0411633333333 0.0
8.20097 4.66279 1.91867 0.27367 -0.33076 0.66667 0.42929 15.3466 0.0014 0.0 0.0 47.0344 0.657208333333 0.0
15.20382 0.03392 -0.86696 -0.23004 6.70208 0.009 6.70603 14.7849 3.0894 0.0 0.0 10.0642 0.0758533333333 0.0
10.86874 0.31 27.05977 4.94433 1.17882 0.05881 5.08291 1.5476 2.2392 0.0 0.0 4.289 0.04522 0.0
14.64792 -0.79806 -34.35994 -8.26634 3.59081 -0.20402 9.01256 19.874 0.2651 0.0 0.0 49.8241 0.389776666667 0.0
3.04566 -0.28221 -35.59517 -1.77272 -6.02345 -0.015 6.27889 12.0876 3.3544 0.0 0.0 34.3418 1.29209666667 0.0
8.87807 4.22874 -17.49065 -2.66104 -0.05545 0.65465 2.66162 17.1455 0.093 0.0 0.0 21.4622 0.277018333333 0.0
16.30379 -0.05277 8.23618 2.33558 7.63563 -0.01502 7.98485 17.5649 1.9455 0.0 0.0 41.3648 0.290733333333 0.0
9.23715 -2.31036 -1.64589 -0.2651 0.72583 -0.37237 0.77273 15.9575 0.0082 0.0 0.0 41.3648 0.513151666667 0.0
11.43673 0.57419 57.6643 9.66274 -2.38304 0.11461 9.95226 5.2925 0.3675 0.0 0.0 25.9783 0.260293333333 0.0
9.32867 0.03689 -24.46688 -3.86363 -0.00903 0.00601 3.86364 0.2963 3.1045 0.0 0.0 1.3234 0.0162566666667 0.0
2.08169 4.69576 59.12912 1.78077 -7.43546 0.17042 7.64573 1.5368 0.367 0.0 0.0 5.8634 0.322763333333 0.0
8.79032 -0.42242 -58.21505 -7.47184 -3.86998 -0.06481 8.41458 14.6873 0.9876 0.0 0.0 12.6004 0.164261666667 0.0
10.52922 2.92634 -20.07922 -3.61017 1.37635 0.53754 3.86363 8.8169 0.2406 0.0 0.0 31.291 0.340546666667 0.0
9.70293 1.73807 -57.69873 -8.19763 -3.31742 0.29429 8.84344 9.8459 0.2185 0.0 0.0 14.4724 0.17092 0.0
9.43512 -1.03858 -51.96989 -7.4307 -2.68821 -0.17102 7.90201 14.8579 0.3533 0.0 0.0 45.3979 0.551368333333 0.0
11.61538 -0.79033 54.45612 9.45019 -1.74832 -0.16022 9.61055 14.1383 0.2874 0.0 0.0 41.3648 0.408085 0.0
13.66976 0.30936 34.04612 7.65304 2.82642 0.07381 8.15829 19.6701 0.9359 0.0 0.0 49.8241 0.417668333333 0.0
13.91265 0.58126 -49.28666 -10.545 0.5744 0.14114 10.56063 17.0201 0.2752 0.0 0.0 49.8241 0.410376666667 0.0
14.56025 0.12279 -41.56349 -9.65997 2.39426 0.0312 9.95226 19.288 0.7982 0.0 0.0 45.3979 0.357288333333 0.0
12.20878 -0.26777 11.18957 2.36916 3.47657 -0.05706 4.20707 19.2891 2.04 0.0 0.0 45.3979 0.426105 0.0
11.58958 -0.0178 41.25815 7.64278 0.21242 -0.0036 7.64573 19.0408 2.2892 0.0 0.0 41.3648 0.408993333333 0.0
11.39074 -0.52217 -3.35851 -0.66728 2.8707 -0.10381 2.94723 3.0995 0.4137 0.0 0.0 7.9536 0.0800133333333 0.0
11.25608 0.51315 -68.27837 -10.4564 -4.33432 0.10081 11.31913 1.8824 0.3152 0.0 0.0 11.2454 0.114483333333 0.0
13.25645 -0.30085 8.28657 1.91055 4.61787 -0.06961 4.99749 5.8466 1.8061 0.0 0.0 21.5677 0.186435 0.0
10.96016 0.94111 42.90089 7.45993 -0.47241 0.18002 7.47487 6.0274 0.3633 0.0 0.0 23.6705 0.247481666667 0.0
11.61892 -0.29617 -50.37386 -8.94903 -1.08984 -0.06006 9.01515 3.7329 0.8569 0.0 0.0 14.8658 0.146613333333 0.0
19.03995 0.29975 51.33152 14.8657 3.39625 0.09961 15.24872 7.4165 0.1376 0.0 0.0 14.1309 0.0850466666667 0.0
11.38348 0.31411 80.44854 11.2255 -6.61113 0.06241 13.02762 13.0678 0.2784 0.0 0.0 45.3979 0.456996666667 0.0
23.66359 0.28332 -0.02092 -0.00864 15.1633 0.11701 15.1633 16.7547 0.1272 0.0 0.0 54.6819 0.264798333333 0.0
13.73917 1.1898 0.58526 0.14031 5.23549 0.28529 5.23737 10.7088 0.3841 0.0 0.0 34.3418 0.286428333333 0.0
6.65139 1.50434 -135.78751 -4.63656 -13.2658 0.17462 14.05273 19.1169 0.1199 0.0 0.0 54.6819 0.942068333333 0.0
8.87707 -0.5461 18.79675 2.86017 -0.09675 -0.08461 2.86181 5.3734 0.5745 0.0 0.0 21.5677 0.278411666667 0.0
5.27474 -1.62321 -31.09635 -2.7232 -3.98505 -0.14941 4.82664 15.5617 0.4527 0.0 0.0 45.3979 0.98625 0.0
12.62925 -0.07623 36.77228 7.56032 1.61629 -0.0168 7.73116 1.9998 2.1281 0.0 0.0 4.8175 0.0437116666667 0.0
9.90849 0.08682 16.63116 2.8359 0.99398 0.01502 3.00505 7.4953 1.8175 0.0 0.0 25.9783 0.30044 0.0
9.56466 0.1619 -48.40843 -7.15334 -2.15085 0.02703 7.4697 18.2481 2.1879 0.0 0.0 41.3648 0.495581666667 0.0
8.119 -0.77496 25.10335 3.44419 -1.14856 -0.10981 3.63065 10.7167 0.5468 0.0 0.0 37.6901 0.531958333333 0.0
20.59556 -0.0434 44.89954 14.5377 6.08877 -0.0156 15.76128 10.9156 0.1709 0.0 0.0 37.6901 0.209703333333 0.0
13.2199 -0.14044 -11.40119 -2.61327 4.45899 -0.0324 5.16834 9.0077 3.3173 0.0 0.0 31.291 0.271233333333 0.0
5.99327 0.981 21.199 2.1669 -2.91311 0.10261 3.63066 10.9509 0.6313 0.0 0.0 12.2385 0.234 0.0
8.93603 0.19237 61.53343 7.85558 -4.2407 0.03 8.92713 17.8876 1.2085 0.0 0.0 45.3979 0.582161666667 0.0
19.3963 -0.08863 -22.60493 -7.45544 9.4062 -0.03 12.00251 15.9605 0.4148 0.0 0.0 15.4869 0.091495 0.0
22.11831 0.14456 12.99596 4.974 13.0517 0.05581 13.96737 1.1138 0.232 0.0 0.0 12.3418 0.0639416666667 0.0
8.82504 -0.92725 43.05663 6.02425 -2.05257 -0.14281 6.36432 3.3864 0.4886 0.0 0.0 19.6516 0.255173333333 0.0
19.41918 0.4798 -11.80478 -3.97259 10.5078 0.16262 11.23367 9.5123 0.2188 0.0 0.0 37.6901 0.222408333333 0.0
9.27435 1.07609 -0.02869 -0.00464 0.77271 0.17417 0.77273 1.7791 0.0165 0.0 0.0 6.435 0.07951 0.0
2.77691 0.13619 66.44934 2.54561 -7.39046 0.0066 7.81659 15.1167 2.1352 0.0 0.0 37.6901 1.55531333333 0.0
8.71989 1.77455 -58.50389 -7.43167 -3.94656 0.27003 8.41457 8.2912 0.252 0.0 0.0 34.3418 0.4513 0.0
14.86451 -0.29143 -0.02544 -0.0066 6.36432 -0.07561 6.36432 8.4864 1.4418 0.0 0.0 31.291 0.241225 0.0
10.16102 0.28422 20.60556 3.57595 1.01086 0.0504 3.71608 9.9755 1.921 0.0 0.0 31.291 0.352886666667 0.0
13.09906 -0.32546 -54.05594 -10.6047 -0.81104 -0.07441 10.63567 18.9175 0.4515 0.0 0.0 49.8241 0.435865 0.0
12.95613 -0.94474 -23.66402 -5.19953 3.3651 -0.21362 6.19347 5.011 0.393 0.0 0.0 19.6516 0.17381 0.0
7.99413 0.08171 -58.51131 -6.81693 -4.32443 0.0114 8.07287 14.3469 1.9053 0.0 0.0 10.9497 0.156958333333 0.0
24.12978 -0.26644 -4.81976 -2.0274 15.5442 -0.11221 15.67586 16.219 0.1155 0.0 0.0 54.6819 0.259681666667 0.0
13.46857 0.5616 -2.90707 -0.68304 4.95059 0.13201 4.99749 3.8855 0.5415 0.0 0.0 14.8658 0.126478333333 0.0
11.49236 -0.92446 18.09947 3.56984 2.42228 -0.18542 4.31407 10.7204 0.3637 0.0 0.0 34.3418 0.342426666667 0.0
9.45057 2.09418 0.12151 0.02003 0.94423 0.34535 0.94444 6.9847 0.0125 0.0 0.0 21.5677 0.261516666667 0.0
17.67661 -0.25285 13.37942 4.0903 8.69668 -0.07801 9.61056 13.5493 0.5726 0.0 0.0 13.5968 0.0881433333333 0.0
5.74002 -0.0599 -8.48739 -0.84718 -2.82285 -0.006 2.94723 14.3026 1.7866 0.0 0.0 37.6901 0.752431666667 0.0
13.66232 0.30198 -92.84429 -13.6453 -9.17794 0.07201 16.44472 19.2759 0.1179 0.0 0.0 21.465 0.180035 0.0
8.3675 0.49718 -24.84419 -3.51549 -0.90717 0.07261 3.63065 15.885 1.2116 0.0 0.0 41.3648 0.566485 0.0
8.16028 -1.56048 6.05836 0.86093 -0.3883 -0.22222 0.94444 15.9573 0.0184 0.0 0.0 45.3979 0.637505 0.0
14.30787 0.30037 -38.83817 -8.97267 2.64454 0.07501 9.35427 10.9568 0.6384 0.0 0.0 37.6901 0.30186 0.0
11.59618 -0.60835 -7.37348 -1.48813 2.99964 -0.12312 3.34849 11.9428 0.3801 0.0 0.0 14.0196 0.13854 0.0
8.57668 -1.62518 0.30082 0.04501 0.07311 -0.24324 0.08586 6.1596 0.0014 0.0 0.0 31.5635 0.421715 0.0
19.42398 0.02124 -17.13509 -5.7228 10.0618 0.0072 11.57542 7.8874 0.4999 0.0 0.0 11.2267 0.0662316666667 0.0
8.02282 -3.97074 10.81059 1.50117 -0.63848 -0.55556 1.63131 19.1651 0.026 0.0 0.0 49.8241 0.711648333333 0.0
8.47838 2.23289 -9.86531 -1.45152 -0.15333 0.33033 1.4596 16.3569 0.0316 0.0 0.0 45.3979 0.613586666667 0.0
10.66669 -0.70976 -14.01945 -2.58382 1.84817 -0.13213 3.17677 0.0098 0.307 0.0 0.0 0.4245 0.00456 0.0
9.43457 -1.2767 -0.96884 -0.15949 0.93088 -0.21021 0.94444 15.0442 0.0192 0.0 0.0 27.8027 0.33769 0.0
12.13753 0.47022 39.24665 7.67867 0.89934 0.09961 7.73116 8.2123 0.6911 0.0 0.0 28.5112 0.269176666667 0.0
5.47357 0.32035 -34.83705 -3.1267 -4.00747 0.0306 5.08292 17.5665 3.3778 0.0 0.0 10.5948 0.221806666667 0.0
11.82926 0.24414 -64.68607 -10.6933 -3.44212 0.0504 11.23365 6.4246 0.4619 0.0 0.0 23.6705 0.229298333333 0.0
11.41476 0.97291 21.24835 4.13624 2.13723 0.19382 4.65577 13.022 0.385 0.0 0.0 41.3648 0.415256666667 0.0
19.36095 0.13141 -20.08412 -6.64852 9.68355 0.0444 11.74623 14.0863 0.4161 0.0 0.0 41.3648 0.244826666667 0.0
7.0822 -0.43691 -63.11315 -6.31644 -5.29731 -0.05401 8.24372 3.0212 1.2198 0.0 0.0 12.3418 0.199693333333 0.0
5.84569 -0.21761 -44.25978 -4.07975 -4.31345 -0.0222 5.93719 10.2905 3.421 0.0 0.0 31.291 0.61339 0.0
7.54702 -1.14352 -38.29162 -4.67569 -2.57777 -0.15061 5.33919 19.5205 0.4699 0.0 0.0 16.3812 0.248726666667 0.0
6.10649 0.03941 105.89678 5.87296 -10.1726 0.0042 11.74621 14.8349 0.4771 0.0 0.0 14.6239 0.274425 0.0
19.50407 -0.2838 -17.23561 -5.77902 10.128 -0.09661 11.66077 8.0228 0.3033 0.0 0.0 34.3418 0.201766666667 0.0
15.81693 0.20867 22.33562 6.01089 6.13015 0.05761 8.58543 3.9003 1.0286 0.0 0.0 21.5677 0.156255 0.0
11.30866 2.25237 42.5366 7.63944 -0.1737 0.44444 7.64141 6.4164 0.226 0.0 0.0 12.0783 0.12239 0.0
7.29959 -1.52621 -66.82226 -6.70805 -5.62801 -0.19442 8.75628 4.2285 0.2853 0.0 0.0 16.3151 0.256121666667 0.0
4.95984 -4.82769 8.72661 0.74984 -3.61497 -0.41742 3.69192 18.9491 0.2525 0.0 0.0 54.6819 1.263365 0.0
10.55723 1.16595 -73.9301 -10.1426 -5.57826 0.21482 11.57538 15.1921 0.1639 0.0 0.0 45.3979 0.492763333333 0.0
16.32538 -0.28431 41.23675 10.7611 3.77641 -0.08101 11.4045 6.3007 0.3572 0.0 0.0 23.6705 0.166148333333 0.0
7.69569 1.81129 60.2505 6.67808 -4.68324 0.24324 8.15656 10.1771 0.28 0.0 0.0 13.9639 0.207928333333 0.0
14.90443 -0.32064 25.94906 6.52166 4.90161 -0.08341 8.1583 16.0514 0.8038 0.0 0.0 41.3648 0.31803 0.0
14.647 0.10798 3.89032 0.99375 6.11322 0.0276 6.19346 10.8483 3.1267 0.0 0.0 8.8659 0.0693633333333 0.0
10.74266 -0.6625 -72.91508 -10.2679 -5.34414 -0.12421 11.57539 15.7056 0.2569 0.0 0.0 16.9262 0.180551666667 0.0
19.3448 0.18128 -9.77944 -3.28581 10.5636 0.06121 11.06283 4.9975 0.4491 0.0 0.0 25.9783 0.153886666667 0.0
11.62862 -0.39914 21.30519 4.22499 2.33364 -0.08101 4.82664 6.1708 1.3963 0.0 0.0 28.5112 0.280956666667 0.0
13.58899 0.36433 -47.47286 -10.0143 0.68515 0.08641 10.03771 8.3387 0.4684 0.0 0.0 28.5112 0.240426666667 0.0
8.54214 1.45041 10.98439 1.62711 -0.11705 0.21622 1.63131 19.7991 0.0524 0.0 0.0 25.4868 0.341901666667 0.0
8.03431 1.14692 -20.89283 -2.86463 -0.99546 0.16082 3.03266 11.2453 0.2275 0.0 0.0 54.6819 0.779916666667 0.0
6.36361 2.46121 25.26461 2.71348 -2.7504 0.27327 3.86363 9.1296 0.3004 0.0 0.0 13.1779 0.237298333333 0.0
