sky_model/snrs/ctadc_skymodel_gps_sources_snr_1.ecsv
# %ECSV 0.9
# ---
# datatype:
# - {name: Simulation_number, unit: '', datatype: float64, format: '%i', description: Simulation_number}
# - {name: n0, unit: 1 / cm3, datatype: float64, format: '%0.4f', description: density}
# - {name: type, unit: '', datatype: float64, format: '%i', description: type of progenitor}
# - {name: age, unit: kyear, datatype: float64, format: '%0.4f', description: age of
#     the SNR}
# - {name: sigma, unit: arcmin, datatype: float64, format: '%0.4f', description: apparent
#     size of the SNR}
# - {name: size_physical, unit: pc, datatype: float64, format: '%0.4f', description: SNR
#     Radius}
# - {name: '0.1', unit: 1 / (cm2 s TeV), datatype: float64, description: Differential
#     spectrum}
# - {name: '0.11514', unit: 1 / (cm2 s TeV), datatype: float64, description: Differential
#     spectrum}
# - {name: '0.132571', unit: 1 / (cm2 s TeV), datatype: float64, description: Differential
#     spectrum}
# - {name: '0.152642', unit: 1 / (cm2 s TeV), datatype: float64, description: Differential
#     spectrum}
# - {name: '0.175751', unit: 1 / (cm2 s TeV), datatype: float64, description: Differential
#     spectrum}
# - {name: '0.202359', unit: 1 / (cm2 s TeV), datatype: float64, description: Differential
#     spectrum}
# - {name: '0.232995', unit: 1 / (cm2 s TeV), datatype: float64, description: Differential
#     spectrum}
# - {name: '0.26827', unit: 1 / (cm2 s TeV), datatype: float64, description: Differential
#     spectrum}
# - {name: '0.308884', unit: 1 / (cm2 s TeV), datatype: float64, description: Differential
#     spectrum}
# - {name: '0.355648', unit: 1 / (cm2 s TeV), datatype: float64, description: Differential
#     spectrum}
# - {name: '0.409492', unit: 1 / (cm2 s TeV), datatype: float64, description: Differential
#     spectrum}
# - {name: '0.471487', unit: 1 / (cm2 s TeV), datatype: float64, description: Differential
#     spectrum}
# - {name: '0.542868', unit: 1 / (cm2 s TeV), datatype: float64, description: Differential
#     spectrum}
# - {name: '0.625055', unit: 1 / (cm2 s TeV), datatype: float64, description: Differential
#     spectrum}
# - {name: '0.719686', unit: 1 / (cm2 s TeV), datatype: float64, description: Differential
#     spectrum}
# - {name: '0.828643', unit: 1 / (cm2 s TeV), datatype: float64, description: Differential
#     spectrum}
# - {name: '0.954095', unit: 1 / (cm2 s TeV), datatype: float64, description: Differential
#     spectrum}
# - {name: '1.09854', unit: 1 / (cm2 s TeV), datatype: float64, description: Differential
#     spectrum}
# - {name: '1.26486', unit: 1 / (cm2 s TeV), datatype: float64, description: Differential
#     spectrum}
# - {name: '1.45635', unit: 1 / (cm2 s TeV), datatype: float64, description: Differential
#     spectrum}
# - {name: '1.67683', unit: 1 / (cm2 s TeV), datatype: float64, description: Differential
#     spectrum}
# - {name: '1.9307', unit: 1 / (cm2 s TeV), datatype: float64, description: Differential
#     spectrum}
# - {name: '2.223', unit: 1 / (cm2 s TeV), datatype: float64, description: Differential
#     spectrum}
# - {name: '2.55955', unit: 1 / (cm2 s TeV), datatype: float64, description: Differential
#     spectrum}
# - {name: '2.94705', unit: 1 / (cm2 s TeV), datatype: float64, description: Differential
#     spectrum}
[...]
#     from Earth}
# - {name: GLON, unit: deg, datatype: float64, format: '%.5f', description: Galactic
#     longitude}
# - {name: GLAT, unit: deg, datatype: float64, format: '%.5f', description: Galactic
#     latitude}
# - {name: skip, datatype: int64, description: 'Skip boolean, 1 skip 0 keep'}
# meta: !!omap
# - simulation_parameters:
#   - {description: Spectral index, name: alpha, value: 4.1}
#   - {description: Electron to proton ratio, name: Kep, value: 0.01}
#   - {description: CR efficiency, name: xi, value: 0.1}
# - energy_array: [0.1, 0.11514, 0.132571, 0.152642, 0.175751, 0.202359, 0.232995, 0.26827,
#     0.308884, 0.355648, 0.409492, 0.471487, 0.542868, 0.625055, 0.719686, 0.828643,
#     0.954095, 1.09854, 1.26486, 1.45635, 1.67683, 1.9307, 2.223, 2.55955, 2.94705,
#     3.39322, 3.90694, 4.49843, 5.17947, 5.96362, 6.86649, 7.90604, 9.10298, 10.4811,
#     12.0679, 13.895, 15.9986, 18.4207, 21.2095, 24.4205, 28.1177, 32.3746, 37.2759,
#     42.9193, 49.4171, 56.8987, 65.5129, 75.4312, 86.8511, 100.0]
# schema: astropy-2.0
Simulation_number n0 type age sigma size_physical 0.1 0.11514 0.132571 0.152642 0.175751 0.202359 0.232995 0.26827 0.308884 0.355648 0.409492 0.471487 0.542868 0.625055 0.719686 0.828643 0.954095 1.09854 1.26486 1.45635 1.67683 1.9307 2.223 2.55955 2.94705 3.39322 3.90694 4.49843 5.17947 5.96362 6.86649 7.90604 9.10298 10.4811 12.0679 13.895 15.9986 18.4207 21.2095 24.4205 28.1177 32.3746 37.2759 42.9193 49.4171 56.8987 65.5129 75.4312 86.8511 100.0 galactocentric_x galactocentric_y galactocentric_z galactocentric_r distance GLON GLAT skip
[from data line 167]
0 0.4921 2 5.5201 28.3112 21.5677 1.92032e-11 1.51682e-11 1.19725e-11 9.44135e-12 7.44002e-12 5.85542e-12 4.60304e-12 3.61484e-12 2.83323e-12 2.21697e-12 1.73202e-12 1.34993e-12 1.04905e-12 8.13149e-13 6.28548e-13 4.83999e-13 3.70784e-13 2.82749e-13 2.14498e-13 1.6176e-13 1.21159e-13 9.0034e-14 6.62265e-14 4.81966e-14 3.46805e-14 2.46462e-14 1.72813e-14 1.19459e-14 8.13682e-15 5.45906e-15 3.60674e-15 2.34702e-15 1.50251e-15 9.44476e-16 5.8148e-16 3.49558e-16 2.04438e-16 1.15817e-16 6.32239e-17 3.30471e-17 1.64121e-17 7.67071e-18 3.33434e-18 1.32821e-18 4.75927e-19 1.49852e-19 4.02564e-20 8.89558e-21 1.55248e-21 2.09862e-22 4.89297 -6.63459 0.11712 8.24372 5.23781 69.13101 1.28124 0
0 2.5815 1 21.7130 6.4664 12.1708 9.71621e-12 6.88836e-12 4.87168e-12 3.43748e-12 2.42021e-12 1.70046e-12 1.19236e-12 8.34392e-13 5.82659e-13 4.05929e-13 2.82057e-13 1.95385e-13 1.34862e-13 9.2699e-14 6.34127e-14 4.3143e-14 2.91735e-14 1.95941e-14 1.30626e-14 8.63788e-15 5.66172e-15 3.67558e-15 2.36149e-15 1.50019e-15 9.4142e-16 5.82951e-16 3.55778e-16 2.13725e-16 1.2619e-16 7.31125e-17 4.14922e-17 2.30185e-17 1.2455e-17 6.55643e-18 3.34827e-18 1.65355e-18 7.86854e-19 3.59325e-19 1.56745e-19 6.49729e-20 2.54374e-20 9.33997e-21 3.1891e-21 1.00185e-21 2.85367e-22 7.20688e-23 1.55098e-23 2.6231e-24 2.87594e-25 1.13806e-26 -6.27254 2.81900 0.03003 6.87688 12.94084 -28.99348 0.13296 0
0 0.3841 4 24.3208 37.6162 72.2862 8.55176e-12 5.81778e-12 3.89837e-12 2.56932e-12 1.66298e-12 1.05523e-12 6.55207e-13 3.97257e-13 2.34653e-13 1.34687e-13 7.49096e-14 4.02425e-14 2.08086e-14 1.03162e-14 4.88261e-15 2.19596e-15 9.33959e-16 3.7387e-16 1.40357e-16 4.9395e-17 1.6414e-17 5.27056e-18 1.71536e-18 6.03207e-19 2.37474e-19 1.01839e-19 4.48844e-20 1.9433e-20 8.06669e-21 3.17015e-21 1.16912e-21 4.01028e-22 1.26574e-22 3.62246e-23 9.19148e-24 1.98663e-24 3.3674e-25 3.66376e-26 1.3644e-27 1.30203e-31 8.0985e-71 3.3516e-83 1.27001e-96 3.28761e-115 1.26613e-140 6.18052e-175 1.88828e-216 1.40332e-264 0.0 0.0 -0.40773 4.70459 0.20721 4.72223 13.21251 -1.76861 0.89859 0
0 1.3283 2 13.3746 36.3498 37.6901 2.58594e-11 1.9888e-11 1.52395e-11 1.16304e-11 8.83658e-12 6.68084e-12 5.02375e-12 3.75515e-12 2.78842e-12 2.05563e-12 1.50336e-12 1.08975e-12 7.82299e-13 5.55623e-13 3.89964e-13 2.70107e-13 1.84393e-13 1.23874e-13 8.17524e-14 5.28934e-14 3.3458e-14 2.06425e-14 1.23836e-14 7.19752e-15 4.03568e-15 2.17186e-15 1.11498e-15 5.4204e-16 2.47345e-16 1.04856e-16 4.0812e-17 1.43975e-17 4.53715e-18 1.26299e-18 3.0618e-19 6.38871e-20 1.16371e-20 2.04434e-21 4.32377e-22 1.20937e-22 3.7423e-23 1.1032e-23 2.92891e-24 6.75011e-25 1.27007e-25 1.70176e-26 1.11929e-27 7.25999e-30 9.9875e-56 4.47658e-65 -6.62175 -5.85903 0.02102 8.84171 7.12901 -68.25627 0.16895 0
0 0.5279 2 5.8160 24.0321 21.5677 1.42614e-11 1.12568e-11 8.87723e-12 6.99647e-12 5.50475e-12 4.32664e-12 3.39743e-12 2.66091e-12 2.08078e-12 1.62459e-12 1.26448e-12 9.81059e-13 7.5907e-13 5.85554e-13 4.49478e-13 3.43048e-13 2.60476e-13 1.96632e-13 1.47455e-13 1.09738e-13 8.0959e-14 5.90468e-14 4.26263e-14 3.04412e-14 2.14967e-14 1.50089e-14 1.03615e-14 7.07405e-15 4.77605e-15 3.18725e-15 2.10039e-15 1.36468e-15 8.72523e-16 5.47721e-16 3.36693e-16 2.02048e-16 1.17929e-16 6.6654e-17 3.62888e-17 1.89093e-17 9.35699e-18 4.3548e-18 1.88357e-18 7.45916e-19 2.65433e-19 8.29018e-20 2.2068e-20 4.83243e-21 8.40475e-22 1.1678e-22 -5.36029 -5.44596 -0.12012 7.64141 6.17044 -60.32755 -1.11545 0
0 2.5175 3 24.5801 26.6669 45.3979 1.49167e-12 9.32681e-13 5.70288e-13 3.40329e-13 1.97801e-13 1.11711e-13 6.11607e-14 3.23816e-14 1.65405e-14 8.13451e-15 3.8467e-15 1.74958e-15 7.67807e-16 3.27777e-16 1.38229e-16 5.89341e-17 2.60634e-17 1.21491e-17 5.94645e-18 2.99466e-18 1.51437e-18 7.54195e-19 3.65219e-19 1.70559e-19 7.63523e-20 3.25837e-20 1.31786e-20 5.01817e-21 1.78495e-21 5.87428e-22 1.76645e-22 4.76683e-23 1.12037e-23 2.16495e-24 3.0216e-25 2.14035e-26 1.73274e-28 2.83278e-71 3.2636e-82 3.13275e-97 5.50824e-113 1.64493e-134 4.42369e-164 4.01044e-204 6.07919e-255 1.58312e-310 0.0 0.0 0.0 0.0 7.36528 0.59710 0.00000 7.38944 11.70489 38.99466 0.00000 0
0 3.5177 2 22.7375 83.7745 45.3979 1.9199e-11 1.23519e-11 7.79029e-12 4.80801e-12 2.8982e-12 1.70269e-12 9.72779e-13 5.39181e-13 2.89221e-13 1.49776e-13 7.47144e-14 3.58429e-14 1.65295e-14 7.34236e-15 3.16077e-15 1.3353e-15 5.64927e-16 2.45407e-16 1.11641e-16 5.33262e-17 2.63237e-17 1.31118e-17 6.45185e-18 3.09034e-18 1.4272e-18 6.31211e-19 2.65773e-19 1.05884e-19 3.96393e-20 1.38302e-20 4.45159e-21 1.30403e-21 3.40677e-22 7.66524e-23 1.38498e-23 1.70598e-24 8.87277e-26 1.439e-28 3.90198e-71 3.63098e-83 1.12164e-97 1.21932e-114 3.48065e-138 2.83863e-170 1.64776e-213 6.36578e-262 1.28457067919e-322 0.0 0.0 0.0 -2.21890 -5.50696 -0.01802 5.93718 3.72587 -36.55151 -0.27708 0
0 2.5186 1 16.7266 46.3936 11.0152 6.35125e-10 4.52118e-10 3.21039e-10 2.27424e-10 1.60754e-10 1.13399e-10 7.98463e-11 5.61243e-11 3.93844e-11 2.75904e-11 1.92924e-11 1.34613e-11 9.36886e-12 6.50088e-12 4.49461e-12 3.09439e-12 2.12002e-12 1.44446e-12 9.7811e-13 6.57829e-13 4.39138e-13 2.90782e-13 1.90858e-13 1.24082e-13 7.98387e-14 5.07979e-14 3.19291e-14 1.98051e-14 1.21089e-14 7.28799e-15 4.31183e-15 2.50364e-15 1.42417e-15 7.92084e-16 4.29767e-16 2.26917e-16 1.16268e-16 5.763e-17 2.75358e-17 1.2632e-17 5.53863e-18 2.30914e-18 9.10002e-19 3.36648e-19 1.15949e-19 3.67984e-20 1.06123e-20 2.72313e-21 5.9943e-22 1.05211e-22 -0.67762 -7.01509 0.02703 7.04774 1.63244 -24.52912 0.94864 0
0 0.2592 1 19.0138 6.7063 18.2480 2.3447e-12 1.7089e-12 1.23631e-12 8.87113e-13 6.3084e-13 4.44186e-13 3.09393e-13 2.12973e-13 1.44728e-13 9.69885e-14 6.40232e-14 4.15824e-14 2.65435e-14 1.66359e-14 1.02284e-14 6.16629e-15 3.64501e-15 2.11435e-15 1.2058e-15 6.78288e-16 3.7814e-16 2.10172e-16 1.17201e-16 6.59012e-17 3.74407e-17 2.14524e-17 1.23317e-17 7.06213e-18 4.00064e-18 2.22813e-18 1.21412e-18 6.44771e-19 3.32596e-19 1.66101e-19 8.00271e-20 3.70519e-20 1.6412e-20 6.91985e-21 2.7612e-21 1.03572e-21 3.62286e-22 1.17013e-22 3.44418e-23 9.06139e-24 2.06213e-24 3.80678e-25 4.92867e-26 2.99054e-27 1.3422e-29 8.58153e-183 0.18989 10.20680 -0.16216 10.20857 18.70847 0.58158 -0.49664 0
0 1.4093 2 2.3739 9.9455 10.2464 2.86415e-12 2.2615e-12 1.78446e-12 1.40682e-12 1.10826e-12 8.72083e-13 6.85467e-13 5.38216e-13 4.2186e-13 3.30151e-13 2.57978e-13 2.01117e-13 1.56403e-13 1.21342e-13 9.38986e-14 7.23706e-14 5.5559e-14 4.24775e-14 3.23265e-14 2.44727e-14 1.84087e-14 1.37316e-14 1.01589e-14 7.44567e-15 5.39919e-15 3.86813e-15 2.73381e-15 1.90315e-15 1.30317e-15 8.76668e-16 5.78849e-16 3.74878e-16 2.37905e-16 1.47876e-16 8.98561e-17 5.32114e-17 3.05893e-17 1.69898e-17 9.06547e-18 4.61513e-18 2.22291e-18 1.00263e-18 4.18199e-19 1.58855e-19 5.3973e-20 1.6094e-20 4.1619e-21 9.57922e-22 2.26872e-22 7.16896e-23 -6.58792 -5.89705 -0.00300 8.84171 7.08351 -68.44055 -0.02429 0
0 0.5833 2 7.6103 14.2171 28.5112 5.03574e-12 3.97452e-12 3.13435e-12 2.46981e-12 1.94395e-12 1.52846e-12 1.20034e-12 9.41189e-13 7.36925e-13 5.76016e-13 4.49242e-13 3.49646e-13 2.71532e-13 2.10185e-13 1.62188e-13 1.24737e-13 9.55853e-14 7.28958e-14 5.52848e-14 4.16928e-14 3.12429e-14 2.32435e-14 1.71497e-14 1.25337e-14 9.06006e-15 6.46676e-15 4.54926e-15 3.14802e-15 2.13858e-15 1.42366e-15 9.2722e-16 5.90049e-16 3.66457e-16 2.21829e-16 1.30622e-16 7.4588e-17 4.11193e-17 2.17607e-17 1.09781e-17 5.23498e-18 2.33505e-18 9.6169e-19 3.59822e-19 1.19833e-19 3.46155e-20 8.39337e-21 1.63883e-21 2.44804e-22 2.6629e-23 2.1967e-24 6.93522 3.41664 0.11111 7.73115 13.78825 30.19846 0.46172 0
0 0.1427 3 11.3333 12.2148 41.3648 2.28328e-12 1.76867e-12 1.36604e-12 1.05159e-12 8.06646e-13 6.16292e-13 4.68778e-13 3.54868e-13 2.67195e-13 1.99985e-13 1.48718e-13 1.09808e-13 8.04182e-14 5.83801e-14 4.19757e-14 2.98644e-14 2.09837e-14 1.45485e-14 9.93873e-15 6.67873e-15 4.40626e-15 2.84757e-15 1.79775e-15 1.1046e-15 6.57918e-16 3.78411e-16 2.09089e-16 1.10322e-16 5.51542e-17 2.59188e-17 1.13771e-17 4.62885e-18 1.72966e-18 5.86441e-19 1.77514e-19 4.69971e-20 1.06169e-20 1.99069e-21 3.03089e-22 3.84946e-23 5.07835e-24 1.01875e-24 2.77881e-25 7.51648e-26 1.79966e-26 3.58951e-27 5.34044e-28 4.47306e-29 7.61644e-31 8.89372e-54 1.76129 14.71660 -0.11111 14.82162 23.28358 4.33834 -0.27342 0
0 0.3418 2 18.4100 37.0942 49.8241 6.95257e-12 4.91264e-12 3.4308e-12 2.36539e-12 1.6081e-12 1.07657e-12 7.08687e-13 4.57973e-13 2.90014e-13 1.79609e-13 1.08543e-13 6.38509e-14 3.64612e-14 2.01489e-14 1.07381e-14 5.49764e-15 2.69217e-15 1.25485e-15 5.53738e-16 2.2999e-16 8.93736e-17 3.23217e-17 1.08494e-17 3.39601e-18 1.01279e-18 3.02898e-19 9.80584e-20 3.60256e-20 1.45487e-20 6.02083e-21 2.42514e-21 9.26565e-22 3.3136e-22 1.0976e-22 3.32633e-23 9.06441e-24 2.15916e-24 4.26104e-25 6.19136e-26 4.85205e-27 6.13872e-29 6.98515e-63 1.50471e-73 4.84243e-85 9.82318e-101 3.25967e-122 3.14674e-151 1.2965e-187 2.44548e-228 5.37002e-284 -9.22497 -8.07329 -0.05706 12.25880 9.23501 -87.35162 -0.35400 0
0 0.9062 2 26.9096 28.0872 54.6819 2.55923e-13 1.41089e-13 7.53998e-14 3.90005e-14 1.95077e-14 9.43924e-15 4.4298e-15 2.0289e-15 9.17466e-16 4.16935e-16 1.94537e-16 9.48551e-17 4.85621e-17 2.58297e-17 1.40049e-17 7.59812e-18 4.0682e-18 2.13031e-18 1.08454e-18 5.34393e-19 2.53814e-19 1.15705e-19 5.03858e-20 2.08465e-20 8.14364e-21 2.98192e-21 1.01449e-21 3.17132e-22 8.9704e-23 2.24159e-23 4.73774e-24 7.72362e-25 7.71038e-26 2.17064e-27 2.22687e-34 3.7512e-84 4.11356e-97 3.3039e-115 2.04814e-134 6.67966e-160 4.65889e-195 8.65638e-243 1.43574e-305 0.0 0.0 0.0 0.0 0.0 0.0 0.0 -2.41570 4.66546 0.10210 5.25377 13.38564 -10.39741 0.43704 0
0 2.1676 2 26.9781 27.7344 49.8241 6.06463e-13 3.54642e-13 2.01812e-13 1.11539e-13 5.97617e-14 3.09936e-14 1.55451e-14 7.54311e-15 3.55032e-15 1.63086e-15 7.39418e-16 3.36543e-16 1.56892e-16 7.61328e-17 3.86034e-17 2.02418e-17 1.07779e-17 5.72412e-18 2.99166e-18 1.5248e-18 7.53242e-19 3.58913e-19 1.64216e-19 7.1802e-20 2.98415e-20 1.17164e-20 4.31456e-21 1.47739e-21 4.65317e-22 1.32815e-22 3.35762e-23 7.21538e-24 1.20971e-24 1.2816e-25 4.34702e-27 8.98256e-32 4.04598e-80 6.7891e-93 3.16145e-110 2.80125e-128 2.41757e-153 9.42434e-188 2.4946e-234 6.84031e-292 0.0 0.0 0.0 0.0 0.0 0.0 -6.14947 2.21191 0.05105 6.53518 12.35166 -29.85918 0.23681 0
0 0.4818 1 17.8048 8.3418 15.7082 4.99654e-12 3.5869e-12 2.5555e-12 1.80568e-12 1.2645e-12 8.77025e-13 6.02058e-13 4.08828e-13 2.74473e-13 1.82123e-13 1.19417e-13 7.73872e-14 4.95904e-14 3.14543e-14 1.97779e-14 1.23537e-14 7.68459e-15 4.77342e-15 2.96827e-15 1.85099e-15 1.1582e-15 7.26584e-16 4.56035e-16 2.85511e-16 1.77709e-16 1.09607e-16 6.67963e-17 4.01213e-17 2.37014e-17 1.37435e-17 7.80724e-18 4.33595e-18 2.34896e-18 1.23817e-18 6.33249e-19 3.13241e-19 1.49328e-19 6.8329e-20 2.98733e-20 1.24138e-20 4.87372e-21 1.79517e-21 6.15162e-22 1.94057e-22 5.55515e-23 1.41181e-23 3.06521e-24 5.25828e-25 5.92927e-26 2.53403e-27 7.76871 1.85644 0.12312 7.98744 12.94696 36.87478 0.54488 0
0 0.1001 1 6.6166 14.7063 14.3578 2.30881e-11 1.77177e-11 1.35522e-11 1.03282e-11 7.8392e-12 5.92305e-12 4.45277e-12 3.32881e-12 2.47321e-12 1.82499e-12 1.33653e-12 9.70665e-13 6.98485e-13 4.97538e-13 3.50442e-13 2.43794e-13 1.67294e-13 1.13076e-13 7.51626e-14 4.90467e-14 3.13581e-14 1.96017e-14 1.19516e-14 7.09021e-15 4.08184e-15 2.27458e-15 1.22411e-15 6.35383e-16 3.18285e-16 1.54533e-16 7.34817e-17 3.48659e-17 1.69354e-17 8.62083e-18 4.6347e-18 2.59845e-18 1.48472e-18 8.47037e-19 4.76256e-19 2.62092e-19 1.40624e-19 7.33468e-20 3.70793e-20 1.81089e-20 8.51276e-21 3.83584e-21 1.64898e-21 6.72671e-22 2.58775e-22 9.31987e-23 -5.03093 -12.93820 -0.22523 13.88190 6.71257 -131.41818 -1.92279 0
0 0.2663 3 1.2016 3.1168 7.0624 1.34435e-12 1.05919e-12 8.34301e-13 6.56911e-13 5.17003e-13 4.06681e-13 3.19673e-13 2.511e-13 1.97061e-13 1.54486e-13 1.20977e-13 9.4609e-14 7.38701e-14 5.75838e-14 4.48076e-14 3.47795e-14 2.6931e-14 2.07982e-14 1.60147e-14 1.22843e-14 9.38353e-15 7.13568e-15 5.39889e-15 4.0614e-15 3.03524e-15 2.25131e-15 1.65539e-15 1.20504e-15 8.67064e-16 6.15563e-16 4.30327e-16 2.95591e-16 1.99055e-16 1.31118e-16 8.43004e-17 5.27998e-17 3.21528e-17 1.90041e-17 1.08865e-17 6.0175e-18 3.19027e-18 1.61027e-18 7.66785e-19 3.40651e-19 1.39282e-19 5.15666e-20 1.69729e-20 4.88318e-21 1.22583e-21 2.8374e-22 -7.15608 5.33707 -0.20721 8.92714 15.57937 -27.34653 -0.76206 0
0 0.1477 2 23.3225 22.1835 60.0133 3.33644e-13 2.01842e-13 1.19044e-13 6.82929e-14 3.80127e-14 2.04735e-14 1.06391e-14 5.31792e-15 2.5489e-15 1.16808e-15 5.10667e-16 2.12861e-16 8.48506e-17 3.26674e-17 1.24101e-17 4.81937e-18 1.9919e-18 8.95e-19 4.30994e-19 2.14631e-19 1.0691e-19 5.21353e-20 2.45926e-20 1.11395e-20 4.81751e-21 1.97781e-21 7.65898e-22 2.77676e-22 9.34025e-23 2.88147e-23 8.02198e-24 1.96413e-24 4.03211e-25 6.26041e-26 5.64315e-27 1.14795e-28 3.04341e-71 4.10497e-81 5.35363e-95 2.08734e-111 6.15046e-131 4.83906e-158 5.62204e-195 9.6911e-245 2.24835e-299 0.0 0.0 0.0 0.0 0.0 -11.98950 5.71966 0.16517 13.28392 18.60038 -40.13637 0.50877 0
0 0.6063 3 15.2171 16.1093 45.3979 1.87168e-12 1.32408e-12 9.25879e-13 6.39257e-13 4.35267e-13 2.91889e-13 1.925e-13 1.2465e-13 7.91099e-14 4.91121e-14 2.97586e-14 1.75567e-14 1.00576e-14 5.57758e-15 2.98408e-15 1.53435e-15 7.5496e-16 3.53776e-16 1.57052e-16 6.5674e-17 2.57199e-17 9.386e-18 3.18451e-18 1.00971e-18 3.05788e-19 9.30142e-20 3.05645e-20 1.13315e-20 4.5945e-21 1.90581e-21 7.69662e-22 2.95043e-22 1.05933e-22 3.52505e-23 1.07405e-23 2.94614e-24 7.07866e-25 1.41496e-25 2.10294e-26 1.73424e-27 2.65634e-29 1.01647e-62 2.89328e-73 1.2817e-84 4.89622e-100 3.7469e-121 1.08985e-149 7.26376e-186 6.93422e-226 1.31205e-280 -2.24467 10.74540 0.00601 10.97735 19.37586 -6.65258 0.01776 0
0 0.0345 2 16.9184 42.0031 45.3979 7.40436e-12 5.44678e-12 3.97471e-12 2.86486e-12 2.04559e-12 1.44651e-12 1.00507e-12 6.88016e-13 4.64058e-13 3.07837e-13 1.99496e-13 1.2628e-13 7.81676e-14 4.72058e-14 2.77447e-14 1.58366e-14 8.76308e-15 4.69054e-15 2.4217e-15 1.20112e-15 5.69551e-16 2.56781e-16 1.09375e-16 4.36951e-17 1.62377e-17 5.56194e-18 1.73965e-18 4.93078e-19 1.2665e-19 3.01745e-20 7.19081e-21 1.94928e-21 6.40494e-22 2.34513e-22 8.58527e-23 2.97361e-23 9.52205e-24 2.77417e-24 7.20204e-25 1.60801e-25 2.87602e-26 3.49244e-27 1.77978e-28 2.82085e-31 1.10287e-63 2.65006e-73 1.74504e-86 1.8585e-104 1.1253e-128 3.77924e-158 0.40119 -1.08124 0.15315 1.15327 7.43118 3.09541 1.18092 0
0 1.4506 1 31.2852 7.2308 15.8090 4.18417e-12 2.91401e-12 2.02012e-12 1.39429e-12 9.58372e-13 6.56236e-13 4.47794e-13 3.04597e-13 2.06587e-13 1.39716e-13 9.42131e-14 6.33234e-14 4.24003e-14 2.82618e-14 1.87353e-14 1.23398e-14 8.06622e-15 5.22718e-15 3.35444e-15 2.12936e-15 1.33559e-15 8.26775e-16 5.04505e-16 3.03061e-16 1.78957e-16 1.03709e-16 5.88788e-17 3.26811e-17 1.76952e-17 9.32258e-18 4.7655e-18 2.35605e-18 1.12254e-18 5.13317e-19 2.24249e-19 9.30982e-20 3.65075e-20 1.34267e-20 4.59209e-21 1.44493e-21 4.12216e-22 1.04253e-22 2.24604e-23 3.79836e-24 4.14547e-25 1.59764e-26 2.89061e-30 0.0 0.0 0.0 7.18063 4.70618 -0.02402 8.58543 15.03214 28.53437 -0.09157 0
0 0.0578 2 25.8138 52.7176 65.8645 7.11546e-13 4.04903e-13 2.23465e-13 1.19293e-13 6.14225e-14 3.04131e-14 1.44388e-14 6.55512e-15 2.84075e-15 1.17541e-15 4.66419e-16 1.79708e-16 6.89321e-17 2.73574e-17 1.16838e-17 5.44691e-18 2.71367e-18 1.39206e-18 7.12821e-19 3.57551e-19 1.73874e-19 8.1456e-20 3.65755e-20 1.56607e-20 6.35788e-21 2.4313e-21 8.69016e-22 2.87589e-22 8.70447e-23 2.36757e-23 5.62234e-24 1.10302e-24 1.58041e-25 1.18634e-26 1.20547e-28 1.18457e-75 4.64085e-86 9.56973e-101 7.1713e-119 1.90527e-139 4.07407e-168 2.76147e-207 3.81184e-260 4.31121682561e-320 0.0 0.0 0.0 0.0 0.0 0.0 -1.62990 -0.06790 0.18318 1.63131 8.59014 -10.94018 1.22191 0
