sky_model/snrs/ctadc_skymodel_gps_sources_snr_2.ecsv
# %ECSV 0.9
# ---
# datatype:
# - {name: Simulation_number, unit: '', datatype: float64, format: '%i', description: Simulation_number}
# - {name: n0, unit: 1 / cm3, datatype: float64, format: '%0.4f', description: density}
# - {name: type, unit: '', datatype: float64, format: '%i', description: type of progenitor}
# - {name: age, unit: kyear, datatype: float64, format: '%0.4f', description: age of
#     the SNR}
# - {name: size, unit: arcmin, datatype: float64, format: '%0.4f', description: apparent
#     size of the SNR}
# - {name: size_physical, unit: pc, datatype: float64, format: '%0.4f', description: SNR
#     Radius}
# - {name: '0.1', unit: 'TeV^{-1}cm^{-2}s^{-1}', datatype: float64, description: Differential
#     spectrum}
# - {name: '0.11514', unit: 'TeV^{-1}cm^{-2}s^{-1}', datatype: float64, description: Differential
#     spectrum}
# - {name: '0.132571', unit: 'TeV^{-1}cm^{-2}s^{-1}', datatype: float64, description: Differential
#     spectrum}
# - {name: '0.152642', unit: 'TeV^{-1}cm^{-2}s^{-1}', datatype: float64, description: Differential
#     spectrum}
# - {name: '0.175751', unit: 'TeV^{-1}cm^{-2}s^{-1}', datatype: float64, description: Differential
#     spectrum}
# - {name: '0.202359', unit: 'TeV^{-1}cm^{-2}s^{-1}', datatype: float64, description: Differential
#     spectrum}
# - {name: '0.232995', unit: 'TeV^{-1}cm^{-2}s^{-1}', datatype: float64, description: Differential
#     spectrum}
# - {name: '0.26827', unit: 'TeV^{-1}cm^{-2}s^{-1}', datatype: float64, description: Differential
#     spectrum}
# - {name: '0.308884', unit: 'TeV^{-1}cm^{-2}s^{-1}', datatype: float64, description: Differential
#     spectrum}
# - {name: '0.355648', unit: 'TeV^{-1}cm^{-2}s^{-1}', datatype: float64, description: Differential
#     spectrum}
# - {name: '0.409492', unit: 'TeV^{-1}cm^{-2}s^{-1}', datatype: float64, description: Differential
#     spectrum}
# - {name: '0.471487', unit: 'TeV^{-1}cm^{-2}s^{-1}', datatype: float64, description: Differential
#     spectrum}
# - {name: '0.542868', unit: 'TeV^{-1}cm^{-2}s^{-1}', datatype: float64, description: Differential
#     spectrum}
# - {name: '0.625055', unit: 'TeV^{-1}cm^{-2}s^{-1}', datatype: float64, description: Differential
#     spectrum}
# - {name: '0.719686', unit: 'TeV^{-1}cm^{-2}s^{-1}', datatype: float64, description: Differential
#     spectrum}
# - {name: '0.828643', unit: 'TeV^{-1}cm^{-2}s^{-1}', datatype: float64, description: Differential
#     spectrum}
# - {name: '0.954095', unit: 'TeV^{-1}cm^{-2}s^{-1}', datatype: float64, description: Differential
#     spectrum}
# - {name: '1.09854', unit: 'TeV^{-1}cm^{-2}s^{-1}', datatype: float64, description: Differential
#     spectrum}
# - {name: '1.26486', unit: 'TeV^{-1}cm^{-2}s^{-1}', datatype: float64, description: Differential
#     spectrum}
# - {name: '1.45635', unit: 'TeV^{-1}cm^{-2}s^{-1}', datatype: float64, description: Differential
#     spectrum}
# - {name: '1.67683', unit: 'TeV^{-1}cm^{-2}s^{-1}', datatype: float64, description: Differential
#     spectrum}
# - {name: '1.9307', unit: 'TeV^{-1}cm^{-2}s^{-1}', datatype: float64, description: Differential
#     spectrum}
# - {name: '2.223', unit: 'TeV^{-1}cm^{-2}s^{-1}', datatype: float64, description: Differential
#     spectrum}
[...]
#     radius in the xy plan}
# - {name: distance, unit: kpc, datatype: float64, format: '%.5f', description: Distance
#     from Earth}
# - {name: glon, unit: deg, datatype: float64, format: '%.5f', description: Galactic
#     longitude}
# - {name: glat, unit: deg, datatype: float64, format: '%.5f', description: Galactic
#     latitude}
# meta: !!omap
# - simulation_parameters:
#   - {description: Spectral index, name: alpha, value: 4.1}
#   - {description: Electron to proton ratio, name: Kep, value: 0.01}
#   - {description: CR efficiency, name: xi, value: 0.1}
# - energy_array: [0.1, 0.11514, 0.132571, 0.152642, 0.175751, 0.202359, 0.232995, 0.26827,
#     0.308884, 0.355648, 0.409492, 0.471487, 0.542868, 0.625055, 0.719686, 0.828643,
#     0.954095, 1.09854, 1.26486, 1.45635, 1.67683, 1.9307, 2.223, 2.55955, 2.94705,
#     3.39322, 3.90694, 4.49843, 5.17947, 5.96362, 6.86649, 7.90604, 9.10298, 10.4811,
#     12.0679, 13.895, 15.9986, 18.4207, 21.2095, 24.4205, 28.1177, 32.3746, 37.2759,
#     42.9193, 49.4171, 56.8987, 65.5129, 75.4312, 86.8511, 100.0]
Simulation_number n0 type age size size_physical 0.1 0.11514 0.132571 0.152642 0.175751 0.202359 0.232995 0.26827 0.308884 0.355648 0.409492 0.471487 0.542868 0.625055 0.719686 0.828643 0.954095 1.09854 1.26486 1.45635 1.67683 1.9307 2.223 2.55955 2.94705 3.39322 3.90694 4.49843 5.17947 5.96362 6.86649 7.90604 9.10298 10.4811 12.0679 13.895 15.9986 18.4207 21.2095 24.4205 28.1177 32.3746 37.2759 42.9193 49.4171 56.8987 65.5129 75.4312 86.8511 100.0 galactocentric_x galactocentric_y galactocentric_z galactocentric_r distance glon glat
[from data line 25]
0 0.0206 3 28.6257 25.2606 72.2862 1.53784e-14 7.71418e-15 3.71833e-15 1.71827e-15 7.60182e-16 3.22171e-16 1.31405e-16 5.22081e-17 2.06924e-17 8.48549e-18 3.73972e-18 1.79999e-18 9.29892e-19 4.98113e-19 2.68387e-19 1.4271e-19 7.41115e-20 3.73648e-20 1.82097e-20 8.54352e-21 3.84208e-21 1.64797e-21 6.70398e-22 2.5697e-22 9.20975e-23 3.0574e-23 9.28785e-24 2.53751e-24 6.06068e-25 1.19892e-25 1.74179e-26 1.34565e-27 1.51215e-29 1.37579e-81 9.64544e-93 6.79476e-107 9.87925e-127 4.60341e-148 7.04569e-176 2.53005e-214 1.38748e-266 0.0 0.0 0.0 0.0 0.0 0.0 0.0 0.0 0.0 8.67133 9.14225 0.81682 12.60050 19.67506 26.17455 2.37934
0 0.0228 2 28.5369 29.7248 65.8645 1.06958e-13 6.20629e-14 3.49799e-14 1.91008e-14 1.00744e-14 5.11677e-15 2.49465e-15 1.16338e-15 5.17004e-16 2.18353e-16 8.75539e-17 3.34339e-17 1.22368e-17 4.39475e-18 1.61731e-18 6.43296e-19 2.8465e-19 1.37304e-19 6.89171e-20 3.46103e-20 1.70015e-20 8.07617e-21 3.68533e-21 1.60685e-21 6.65733e-22 2.60466e-22 9.55366e-23 3.2566e-23 1.02032e-23 2.89399e-24 7.25751e-25 1.54191e-25 2.53658e-26 2.58383e-27 7.78062e-29 1.19544e-34 5.88564e-82 5.59729e-95 1.82134e-112 8.6173e-131 2.54611e-156 2.41141e-191 9.86115e-239 1.33088e-296 0.0 0.0 0.0 0.0 0.0 0.0 10.52160 2.46502 -1.07808 10.80650 15.23476 43.81775 -4.05790
0 0.0551 2 35.6007 41.0449 79.3340 6.42338e-16 3.82672e-16 2.31328e-16 1.40029e-16 8.41389e-17 4.99173e-17 2.91434e-17 1.67044e-17 9.38021e-18 5.14954e-18 2.75737e-18 1.43638e-18 7.2582e-19 3.546e-19 1.66868e-19 7.53163e-20 3.24471e-20 1.32683e-20 5.11697e-21 1.84701e-21 6.18284e-22 1.89686e-22 5.24535e-23 1.27276e-23 2.57627e-24 3.891e-25 3.26191e-26 4.86124e-28 4.64062e-96 7.40033e-109 9.10291e-126 1.10564e-143 2.67118e-169 2.53535e-201 1.25752e-236 3.83001e-286 0.0 0.0 0.0 0.0 0.0 0.0 0.0 0.0 0.0 0.0 0.0 0.0 0.0 0.0 -10.12280 0.07797 0.74474 10.12310 13.28936 -49.72237 3.21258
0 0.2893 1 17.8409 24.7842 17.4017 1.78883e-11 1.30299e-11 9.42188e-12 6.75816e-12 4.80468e-12 3.38279e-12 2.35651e-12 1.62269e-12 1.10343e-12 7.40207e-13 4.89353e-13 3.18507e-13 2.03913e-13 1.28312e-13 7.93175e-14 4.81631e-14 2.87433e-14 1.68826e-14 9.78397e-15 5.61569e-15 3.20808e-15 1.83416e-15 1.05474e-15 6.11917e-16 3.58158e-16 2.10821e-16 1.24124e-16 7.26409e-17 4.20089e-17 2.38896e-17 1.33073e-17 7.23778e-18 3.83266e-18 1.97022e-18 9.80122e-19 4.70185e-19 2.1665e-19 9.54549e-20 4.00093e-20 1.58597e-20 5.9051e-21 2.04841e-21 6.55323e-22 1.90739e-22 4.94921e-23 1.10552e-23 1.98329e-24 2.43571e-25 1.2988e-26 2.97214e-29 -0.24657 -3.68368 -0.21622 3.69192 4.82747 -2.93074 -2.56706
0 0.0529 1 39.9647 12.1820 33.7693 1.03156e-13 6.1733e-14 3.62296e-14 2.08633e-14 1.18063e-14 6.58251e-15 3.63021e-15 1.99069e-15 1.09196e-15 6.0255e-16 3.35743e-16 1.89035e-16 1.07247e-16 6.09769e-17 3.45123e-17 1.93168e-17 1.06299e-17 5.72345e-18 3.00304e-18 1.52986e-18 7.53995e-19 3.58148e-19 1.63271e-19 7.10978e-20 2.94139e-20 1.14893e-20 4.20644e-21 1.43085e-21 4.47205e-22 1.26471e-22 3.15969e-23 6.67704e-24 1.0886e-24 1.08817e-25 3.09036e-27 5.8708e-34 2.70384e-82 1.97136e-95 5.54944e-113 1.91348e-131 3.42378e-157 1.67255e-192 2.85439e-240 2.76487e-298 0.0 0.0 0.0 0.0 0.0 0.0 -10.12900 7.63778 -0.48348 12.68591 19.05934 -32.11475 -1.45359
0 0.1631 1 29.0934 10.6670 23.7493 1.55188e-12 1.124e-12 8.07223e-13 5.74289e-13 4.04348e-13 2.81497e-13 1.93536e-13 1.31231e-13 8.766e-14 5.76126e-14 3.71696e-14 2.35076e-14 1.45492e-14 8.79658e-15 5.18405e-15 2.96633e-15 1.64594e-15 8.83775e-16 4.58436e-16 2.29546e-16 1.11036e-16 5.2078e-17 2.38734e-17 1.08337e-17 4.93948e-18 2.28688e-18 1.07566e-18 5.08979e-19 2.38626e-19 1.09184e-19 4.81545e-20 2.02768e-20 8.08759e-21 3.03257e-21 1.06015e-21 3.42066e-22 1.00518e-22 2.63735e-23 5.97333e-24 1.09225e-24 1.38218e-25 7.80812e-27 2.24155e-29 1.18632e-66 1.12043e-76 3.82687e-90 1.39475e-108 1.70849e-133 1.64844e-165 1.55851e-200 -8.41123 4.28475 0.36036 9.43970 15.30779 -33.34136 1.34892
0 0.0751 1 3.7820 4.4590 12.0375 1.5061e-12 1.1688e-12 9.05048e-13 6.99072e-13 5.38469e-13 4.1347e-13 3.16383e-13 2.41155e-13 1.83023e-13 1.3824e-13 1.03862e-13 7.75753e-14 5.75654e-14 4.24101e-14 3.09965e-14 2.24555e-14 1.61098e-14 1.1433e-14 8.01726e-15 5.54781e-15 3.78281e-15 2.53744e-15 1.67136e-15 1.07881e-15 6.80801e-16 4.18958e-16 2.50699e-16 1.45413e-16 8.14823e-17 4.39613e-17 2.27684e-17 1.13007e-17 5.38236e-18 2.47849e-18 1.12371e-18 5.17867e-19 2.52147e-19 1.32765e-19 7.48732e-20 4.38273e-20 2.58529e-20 1.51023e-20 8.66764e-21 4.86986e-21 2.67206e-21 1.42845e-21 7.42062e-22 3.73517e-22 1.81574e-22 8.49312e-23 1.77421 9.96643 0.59459 10.12312 18.56099 5.48800 1.83576
0 0.0473 3 15.5529 84.1931 49.8241 2.25703e-11 1.6801e-11 1.24208e-11 9.1132e-12 6.63053e-12 4.78065e-12 3.41249e-12 2.40882e-12 1.67998e-12 1.15646e-12 7.84108e-13 5.23094e-13 3.42827e-13 2.20369e-13 1.38544e-13 8.49378e-14 5.06688e-14 2.93187e-14 1.63955e-14 8.82215e-15 4.54349e-15 2.2253e-15 1.0288e-15 4.45298e-16 1.7894e-16 6.62141e-17 2.2377e-17 6.84224e-18 1.87223e-18 4.53856e-19 9.75676e-20 1.93697e-20 4.04945e-21 1.06703e-21 3.51217e-22 1.22618e-22 4.09555e-23 1.26066e-23 3.50395e-24 8.5685e-25 1.75875e-25 2.74101e-26 2.51975e-27 5.72004e-29 2.70382e-57 7.43256e-66 6.67471e-77 4.7275e-92 1.52348e-112 7.70828e-140 -3.94263 -8.76461 -0.96997 9.61055 4.06881 -93.83965 -13.79164
0 0.2841 1 16.8984 7.5601 17.0865 1.76099e-12 1.28624e-12 9.32836e-13 6.71251e-13 4.7887e-13 3.38407e-13 2.36681e-13 1.63675e-13 1.11807e-13 7.53676e-14 5.00816e-14 3.27723e-14 2.10985e-14 1.3352e-14 8.30079e-15 5.06827e-15 3.04014e-15 1.79347e-15 1.04279e-15 5.99649e-16 3.42648e-16 1.95654e-16 1.12261e-16 6.49859e-17 3.79984e-17 2.23925e-17 1.32335e-17 7.79378e-18 4.54602e-18 2.61233e-18 1.47274e-18 8.11872e-19 4.36375e-19 2.28049e-19 1.15532e-19 5.65523e-20 2.66478e-20 1.20368e-20 5.18725e-21 2.12115e-21 8.17872e-22 2.95174e-22 9.8825e-23 3.03444e-23 8.40896e-24 2.05012e-24 4.19625e-25 6.53044e-26 6.03654e-27 1.43719e-28 -2.18130 6.88113 0.36036 7.21859 15.53921 -8.07167 1.32883
0 0.0001 3 9.7622 20.9361 25.9783 8.14708e-12 6.3604e-12 4.95554e-12 3.85197e-12 2.98685e-12 2.3094e-12 1.77999e-12 1.36739e-12 1.04627e-12 7.97125e-13 6.04543e-13 4.56118e-13 3.42022e-13 2.54844e-13 1.88573e-13 1.38457e-13 1.00678e-13 7.24852e-14 5.16144e-14 3.63027e-14 2.51819e-14 1.71958e-14 1.15331e-14 7.56779e-15 4.85069e-15 3.02708e-15 1.83241e-15 1.07159e-15 6.02756e-16 3.24234e-16 1.66316e-16 8.10156e-17 3.72613e-17 1.6053e-17 6.41057e-18 2.34192e-18 7.70176e-19 2.23597e-19 5.59892e-20 1.17864e-20 2.04576e-21 2.99787e-22 4.4161e-23 8.95635e-24 2.39491e-24 6.43477e-25 1.53681e-25 3.05756e-26 4.53509e-27 3.78515e-28 0.08019 -0.03069 1.02402 0.08586 8.53137 0.54245 6.89383
0 0.2370 1 33.1342 14.0384 23.2244 2.48264e-12 1.76254e-12 1.23906e-12 8.61545e-13 5.91966e-13 4.01532e-13 2.68448e-13 1.76712e-13 1.14398e-13 7.27274e-14 4.53116e-14 2.76388e-14 1.6486e-14 9.60746e-15 5.45998e-15 3.02273e-15 1.63251e-15 8.61863e-16 4.46467e-16 2.28227e-16 1.15953e-16 5.89735e-17 3.01676e-17 1.55171e-17 7.97928e-18 4.06465e-18 2.03113e-18 9.87051e-19 4.6312e-19 2.08513e-19 8.95737e-20 3.64988e-20 1.40149e-20 5.03282e-21 1.6747e-21 5.10264e-22 1.39976e-22 3.3639e-23 6.7279e-24 1.00147e-24 8.3015e-26 1.30422e-27 1.67642e-69 2.88524e-80 3.49374e-94 2.56846e-113 3.09256e-139 7.80054e-174 1.917e-210 4.67323e-260 -1.98534 2.69644 -0.27628 3.34849 11.37445 -10.05511 -1.39180
0 0.3661 2 25.3887 98.4201 54.6819 6.65239e-12 4.19542e-12 2.58889e-12 1.56001e-12 9.15948e-13 5.22773e-13 2.89287e-13 1.54775e-13 7.98229e-14 3.95593e-14 1.87804e-14 8.51668e-15 3.68222e-15 1.51814e-15 5.99603e-16 2.2975e-16 8.75659e-17 3.44519e-17 1.44976e-17 6.59001e-18 3.16317e-18 1.54675e-18 7.48278e-19 3.51747e-19 1.59011e-19 6.86496e-20 2.81323e-20 1.08718e-20 3.93237e-21 1.31922e-21 4.05725e-22 1.12535e-22 2.74231e-23 5.5918e-24 8.58551e-25 7.56255e-26 1.42888e-27 3.81022e-68 2.88273e-78 2.32993e-92 1.33373e-107 1.4224e-127 4.2893e-155 1.97414e-192 4.79818e-242 8.13675e-294 0.0 0.0 0.0 0.0 2.30560 -5.47123 -0.32132 5.93718 3.82001 37.27959 -4.82515
0 0.6960 1 9.0803 5.7644 11.1293 3.00964e-12 2.18953e-12 1.58382e-12 1.13853e-12 8.12891e-13 5.7616e-13 4.05198e-13 2.82632e-13 1.95464e-13 1.34003e-13 9.10664e-14 6.13614e-14 4.10156e-14 2.72204e-14 1.79587e-14 1.17976e-14 7.73186e-15 5.06556e-15 3.32389e-15 2.18759e-15 1.44503e-15 9.57813e-16 6.3632e-16 4.22924e-16 2.80592e-16 1.85405e-16 1.21757e-16 7.9325e-17 5.11947e-17 3.26882e-17 2.0626e-17 1.28473e-17 7.89e-18 4.77152e-18 2.83757e-18 1.65681e-18 9.48173e-19 5.30833e-19 2.90104e-19 1.54396e-19 7.98061e-20 3.99438e-20 1.92932e-20 8.95856e-21 3.98177e-21 1.6857e-21 6.75941e-22 2.55051e-22 8.98628e-23 2.92852e-23 -10.29330 -0.11795 0.03303 10.29398 13.27448 -50.84334 0.14258
0 3.2579 2 23.5196 53.5369 45.3979 4.25084e-12 2.75656e-12 1.75353e-12 1.09233e-12 6.65074e-13 3.94975e-13 2.28291e-13 1.28114e-13 6.96311e-14 3.65587e-14 1.84956e-14 8.99668e-15 4.2017e-15 1.88454e-15 8.14499e-16 3.42176e-16 1.42031e-16 5.9676e-17 2.60436e-17 1.19746e-17 5.76183e-18 2.83699e-18 1.39431e-18 6.71132e-19 3.12486e-19 1.39603e-19 5.94626e-20 2.40001e-20 9.11746e-21 3.2345e-21 1.06126e-21 3.18003e-22 8.54465e-23 1.99701e-23 3.82703e-24 5.26441e-25 3.60958e-26 2.55601e-28 3.4165e-69 2.20451e-80 1.366e-94 2.28927e-110 2.58876e-132 2.71433e-162 9.58133e-203 4.97446e-250 1.00889e-306 0.0 0.0 0.0 -2.55671 -3.26028 0.01802 4.14321 5.83024 -26.00996 0.17707
0 3.5831 1 29.5599 19.8267 12.9001 5.00085e-11 3.54082e-11 2.50175e-11 1.76374e-11 1.2406e-11 8.70467e-12 6.09113e-12 4.24944e-12 2.95454e-12 2.04638e-12 1.41126e-12 9.68565e-13 6.61175e-13 4.48668e-13 3.02485e-13 2.02485e-13 1.345e-13 8.85939e-14 5.78272e-14 3.73745e-14 2.38985e-14 1.51051e-14 9.42744e-15 5.80366e-15 3.51976e-15 2.10007e-15 1.23086e-15 7.0746e-16 3.98012e-16 2.18714e-16 1.17116e-16 6.09496e-17 3.07357e-17 1.49685e-17 7.01346e-18 3.14807e-18 1.3471e-18 5.46483e-19 2.08822e-19 7.45925e-20 2.4678e-20 7.47142e-21 2.03485e-21 4.84843e-22 9.5907e-23 1.40551e-23 1.13667e-24 1.69749e-26 0.0 0.0 -1.54426 -4.30155 0.01802 4.57035 4.47348 -20.19436 0.23077
0 2.3611 2 20.7233 28.5951 45.3979 1.65037e-12 1.10388e-12 7.26216e-13 4.69187e-13 2.9719e-13 1.84218e-13 1.11522e-13 6.57907e-14 3.77304e-14 2.09797e-14 1.12785e-14 5.84438e-15 2.91004e-15 1.38805e-15 6.32591e-16 2.75052e-16 1.14219e-16 4.55698e-17 1.77186e-17 6.8877e-18 2.76809e-18 1.18088e-18 5.35167e-19 2.51363e-19 1.18514e-19 5.47111e-20 2.43469e-20 1.03435e-20 4.1645e-21 1.57781e-21 5.58041e-22 1.82461e-22 5.44526e-23 1.45591e-23 3.38061e-24 6.41621e-25 8.67674e-26 5.72192e-27 3.4264e-29 3.19998e-68 1.20076e-79 7.98577e-93 5.30306e-109 2.29958e-131 9.1849e-162 1.18769e-202 6.39985e-247 1.0004e-304 0.0 0.0 4.06377 1.63082 0.05105 4.37879 10.91560 21.85717 0.26797
0 1.9521 2 19.0358 25.4787 41.3648 3.78731e-12 2.77785e-12 2.02069e-12 1.45665e-12 1.03968e-12 7.34033e-13 5.12083e-13 3.52593e-13 2.39307e-13 1.5987e-13 1.04961e-13 6.76069e-14 4.26372e-14 2.62714e-14 1.57768e-14 9.20922e-15 5.20927e-15 2.84495e-15 1.49427e-15 7.51402e-16 3.59884e-16 1.63208e-16 6.9616e-17 2.7722e-17 1.02248e-17 3.46837e-18 1.07926e-18 3.11546e-19 8.70331e-20 2.55854e-20 8.55654e-21 3.21688e-21 1.25693e-21 4.78601e-22 1.71964e-22 5.73683e-23 1.75372e-23 4.83058e-24 1.16728e-24 2.35415e-25 3.55756e-26 3.05419e-27 5.47048e-29 7.90437e-60 4.76481e-69 2.89595e-80 1.02219e-95 1.09455e-116 7.37663e-145 3.81045e-176 1.97818 2.48569 -0.02402 3.17677 11.16240 10.20779 -0.12331
0 0.0121 2 26.8714 46.2420 60.0133 1.43445e-13 7.98692e-14 4.31375e-14 2.23577e-14 1.11384e-14 5.32663e-15 2.43714e-15 1.05032e-15 4.30566e-16 1.68444e-16 6.33955e-17 2.34527e-17 8.89129e-18 3.63795e-18 1.64934e-18 8.14748e-19 4.20597e-19 2.1861e-19 1.11841e-19 5.56536e-20 2.67571e-20 1.23677e-20 5.46983e-21 2.30264e-21 9.17197e-22 3.43305e-22 1.19757e-22 3.85376e-23 1.1285e-23 2.94648e-24 6.62206e-25 1.19337e-25 1.45901e-26 7.37831e-28 9.39208e-31 1.06089e-80 2.60163e-92 1.19783e-108 2.7756e-127 3.22504e-150 5.25328e-182 2.72669e-225 1.39099e-283 0.0 0.0 0.0 0.0 0.0 0.0 0.0 0.43878 0.41071 -0.16817 0.60101 8.92309 2.81910 -1.07988
0 0.1258 2 26.8039 58.5767 65.8645 1.23351e-13 6.22635e-14 3.02981e-14 1.4208e-14 6.43208e-15 2.82672e-15 1.22021e-15 5.279e-16 2.35231e-16 1.10774e-16 5.56871e-17 2.95393e-17 1.61403e-17 8.87461e-18 4.83041e-18 2.57687e-18 1.33923e-18 6.75188e-19 3.28971e-19 1.54295e-19 6.93622e-20 2.97391e-20 1.20924e-20 4.63274e-21 1.6594e-21 5.50509e-22 1.67104e-22 4.56101e-23 1.08799e-23 2.14818e-24 3.11029e-25 2.38404e-26 2.59487e-28 1.21795e-80 8.38924e-92 5.40063e-106 6.98542e-126 3.13821e-147 4.05538e-175 1.16474e-213 4.75636e-266 0.0 0.0 0.0 0.0 0.0 0.0 0.0 0.0 0.0 -6.86794 -5.00813 -0.63664 8.50000 7.73092 -63.04983 -4.72363
0 0.4622 2 25.7192 25.1739 54.6819 3.22196e-13 1.97167e-13 1.17758e-13 6.84921e-14 3.87051e-14 2.11971e-14 1.12203e-14 5.72466e-15 2.80758e-15 1.3204e-15 5.94561e-16 2.56411e-16 1.06329e-16 4.28463e-17 1.71238e-17 6.99948e-18 3.02137e-18 1.39766e-18 6.83953e-19 3.43777e-19 1.72543e-19 8.48295e-20 4.03881e-20 1.84876e-20 8.09027e-21 3.36564e-21 1.32284e-21 4.87719e-22 1.67232e-22 5.2755e-23 1.50869e-23 3.82364e-24 8.24711e-25 1.39158e-25 1.49534e-26 5.31016e-28 2.36444e-32 6.57479e-78 9.56002e-91 8.22415e-107 7.54783e-125 5.7141e-150 2.75389e-184 1.35491e-230 7.1353e-284 0.0 0.0 0.0 0.0 0.0 7.29077 4.53367 -0.11712 8.58542 14.93471 29.22176 -0.44931
0 3.6093 1 32.6841 18.3228 13.4104 3.87132e-11 2.73541e-11 1.92845e-11 1.35634e-11 9.51569e-12 6.65779e-12 4.64424e-12 3.22881e-12 2.23632e-12 1.54238e-12 1.05874e-12 7.22932e-13 4.90764e-13 3.31025e-13 2.21719e-13 1.47376e-13 9.7151e-14 6.34684e-14 4.1061e-14 2.62848e-14 1.66338e-14 1.03958e-14 6.40954e-15 3.89379e-15 2.32761e-15 1.36707e-15 7.8757e-16 4.4422e-16 2.44802e-16 1.31501e-16 6.86755e-17 3.47665e-17 1.70047e-17 8.00575e-18 3.61265e-18 1.55508e-18 6.35032e-19 2.44457e-19 8.80504e-20 2.94071e-20 9.00153e-21 2.48432e-21 6.02202e-22 1.22133e-22 1.86793e-23 1.65631e-24 3.38999e-26 0.0 0.0 0.0 -3.50998 -4.89407 -0.00901 6.02261 5.03217 -44.22748 -0.10258
0 3.2036 2 23.2968 26.9920 45.3979 1.09941e-12 7.14159e-13 4.55138e-13 2.8409e-13 1.73346e-13 1.03188e-13 5.97919e-14 3.36452e-14 1.83391e-14 9.65788e-15 4.90142e-15 2.39168e-15 1.12032e-15 5.03742e-16 2.18042e-16 9.15716e-17 3.78928e-17 1.58193e-17 6.84212e-18 3.11731e-18 1.48981e-18 7.30965e-19 3.58943e-19 1.72907e-19 8.06409e-20 3.61038e-20 1.54164e-20 6.23983e-21 2.378e-21 8.46654e-22 2.78941e-22 8.39912e-23 2.27034e-23 5.34853e-24 1.03741e-24 1.45868e-25 1.05358e-26 9.35852e-29 3.21049e-69 3.12034e-80 2.28059e-94 6.69337e-110 1.64792e-131 4.82527e-161 6.60716e-201 5.94218e-248 8.80134e-304 0.0 0.0 0.0 -5.71746 1.55153 -0.03003 5.92424 11.56389 -29.63186 -0.14879
0 0.0710 2 0.1702 0.3848 0.7573 2.38659e-12 1.75144e-12 1.28487e-12 9.42178e-13 6.90541e-13 5.05829e-13 3.70304e-13 2.70924e-13 1.98094e-13 1.44757e-13 1.05724e-13 7.71788e-14 5.63181e-14 4.10824e-14 2.99607e-14 2.18454e-14 1.59254e-14 1.16075e-14 8.4582e-15 6.16115e-15 4.48563e-15 3.26349e-15 2.37216e-15 1.72229e-15 1.24872e-15 9.03894e-16 6.53082e-16 4.70891e-16 3.38754e-16 2.43089e-16 1.73969e-16 1.24138e-16 8.83003e-17 6.25939e-17 4.42078e-17 3.10983e-17 2.17826e-17 1.51871e-17 1.05361e-17 7.2703e-18 4.9879e-18 3.40079e-18 2.3032e-18 1.54862e-18 1.03317e-18 6.83519e-19 4.48112e-19 2.90913e-19 1.86867e-19 1.18664e-19 10.29050 0.26654 -0.59459 10.29395 13.53145 49.57210 -2.51848
