sky_model/snrs/ctadc_skymodel_gps_sources_snr_1.ecsv
# %ECSV 0.9
# ---
# datatype:
# - {name: Simulation_number, unit: '', datatype: float64, format: '%i', description: Simulation_number}
# - {name: galactocentric_x, unit: kpc, datatype: float64, format: '%0.4f', description: X
#     Position}
# - {name: galactocentric_y, unit: kpc, datatype: float64, format: '%0.4f', description: Y
#     Position}
# - {name: galactocentric_z, unit: kpc, datatype: float64, format: '%0.4f', description: Z
#     Position}
# - {name: n0, unit: 1 / cm3, datatype: float64, format: '%0.4f', description: density}
# - {name: type, unit: '', datatype: float64, format: '%i', description: type of progenitor}
# - {name: age, unit: kyear, datatype: float64, format: '%0.4f', description: age of
#     the SNR}
# - {name: size, unit: arcmin, datatype: float64, format: '%0.4f', description: apparent
#     size of the SNR}
# - {name: size_physical, unit: pc, datatype: float64, format: '%0.4f', description: SNR
#     Radius}
# - {name: '0.1', unit: 'TeV^{-1}cm^{-2}s^{-1}', datatype: float64, description: Differential
#     spectrum}
# - {name: '0.11514', unit: 'TeV^{-1}cm^{-2}s^{-1}', datatype: float64, description: Differential
#     spectrum}
# - {name: '0.132571', unit: 'TeV^{-1}cm^{-2}s^{-1}', datatype: float64, description: Differential
#     spectrum}
# - {name: '0.152642', unit: 'TeV^{-1}cm^{-2}s^{-1}', datatype: float64, description: Differential
#     spectrum}
# - {name: '0.175751', unit: 'TeV^{-1}cm^{-2}s^{-1}', datatype: float64, description: Differential
#     spectrum}
# - {name: '0.202359', unit: 'TeV^{-1}cm^{-2}s^{-1}', datatype: float64, description: Differential
#     spectrum}
# - {name: '0.232995', unit: 'TeV^{-1}cm^{-2}s^{-1}', datatype: float64, description: Differential
#     spectrum}
# - {name: '0.26827', unit: 'TeV^{-1}cm^{-2}s^{-1}', datatype: float64, description: Differential
#     spectrum}
# - {name: '0.308884', unit: 'TeV^{-1}cm^{-2}s^{-1}', datatype: float64, description: Differential
#     spectrum}
# - {name: '0.355648', unit: 'TeV^{-1}cm^{-2}s^{-1}', datatype: float64, description: Differential
#     spectrum}
# - {name: '0.409492', unit: 'TeV^{-1}cm^{-2}s^{-1}', datatype: float64, description: Differential
#     spectrum}
# - {name: '0.471487', unit: 'TeV^{-1}cm^{-2}s^{-1}', datatype: float64, description: Differential
#     spectrum}
# - {name: '0.542868', unit: 'TeV^{-1}cm^{-2}s^{-1}', datatype: float64, description: Differential
#     spectrum}
# - {name: '0.625055', unit: 'TeV^{-1}cm^{-2}s^{-1}', datatype: float64, description: Differential
#     spectrum}
# - {name: '0.719686', unit: 'TeV^{-1}cm^{-2}s^{-1}', datatype: float64, description: Differential
#     spectrum}
# - {name: '0.828643', unit: 'TeV^{-1}cm^{-2}s^{-1}', datatype: float64, description: Differential
#     spectrum}
# - {name: '0.954095', unit: 'TeV^{-1}cm^{-2}s^{-1}', datatype: float64, description: Differential
#     spectrum}
# - {name: '1.09854', unit: 'TeV^{-1}cm^{-2}s^{-1}', datatype: float64, description: Differential
#     spectrum}
# - {name: '1.26486', unit: 'TeV^{-1}cm^{-2}s^{-1}', datatype: float64, description: Differential
#     spectrum}
# - {name: '1.45635', unit: 'TeV^{-1}cm^{-2}s^{-1}', datatype: float64, description: Differential
#     spectrum}
[...]
# - {name: galactocentric_r, unit: kpc, datatype: float64, format: '%0.4f', description: Galactocentric
#     radius in the xy plan}
# - {name: distance, unit: kpc, datatype: float64, description: Distance from Earth}
# - {name: glon, unit: deg, datatype: float64, description: Galactic longitude}
# - {name: glat, unit: deg, datatype: float64, description: Galactic latitude}
# meta: !!omap
# - simulation_parameters:
#   - {description: Spectral index, name: alpha, value: 4.1}
#   - {description: Electron to proton ratio, name: Kep, value: 0.01}
#   - {description: CR efficiency, name: xi, value: 0.1}
# - energy_array: [0.1, 0.11514, 0.132571, 0.152642, 0.175751, 0.202359, 0.232995, 0.26827,
#     0.308884, 0.355648, 0.409492, 0.471487, 0.542868, 0.625055, 0.719686, 0.828643,
#     0.954095, 1.09854, 1.26486, 1.45635, 1.67683, 1.9307, 2.223, 2.55955, 2.94705,
#     3.39322, 3.90694, 4.49843, 5.17947, 5.96362, 6.86649, 7.90604, 9.10298, 10.4811,
#     12.0679, 13.895, 15.9986, 18.4207, 21.2095, 24.4205, 28.1177, 32.3746, 37.2759,
#     42.9193, 49.4171, 56.8987, 65.5129, 75.4312, 86.8511, 100.0]
Simulation_number galactocentric_x galactocentric_y galactocentric_z n0 type age size size_physical 0.1 0.11514 0.132571 0.152642 0.175751 0.202359 0.232995 0.26827 0.308884 0.355648 0.409492 0.471487 0.542868 0.625055 0.719686 0.828643 0.954095 1.09854 1.26486 1.45635 1.67683 1.9307 2.223 2.55955 2.94705 3.39322 3.90694 4.49843 5.17947 5.96362 6.86649 7.90604 9.10298 10.4811 12.0679 13.895 15.9986 18.4207 21.2095 24.4205 28.1177 32.3746 37.2759 42.9193 49.4171 56.8987 65.5129 75.4312 86.8511 100.0 galactocentric_r distance glon glat
[from data line 329]
0 -0.4806 4.0292 -0.4895 0.2711 2 14.9765 31.6718 45.3979 9.74983e-12 7.32572e-12 5.47141e-12 4.0596e-12 2.99035e-12 2.18528e-12 1.58305e-12 1.13584e-12 8.06412e-13 5.65919e-13 3.92115e-13 2.6791e-13 1.80228e-13 1.19191e-13 7.73538e-14 4.9169e-14 3.05409e-14 1.84878e-14 1.08764e-14 6.19799e-15 3.40831e-15 1.80073e-15 9.09396e-16 4.36325e-16 1.97441e-16 8.35171e-17 3.26705e-17 1.16698e-17 3.75247e-18 1.07088e-18 2.68387e-19 5.91966e-20 1.19422e-20 2.48804e-21 6.39282e-22 2.05055e-22 7.02936e-23 2.30997e-23 6.98349e-24 1.89934e-24 4.5154e-25 8.89452e-26 1.2914e-26 1.01749e-27 1.35236e-29 4.57968e-58 1.03281e-66 1.60007e-78 1.32284e-94 2.94074e-116 4.0578 12.5479953747 -2.19672844596 -2.23563771216
0 -0.7200 -10.0118 0.0330 0.7640 1 37.2612 9.7359 19.2728 3.38941e-12 2.32694e-12 1.58404e-12 1.06903e-12 7.15231e-13 4.74453e-13 3.1216e-13 2.03821e-13 1.32174e-13 8.51979e-14 5.46421e-14 3.49004e-14 2.22138e-14 1.40926e-14 8.90803e-15 5.60593e-15 3.50743e-15 2.17784e-15 1.33925e-15 8.13871e-16 4.87714e-16 2.87591e-16 1.66529e-16 9.44959e-17 5.24332e-17 2.83836e-17 1.49516e-17 7.64239e-18 3.77834e-18 1.80025e-18 8.23281e-19 3.5969e-19 1.49338e-19 5.85625e-20 2.15368e-20 7.36431e-21 2.31627e-21 6.60309e-22 1.66779e-22 3.58429e-23 6.02912e-24 6.4877e-25 2.37588e-26 2.18688e-30 1.09983e-166 4.98492e-209 6.21087e-254 6.5795200001e-314 0.0 0.0 10.0377 1.67481089673 -154.534546849 1.13014204824
0 -3.0755 3.5834 0.8288 0.2130 3 7.0323 17.7133 31.2910 8.14901e-12 6.43579e-12 5.07895e-12 4.00489e-12 3.15529e-12 2.48315e-12 1.95212e-12 1.53274e-12 1.20162e-12 9.40655e-13 7.35086e-13 5.73188e-13 4.46012e-13 3.46275e-13 2.67988e-13 2.06744e-13 1.58961e-13 1.21769e-13 9.2863e-14 7.0415e-14 5.30917e-14 3.97747e-14 2.95819e-14 2.18188e-14 1.59398e-14 1.15175e-14 8.2173e-15 5.77818e-15 3.99641e-15 2.7131e-15 1.80423e-15 1.1731e-15 7.44533e-16 4.60587e-16 2.77321e-16 1.62183e-16 9.18597e-17 5.01516e-17 2.62311e-17 1.30456e-17 6.11262e-18 2.66789e-18 1.06935e-18 3.86668e-19 1.23315e-19 3.37051e-20 7.61002e-21 1.35328e-21 1.78437e-22 1.62852e-23 4.7222 12.4961774403 -14.279672338 3.8030262948
0 -8.1356 -3.4669 -0.6847 0.1021 4 19.2301 29.2239 72.2862 1.09228e-11 8.06093e-12 5.9031e-12 4.28646e-12 3.08377e-12 2.19604e-12 1.54649e-12 1.07579e-12 7.38334e-13 4.99293e-13 3.32196e-13 2.17095e-13 1.39102e-13 8.72105e-14 5.33794e-14 3.18121e-14 1.84069e-14 1.03065e-14 5.56365e-15 2.88321e-15 1.42737e-15 6.71238e-16 2.97737e-16 1.23569e-16 4.7541e-17 1.67655e-17 5.34843e-18 1.51993e-18 3.7914e-19 8.33607e-20 1.69152e-20 3.63025e-21 9.8195e-22 3.30488e-22 1.18029e-22 4.04665e-23 1.28429e-23 3.70317e-24 9.48985e-25 2.08119e-25 3.6176e-26 4.15594e-27 1.82726e-28 1.00852e-31 4.15654e-64 5.41199e-74 1.38344e-87 4.22444e-106 4.91744e-131 7.7629e-161 8.8434 9.59105650847 -58.2566263568 -4.0937051995
0 -0.4537 -4.1183 -1.4955 0.0658 3 4.2125 12.3504 17.9059 4.58576e-12 3.60738e-12 2.83215e-12 2.22132e-12 1.73887e-12 1.35746e-12 1.05793e-12 8.22565e-13 6.36513e-13 4.91093e-13 3.77717e-13 2.89044e-13 2.19631e-13 1.65993e-13 1.24703e-13 9.3045e-14 6.88629e-14 5.03767e-14 3.65219e-14 2.6227e-14 1.86499e-14 1.31308e-14 9.15435e-15 6.32055e-15 4.32189e-15 2.92569e-15 1.95914e-15 1.29616e-15 8.45953e-16 5.43698e-16 3.43398e-16 2.12632e-16 1.28719e-16 7.59302e-17 4.34782e-17 2.40558e-17 1.279e-17 6.49158e-18 3.12002e-18 1.40608e-18 5.86971e-19 2.23568e-19 7.6238e-20 2.2729e-20 5.75104e-21 1.19122e-21 1.94079e-22 2.43265e-23 2.61421e-24 3.70874e-25 4.1432 4.65207373347 -5.91219141598 -18.7518196947
0 -4.2128 -8.2561 -1.2432 0.0368 2 32.1452 32.6775 72.2862 3.39197e-14 1.64408e-14 7.65879e-15 3.42899e-15 1.47976e-15 6.20519e-16 2.57084e-16 1.08149e-16 4.7783e-17 2.27323e-17 1.16404e-17 6.26589e-18 3.44239e-18 1.887e-18 1.01803e-18 5.36373e-19 2.7466e-19 1.36171e-19 6.51182e-20 2.99138e-20 1.31397e-20 5.48977e-21 2.1684e-21 8.04011e-22 2.77486e-22 8.81991e-23 2.54505e-23 6.52291e-24 1.4286e-24 2.46861e-25 2.77313e-26 1.10373e-27 1.70302e-31 1.29786e-88 1.4598e-100 2.4122e-117 1.24934e-139 5.44683e-163 9.66773e-196 1.06073e-240 1.46284e-301 0.0 0.0 0.0 0.0 0.0 0.0 0.0 0.0 0.0 9.2688 4.39920113508 -86.6869826744 -16.4157920539
0 -0.3508 3.3301 -0.0120 2.3523 2 8.0928 18.8879 25.9783 1.37319e-11 1.08161e-11 8.51069e-12 6.68959e-12 5.25092e-12 4.11609e-12 3.22156e-12 2.51667e-12 1.96234e-12 1.52681e-12 1.18479e-12 9.16962e-13 7.07679e-13 5.44057e-13 4.16669e-13 3.17795e-13 2.41289e-13 1.82154e-13 1.36625e-13 1.01785e-13 7.52539e-14 5.51621e-14 4.00408e-14 2.87409e-14 2.03658e-14 1.42185e-14 9.75848e-15 6.5677e-15 4.32327e-15 2.77611e-15 1.73458e-15 1.05216e-15 6.18229e-16 3.5107e-16 1.92083e-16 1.00809e-16 5.04339e-17 2.38588e-17 1.05674e-17 4.32905e-18 1.61584e-18 5.39477e-19 1.57539e-19 3.922e-20 8.13769e-21 1.42156e-21 2.41768e-22 5.65497e-23 1.91163e-23 7.00854e-24 3.3485 11.8352650403 -1.69833062929 -0.0581513822737
0 3.8447 -14.8444 -0.5255 0.0249 3 10.7883 15.1687 34.3418 1.98856e-12 1.50573e-12 1.1319e-12 8.46594e-13 6.28666e-13 4.61493e-13 3.3611e-13 2.42707e-13 1.72879e-13 1.21325e-13 8.40863e-14 5.74682e-14 3.86601e-14 2.55268e-14 1.65466e-14 1.05388e-14 6.58633e-15 4.03301e-15 2.41552e-15 1.41205e-15 8.03482e-16 4.43602e-16 2.3675e-16 1.21621e-16 5.98417e-17 2.80404e-17 1.24293e-17 5.17132e-18 2.00117e-18 7.12676e-19 2.30782e-19 6.70893e-20 1.73177e-20 3.96748e-21 8.34861e-22 1.80317e-22 4.67966e-23 1.47406e-23 4.90288e-24 1.55463e-24 4.5062e-25 1.16358e-25 2.58036e-26 4.57108e-27 5.46472e-28 2.69648e-29 3.65864e-32 1.71479e-60 1.97168e-70 5.66833e-84 15.3342 7.43700204735 148.784443426 -4.05210820008
0 -2.9803 0.3847 -0.3604 0.1784 1 27.4938 13.6424 22.8033 5.57465e-12 4.03845e-12 2.90102e-12 2.06466e-12 1.45455e-12 1.01326e-12 6.97177e-13 4.73285e-13 3.16583e-13 2.08327e-13 1.34682e-13 8.54156e-14 5.30456e-14 3.21807e-14 1.9042e-14 1.09702e-14 6.14299e-15 3.3391e-15 1.76028e-15 8.98139e-16 4.45195e-16 2.1551e-16 1.02792e-16 4.8888e-17 2.34604e-17 1.14326e-17 5.64179e-18 2.78907e-18 1.36221e-18 6.48987e-19 2.98596e-19 1.31652e-19 5.52615e-20 2.19424e-20 8.18396e-21 2.84368e-21 9.11165e-22 2.65563e-22 6.89749e-23 1.54099e-23 2.7589e-24 3.35664e-25 1.71913e-26 2.81192e-29 6.32532e-76 2.46407e-89 1.06842e-107 1.64601e-132 1.7754e-164 2.33377e-199 3.0051 9.37815928405 -18.5438080876 -2.2021583149
0 -1.0173 -0.4592 0.1141 0.0422 2 28.7136 52.1566 72.2862 7.24916e-14 3.46059e-14 1.58918e-14 7.03222e-15 3.01602e-15 1.2698e-15 5.36724e-16 2.34946e-16 1.09656e-16 5.51258e-17 2.94041e-17 1.61854e-17 8.96547e-18 4.91493e-18 2.64106e-18 1.38326e-18 7.03324e-19 3.45923e-19 1.63961e-19 7.45789e-20 3.23997e-20 1.33706e-20 5.2086e-21 1.90128e-21 6.4457e-22 2.00674e-22 5.64833e-23 1.40243e-23 2.93634e-24 4.70811e-25 4.52645e-26 1.11847e-27 1.593e-79 1.98617e-91 3.55804e-104 2.85275e-122 5.74651e-145 3.7344e-170 2.26763e-205 1.38367e-253 9.6462858891e-319 0.0 0.0 0.0 0.0 0.0 0.0 0.0 0.0 0.0 1.1162 8.10569738751 -7.21074117624 0.806650713317
0 2.6763 5.2998 -0.5676 0.2855 1 7.8661 10.9126 12.5300 1.61745e-11 1.20955e-11 9.00105e-12 6.66178e-12 4.90058e-12 3.58078e-12 2.59701e-12 1.86814e-12 1.33178e-12 9.4009e-13 6.56491e-13 4.53102e-13 3.08775e-13 2.07554e-13 1.37478e-13 8.96491e-14 5.75071e-14 3.62679e-14 2.24846e-14 1.37097e-14 8.23299e-15 4.88241e-15 2.87125e-15 1.68402e-15 9.91725e-16 5.90246e-16 3.5665e-16 2.19009e-16 1.36288e-16 8.54629e-17 5.36485e-17 3.35109e-17 2.0732e-17 1.26616e-17 7.6158e-18 4.5031e-18 2.61293e-18 1.48517e-18 8.25262e-19 4.47315e-19 2.35918e-19 1.20734e-19 5.97675e-20 2.85192e-20 1.30654e-20 5.72102e-21 2.38211e-21 9.37639e-22 3.46513e-22 1.1925e-22 5.9372 14.0683361781 10.9757946168 -2.31214825156
0 6.9235 2.8039 -0.1441 0.4310 2 24.7649 116.7630 54.6819 1.52434e-11 9.41631e-12 5.68142e-12 3.34111e-12 1.91065e-12 1.05986e-12 5.68757e-13 2.94439e-13 1.46623e-13 7.00411e-14 3.20228e-14 1.39979e-14 5.85897e-15 2.36343e-15 9.32623e-16 3.69627e-16 1.52337e-16 6.71277e-17 3.16829e-17 1.56302e-17 7.80548e-18 3.84841e-18 1.84473e-18 8.51916e-19 3.76632e-19 1.58498e-19 6.31078e-20 2.36094e-20 8.23104e-21 2.64699e-21 7.74546e-22 2.02061e-22 4.53694e-23 8.16823e-24 9.98409e-25 5.07428e-26 6.94843e-29 1.76717e-73 1.94021e-85 3.65221e-101 5.30178e-118 1.84372e-141 1.38894e-173 5.37847e-217 3.87781e-269 0.0 0.0 0.0 0.0 0.0 7.4697 13.256419372 31.487070824 -0.623019336098
0 13.6759 -3.9091 0.0090 0.2518 3 23.1162 63.6152 60.0133 3.76505e-13 1.89572e-13 9.21529e-14 4.32818e-14 1.97107e-14 8.77489e-15 3.87604e-15 1.73699e-15 8.09934e-16 3.9992e-16 2.0903e-16 1.13702e-16 6.29234e-17 3.47626e-17 1.89314e-17 1.00852e-17 5.22947e-18 2.62924e-18 1.27706e-18 5.96894e-19 2.67293e-19 1.14108e-19 4.61744e-20 1.75938e-20 6.26313e-21 2.06313e-21 6.2106e-22 1.67794e-22 3.94879e-23 7.6394e-24 1.06604e-24 7.48989e-26 5.62671e-28 2.98285e-81 1.69258e-92 4.17312e-107 1.57512e-127 4.72894e-149 1.00804e-177 2.68298e-217 4.7431e-271 0.0 0.0 0.0 0.0 0.0 0.0 0.0 0.0 0.0 14.2236 14.4259191691 71.4432848061 0.0357813098833
0 10.1881 0.7703 0.3514 0.1393 3 8.9865 137.2180 37.6901 3.43756e-10 2.69306e-10 2.10618e-10 1.64415e-10 1.28071e-10 9.95304e-11 7.71528e-11 5.96307e-11 4.59437e-11 3.52751e-11 2.69749e-11 2.05396e-11 1.55667e-11 1.17328e-11 8.79076e-12 6.54396e-12 4.83692e-12 3.54591e-12 2.57529e-12 1.85162e-12 1.31644e-12 9.2426e-13 6.39804e-13 4.35864e-13 2.91568e-13 1.9101e-13 1.22159e-13 7.59872e-14 4.57774e-14 2.65823e-14 1.48022e-14 7.86154e-15 3.9604e-15 1.88155e-15 8.37489e-16 3.46252e-16 1.31412e-16 4.50681e-17 1.36937e-17 3.59645e-18 7.91672e-19 1.40617e-19 1.9287e-20 1.98027e-21 1.68687e-22 2.04088e-23 4.49256e-24 1.06213e-24 2.13253e-25 3.21848e-26 10.2172 13.7789424175 47.7004913627 1.46115071798
0 0.6102 10.1989 0.4595 0.1028 2 4.6299 8.6939 16.3151 1.28287e-12 1.00134e-12 7.8022e-13 6.071e-13 4.69771e-13 3.6253e-13 2.79039e-13 2.13473e-13 1.62333e-13 1.22863e-13 9.25051e-14 6.90154e-14 5.10077e-14 3.74031e-14 2.71903e-14 1.95779e-14 1.39512e-14 9.82923e-15 6.85081e-15 4.7285e-15 3.23117e-15 2.18508e-15 1.46126e-15 9.65325e-16 6.29065e-16 4.03706e-16 2.54646e-16 1.57521e-16 9.53136e-17 5.6245e-17 3.22562e-17 1.79047e-17 9.57306e-18 4.90204e-18 2.38765e-18 1.0971e-18 4.70832e-19 1.86436e-19 6.71047e-20 2.15575e-20 6.04596e-21 1.44301e-21 2.85937e-22 4.68486e-23 6.92953e-24 1.21182e-24 2.92344e-25 7.76976e-26 1.88702e-26 3.86317e-27 10.2171 18.7144944613 1.86905396791 1.40680833799
0 0.1881 -1.9129 -0.0811 0.2188 3 23.3208 48.3757 60.0133 3.16355e-13 1.63976e-13 8.20193e-14 3.95416e-14 1.83759e-14 8.25358e-15 3.60822e-15 1.55675e-15 6.77771e-16 3.06098e-16 1.46597e-16 7.47187e-17 3.98721e-17 2.17345e-17 1.18466e-17 6.36484e-18 3.34191e-18 1.70552e-18 8.42494e-19 4.01263e-19 1.83495e-19 8.01888e-20 3.33099e-20 1.30714e-20 4.81096e-21 1.6464e-21 5.18197e-22 1.47784e-22 3.73169e-23 8.00428e-24 1.33695e-24 1.40255e-25 4.58175e-27 4.11231e-32 7.80739e-86 2.88094e-98 7.78556e-116 1.71792e-136 4.63113e-161 3.20234e-195 7.94474e-242 1.13996e-304 0.0 0.0 0.0 0.0 0.0 0.0 0.0 0.0 1.9221 6.59030528193 1.63609530854 -0.704932751254
0 -3.9872 -13.1185 0.7808 0.0169 1 5.3362 7.0363 18.5524 3.1745e-12 2.48768e-12 1.94645e-12 1.52036e-12 1.18526e-12 9.2205e-13 7.15581e-13 5.53878e-13 4.27456e-13 3.28815e-13 2.52023e-13 1.92392e-13 1.46219e-13 1.10581e-13 8.31748e-14 6.2184e-14 4.61805e-14 3.40421e-14 2.48886e-14 1.8031e-14 1.29311e-14 9.16956e-15 6.42106e-15 4.43381e-15 3.014e-15 2.01322e-15 1.31851e-15 8.44583e-16 5.27624e-16 3.2039e-16 1.88368e-16 1.06736e-16 5.79718e-17 2.99847e-17 1.46544e-17 6.70395e-18 2.83825e-18 1.09595e-18 3.79282e-19 1.15584e-19 3.05808e-20 7.06202e-21 1.60834e-21 4.60234e-22 1.7667e-22 7.56788e-23 3.19307e-23 1.28136e-23 4.84077e-24 1.70805e-24 13.7110 6.15126042402 -139.195537702 7.29223875849
0 -1.7129 4.2372 0.6517 0.2583 1 34.6624 14.4307 23.2472 5.03732e-12 3.5553e-12 2.4837e-12 1.71576e-12 1.17057e-12 7.87968e-13 5.22819e-13 3.41305e-13 2.18998e-13 1.37959e-13 8.52406e-14 5.15176e-14 3.04472e-14 1.75849e-14 9.92452e-15 5.47685e-15 2.95774e-15 1.56547e-15 8.17382e-16 4.23719e-16 2.19485e-16 1.14112e-16 5.957e-17 3.10925e-17 1.61027e-17 8.20225e-18 4.07539e-18 1.96128e-18 9.0872e-19 4.03137e-19 1.70299e-19 6.80948e-20 2.55972e-20 8.97317e-21 2.90434e-21 8.56563e-22 2.25742e-22 5.14291e-23 9.48716e-24 1.2196e-24 7.1499e-26 2.47421e-28 4.00796e-73 1.91287e-84 8.53415e-100 8.01598e-121 3.05568e-149 2.29385e-185 3.25573e-225 1.04462e-279 4.5703 12.8684040396 -7.65899065839 2.90268204969
0 -0.4384 -2.1338 0.0180 0.7279 1 38.4918 14.7505 19.7150 7.16935e-12 4.9124e-12 3.3364e-12 2.24556e-12 1.49763e-12 9.89867e-13 6.48553e-13 4.21459e-13 2.71859e-13 1.7423e-13 1.1104e-13 7.04466e-14 4.45249e-14 2.8046e-14 1.76029e-14 1.0998e-14 6.83145e-15 4.21101e-15 2.57037e-15 1.55002e-15 9.21303e-16 5.38531e-16 3.08889e-16 1.7347e-16 9.51663e-17 5.08767e-17 2.64338e-17 1.33075e-17 6.46927e-18 3.02534e-18 1.35508e-18 5.78471e-19 2.34026e-19 8.91383e-20 3.1719e-20 1.04451e-20 3.144e-21 8.49785e-22 2.003e-22 3.89316e-23 5.51243e-24 4.0861e-25 4.21729e-27 7.05885e-135 2.09662e-166 9.18661e-209 1.12662e-253 1.13356999999e-313 0.0 0.0 2.1784 6.38127037671 -3.93911119013 0.161779185975
0 -4.9811 -7.6133 -0.5646 0.1142 2 30.8528 32.0801 72.2862 2.71732e-15 1.40284e-15 7.62275e-16 4.33254e-16 2.5363e-16 1.50367e-16 8.9082e-17 5.22699e-17 3.02098e-17 1.71371e-17 9.51616e-18 5.1602e-18 2.72557e-18 1.39839e-18 6.94738e-19 3.33048e-19 1.53442e-19 6.7632e-20 2.83704e-20 1.12584e-20 4.19705e-21 1.4576e-21 4.66695e-22 1.35852e-22 3.52043e-23 7.82797e-24 1.38536e-24 1.62847e-25 7.29567e-27 3.24465e-30 2.38818e-96 2.70024e-111 7.61297e-127 4.88946e-149 1.96886e-177 4.20643e-208 3.811e-251 3.28915e-310 0.0 0.0 0.0 0.0 0.0 0.0 0.0 0.0 0.0 0.0 0.0 0.0 9.0980 5.09076728195 -79.9063764841 -6.36718685171
0 6.6918 -0.4361 0.3544 0.3182 1 5.4930 38.4743 10.5956 2.94477e-10 2.21301e-10 1.65605e-10 1.23336e-10 9.13664e-11 6.72824e-11 4.92212e-11 3.57469e-11 2.57536e-11 1.83913e-11 1.30077e-11 9.10379e-12 6.29917e-12 4.30507e-12 2.90343e-12 1.9306e-12 1.26467e-12 8.15649e-13 5.17779e-13 3.23582e-13 1.99263e-13 1.21147e-13 7.29545e-14 4.37206e-14 2.62303e-14 1.58566e-14 9.71226e-15 6.0458e-15 3.82291e-15 2.44623e-15 1.57499e-15 1.01422e-15 6.49914e-16 4.12875e-16 2.59363e-16 1.60821e-16 9.82867e-17 5.91244e-17 3.49563e-17 2.02805e-17 1.15253e-17 6.40312e-18 3.47005e-18 1.82985e-18 9.36326e-19 4.63475e-19 2.21155e-19 1.01327e-19 4.4379e-20 1.84861e-20 6.7060 10.4848443646 39.6877415678 1.93678179892
0 8.2298 -9.2006 0.0541 0.3403 2 13.2977 30.8977 41.3648 1.30876e-11 1.00611e-11 7.70551e-12 5.87738e-12 4.46253e-12 3.37134e-12 2.53311e-12 1.8916e-12 1.40312e-12 1.03321e-12 7.54612e-13 5.46167e-13 3.91424e-13 2.77515e-13 1.94353e-13 1.34281e-13 9.14108e-14 6.12149e-14 4.02557e-14 2.59419e-14 1.63219e-14 1.00053e-14 5.95525e-15 3.42802e-15 1.8993e-15 1.00717e-15 5.07801e-16 2.41579e-16 1.07524e-16 4.43653e-17 1.68069e-17 5.78226e-18 1.78695e-18 4.87884e-19 1.15416e-19 2.32468e-20 3.993e-21 6.32624e-22 1.17247e-22 3.03693e-23 9.18701e-24 2.68106e-24 7.04302e-25 1.60034e-25 2.94631e-26 3.79228e-27 2.26281e-28 9.24048e-31 7.6285e-57 1.9473e-66 12.3442 8.25971236999 94.8657174092 0.374963892682
