sky_model/snrs/ctadc_skymodel_gps_sources_snr_2_summary_all.ecsv
# %ECSV 0.9
# ---
# datatype:
# - {name: file, datatype: string}
# - {name: name, datatype: string}
# - {name: spatial_type, datatype: string}
# - {name: ra, datatype: float64}
# - {name: dec, datatype: float64}
# - {name: GLON, datatype: float64}
# - {name: GLAT, datatype: float64}
# - {name: size, datatype: float64}
# - {name: spectral_type, datatype: string}
# - {name: flux_1_10, datatype: float64}
# - {name: distance, unit: kpc, datatype: float64, description: distance}
# - {name: galactocentric_x, unit: kpc, datatype: float64, description: galactocentric_x}
# - {name: galactocentric_y, unit: kpc, datatype: float64, description: galactocentric_x}
# - {name: galactocentric_z, unit: kpc, datatype: float64, description: galactocentric_x}
# - {name: galactocentric_r, unit: kpc, datatype: float64, description: galactocentric_x}
# - {name: age, unit: kyr, datatype: float64, description: age}
# - {name: n0, unit: 1 / cm3, datatype: float64, description: n0 column density}
# - {name: int_flux_above_1TeV_cu, unit: '%', datatype: float64, description: integral
#     flux in crab unit}
# - {name: skip, datatype: int64, description: skip because already known}
# - {name: size_physical, unit: pc, datatype: float64, description: intrinsic physical
#     size}
# - {name: sigma, unit: deg, datatype: float64, description: angular size}
# meta: !!omap
# - {tag: snr}
# - {filename: snrs/ctadc_skymodel_gps_sources_snr_2.xml}
file name spatial_type ra dec GLON GLAT size spectral_type flux_1_10 distance galactocentric_x galactocentric_y galactocentric_z galactocentric_r age n0 int_flux_above_1TeV_cu skip size_physical sigma
snr snr_0 RadialShell 269.940943573 -23.3641800055 6.41064621375 0.104517244403 0.06352 NodeFunction 1.13152689969e-14 14.81595 1.65425 6.22328 0.02703 6.43939 8.7584 2.9791 0.0605896460824 0 16.4330590867 0.063525
snr snr_1 RadialShell 293.378936825 17.824338817 53.5243562602 -0.865700905658 0.07785 NodeFunction 6.76240470855e-15 12.52186 10.0678 -1.05684 -0.18919 10.12312 2.1385 0.2326 0.0362105141353 0 17.0201115593 0.0778483333333
snr snr_6 RadialShell 233.162539952 -58.2668191821 322.831436187 -1.76653290836 0.99338 NodeFunction 1.18298649344e-16 5.74748 -3.47076 -3.92223 -0.17718 5.23737 17.4565 0.4208 0.000633451427248 0 99.686509923 0.993378333333
snr snr_7 RadialShell 274.890079927 -13.8485478226 17.0043761969 0.610917534663 0.17922 NodeFunction 4.6358110189e-16 13.23734 3.87097 4.15792 0.14114 5.68091 36.3683 0.5084 0.00248232851572 0 41.422035466 0.17922
snr snr_8 RadialShell 298.770438731 32.8580104963 68.9760160862 2.43276990493 0.3757 NodeFunction 5.39639496821e-15 5.58901 5.21225 -6.4967 0.23724 8.32915 19.7591 0.2744 0.028895968919 0 36.6620265748 0.375696666667
snr snr_9 RadialShell 324.948951814 52.6576164462 96.1792562141 0.0381013121535 0.33495 NodeFunction 2.30214514242e-14 4.51629 4.49005 -8.98613 0.003 10.04545 15.3657 0.8564 0.123272508544 0 26.4124205419 0.334951666667
snr snr_10 RadialShell 165.376492575 -61.2336250152 290.097866169 -1.13152193765 0.04781 NodeFunction 1.6665239885e-14 6.08279 -5.71128 -6.41021 -0.12012 8.58542 0.6347 0.4481 0.0892370289021 0 5.07821662322 0.047815
snr snr_11 RadialShell 292.315432696 21.4901199607 56.2561961243 1.77614923452 0.26299 NodeFunction 2.59173092269e-16 11.23897 9.34105 -2.25997 0.34835 9.61055 35.5429 0.1613 0.00138778900784 0 51.6078172445 0.262993333333
snr snr_13 RadialShell 272.035249937 -20.9260516388 9.48722622607 -0.386612680599 0.19046 NodeFunction 3.30754909921e-14 14.24145 2.34733 5.54634 -0.0961 6.02261 6.1488 0.9942 0.177108674461 0 47.359382286 0.190461666667
snr snr_14 RadialShell 269.833295528 -20.0076210643 9.27301616873 1.86132731392 1.18311 NodeFunction 1.66185174644e-19 6.37942 1.02743 -2.20727 0.20721 2.43468 29.9317 0.1298 8.89868452848e-07 0 131.779763786 1.183105
snr snr_15 RadialShell 136.80778118 -49.7395691255 270.500196139 -1.53396103253 0.22532 NodeFunction 5.59601566428e-14 4.37502 -4.37329 -8.46182 -0.11712 9.52513 3.6396 0.389 0.299648738942 0 17.2118374948 0.225321666667
snr snr_16 RadialShell 268.164473017 -22.0667702683 6.7085161654 2.17324725132 0.53612 NodeFunction 1.40865343506e-15 5.06819 0.59163 -3.47013 0.19219 3.5202 37.5159 0.2742 0.00754288856115 0 47.4420215311 0.536125
snr snr_17 RadialShell 254.594662781 -40.4749419982 345.014006211 1.41006695155 0.36822 NodeFunction 3.32118378059e-14 6.71187 -1.73505 -2.01837 0.16517 2.66162 6.0134 0.1728 0.177838768036 0 43.1520116549 0.368225
snr snr_18 RadialShell 296.010460754 24.2104483788 60.2929362091 0.13267944476 0.39501 NodeFunction 9.17874943162e-14 9.07745 7.88438 -4.00154 0.02102 8.84171 10.0851 1.3283 0.491492672153 0 62.6060343378 0.39501
snr snr_19 RadialShell 192.722827378 -63.0325542289 302.869956211 -0.160872412315 0.14174 NodeFunction 6.508399161e-16 17.1126 -14.3729 0.78756 -0.04805 14.39446 25.1708 0.2169 0.00348503956765 0 42.3504250497 0.141741666667
snr snr_20 RadialShell 136.085945142 -48.6387556805 269.367056158 -1.14535097543 0.19239 NodeFunction 5.84452081092e-14 4.20658 -4.20548 -8.54646 -0.08408 9.52513 1.135 0.5467 0.312955394655 0 14.13032414 0.192388333333
snr snr_21 RadialShell 272.54291475 -20.4262518232 10.1545462308 -0.560122663303 0.18238 NodeFunction 5.82515866567e-16 12.59461 2.22037 3.89673 -0.12312 4.48492 35.4259 0.567 0.0031191861371 0 40.1064398139 0.182383333333
snr snr_22 RadialShell 270.149627761 -27.5214310232 2.89488625888 -2.12327283156 0.23013 NodeFunction 9.27401211066e-14 8.91591 0.44998 0.39842 -0.33033 0.60101 5.4044 0.0066 0.4965936839 0 35.8255270695 0.230135
snr snr_23 RadialShell 287.473827735 4.52144162736 39.0625663083 -2.0303716061 2.73803 NodeFunction 5.49758486365e-18 2.28854 1.44126 -6.72416 -0.08108 6.87689 27.1837 1.1667 2.94378084417e-05 0 109.406085129 2.73803333333
snr snr_24 RadialShell 269.254600414 -24.6186204164 5.01071621571 0.020957212895 0.34776 NodeFunction 4.04390426601e-19 16.41778 1.43396 7.85504 0.00601 7.98485 24.0157 2.0011 2.16538138277e-06 0 99.6864698797 0.347758333333
snr snr_25 RadialShell 80.9127474198 36.1973211837 171.393156217 0.0494230043754 0.24466 NodeFunction 8.82320816009e-15 6.96281 1.04201 -15.3844 0.00601 15.41965 4.1374 0.1891 0.0472454574326 0 29.7430730762 0.244656666667
snr snr_27 RadialShell 288.400099896 9.40327314008 43.8177562441 -0.588741384956 0.45251 NodeFunction 9.85775743619e-19 15.19737 10.5216 2.46502 -0.15616 10.8065 28.5369 0.2429 5.27851378866e-06 0 120.072639238 0.452513333333
snr snr_29 RadialShell 267.669854371 -33.0087108132 357.069266262 -3.02976293385 0.41466 NodeFunction 8.71570566693e-15 4.82938 -0.24657 -3.68368 -0.25526 3.69192 17.8409 0.2832 0.0466698159684 0 34.9645354106 0.41466
snr snr_30 RadialShell 238.703426444 -53.9829793028 327.885256213 -0.243822979977 0.14665 NodeFunction 1.63792147364e-16 19.05338 -10.129 7.63778 -0.08108 12.68591 39.9647 0.2707 0.000877054557217 0 48.7863509704 0.14665
snr snr_31 RadialShell 236.473260352 -54.3157876671 326.65864622 0.314797035291 0.13908 NodeFunction 5.7382023435e-16 15.30378 -8.41123 4.28475 0.08408 9.4397 29.0934 0.5591 0.00307262380804 0 37.1622868131 0.139078333333
snr snr_32 RadialShell 269.229204666 -24.0534027183 5.48800620892 0.324607223451 0.05407 NodeFunction 3.7398529461e-15 18.55176 1.77421 9.96643 0.10511 10.12312 3.782 0.3857 0.0200257162659 0 17.5150950719 0.0540733333333
snr snr_33 RadialShell 131.930214461 -46.807185061 266.160356108 -2.08913081186 1.44392 NodeFunction 5.19720724882e-16 3.95413 -3.94263 -8.76461 -0.14414 9.61055 15.5529 0.3144 0.00278293823955 0 99.6866062269 1.443915
snr snr_34 RadialShell 260.907980731 -35.5463589147 351.928336213 0.321187001024 0.09882 NodeFunction 2.06279528987e-15 15.53528 -2.1813 6.88113 0.08709 7.21859 16.8984 0.9633 0.0110456089544 0 26.8054327665 0.0988233333333
snr snr_35 RadialShell 262.217997441 -25.9385555896 0.542456130328 4.74277712354 0.35027 NodeFunction 5.60654066889e-14 8.49879 0.08019 -0.03069 0.7027 0.08586 9.7622 0.0003 0.300212319272 0 51.9766653154 0.350273333333
snr snr_36 RadialShell 261.426151577 -38.2260431456 349.944896229 -1.52790301767 0.23477 NodeFunction 6.66296473123e-16 11.37514 -1.98534 2.69644 -0.3033 3.34849 33.1342 0.2329 0.00356780448645 0 46.6283186799 0.234773333333
snr snr_37 RadialShell 285.932127475 3.31025018147 37.2795962704 -1.22026168625 1.49959 NodeFunction 2.68322096212e-17 3.80734 2.3056 -5.47123 -0.08108 5.93718 25.3887 1.3722 0.000143677899748 0 99.6868685823 1.49958833333
snr snr_38 RadialShell 206.254568095 -62.0928336253 309.15666622 0.129617396604 0.09573 NodeFunction 3.40194581478e-15 13.27448 -10.2933 -0.11795 0.03003 10.29398 9.0803 0.7085 0.0182163316635 0 22.1879601306 0.0957316666667
snr snr_39 RadialShell 245.502686241 -49.5307423223 333.990046218 0.206576964465 0.89228 NodeFunction 6.97715402769e-17 5.83026 -2.55671 -3.26028 0.02102 4.14321 23.5196 3.1939 0.000373604280478 0 90.8308378983 0.89228
snr snr_40 RadialShell 251.273646595 -45.2189987126 339.805646216 0.269226943563 0.33176 NodeFunction 5.37604634311e-14 4.4735 -1.54426 -4.30155 0.02102 4.57035 29.5599 3.5127 0.287870085405 0 25.9126208079 0.331756666667
snr snr_41 RadialShell 277.404889033 -9.66092894269 21.8571762023 0.394067696402 0.47658 NodeFunction 2.54831527444e-16 10.91574 4.06377 1.63082 0.07508 4.37879 20.7233 1.4816 0.00136454131693 0 90.8308200262 0.47658
snr snr_42 RadialShell 272.277775214 -20.2280204146 10.2077962226 -0.246632661908 0.46605 NodeFunction 2.51272828226e-16 11.16248 1.97818 2.48569 -0.04805 3.17677 19.0358 1.4676 0.00134548562094 0 90.8307261333 0.466045
snr snr_44 RadialShell 179.564330373 -63.0563498231 296.950176186 -0.803892205839 0.8132 NodeFunction 5.86384930206e-18 7.70542 -6.86794 -5.00813 -0.10811 8.5 26.8039 0.5206 3.1399037353e-05 0 109.405862801 0.813205
snr snr_45 RadialShell 281.371176337 -3.40673885556 29.2217662253 -0.230422027009 0.41957 NodeFunction 4.05410099448e-19 14.93437 7.29077 4.53367 -0.06006 8.58542 25.7192 0.9954 2.1708414047e-06 0 109.405901591 0.419575
snr snr_46 RadialShell 219.50165271 -60.2901534924 315.772526214 -0.102582770645 0.30538 NodeFunction 3.84309794348e-14 5.03217 -3.50998 -4.89407 -0.00901 6.02261 32.6841 3.6093 0.205785602021 0 26.8312023425 0.30538
snr snr_47 RadialShell 241.810178896 -52.3405571033 330.368146214 -0.223183006696 0.44987 NodeFunction 5.05466268827e-17 11.56394 -5.71746 1.55153 -0.04505 5.92424 23.2968 2.6667 0.000270661018693 0 90.830619217 0.449865
snr snr_48 RadialShell 291.002786931 14.5667575933 49.572106237 -0.420011104743 0.00642 NodeFunction 1.08885579911e-14 13.51875 10.2905 0.26654 -0.0991 10.29395 0.1702 0.3927 0.0583047451377 0 1.51496655188 0.00641833333333
snr snr_50 RadialShell 266.790058013 -31.9807021715 357.570316245 -1.86493292623 0.46831 NodeFunction 1.55681978654e-17 13.3801 -0.56693 4.86099 -0.43544 4.89394 21.7609 0.3364 8.33627197961e-05 0 109.405743379 0.468313333333
snr snr_51 RadialShell 257.577791256 -38.4375451968 348.031476211 0.816426967717 0.62751 NodeFunction 8.67233657205e-19 10.95921 -2.27243 2.21989 0.15616 3.17677 28.3728 0.2534 4.64375883377e-06 0 120.07266212 0.62751
snr snr_52 RadialShell 276.950147345 -10.1665102511 21.2013761969 0.556017673552 0.10844 NodeFunction 1.85827455264e-15 14.54435 5.25967 5.05928 0.14114 7.29798 12.4068 0.4506 0.00995046582625 0 27.5373021819 0.108438333333
snr snr_53 RadialShell 244.018016133 -52.8703575848 330.986816202 -1.52534301247 0.09151 NodeFunction 2.03349181573e-14 8.91228 -4.32102 -0.70891 -0.23724 4.37879 2.2111 0.3548 0.108886982236 0 14.2392067946 0.0915066666667
snr snr_54 RadialShell 283.340932404 -4.01246853274 29.5782763068 -2.25614201273 0.48288 NodeFunction 4.16622865186e-16 11.82377 5.83183 1.77495 -0.46547 6.09596 19.1122 0.3121 0.00223088217862 0 99.6865193823 0.482876666667
snr snr_55 RadialShell 258.789551015 -38.3734046797 348.641876216 0.0861969720122 0.35754 NodeFunction 2.28135829234e-18 15.96877 -3.1449 7.15601 0.02402 7.81658 27.2466 1.9712 1.22159439213e-05 0 99.6864871081 0.357536666667
snr snr_56 RadialShell 263.14091655 -37.6967542757 351.133436239 -2.3627030069 0.20879 NodeFunction 1.85500365635e-18 20.10494 -3.09622 11.3478 -0.82883 11.76262 34.2477 0.0257 9.93295122287e-06 0 73.2908538711 0.208786666667
snr snr_57 RadialShell 249.569664263 -46.6718333346 337.932276217 0.200096946864 0.10416 NodeFunction 2.22156194835e-15 15.47743 -5.81487 5.84347 0.05405 8.24372 21.4507 1.219 0.0118957536262 0 28.1473238464 0.104158333333
snr snr_58 RadialShell 300.644616639 29.7823903908 67.1934962449 -0.541400190055 0.56333 NodeFunction 1.85781032154e-17 11.12329 10.2532 -4.18858 -0.10511 11.07575 24.565 0.3204 9.9479800172e-05 0 109.405808407 0.56333
snr snr_60 RadialShell 267.731141568 -23.358899659 5.39215617481 1.85905722131 0.32573 NodeFunction 5.01005579362e-17 10.4602 0.98245 1.90843 0.33934 2.14646 35.9166 0.0808 0.000268272462168 0 59.4891197335 0.325726666667
snr snr_61 RadialShell 268.233854377 -26.7403375142 2.71489622129 -0.256582835166 0.10928 NodeFunction 7.82537775912e-15 18.77676 0.88937 10.2555 -0.08408 10.29399 4.547 0.4503 0.0419023948097 0 35.8255060433 0.109276666667
snr snr_62 RadialShell 264.020885576 -33.5999889201 354.965346226 -0.743292963391 0.13254 NodeFunction 3.23776606809e-15 9.72261 -0.85317 1.18428 -0.12613 1.45959 3.3003 0.0636 0.0173372016359 0 22.4995623753 0.13254
snr snr_63 RadialShell 248.511136554 -48.627932152 336.005866214 -0.589603046336 0.07343 NodeFunction 3.51784093472e-15 19.26055 -7.83176 9.09526 -0.1982 12.00251 3.2141 0.1621 0.0188369129596 0 24.6931556943 0.0734283333333
snr snr_64 RadialShell 114.395185474 -20.0670289318 235.951506248 0.614050781202 0.98169 NodeFunction 1.45111955185e-18 7.00529 -5.804 -12.422 0.07508 13.71104 26.8761 0.2239 7.770281033e-06 0 120.072620172 0.981688333333
snr snr_65 RadialShell 256.527511581 -40.4562860524 345.928636215 0.258416955564 0.9411 NodeFunction 5.41077229723e-19 6.65822 -1.6188 -2.04163 0.03003 2.60553 26.1049 1.1219 2.89729549171e-06 0 109.405828964 0.941105
snr snr_66 RadialShell 285.907627367 3.17171895978 37.1452162722 -1.26197169222 0.18611 NodeFunction 1.49363946758e-14 4.77234 2.88102 -4.69685 -0.10511 5.51005 1.9055 0.8546 0.0799796158096 0 15.5079039968 0.186113333333
snr snr_67 RadialShell 267.929969282 -26.149194737 3.08501621052 0.278667172275 0.13147 NodeFunction 2.34349417613e-16 18.52293 0.99685 9.99587 0.09009 10.04545 36.561 0.4509 0.00125486617037 0 42.5176817054 0.131466666667
snr snr_68 RadialShell 266.496432692 -28.874317013 0.0944962168169 -0.0361328844569 0.2997 NodeFunction 7.18589980225e-18 19.05023 0.03142 10.5502 -0.01201 10.55025 20.767 0.6957 3.84781948994e-05 0 99.6864283586 0.299703333333
snr snr_69 RadialShell 262.781910799 -34.3379858331 353.78717622 -0.28237297819 0.80729 NodeFunction 1.37111426897e-13 4.87466 -0.52754 -3.65403 -0.02402 3.69191 13.1622 2.6344 0.734187833433 0 68.7101397365 0.807295
snr snr_70 RadialShell 277.750751557 -11.0929183323 20.7457062357 -0.570812342142 0.14799 NodeFunction 1.58112912371e-15 12.35875 4.37751 3.05686 -0.12312 5.33919 21.0535 0.6235 0.00846644070437 0 31.9342005019 0.147991666667
snr snr_71 RadialShell 243.837657792 -51.0867476149 332.141806215 -0.161543022328 0.52782 NodeFunction 5.47746735854e-14 7.45576 -3.48395 -1.90834 -0.02102 3.97236 13.0891 3.0224 0.293300856368 0 68.7101078237 0.527818333333
snr snr_72 RadialShell 136.462297799 -45.6040043765 267.283736271 1.07625913052 0.78208 NodeFunction 3.68920530575e-18 8.79327 -8.78184 -8.91664 0.16517 12.51508 24.2241 0.1718 1.97545143524e-05 0 120.07287302 0.782078333333
snr snr_73 RadialShell 258.858539572 -39.3320137763 347.89397622 -0.515863033201 0.32494 NodeFunction 1.53456197058e-15 16.00993 -3.35749 7.15325 -0.14414 7.90201 16.8631 0.4065 0.00821708849471 0 90.8306440044 0.324936666667
snr snr_74 RadialShell 267.594555501 -22.1738123999 6.34710615683 2.57301724293 0.68281 NodeFunction 1.61478568229e-18 8.36164 0.92346 -0.19799 0.37538 0.94444 21.0976 0.0114 8.6466608099e-06 0 99.6865665144 0.682811666667
snr snr_75 RadialShell 260.54451884 -36.6068550597 350.887786217 -0.0368730092337 0.25612 NodeFunction 2.31486985676e-14 13.99974 -2.21712 5.32306 -0.00901 5.76633 9.3147 3.7515 0.123953876294 0 62.6060322949 0.256125
snr snr_76 RadialShell 264.28105647 -32.5676271239 355.952936221 -0.371742950021 0.35294 NodeFunction 2.40758564859e-14 9.25698 -0.65331 0.73371 -0.06006 0.98241 7.473 0.0524 0.128918510378 0 57.044318402 0.352938333333
snr snr_77 RadialShell 211.10529294 -66.9218271205 310.009246078 -5.05825262689 0.72216 NodeFunction 1.20320958106e-14 3.03132 -2.31277 -6.55872 -0.26727 6.95455 24.2401 0.3363 0.0644280243796 0 38.2217401854 0.722161666667
snr snr_78 RadialShell 265.49255152 -25.5675578841 2.44503616772 2.45574715948 0.11787 NodeFunction 5.35077243091e-14 8.27007 0.35248 -0.24504 0.35435 0.42929 2.4693 0.004 0.28651674825 0 17.0201290738 0.117871666667
snr snr_79 RadialShell 227.647137743 -57.5295795207 320.768906224 0.441567127393 0.73262 NodeFunction 3.96541207776e-18 7.79312 -4.92861 -2.46362 0.06006 5.51005 28.2585 2.1726 2.12335132667e-05 0 99.6865002886 0.732623333333
snr snr_80 RadialShell 276.758302803 -13.9225224698 17.7893562491 -1.02571244034 0.26718 NodeFunction 3.27407791543e-14 13.42046 4.09954 4.27673 -0.24024 5.92424 9.3043 0.3903 0.175316399634 0 62.6059466589 0.26718
snr snr_83 RadialShell 235.192216726 -54.7772534995 325.787996222 0.398757046953 0.07957 NodeFunction 3.55371120029e-15 14.67059 -8.24844 3.63174 0.1021 9.01256 6.2166 0.5014 0.019028986758 0 20.3813093422 0.0795683333333
