sky_model/snrs/ctadc_skymodel_gps_sources_snr_1.ecsv
# %ECSV 0.9
# ---
# datatype:
# - {name: Simulation_number, unit: '', datatype: float64, format: '%i', description: Simulation
#     number}
# - {name: n0, unit: 1 / cm3, datatype: float64, format: '%0.4f', description: density}
# - {name: type, unit: '', datatype: float64, format: '%i', description: type of progenitor}
# - {name: age, unit: kyear, datatype: float64, format: '%0.4f', description: age of
#     the SNR}
# - {name: sigma, unit: arcmin, datatype: float64, format: '%0.4f', description: apparent
#     size of the SNR}
# - {name: size_physical, unit: pc, datatype: float64, format: '%0.4f', description: SNR
#     Radius}
# - {name: flux_1_10, unit: 1 / (cm2 s), datatype: float64, format: '%0.4e', description: Integral
#     flux from 1 to 10 TeV}
# - {name: '0.1', unit: 1 / (cm2 s TeV), datatype: float64, description: Differential
#     spectrum}
# - {name: '0.11514', unit: 1 / (cm2 s TeV), datatype: float64, description: Differential
#     spectrum}
# - {name: '0.132571', unit: 1 / (cm2 s TeV), datatype: float64, description: Differential
#     spectrum}
# - {name: '0.152642', unit: 1 / (cm2 s TeV), datatype: float64, description: Differential
#     spectrum}
# - {name: '0.175751', unit: 1 / (cm2 s TeV), datatype: float64, description: Differential
#     spectrum}
# - {name: '0.202359', unit: 1 / (cm2 s TeV), datatype: float64, description: Differential
#     spectrum}
# - {name: '0.232995', unit: 1 / (cm2 s TeV), datatype: float64, description: Differential
#     spectrum}
# - {name: '0.26827', unit: 1 / (cm2 s TeV), datatype: float64, description: Differential
#     spectrum}
# - {name: '0.308884', unit: 1 / (cm2 s TeV), datatype: float64, description: Differential
#     spectrum}
# - {name: '0.355648', unit: 1 / (cm2 s TeV), datatype: float64, description: Differential
#     spectrum}
# - {name: '0.409492', unit: 1 / (cm2 s TeV), datatype: float64, description: Differential
#     spectrum}
# - {name: '0.471487', unit: 1 / (cm2 s TeV), datatype: float64, description: Differential
#     spectrum}
# - {name: '0.542868', unit: 1 / (cm2 s TeV), datatype: float64, description: Differential
#     spectrum}
# - {name: '0.625055', unit: 1 / (cm2 s TeV), datatype: float64, description: Differential
#     spectrum}
# - {name: '0.719686', unit: 1 / (cm2 s TeV), datatype: float64, description: Differential
#     spectrum}
# - {name: '0.828643', unit: 1 / (cm2 s TeV), datatype: float64, description: Differential
#     spectrum}
# - {name: '0.954095', unit: 1 / (cm2 s TeV), datatype: float64, description: Differential
#     spectrum}
# - {name: '1.09854', unit: 1 / (cm2 s TeV), datatype: float64, description: Differential
#     spectrum}
# - {name: '1.26486', unit: 1 / (cm2 s TeV), datatype: float64, description: Differential
#     spectrum}
# - {name: '1.45635', unit: 1 / (cm2 s TeV), datatype: float64, description: Differential
#     spectrum}
# - {name: '1.67683', unit: 1 / (cm2 s TeV), datatype: float64, description: Differential
#     spectrum}
# - {name: '1.9307', unit: 1 / (cm2 s TeV), datatype: float64, description: Differential
#     spectrum}
# - {name: '2.223', unit: 1 / (cm2 s TeV), datatype: float64, description: Differential
#     spectrum}
# - {name: '2.55955', unit: 1 / (cm2 s TeV), datatype: float64, description: Differential
#     spectrum}
[...]
#     from Earth}
# - {name: glon, unit: deg, datatype: float64, format: '%.5f', description: Galactic
#     longitude}
# - {name: glat, unit: deg, datatype: float64, format: '%.5f', description: Galactic
#     latitude}
# - {name: skip, datatype: float64, format: '%.d', description: 'Skip boolean, 1 skip
#     0 keep'}
# meta: !!omap
# - simulation_parameters:
#   - {description: Spectral index, name: alpha, value: 4.1}
#   - {description: Electron to proton ratio, name: Kep, value: 0.01}
#   - {description: CR efficiency, name: xi, value: 0.1}
# - energy_array: [0.1, 0.11514, 0.132571, 0.152642, 0.175751, 0.202359, 0.232995, 0.26827,
#     0.308884, 0.355648, 0.409492, 0.471487, 0.542868, 0.625055, 0.719686, 0.828643,
#     0.954095, 1.09854, 1.26486, 1.45635, 1.67683, 1.9307, 2.223, 2.55955, 2.94705,
#     3.39322, 3.90694, 4.49843, 5.17947, 5.96362, 6.86649, 7.90604, 9.10298, 10.4811,
#     12.0679, 13.895, 15.9986, 18.4207, 21.2095, 24.4205, 28.1177, 32.3746, 37.2759,
#     42.9193, 49.4171, 56.8987, 65.5129, 75.4312, 86.8511, 100.0]
Simulation_number n0 type age sigma size_physical flux_1_10 0.1 0.11514 0.132571 0.152642 0.175751 0.202359 0.232995 0.26827 0.308884 0.355648 0.409492 0.471487 0.542868 0.625055 0.719686 0.828643 0.954095 1.09854 1.26486 1.45635 1.67683 1.9307 2.223 2.55955 2.94705 3.39322 3.90694 4.49843 5.17947 5.96362 6.86649 7.90604 9.10298 10.4811 12.0679 13.895 15.9986 18.4207 21.2095 24.4205 28.1177 32.3746 37.2759 42.9193 49.4171 56.8987 65.5129 75.4312 86.8511 100.0 galactocentric_x galactocentric_y galactocentric_z galactocentric_r distance glon glat skip
[from data line 298]
0 0.3669 2 3.3836 4.7704 13.5451 2.7313e-14 1.9049e-12 1.51897e-12 1.20995e-12 9.62588e-13 7.65235e-13 6.07167e-13 4.80963e-13 3.80531e-13 3.00297e-13 2.36312e-13 1.85564e-13 1.45387e-13 1.13299e-13 8.79493e-14 6.79964e-14 5.23318e-14 4.00659e-14 3.03944e-14 2.28946e-14 1.71112e-14 1.26792e-14 9.3078e-15 6.76524e-15 4.86685e-15 3.46514e-15 2.44227e-15 1.7045e-15 1.17811e-15 8.06183e-16 5.45764e-16 3.65063e-16 2.40909e-16 1.56554e-16 9.99719e-17 6.25769e-17 3.82824e-17 2.28101e-17 1.31825e-17 7.35282e-18 3.9344e-18 2.00484e-18 9.64129e-19 4.32698e-19 1.78716e-19 6.67524e-20 2.20572e-20 6.27294e-21 1.48473e-21 2.82127e-22 4.24637e-23 -7.38008 9.57354 0.05161 12.08794 19.52232 -22.21197 0.15146 0
0 2.5643 3 4.2575 29.6937 21.5677 4.3370e-12 2.51693e-10 2.00652e-10 1.59828e-10 1.27191e-10 1.01113e-10 8.02884e-11 6.36707e-11 5.04201e-11 3.98637e-11 3.14617e-11 2.4782e-11 1.94781e-11 1.52723e-11 1.19427e-11 9.31144e-12 7.23598e-12 5.60269e-12 4.32061e-12 3.317e-12 2.53386e-12 1.92498e-12 1.4535e-12 1.09008e-12 8.11319e-13 5.9877e-13 4.37764e-13 3.16704e-13 2.26439e-13 1.59774e-13 1.1107e-13 7.59241e-14 5.09187e-14 3.34146e-14 2.13892e-14 1.33052e-14 8.00697e-15 4.63615e-15 2.56559e-15 1.3405e-15 6.55509e-16 2.95999e-16 1.21093e-16 4.38904e-17 1.39327e-17 3.80037e-18 8.73378e-19 1.70214e-19 3.22073e-20 8.47962e-21 3.39854e-21 -0.24132 -3.51192 -0.01502 3.52020 4.99394 -2.76980 -0.17227 0
0 2.0985 2 8.3576 18.3492 28.5112 6.7297e-13 4.9039e-11 3.89979e-11 3.09776e-11 2.45757e-11 1.94686e-11 1.53993e-11 1.21584e-11 9.58107e-12 7.53437e-12 5.90979e-12 4.62337e-12 3.6067e-12 2.80388e-12 2.17179e-12 1.67557e-12 1.28712e-12 9.83399e-13 7.47198e-13 5.64269e-13 4.2325e-13 3.15094e-13 2.32429e-13 1.69758e-13 1.22631e-13 8.74944e-14 6.15513e-14 4.261e-14 2.89596e-14 1.92706e-14 1.25157e-14 7.90512e-15 4.83621e-15 2.85319e-15 1.61527e-15 8.71872e-16 4.47975e-16 2.1789e-16 9.95471e-17 4.2266e-17 1.64494e-17 5.76833e-18 1.78409e-18 4.73983e-19 1.04777e-19 1.86432e-20 2.64443e-21 3.39215e-22 6.0492e-23 1.70893e-23 5.25284e-24 -7.73440 -1.13049 0.01260 7.81658 10.68320 -46.38392 0.06758 0
0 0.2059 3 3.4719 9.7568 17.9059 2.3905e-13 1.32556e-11 1.0589e-11 8.45441e-12 6.74574e-12 5.37639e-12 4.28218e-12 3.40661e-12 2.70602e-12 2.1473e-12 1.70124e-12 1.34454e-12 1.0608e-12 8.35418e-13 6.55667e-13 5.12771e-13 3.99737e-13 3.10506e-13 2.4021e-13 1.84652e-13 1.41012e-13 1.06987e-13 8.05799e-14 6.01965e-14 4.45649e-14 3.26711e-14 2.37051e-14 1.70183e-14 1.20895e-14 8.50081e-15 5.91869e-15 4.08098e-15 2.78572e-15 1.88092e-15 1.25455e-15 8.25231e-16 5.34296e-16 3.39712e-16 2.11538e-16 1.28593e-16 7.60186e-17 4.34987e-17 2.39568e-17 1.26114e-17 6.29161e-18 2.94302e-18 1.27369e-18 5.0151e-19 1.75875e-19 5.34831e-20 1.36514e-20 12.19590 -5.26514 0.10621 13.28389 12.61807 75.14484 0.48229 0
0 0.1457 1 2.2807 3.0654 8.5533 5.9071e-14 1.09052e-11 8.52111e-12 6.64226e-12 5.16374e-12 4.00223e-12 3.09155e-12 2.37913e-12 1.82327e-12 1.39083e-12 1.05554e-12 7.96547e-13 5.97354e-13 4.44888e-13 3.28819e-13 2.40996e-13 1.74998e-13 1.25781e-13 8.93923e-14 6.27462e-14 4.34437e-14 2.96291e-14 1.98749e-14 1.30913e-14 8.45274e-15 5.3405e-15 3.29594e-15 1.98394e-15 1.16358e-15 6.64976e-16 3.71034e-16 2.03161e-16 1.10226e-16 6.01453e-17 3.36105e-17 1.9534e-17 1.18684e-17 7.48164e-18 4.82047e-18 3.12777e-18 2.02262e-18 1.29595e-18 8.20327e-19 5.12134e-19 3.14923e-19 1.90485e-19 1.13165e-19 6.5924e-20 3.75892e-20 2.09356e-20 1.13638e-20 -2.44910 10.52540 -0.29403 10.80658 19.18464 -7.33523 -0.87817 0
0 2.0356 2 4.9615 36.2549 19.6516 3.9611e-12 2.25134e-10 1.79576e-10 1.43134e-10 1.1398e-10 9.06802e-11 7.20663e-11 5.72014e-11 4.53458e-11 3.58909e-11 2.83595e-11 2.23697e-11 1.76067e-11 1.38248e-11 1.08287e-11 8.45898e-12 6.58385e-12 5.10641e-12 3.94524e-12 3.03513e-12 2.3228e-12 1.76683e-12 1.33544e-12 1.00218e-12 7.46028e-13 5.50253e-13 4.016e-13 2.89585e-13 2.05933e-13 1.44128e-13 9.90493e-14 6.66725e-14 4.38425e-14 2.80894e-14 1.74889e-14 1.05557e-14 6.15886e-15 3.46619e-15 1.87495e-15 9.68753e-16 4.74314e-16 2.17916e-16 9.28225e-17 3.61203e-17 1.26137e-17 3.87333e-18 1.02645e-18 2.34978e-19 5.05569e-20 1.32496e-20 5.06032e-21 -2.05127 -5.38914 0.06241 5.76633 3.72680 -33.40046 0.95948 0
0 0.3604 1 22.4032 9.1507 18.2540 5.9750e-15 1.59172e-11 1.15157e-11 8.25859e-12 5.8664e-12 4.12415e-12 2.86701e-12 1.96918e-12 1.33515e-12 8.92899e-13 5.88544e-13 3.8211e-13 2.44255e-13 1.53711e-13 9.52631e-14 5.82014e-14 3.51135e-14 2.0974e-14 1.24469e-14 7.368e-15 4.36756e-15 2.60016e-15 1.55632e-15 9.35426e-16 5.62719e-16 3.37239e-16 2.00339e-16 1.17417e-16 6.76187e-17 3.81321e-17 2.09947e-17 1.12539e-17 5.85614e-18 2.94891e-18 1.43192e-18 6.67798e-19 2.97764e-19 1.26285e-19 5.06408e-20 1.90676e-20 6.68537e-21 2.16003e-21 6.34138e-22 1.65598e-22 3.70725e-23 6.60858e-24 7.90173e-25 3.84158e-26 4.60177e-29 2.7895e-192 2.28037e-236 -0.67673 5.19347 -0.37538 5.23737 13.71532 -2.82923 -1.56833 0
0 0.0020 2 11.1414 20.3768 25.9783 3.3027e-13 5.57204e-11 4.38335e-11 3.44088e-11 2.69358e-11 2.10197e-11 1.63555e-11 1.2676e-11 9.78189e-12 7.51767e-12 5.74956e-12 4.36794e-12 3.29855e-12 2.47498e-12 1.8431e-12 1.35782e-12 9.90604e-13 7.14895e-13 5.09668e-13 3.5836e-13 2.48015e-13 1.68275e-13 1.11845e-13 7.27174e-14 4.6148e-14 2.85275e-14 1.7144e-14 9.99615e-15 5.64167e-15 3.07242e-15 1.60769e-15 8.03827e-16 3.81415e-16 1.70358e-16 7.0925e-17 2.72005e-17 9.47315e-18 2.94514e-18 8.01097e-19 1.8658e-19 3.66323e-20 6.18264e-21 1.02554e-21 2.16508e-22 5.96879e-23 1.71414e-23 4.49247e-24 1.01455e-24 1.83622e-25 2.26667e-26 1.20643e-27 -0.35519 0.24110 -0.54955 0.42929 8.76556 -2.32692 -3.59447 0
0 2.8679 1 12.1571 18.1515 9.4425 1.2997e-12 5.44525e-10 3.95906e-10 2.8718e-10 2.07861e-10 1.50154e-10 1.08277e-10 7.79567e-11 5.60486e-11 4.02451e-11 2.88603e-11 2.06674e-11 1.47765e-11 1.05441e-11 7.50614e-12 5.328e-12 3.76885e-12 2.65518e-12 1.86195e-12 1.29891e-12 9.00915e-13 6.20935e-13 4.25037e-13 2.88788e-13 1.94647e-13 1.30063e-13 8.60988e-14 5.64223e-14 3.65726e-14 2.3427e-14 1.48148e-14 9.2388e-15 5.67467e-15 3.42831e-15 2.03413e-15 1.18332e-15 6.73652e-16 3.74515e-16 2.02852e-16 1.06764e-16 5.44401e-17 2.68048e-17 1.26962e-17 5.76036e-18 2.49138e-18 1.02148e-18 3.94487e-19 1.42411e-19 4.7612e-20 1.45641e-20 4.00584e-21 0.81366 -5.01737 0.04380 5.08292 3.57668 13.15030 0.70173 0
0 0.9604 1 3.2037 8.7325 6.8363 4.0708e-13 1.70226e-10 1.27372e-10 9.48987e-11 7.0371e-11 5.19146e-11 3.80858e-11 2.7774e-11 2.01259e-11 1.4487e-11 1.03562e-11 7.35132e-12 5.18182e-12 3.62776e-12 2.52364e-12 1.74565e-12 1.20191e-12 8.24799e-13 5.65028e-13 3.87067e-13 2.65602e-13 1.82819e-13 1.26344e-13 8.76859e-14 6.10844e-14 4.26628e-14 2.98256e-14 2.08337e-14 1.45151e-14 1.00711e-14 6.95005e-15 4.76557e-15 3.24416e-15 2.191e-15 1.46703e-15 9.73167e-16 6.39094e-16 4.1516e-16 2.66532e-16 1.68943e-16 1.05612e-16 6.50357e-17 3.9398e-17 2.34445e-17 1.36818e-17 7.81608e-18 4.36211e-18 2.3729e-18 1.25499e-18 6.43482e-19 3.18848e-19 -5.20876 -7.14455 0.05581 8.84171 5.38252 -75.41370 0.59405 0
0 0.1607 3 0.4640 2.6114 2.7856 5.5784e-13 7.63289e-11 5.92464e-11 4.5942e-11 3.55812e-11 2.75154e-11 2.12397e-11 1.63606e-11 1.25714e-11 9.63255e-12 7.35711e-12 5.59886e-12 4.2435e-12 3.20165e-12 2.40341e-12 1.79412e-12 1.33105e-12 9.80828e-13 7.17417e-13 5.20532e-13 3.74396e-13 2.66771e-13 1.88193e-13 1.31369e-13 9.0706e-14 6.19392e-14 4.18373e-14 2.79727e-14 1.85385e-14 1.22057e-14 8.00938e-15 5.25992e-15 3.47327e-15 2.31642e-15 1.56544e-15 1.07324e-15 7.45502e-16 5.22993e-16 3.69004e-16 2.60799e-16 1.84045e-16 1.29403e-16 9.05292e-17 6.29671e-17 4.35185e-17 2.98712e-17 2.03528e-17 1.37577e-17 9.22053e-18 6.123e-18 4.02587e-18 -2.99655 -1.84730 0.74174 3.52020 7.33402 -24.24805 5.80465 0
0 0.8878 1 27.2844 16.1734 16.5062 3.9906e-14 5.91624e-11 4.17025e-11 2.91747e-11 2.02552e-11 1.39563e-11 9.54549e-12 6.48329e-12 4.37547e-12 2.93653e-12 1.96171e-12 1.30578e-12 8.66901e-13 5.74473e-13 3.80157e-13 2.51213e-13 1.65679e-13 1.08941e-13 7.13158e-14 4.63997e-14 2.99501e-14 1.91453e-14 1.20995e-14 7.54779e-15 4.64039e-15 2.80742e-15 1.66875e-15 9.729e-16 5.55294e-16 3.09635e-16 1.68282e-16 8.89089e-17 4.55297e-17 2.25237e-17 1.07238e-17 4.89302e-18 2.12919e-18 8.78722e-19 3.41742e-19 1.24297e-19 4.18908e-20 1.29259e-20 3.58981e-21 8.72906e-22 1.76518e-22 2.65711e-23 2.24193e-24 3.77932e-26 2.35447e-271 0.0 0.0 2.50971 -1.94762 -0.07508 3.17677 7.01698 20.95797 -0.61302 0
0 0.3752 3 4.9931 53.7780 25.9783 8.9518e-12 4.36994e-10 3.491e-10 2.78717e-10 2.22373e-10 1.77285e-10 1.41225e-10 1.1239e-10 8.93536e-11 7.09572e-11 5.62746e-11 4.45695e-11 3.52425e-11 2.78173e-11 2.19153e-11 1.72288e-11 1.35096e-11 1.05655e-11 8.23916e-12 6.40392e-12 4.9575e-12 3.82193e-12 2.93294e-12 2.23919e-12 1.69971e-12 1.28183e-12 9.59145e-13 7.11521e-13 5.22769e-13 3.79897e-13 2.72628e-13 1.92852e-13 1.34183e-13 9.15722e-14 6.102e-14 3.96282e-14 2.49992e-14 1.52676e-14 8.99673e-15 5.09448e-15 2.76635e-15 1.43323e-15 7.02718e-16 3.22645e-16 1.36899e-16 5.27945e-17 1.81201e-17 5.38899e-18 1.34208e-18 2.68104e-19 4.08957e-20 2.49553 -10.69000 -0.08701 10.97742 3.32135 131.26919 -1.50114 0
0 0.2363 1 35.4048 8.6348 23.8655 8.5334e-16 6.94658e-12 4.95697e-12 3.49985e-12 2.44296e-12 1.68353e-12 1.14419e-12 7.66158e-13 5.04725e-13 3.26492e-13 2.07181e-13 1.28816e-13 7.83402e-14 4.6461e-14 2.68659e-14 1.51358e-14 8.30721e-15 4.44485e-15 2.32289e-15 1.18822e-15 6.00146e-16 3.02031e-16 1.52628e-16 7.77323e-17 3.98049e-17 2.03389e-17 1.02643e-17 5.06424e-18 2.42123e-18 1.11352e-18 4.89461e-19 2.0437e-19 8.05294e-20 2.97229e-20 1.01844e-20 3.20275e-21 9.0976e-22 2.27624e-22 4.79121e-23 7.69906e-24 7.41221e-25 1.88158e-26 4.15429e-37 1.51385e-71 1.18169e-82 1.59533e-97 6.42187e-118 1.66022e-145 2.97899e-181 6.72427e-220 8.88775e-273 9.37728 8.02786 0.11461 12.34423 19.00307 29.56893 0.34556 0
0 0.1972 1 30.6069 9.2100 23.3370 1.7194e-15 9.27741e-12 6.72232e-12 4.82508e-12 3.42794e-12 2.40788e-12 1.67044e-12 1.14336e-12 7.71141e-13 5.11634e-13 3.33537e-13 2.13351e-13 1.33658e-13 8.1807e-14 4.8858e-14 2.84268e-14 1.60901e-14 8.84998e-15 4.71759e-15 2.43939e-15 1.22773e-15 6.04797e-16 2.94202e-16 1.42908e-16 7.00293e-17 3.47818e-17 1.74457e-17 8.74511e-18 4.32489e-18 2.0852e-18 9.70771e-19 4.33079e-19 1.83923e-19 7.38754e-20 2.78652e-20 9.78763e-21 3.1681e-21 9.31723e-22 2.43707e-22 5.46283e-23 9.73823e-24 1.1587e-24 5.47829e-26 4.89523e-29 9.64684e-72 3.23153e-83 4.46467e-99 1.11986e-120 9.12607e-150 1.17319e-183 7.60138e-225 -13.91160 1.98709 0.08461 14.05280 17.42179 -52.98963 0.27826 0
0 0.4422 2 8.9524 17.0693 31.2910 3.7684e-13 2.67948e-11 2.13379e-11 1.69713e-11 1.34839e-11 1.06998e-11 8.47642e-12 6.70537e-12 5.29455e-12 4.17093e-12 3.27904e-12 2.57172e-12 2.00987e-12 1.56601e-12 1.2162e-12 9.40664e-13 7.23564e-13 5.53776e-13 4.2146e-13 3.18744e-13 2.39342e-13 1.77968e-13 1.30997e-13 9.53733e-14 6.85814e-14 4.86305e-14 3.39466e-14 2.32877e-14 1.56745e-14 1.03363e-14 6.66971e-15 4.20662e-15 2.58986e-15 1.5536e-15 9.05666e-16 5.10924e-16 2.77519e-16 1.4425e-16 7.12186e-17 3.30974e-17 1.43178e-17 5.6864e-18 2.03793e-18 6.4492e-19 1.75325e-19 3.9544e-20 7.08364e-21 9.55941e-22 9.26953e-23 7.00937e-24 7.45169e-25 2.87361 3.77112 -0.15121 4.74120 12.60400 13.17984 -0.68742 0
0 1.3006 1 8.9800 5.6057 9.7844 6.3393e-14 3.28255e-11 2.39406e-11 1.73727e-11 1.2541e-11 9.00499e-12 6.43165e-12 4.56987e-12 3.23105e-12 2.27418e-12 1.59442e-12 1.11428e-12 7.76902e-13 5.4088e-13 3.76328e-13 2.61859e-13 1.82304e-13 1.26998e-13 8.85012e-14 6.16564e-14 4.2902e-14 2.97822e-14 2.06014e-14 1.41836e-14 9.70849e-15 6.60039e-15 4.4531e-15 2.97907e-15 1.97465e-15 1.29583e-15 8.41187e-16 5.3967e-16 3.41841e-16 2.13553e-16 1.31415e-16 7.95532e-17 4.7304e-17 2.7583e-17 1.5743e-17 8.77681e-18 4.76854e-18 2.5183e-18 1.28896e-18 6.37328e-19 3.03299e-19 1.38341e-19 6.01922e-20 2.48474e-20 9.67047e-21 3.52229e-21 1.18988e-21 -6.51819 1.57609 0.07741 6.70603 12.00085 -32.89870 0.36957 0
0 0.3836 3 6.9087 46.0957 31.2910 4.7898e-12 2.77447e-10 2.21257e-10 1.76303e-10 1.40352e-10 1.11616e-10 8.86654e-11 7.03396e-11 5.57245e-11 4.40779e-11 3.48018e-11 2.74261e-11 2.15677e-11 1.69178e-11 1.32358e-11 1.03258e-11 8.0276e-12 6.21769e-12 4.79657e-12 3.68396e-12 2.81512e-12 2.13816e-12 1.61371e-12 1.20927e-12 8.98993e-13 6.62333e-13 4.8301e-13 3.48155e-13 2.47623e-13 1.73438e-13 1.19349e-13 8.04734e-14 5.3005e-14 3.39885e-14 2.1139e-14 1.27016e-14 7.34329e-15 4.06392e-15 2.14733e-15 1.07834e-15 5.10536e-16 2.25441e-16 9.15919e-17 3.36571e-17 1.09476e-17 3.0668e-18 7.14527e-19 1.32391e-19 1.84179e-20 1.79968e-21 1.19604e-22 -2.35972 -4.48248 0.27327 5.06566 4.66727 -30.42816 3.35664 0
0 0.6623 1 21.0129 8.3885 15.7578 1.2536e-14 1.86344e-11 1.33299e-11 9.45837e-12 6.65392e-12 4.6391e-12 3.20442e-12 2.19254e-12 1.48602e-12 9.97893e-13 6.64269e-13 4.38698e-13 2.87778e-13 1.87787e-13 1.22103e-13 7.92488e-14 5.14197e-14 3.33875e-14 2.17011e-14 1.41116e-14 9.16779e-15 5.93843e-15 3.82625e-15 2.44633e-15 1.54846e-15 9.68343e-16 5.97168e-16 3.62545e-16 2.16323e-16 1.26641e-16 7.2606e-17 4.06827e-17 2.22278e-17 1.18119e-17 6.08744e-18 3.03272e-18 1.45521e-18 6.6976e-19 2.94285e-19 1.22782e-19 4.83425e-20 1.78312e-20 6.10742e-21 1.92075e-21 5.4603e-22 1.36904e-22 2.89591e-23 4.71168e-24 4.70581e-25 1.38876e-26 4.32602e-32 -10.42780 -0.87946 0.03120 10.46482 12.91560 -53.84101 0.13842 0
0 0.4962 2 0.6200 1.3213 2.5381 3.3785e-14 5.31982e-12 4.11149e-12 3.17475e-12 2.4486e-12 1.88585e-12 1.44993e-12 1.1125e-12 8.51558e-13 6.50013e-13 4.94587e-13 3.74956e-13 2.83085e-13 2.12723e-13 1.59007e-13 1.18149e-13 8.72059e-14 6.38868e-14 4.6413e-14 3.34043e-14 2.37915e-14 1.6748e-14 1.16366e-14 7.96786e-15 5.36717e-15 3.54958e-15 2.29963e-15 1.45568e-15 8.97679e-16 5.37459e-16 3.11198e-16 1.73471e-16 9.26061e-17 4.70614e-17 2.26118e-17 1.01947e-17 4.2795e-18 1.66106e-18 5.94157e-19 1.96994e-19 6.19534e-20 1.93018e-20 6.21286e-21 2.07263e-21 6.86454e-22 2.14542e-22 6.10454e-23 1.53478e-23 3.26131e-24 5.35215e-25 5.45487e-26 10.29160 -0.22272 -0.07381 10.29401 13.20741 51.19115 -0.32019 0
0 0.4132 1 26.3087 8.3435 18.9481 3.6550e-15 1.12966e-11 8.07156e-12 5.71267e-12 4.00184e-12 2.77254e-12 1.89826e-12 1.28343e-12 8.56301e-13 5.63463e-13 3.65526e-13 2.3374e-13 1.47364e-13 9.16639e-14 5.63278e-14 3.42637e-14 2.06868e-14 1.24338e-14 7.4633e-15 4.48555e-15 2.70303e-15 1.63262e-15 9.86267e-16 5.93822e-16 3.54835e-16 2.09519e-16 1.21762e-16 6.94022e-17 3.86786e-17 2.1017e-17 1.11031e-17 5.68559e-18 2.81262e-18 1.3391e-18 6.10985e-19 2.65861e-19 1.09716e-19 4.26658e-20 1.55161e-20 5.22814e-21 1.61268e-21 4.47654e-22 1.08764e-22 2.19616e-23 3.29526e-24 2.7562e-25 4.47696e-27 1.00658e-150 4.54566e-187 1.16482e-227 3.81456e-283 5.97444 5.92546 -0.13201 8.41457 15.61426 22.49735 -0.48442 0
0 1.5474 1 36.8515 14.8881 16.6649 3.9536e-14 5.47545e-11 3.84141e-11 2.68305e-11 1.86622e-11 1.29309e-11 8.92828e-12 6.14468e-12 4.21594e-12 2.88377e-12 1.96615e-12 1.33565e-12 9.03485e-13 6.08073e-13 4.06803e-13 2.70243e-13 1.78071e-13 1.16256e-13 7.5118e-14 4.79835e-14 3.02668e-14 1.883e-14 1.15397e-14 6.95661e-15 4.11903e-15 2.39139e-15 1.35874e-15 7.53936e-16 4.07571e-16 2.14082e-16 1.0893e-16 5.35096e-17 2.52785e-17 1.14342e-17 4.92749e-18 2.01154e-18 7.72722e-19 2.7713e-19 9.18932e-20 2.78139e-20 7.54247e-21 1.77638e-21 3.42247e-22 4.7207e-23 3.25125e-24 2.43898e-26 3.52948e-284 0.0 0.0 0.0 0.0 -6.77369 -4.84683 0.02940 8.32914 7.69606 -61.66124 0.21890 0
