sky_model/snrs/ctadc_skymodel_gps_sources_snr_1.ecsv
# %ECSV 0.9
# ---
# datatype:
# - {name: Simulation_number, unit: '', datatype: float64, format: '%i', description: Simulation
#     number}
# - {name: n0, unit: 1 / cm3, datatype: float64, format: '%0.4f', description: density}
# - {name: type, unit: '', datatype: float64, format: '%i', description: type of progenitor}
# - {name: age, unit: kyear, datatype: float64, format: '%0.4f', description: age of
#     the SNR}
# - {name: sigma, unit: arcmin, datatype: float64, format: '%0.4f', description: apparent
#     size of the SNR}
# - {name: size_physical, unit: pc, datatype: float64, format: '%0.4f', description: SNR
#     Radius}
# - {name: flux_1_10, unit: 1 / (cm2 s), datatype: float64, format: '%0.4e', description: Integral
#     flux from 1 to 10 TeV}
# - {name: '0.1', unit: 1 / (cm2 s TeV), datatype: float64, description: Differential
#     spectrum}
# - {name: '0.11514', unit: 1 / (cm2 s TeV), datatype: float64, description: Differential
#     spectrum}
# - {name: '0.132571', unit: 1 / (cm2 s TeV), datatype: float64, description: Differential
#     spectrum}
# - {name: '0.152642', unit: 1 / (cm2 s TeV), datatype: float64, description: Differential
#     spectrum}
# - {name: '0.175751', unit: 1 / (cm2 s TeV), datatype: float64, description: Differential
#     spectrum}
# - {name: '0.202359', unit: 1 / (cm2 s TeV), datatype: float64, description: Differential
#     spectrum}
# - {name: '0.232995', unit: 1 / (cm2 s TeV), datatype: float64, description: Differential
#     spectrum}
# - {name: '0.26827', unit: 1 / (cm2 s TeV), datatype: float64, description: Differential
#     spectrum}
# - {name: '0.308884', unit: 1 / (cm2 s TeV), datatype: float64, description: Differential
#     spectrum}
# - {name: '0.355648', unit: 1 / (cm2 s TeV), datatype: float64, description: Differential
#     spectrum}
# - {name: '0.409492', unit: 1 / (cm2 s TeV), datatype: float64, description: Differential
#     spectrum}
# - {name: '0.471487', unit: 1 / (cm2 s TeV), datatype: float64, description: Differential
#     spectrum}
# - {name: '0.542868', unit: 1 / (cm2 s TeV), datatype: float64, description: Differential
#     spectrum}
# - {name: '0.625055', unit: 1 / (cm2 s TeV), datatype: float64, description: Differential
#     spectrum}
# - {name: '0.719686', unit: 1 / (cm2 s TeV), datatype: float64, description: Differential
#     spectrum}
# - {name: '0.828643', unit: 1 / (cm2 s TeV), datatype: float64, description: Differential
#     spectrum}
# - {name: '0.954095', unit: 1 / (cm2 s TeV), datatype: float64, description: Differential
#     spectrum}
# - {name: '1.09854', unit: 1 / (cm2 s TeV), datatype: float64, description: Differential
#     spectrum}
# - {name: '1.26486', unit: 1 / (cm2 s TeV), datatype: float64, description: Differential
#     spectrum}
# - {name: '1.45635', unit: 1 / (cm2 s TeV), datatype: float64, description: Differential
#     spectrum}
# - {name: '1.67683', unit: 1 / (cm2 s TeV), datatype: float64, description: Differential
#     spectrum}
# - {name: '1.9307', unit: 1 / (cm2 s TeV), datatype: float64, description: Differential
#     spectrum}
# - {name: '2.223', unit: 1 / (cm2 s TeV), datatype: float64, description: Differential
#     spectrum}
# - {name: '2.55955', unit: 1 / (cm2 s TeV), datatype: float64, description: Differential
#     spectrum}
[...]
#     from Earth}
# - {name: glon, unit: deg, datatype: float64, format: '%.5f', description: Galactic
#     longitude}
# - {name: glat, unit: deg, datatype: float64, format: '%.5f', description: Galactic
#     latitude}
# - {name: skip, datatype: float64, format: '%.d', description: 'Skip boolean, 1 skip
#     0 keep'}
# meta: !!omap
# - simulation_parameters:
#   - {description: Spectral index, name: alpha, value: 4.1}
#   - {description: Electron to proton ratio, name: Kep, value: 0.01}
#   - {description: CR efficiency, name: xi, value: 0.1}
# - energy_array: [0.1, 0.11514, 0.132571, 0.152642, 0.175751, 0.202359, 0.232995, 0.26827,
#     0.308884, 0.355648, 0.409492, 0.471487, 0.542868, 0.625055, 0.719686, 0.828643,
#     0.954095, 1.09854, 1.26486, 1.45635, 1.67683, 1.9307, 2.223, 2.55955, 2.94705,
#     3.39322, 3.90694, 4.49843, 5.17947, 5.96362, 6.86649, 7.90604, 9.10298, 10.4811,
#     12.0679, 13.895, 15.9986, 18.4207, 21.2095, 24.4205, 28.1177, 32.3746, 37.2759,
#     42.9193, 49.4171, 56.8987, 65.5129, 75.4312, 86.8511, 100.0]
Simulation_number n0 type age sigma size_physical flux_1_10 0.1 0.11514 0.132571 0.152642 0.175751 0.202359 0.232995 0.26827 0.308884 0.355648 0.409492 0.471487 0.542868 0.625055 0.719686 0.828643 0.954095 1.09854 1.26486 1.45635 1.67683 1.9307 2.223 2.55955 2.94705 3.39322 3.90694 4.49843 5.17947 5.96362 6.86649 7.90604 9.10298 10.4811 12.0679 13.895 15.9986 18.4207 21.2095 24.4205 28.1177 32.3746 37.2759 42.9193 49.4171 56.8987 65.5129 75.4312 86.8511 100.0 galactocentric_x galactocentric_y galactocentric_z galactocentric_r distance glon glat skip
[from data line 92]
0 3.7149 1 35.4640 9.0823 13.7766 6.8151e-14 6.2592e-11 4.48437e-11 3.20494e-11 2.28463e-11 1.62406e-11 1.15098e-11 8.1295e-12 5.72028e-12 4.00804e-12 2.79505e-12 1.93892e-12 1.33723e-12 9.16377e-13 6.2361e-13 4.21171e-13 2.82119e-13 1.87303e-13 1.23162e-13 8.01473e-14 5.1571e-14 3.27805e-14 2.05619e-14 1.2713e-14 7.73757e-15 4.6293e-15 2.71822e-15 1.56364e-15 8.79443e-16 4.82527e-16 2.57626e-16 1.33469e-16 6.68831e-17 3.23021e-17 1.49746e-17 6.63257e-18 2.79199e-18 1.11021e-18 4.14053e-19 1.43596e-19 4.58088e-20 1.32441e-20 3.39172e-21 7.38775e-22 1.25959e-22 1.37848e-23 5.25074e-25 7.83481e-29 0.0 0.0 0.0 4.37988 0.96499 -0.00420 4.48493 10.42926 24.83211 -0.02308 0
0 2.3554 2 11.1606 15.3772 31.2910 3.3725e-13 3.18488e-11 2.52492e-11 1.99877e-11 1.57966e-11 1.24598e-11 9.8085e-12 7.70306e-12 6.03362e-12 4.71334e-12 3.66993e-12 2.84704e-12 2.20043e-12 1.69374e-12 1.29661e-12 9.87367e-13 7.47539e-13 5.62385e-13 4.19732e-13 3.10485e-13 2.27527e-13 1.64986e-13 1.1822e-13 8.35724e-14 5.81733e-14 3.9783e-14 2.66601e-14 1.74573e-14 1.11356e-14 6.89793e-15 4.13688e-15 2.395e-15 1.33459e-15 7.1342e-16 3.64217e-16 1.76478e-16 8.04882e-17 3.41939e-17 1.33587e-17 4.72391e-18 1.48263e-18 4.03073e-19 9.21321e-20 1.71039e-20 2.50188e-21 2.95687e-22 3.63725e-23 7.04842e-24 1.78923e-24 4.26951e-25 8.48516e-26 1.38033 5.42255 0.05521 5.59548 13.99092 5.66200 0.22608 0
0 0.5065 2 5.5201 28.3115 21.5677 1.3575e-12 8.05779e-11 6.43161e-11 5.12934e-11 4.08704e-11 3.25425e-11 2.58726e-11 2.05479e-11 1.63018e-11 1.29047e-11 1.01996e-11 8.04895e-12 6.33396e-12 4.97068e-12 3.89081e-12 3.03708e-12 2.35997e-12 1.82518e-12 1.40509e-12 1.07607e-12 8.19211e-13 6.19413e-13 4.64321e-13 3.44563e-13 2.53124e-13 1.83876e-13 1.31935e-13 9.34136e-14 6.52121e-14 4.48625e-14 3.04049e-14 2.02925e-14 1.33352e-14 8.62073e-15 5.47188e-15 3.40156e-15 2.06463e-15 1.21911e-15 6.97264e-16 3.84265e-16 2.02764e-16 1.0165e-16 4.79561e-17 2.10402e-17 8.45859e-18 3.05846e-18 9.71603e-19 2.63305e-19 5.87033e-20 1.03532e-20 1.42657e-21 4.89297 -6.63459 0.11461 8.24372 5.23775 69.13101 1.25383 0
0 2.6253 1 21.7130 6.4447 12.1300 5.5745e-14 3.453e-11 2.48483e-11 1.78371e-11 1.27747e-11 9.12954e-12 6.51134e-12 4.63495e-12 3.2928e-12 2.33441e-12 1.6511e-12 1.16467e-12 8.1895e-13 5.73724e-13 4.00196e-13 2.77772e-13 1.91719e-13 1.31497e-13 8.95698e-14 6.05502e-14 4.05966e-14 2.69764e-14 1.77533e-14 1.15618e-14 7.44479e-15 4.73522e-15 2.9719e-15 1.83834e-15 1.11932e-15 6.69877e-16 3.93417e-16 2.26335e-16 1.27299e-16 6.98394e-17 3.72811e-17 1.93093e-17 9.67289e-18 4.66984e-18 2.16395e-18 9.58056e-19 4.0314e-19 1.60256e-19 5.97575e-20 2.07249e-20 6.61368e-21 1.91363e-21 4.90832e-22 1.07246e-22 1.84121e-23 2.05212e-24 8.33826e-26 -6.27254 2.81900 0.02820 6.87688 12.94084 -28.99348 0.12487 0
0 0.5279 2 5.8160 24.0321 21.5677 8.7011e-13 5.89544e-11 4.70159e-11 3.74588e-11 2.98265e-11 2.37048e-11 1.88197e-11 1.49268e-11 1.18063e-11 9.32302e-12 7.35028e-12 5.77604e-12 4.52396e-12 3.53333e-12 2.75117e-12 2.13128e-12 1.64143e-12 1.25761e-12 9.57907e-13 7.24777e-13 5.44215e-13 4.05096e-13 2.98136e-13 2.17212e-13 1.5658e-13 1.11636e-13 7.87099e-14 5.48833e-14 3.78515e-14 2.58179e-14 1.74067e-14 1.15891e-14 7.60726e-15 4.91385e-15 3.11644e-15 1.93553e-15 1.17356e-15 6.92126e-16 3.95311e-16 2.1751e-16 1.14561e-16 5.73093e-17 2.69694e-17 1.17979e-17 4.72669e-18 1.70223e-18 5.38273e-19 1.4515e-19 3.22271e-20 5.6939e-21 8.08216e-22 -5.36029 -5.44596 -0.12012 7.64141 6.17044 -60.32755 -1.11545 0
0 2.5921 1 16.7266 46.1297 10.9522 4.4278e-12 2.28424e-09 1.65094e-09 1.19021e-09 8.56037e-10 6.14376e-10 4.40085e-10 3.14687e-10 2.24652e-10 1.60121e-10 1.13934e-10 8.09177e-11 5.73419e-11 4.05271e-11 2.85516e-11 2.00386e-11 1.40016e-11 9.73377e-12 6.72821e-12 4.62127e-12 3.15207e-12 2.13371e-12 1.43251e-12 9.53229e-13 6.28225e-13 4.09744e-13 2.6425e-13 1.68349e-13 1.0584e-13 6.55884e-14 4.00118e-14 2.39947e-14 1.41228e-14 8.14403e-15 4.59212e-15 2.5263e-15 1.35264e-15 7.02909e-16 3.5341e-16 1.71314e-16 7.97465e-17 3.54875e-17 1.50192e-17 6.00967e-18 2.2578e-18 7.89861e-19 2.54646e-19 7.46008e-20 1.94429e-20 4.34567e-21 7.74327e-22 -0.67762 -7.01509 0.02340 7.04774 1.63238 -24.52912 0.82144 0
0 0.2571 1 19.0138 6.7173 18.2781 4.2899e-15 9.40814e-12 6.9279e-12 5.06234e-12 3.66799e-12 2.63317e-12 1.87125e-12 1.31518e-12 9.13295e-13 6.25976e-13 4.23013e-13 2.81519e-13 1.843e-13 1.18555e-13 7.48605e-14 4.63602e-14 2.81428e-14 1.67461e-14 9.7752e-15 5.60823e-15 3.17298e-15 1.77902e-15 9.94659e-16 5.58299e-16 3.16308e-16 1.81301e-16 1.04942e-16 6.10095e-17 3.53644e-17 2.02879e-17 1.14459e-17 6.31882e-18 3.40008e-18 1.77722e-18 8.99423e-19 4.39168e-19 2.0608e-19 9.25232e-20 3.95435e-20 1.5995e-20 6.08185e-21 2.1564e-21 7.05852e-22 2.10471e-22 5.60505e-23 1.2892e-23 2.39858e-24 3.11269e-25 1.86762e-26 7.67054e-29 2.75233e-181 0.18989 10.20680 -0.16382 10.20857 18.70848 0.58158 -0.50170 0
0 1.4037 2 2.3739 9.9455 10.2464 2.0302e-13 1.17316e-11 9.36099e-12 7.46411e-12 5.94604e-12 4.73304e-12 3.76294e-12 2.98818e-12 2.37037e-12 1.87679e-12 1.48362e-12 1.17096e-12 9.2194e-13 7.24022e-13 5.67207e-13 4.43192e-13 3.44844e-13 2.67237e-13 2.06229e-13 1.58401e-13 1.21019e-13 9.18577e-14 6.91319e-14 5.15994e-14 3.81527e-14 2.79105e-14 2.01729e-14 1.43844e-14 1.01043e-14 6.98268e-15 4.74175e-15 3.16125e-15 2.06765e-15 1.32549e-15 8.32348e-16 5.10996e-16 3.0575e-16 1.77606e-16 9.96901e-17 5.3764e-17 2.76695e-17 1.34759e-17 6.148e-18 2.59484e-18 9.98007e-19 3.43686e-19 1.0408e-19 2.74586e-20 6.51832e-21 1.62235e-21 5.40021e-22 -6.58792 -5.89705 -0.00600 8.84171 7.08351 -68.44055 -0.04854 0
0 0.5989 2 7.6103 14.2171 28.5112 3.5356e-13 2.1328e-11 1.70087e-11 1.35525e-11 1.07895e-11 8.57958e-12 6.81503e-12 5.40633e-12 4.28203e-12 3.38656e-12 2.67335e-12 2.10565e-12 1.65502e-12 1.29783e-12 1.0142e-12 7.90123e-13 6.13487e-13 4.7459e-13 3.65164e-13 2.79497e-13 2.12713e-13 1.60852e-13 1.20753e-13 8.98994e-14 6.62918e-14 4.83406e-14 3.47851e-14 2.46797e-14 1.72329e-14 1.18198e-14 7.94076e-15 5.21807e-15 3.35036e-15 2.09937e-15 1.28207e-15 7.61514e-16 4.38559e-16 2.43797e-16 1.30077e-16 6.61473e-17 3.17871e-17 1.4284e-17 5.92442e-18 2.23124e-18 7.47512e-19 2.17044e-19 5.28454e-20 1.03483e-20 1.54876e-21 1.69108e-22 1.42927e-23 6.93522 3.41664 0.10921 7.73115 13.78824 30.19846 0.45382 0
0 0.4951 1 17.8048 8.2965 15.6228 1.2074e-14 1.94121e-11 1.40761e-11 1.01257e-11 7.22138e-12 5.10248e-12 3.56971e-12 2.47122e-12 1.69195e-12 1.14517e-12 7.66036e-13 5.06411e-13 3.30943e-13 2.13942e-13 1.36976e-13 8.70053e-14 5.49519e-14 3.46026e-14 2.17829e-14 1.37416e-14 8.70026e-15 5.52966e-15 3.52388e-15 2.24626e-15 1.42774e-15 9.01835e-16 5.64294e-16 3.48798e-16 2.12475e-16 1.27296e-16 7.48644e-17 4.31382e-17 2.4305e-17 1.33601e-17 7.14695e-18 3.71037e-18 1.86352e-18 9.02251e-19 4.19429e-19 1.86358e-19 7.87299e-20 3.14365e-20 1.17814e-20 4.10949e-21 1.32016e-21 3.85031e-22 9.97573e-23 2.2105e-23 3.88166e-24 4.52184e-25 2.07051e-26 7.76871 1.85644 0.12061 7.98744 12.94694 36.87478 0.53377 0
0 0.0995 1 6.6166 14.7237 14.3749 3.0412e-13 9.32547e-11 7.23021e-11 5.58645e-11 4.29991e-11 3.29567e-11 2.51415e-11 1.90805e-11 1.4398e-11 1.07964e-11 8.03957e-12 5.941e-12 4.35331e-12 3.16039e-12 2.27098e-12 1.61354e-12 1.13225e-12 7.83683e-13 5.34271e-13 3.58198e-13 2.35758e-13 1.5204e-13 9.58692e-14 5.89696e-14 3.52965e-14 2.05059e-14 1.15339e-14 6.26753e-15 3.28639e-15 1.66416e-15 8.17524e-16 3.93817e-16 1.89577e-16 9.35412e-17 4.83956e-17 2.64314e-17 1.50392e-17 8.71374e-18 5.03872e-18 2.87113e-18 1.60127e-18 8.70743e-19 4.60322e-19 2.35884e-19 1.16785e-19 5.56587e-20 2.54295e-20 1.10854e-20 4.58604e-21 1.78933e-21 6.53625e-22 -5.03093 -12.93820 -0.22682 13.88190 6.71262 -131.41818 -1.93642 0
0 0.2645 3 1.2016 3.1168 7.0624 1.1871e-13 5.86698e-12 4.67587e-12 3.72523e-12 2.96632e-12 2.36077e-12 1.87764e-12 1.49221e-12 1.18497e-12 9.4001e-13 7.4487e-13 5.89568e-13 4.65922e-13 3.67628e-13 2.89589e-13 2.2765e-13 1.78523e-13 1.39657e-13 1.08958e-13 8.47395e-14 6.56378e-14 5.06381e-14 3.88903e-14 2.97165e-14 2.25761e-14 1.70389e-14 1.27632e-14 9.47465e-15 6.96249e-15 5.05888e-15 3.62845e-15 2.56335e-15 1.7786e-15 1.21002e-15 8.05342e-16 5.23256e-16 3.31239e-16 2.03933e-16 1.21847e-16 7.05341e-17 3.93997e-17 2.11112e-17 1.07707e-17 5.18501e-18 2.32918e-18 9.63216e-19 3.60826e-19 1.20245e-19 3.50693e-20 8.94793e-21 2.11637e-21 -7.15608 5.33707 -0.20942 8.92714 15.57940 -27.34653 -0.77020 0
0 1.4392 1 31.2852 7.2422 15.8339 1.2649e-14 1.4868e-11 1.04761e-11 7.346e-12 5.12778e-12 3.56443e-12 2.46838e-12 1.70365e-12 1.17237e-12 8.0462e-13 5.5082e-13 3.76081e-13 2.56012e-13 1.73657e-13 1.17281e-13 7.87849e-14 5.25862e-14 3.48354e-14 2.28769e-14 1.48768e-14 9.56924e-15 6.08161e-15 3.81449e-15 2.35832e-15 1.43533e-15 8.58723e-16 5.04212e-16 2.90039e-16 1.63123e-16 8.94991e-17 4.77829e-17 2.47543e-17 1.24042e-17 5.99054e-18 2.77697e-18 1.22992e-18 5.17706e-19 2.05848e-19 7.67657e-20 2.66206e-20 8.4915e-21 2.45476e-21 6.28555e-22 1.36882e-22 2.33303e-23 2.55156e-24 9.70094e-26 1.41871e-29 0.0 0.0 0.0 7.18063 4.70618 -0.02520 8.58543 15.03214 28.53437 -0.09606 0
0 0.1683 3 6.4971 21.3486 31.2910 8.4419e-13 4.63957e-11 3.70273e-11 2.95292e-11 2.35289e-11 1.87316e-11 1.48962e-11 1.18326e-11 9.38789e-12 7.43656e-12 5.88191e-12 4.64459e-12 3.65947e-12 2.87721e-12 2.25702e-12 1.76537e-12 1.37644e-12 1.06966e-12 8.28258e-13 6.38607e-13 4.89772e-13 3.73623e-13 2.83316e-13 2.1339e-13 1.59495e-13 1.18176e-13 8.66879e-14 6.28616e-14 4.4983e-14 3.17016e-14 2.19543e-14 1.49046e-14 9.89442e-15 6.40672e-15 4.03647e-15 2.46886e-15 1.4627e-15 8.37145e-16 4.61463e-16 2.43674e-16 1.22347e-16 5.78747e-17 2.55008e-17 1.03185e-17 3.76632e-18 1.21235e-18 3.34389e-19 7.61635e-20 1.36559e-20 1.81363e-21 1.663e-22 0.45316 1.56711 0.06907 1.63132 10.07754 2.57737 0.39269 0
0 0.6012 2 6.5147 14.8833 23.6705 3.7271e-13 2.40503e-11 1.91864e-11 1.52885e-11 1.21735e-11 9.68213e-12 7.68943e-12 6.10045e-12 4.83113e-12 3.81802e-12 3.01244e-12 2.37184e-12 1.86081e-12 1.45602e-12 1.13603e-12 8.83208e-13 6.82606e-13 5.25079e-13 4.01765e-13 3.05561e-13 2.30791e-13 1.72931e-13 1.28186e-13 9.40444e-14 6.82392e-14 4.89262e-14 3.46356e-14 2.41961e-14 1.66758e-14 1.13368e-14 7.60119e-15 5.02346e-15 3.26927e-15 2.09119e-15 1.31159e-15 8.04326e-16 4.80667e-16 2.78809e-16 1.56227e-16 8.40806e-17 4.3162e-17 2.09539e-17 9.51936e-18 3.99432e-18 1.52281e-18 5.16733e-19 1.52083e-19 3.75996e-20 7.52205e-21 1.182e-21 1.53683e-22 0.00958 2.43465 -0.06121 2.43467 10.93483 0.05018 -0.32071 0
0 0.7936 2 3.1286 21.4713 12.3418 4.5399e-13 4.60722e-11 3.65827e-11 2.89821e-11 2.29035e-11 1.80785e-11 1.42244e-11 1.11468e-11 8.71487e-12 6.79714e-12 5.26003e-12 4.05363e-12 3.11017e-12 2.37436e-12 1.79845e-12 1.35077e-12 1.00796e-12 7.4704e-13 5.49773e-13 4.0176e-13 2.91627e-13 2.10373e-13 1.50893e-13 1.07636e-13 7.63473e-14 5.38217e-14 3.76831e-14 2.61818e-14 1.80344e-14 1.23022e-14 8.3005e-15 5.53154e-15 3.63493e-15 2.35087e-15 1.49308e-15 9.28826e-16 5.64235e-16 3.33498e-16 1.90969e-16 1.05396e-16 5.57132e-17 2.79939e-17 1.32464e-17 5.83575e-18 2.36042e-18 8.619e-19 2.78707e-19 7.83708e-20 1.91054e-20 4.28793e-21 1.08325e-21 -3.93525 -8.86148 -0.04440 9.69598 3.95207 -95.24829 -0.64377 0
0 0.3593 1 38.9078 43.8764 22.7980 2.2527e-14 1.7253e-10 1.20616e-10 8.33642e-11 5.68912e-11 3.83057e-11 2.54265e-11 1.66169e-11 1.0682e-11 6.75114e-12 4.19384e-12 2.55699e-12 1.53087e-12 9.00976e-13 5.2215e-13 2.98716e-13 1.69083e-13 9.49896e-14 5.32336e-14 2.98422e-14 1.67431e-14 9.38122e-15 5.22564e-15 2.87692e-15 1.55584e-15 8.21846e-16 4.21932e-16 2.09589e-16 1.00299e-16 4.6034e-17 2.01647e-17 8.38368e-18 3.28731e-18 1.20658e-18 4.108e-19 1.28227e-19 3.60961e-20 8.92609e-21 1.84719e-21 2.88358e-22 2.60931e-23 5.40456e-25 4.14481e-73 4.66142e-85 2.87607e-100 3.16558e-121 1.1695e-149 8.46448e-188 3.3538e-228 1.79922e-282 0.0 -2.27274 -5.76140 -0.31203 6.19347 3.57248 -39.68898 -5.01076 0
0 0.1736 1 39.4196 10.9238 26.4984 2.8613e-16 5.33197e-12 3.63121e-12 2.43772e-12 1.61123e-12 1.04726e-12 6.68653e-13 4.18893e-13 2.57152e-13 1.54582e-13 9.09588e-14 5.23796e-14 2.95198e-14 1.63156e-14 8.87101e-15 4.76622e-15 2.54432e-15 1.35566e-15 7.24453e-16 3.8928e-16 2.09916e-16 1.12955e-16 6.018e-17 3.14887e-17 1.60635e-17 7.94016e-18 3.7827e-18 1.72815e-18 7.53224e-19 3.11428e-19 1.21355e-19 4.42284e-20 1.49359e-20 4.61736e-21 1.28445e-21 3.12662e-22 6.31937e-23 9.45807e-24 7.77407e-25 1.13109e-26 1.27143e-65 2.66528e-76 3.29777e-89 2.60174e-104 2.99422e-125 9.00175e-154 3.45239e-192 2.02186e-235 1.3643e-289 0.0 0.0 8.29336 5.96748 -0.27327 10.21717 16.67820 29.82312 -0.93884 0
0 0.1950 1 4.0584 5.8942 10.2998 8.7595e-14 2.88693e-11 2.22932e-11 1.71557e-11 1.31513e-11 1.00385e-11 7.62606e-12 5.76292e-12 4.32968e-12 3.23203e-12 2.39562e-12 1.76186e-12 1.28469e-12 9.27968e-13 6.63392e-13 4.68898e-13 3.2733e-13 2.25417e-13 1.52946e-13 1.02112e-13 6.69894e-14 4.31271e-14 2.72122e-14 1.68116e-14 1.01637e-14 6.01487e-15 3.49034e-15 1.9935e-15 1.12807e-15 6.38628e-16 3.6603e-16 2.14783e-16 1.29854e-16 8.07846e-17 5.13062e-17 3.29084e-17 2.11103e-17 1.34493e-17 8.47333e-18 5.26575e-18 3.22233e-18 1.9388e-18 1.14516e-18 6.62879e-19 3.75321e-19 2.0742e-19 1.1162e-19 5.83347e-20 2.95189e-20 1.44147e-20 6.76693e-21 -10.30220 -2.32193 -0.21622 10.56062 12.01460 -59.04954 -1.03116 0
0 0.1339 2 10.4513 19.9289 34.3418 1.6624e-13 2.23729e-11 1.76874e-11 1.39585e-11 1.09847e-11 8.62704e-12 6.75727e-12 5.27182e-12 4.10069e-12 3.17983e-12 2.44999e-12 1.87901e-12 1.43402e-12 1.08855e-12 8.18016e-13 6.09943e-13 4.50887e-13 3.30086e-13 2.38994e-13 1.70872e-13 1.20187e-13 8.32596e-14 5.67594e-14 3.80387e-14 2.50389e-14 1.61753e-14 1.02453e-14 6.35372e-15 3.85018e-15 2.27343e-15 1.30355e-15 7.22815e-16 3.85715e-16 1.96942e-16 9.55534e-17 4.36905e-17 1.86378e-17 7.32714e-18 2.61485e-18 8.31398e-19 2.30102e-19 5.3858e-20 1.02951e-20 1.54713e-21 1.79693e-22 1.83668e-23 2.67107e-24 6.30182e-25 1.55684e-25 3.30478e-26 5.42346e-27 -10.53450 -3.08680 0.31083 10.97743 11.84800 -62.80343 1.50332 0
0 3.1810 1 33.2268 27.8190 13.8442 5.8135e-13 5.14368e-10 3.68124e-10 2.62822e-10 1.8718e-10 1.32968e-10 9.41984e-11 6.65332e-11 4.68361e-11 3.28464e-11 2.29374e-11 1.5941e-11 1.10191e-11 7.57139e-12 5.16813e-12 3.50223e-12 2.35465e-12 1.56958e-12 1.03659e-12 6.77733e-13 4.3831e-13 2.80142e-13 1.76771e-13 1.10002e-13 6.74232e-14 4.06484e-14 2.40681e-14 1.39722e-14 7.93756e-15 4.40334e-15 2.37965e-15 1.24944e-15 6.35435e-16 3.11963e-16 1.47277e-16 6.65684e-17 2.86641e-17 1.16912e-17 4.48697e-18 1.60765e-18 5.32542e-19 1.61021e-19 4.36187e-20 1.02619e-20 1.97514e-21 2.72355e-22 1.88232e-23 1.45997e-25 0.0 0.0 0.0 -0.80631 -5.17493 0.03604 5.23737 3.42163 -13.63078 0.60344 0
0 0.1228 2 1.2935 2.4904 4.8679 9.7157e-15 7.11417e-12 5.40293e-12 4.08392e-12 3.07069e-12 2.29535e-12 1.70467e-12 1.25692e-12 9.19434e-13 6.66685e-13 4.78754e-13 3.40143e-13 2.38831e-13 1.65529e-13 1.13092e-13 7.60537e-14 5.02607e-14 3.25812e-14 2.06756e-14 1.28153e-14 7.7392e-15 4.54119e-15 2.5813e-15 1.41671e-15 7.48158e-16 3.78836e-16 1.83333e-16 8.45892e-17 3.71909e-17 1.56282e-17 6.33141e-18 2.5123e-18 9.96641e-19 4.01767e-19 1.6471e-19 6.75258e-20 2.70055e-20 1.03021e-20 3.68663e-21 1.2212e-21 3.69308e-22 1.00054e-22 2.35389e-23 4.52914e-24 6.23687e-25 4.28778e-26 3.22131e-28 1.20736e-57 1.04128e-66 3.82674e-79 5.5219e-96 -11.19620 -1.07319 0.32132 11.24752 13.43933 -56.44237 1.37002 0
