sky_model/snrs/ctadc_skymodel_gps_sources_snr_1.ecsv
# %ECSV 0.9
# ---
# datatype:
# - {name: Simulation_number, unit: '', datatype: float64, format: '%i', description: Simulation
#     number}
# - {name: n0, unit: 1 / cm3, datatype: float64, format: '%0.4f', description: density}
# - {name: type, unit: '', datatype: float64, format: '%i', description: type of progenitor}
# - {name: age, unit: kyear, datatype: float64, format: '%0.4f', description: age of
#     the SNR}
# - {name: sigma, unit: arcmin, datatype: float64, format: '%0.4f', description: apparent
#     size of the SNR}
# - {name: size_physical, unit: pc, datatype: float64, format: '%0.4f', description: SNR
#     Radius}
# - {name: flux_1_10, unit: 1 / (cm2 s), datatype: float64, format: '%0.5f', description: Integral
#     flux from 1 to 10 TeV}
# - {name: '0.1', unit: 1 / (cm2 s TeV), datatype: float64, description: Differential
#     spectrum}
# - {name: '0.11514', unit: 1 / (cm2 s TeV), datatype: float64, description: Differential
#     spectrum}
# - {name: '0.132571', unit: 1 / (cm2 s TeV), datatype: float64, description: Differential
#     spectrum}
# - {name: '0.152642', unit: 1 / (cm2 s TeV), datatype: float64, description: Differential
#     spectrum}
# - {name: '0.175751', unit: 1 / (cm2 s TeV), datatype: float64, description: Differential
#     spectrum}
# - {name: '0.202359', unit: 1 / (cm2 s TeV), datatype: float64, description: Differential
#     spectrum}
# - {name: '0.232995', unit: 1 / (cm2 s TeV), datatype: float64, description: Differential
#     spectrum}
# - {name: '0.26827', unit: 1 / (cm2 s TeV), datatype: float64, description: Differential
#     spectrum}
# - {name: '0.308884', unit: 1 / (cm2 s TeV), datatype: float64, description: Differential
#     spectrum}
# - {name: '0.355648', unit: 1 / (cm2 s TeV), datatype: float64, description: Differential
#     spectrum}
# - {name: '0.409492', unit: 1 / (cm2 s TeV), datatype: float64, description: Differential
#     spectrum}
# - {name: '0.471487', unit: 1 / (cm2 s TeV), datatype: float64, description: Differential
#     spectrum}
# - {name: '0.542868', unit: 1 / (cm2 s TeV), datatype: float64, description: Differential
#     spectrum}
# - {name: '0.625055', unit: 1 / (cm2 s TeV), datatype: float64, description: Differential
#     spectrum}
# - {name: '0.719686', unit: 1 / (cm2 s TeV), datatype: float64, description: Differential
#     spectrum}
# - {name: '0.828643', unit: 1 / (cm2 s TeV), datatype: float64, description: Differential
#     spectrum}
# - {name: '0.954095', unit: 1 / (cm2 s TeV), datatype: float64, description: Differential
#     spectrum}
# - {name: '1.09854', unit: 1 / (cm2 s TeV), datatype: float64, description: Differential
#     spectrum}
# - {name: '1.26486', unit: 1 / (cm2 s TeV), datatype: float64, description: Differential
#     spectrum}
# - {name: '1.45635', unit: 1 / (cm2 s TeV), datatype: float64, description: Differential
#     spectrum}
# - {name: '1.67683', unit: 1 / (cm2 s TeV), datatype: float64, description: Differential
#     spectrum}
# - {name: '1.9307', unit: 1 / (cm2 s TeV), datatype: float64, description: Differential
#     spectrum}
# - {name: '2.223', unit: 1 / (cm2 s TeV), datatype: float64, description: Differential
#     spectrum}
# - {name: '2.55955', unit: 1 / (cm2 s TeV), datatype: float64, description: Differential
#     spectrum}
[...]
#     from Earth}
# - {name: glon, unit: deg, datatype: float64, format: '%.5f', description: Galactic
#     longitude}
# - {name: glat, unit: deg, datatype: float64, format: '%.5f', description: Galactic
#     latitude}
# - {name: skip, datatype: float64, format: '%.d', description: 'Skip boolean, 1 skip
#     0 keep'}
# meta: !!omap
# - simulation_parameters:
#   - {description: Spectral index, name: alpha, value: 4.1}
#   - {description: Electron to proton ratio, name: Kep, value: 0.01}
#   - {description: CR efficiency, name: xi, value: 0.1}
# - energy_array: [0.1, 0.11514, 0.132571, 0.152642, 0.175751, 0.202359, 0.232995, 0.26827,
#     0.308884, 0.355648, 0.409492, 0.471487, 0.542868, 0.625055, 0.719686, 0.828643,
#     0.954095, 1.09854, 1.26486, 1.45635, 1.67683, 1.9307, 2.223, 2.55955, 2.94705,
#     3.39322, 3.90694, 4.49843, 5.17947, 5.96362, 6.86649, 7.90604, 9.10298, 10.4811,
#     12.0679, 13.895, 15.9986, 18.4207, 21.2095, 24.4205, 28.1177, 32.3746, 37.2759,
#     42.9193, 49.4171, 56.8987, 65.5129, 75.4312, 86.8511, 100.0]
Simulation_number n0 type age sigma size_physical flux_1_10 0.1 0.11514 0.132571 0.152642 0.175751 0.202359 0.232995 0.26827 0.308884 0.355648 0.409492 0.471487 0.542868 0.625055 0.719686 0.828643 0.954095 1.09854 1.26486 1.45635 1.67683 1.9307 2.223 2.55955 2.94705 3.39322 3.90694 4.49843 5.17947 5.96362 6.86649 7.90604 9.10298 10.4811 12.0679 13.895 15.9986 18.4207 21.2095 24.4205 28.1177 32.3746 37.2759 42.9193 49.4171 56.8987 65.5129 75.4312 86.8511 100.0 galactocentric_x galactocentric_y galactocentric_z galactocentric_r distance glon glat skip
[from data line 482]
0 1.5656 3 7.1584 12.6896 28.5112 0.00000 1.50519e-11 1.19767e-11 9.51935e-12 7.55712e-12 5.99125e-12 4.74274e-12 3.74822e-12 2.95673e-12 2.32764e-12 1.82825e-12 1.43236e-12 1.1191e-12 8.71654e-13 6.76571e-13 5.23175e-13 4.02889e-13 3.08778e-13 2.3543e-13 1.78486e-13 1.34466e-13 1.00589e-13 7.46424e-14 5.49038e-14 3.9991e-14 2.8811e-14 2.05025e-14 1.43888e-14 9.94064e-15 6.7458e-15 4.485e-15 2.91254e-15 1.84066e-15 1.12715e-15 6.65335e-16 3.76264e-16 2.02401e-16 1.02415e-16 4.83957e-17 2.12162e-17 8.54108e-18 3.11376e-18 1.00812e-18 2.82578e-19 6.64093e-20 1.25782e-20 1.83679e-21 2.01554e-22 1.91486e-23 2.83412e-24 7.193e-25 -6.63224 5.45188 0.00540 8.58543 15.44803 -25.42479 0.02003 0
0 0.1896 3 2.5440 7.2639 13.5451 0.00000 4.77004e-12 3.80947e-12 3.03943e-12 2.42338e-12 1.93106e-12 1.53632e-12 1.22124e-12 9.69845e-13 7.68392e-13 6.0794e-13 4.80326e-13 3.78359e-13 2.97185e-13 2.3284e-13 1.81924e-13 1.41534e-13 1.09505e-13 8.43267e-14 6.45922e-14 4.91767e-14 3.71819e-14 2.78927e-14 2.0741e-14 1.52676e-14 1.1127e-14 8.02959e-15 5.73739e-15 4.05986e-15 2.84592e-15 1.97744e-15 1.36163e-15 9.28475e-16 6.26235e-16 4.17191e-16 2.74049e-16 1.77157e-16 1.12439e-16 6.98736e-17 4.23769e-17 2.49843e-17 1.42521e-17 7.82122e-18 4.10016e-18 2.03561e-18 9.46832e-19 4.071e-19 1.591e-19 5.53402e-20 1.6697e-20 4.24576e-21 -10.33840 -0.92119 0.23402 10.37936 12.82090 -53.75584 1.04589 0
0 0.1884 3 0.8352 2.4299 4.8679 0.00000 6.89463e-12 5.46387e-12 4.32863e-12 3.4278e-12 2.71296e-12 2.14576e-12 1.69579e-12 1.3389e-12 1.05596e-12 8.31749e-13 6.5419e-13 5.13681e-13 4.02592e-13 3.14856e-13 2.45652e-13 1.91143e-13 1.48283e-13 1.14645e-13 8.8305e-14 6.77308e-14 5.17068e-14 3.92675e-14 2.9647e-14 2.22379e-14 1.65594e-14 1.2231e-14 8.95205e-15 6.4857e-15 4.6454e-15 3.28475e-15 2.28922e-15 1.56949e-15 1.05625e-15 6.95982e-16 4.47663e-16 2.80078e-16 1.69721e-16 9.91046e-17 5.54204e-17 2.94565e-17 1.4743e-17 6.86876e-18 2.93362e-18 1.128e-18 3.81485e-19 1.09272e-19 2.55772e-20 4.66452e-21 6.79616e-22 9.58818e-23 -9.40143 1.56200 0.29429 9.53031 13.77379 -43.05618 1.22429 0
0 1.0041 1 5.2603 4.3419 8.2962 0.00000 1.3761e-11 1.01915e-11 7.51052e-12 5.50523e-12 4.01223e-12 2.90638e-12 2.09194e-12 1.49582e-12 1.06244e-12 7.49603e-13 5.25477e-13 3.66146e-13 2.53759e-13 1.75088e-13 1.20412e-13 8.26526e-14 5.67093e-14 3.89468e-14 2.68045e-14 1.84998e-14 1.28056e-14 8.88555e-15 6.17394e-15 4.28948e-15 2.97512e-15 2.05665e-15 1.41495e-15 9.67626e-16 6.57068e-16 4.42662e-16 2.95634e-16 1.9558e-16 1.2807e-16 8.29371e-17 5.30681e-17 3.35167e-17 2.0871e-17 1.2798e-17 7.71731e-18 4.5693e-18 2.65191e-18 1.50582e-18 8.34795e-19 4.5077e-19 2.36458e-19 1.20141e-19 5.89274e-20 2.77973e-20 1.25574e-20 5.40641e-21 -4.53839 3.82795 -0.09601 5.93719 13.13714 -20.21059 -0.41874 0
0 0.3569 2 15.2397 50.0597 45.3979 0.00000 5.27567e-11 3.9698e-11 2.96703e-11 2.20119e-11 1.61981e-11 1.18141e-11 8.53287e-12 6.09731e-12 4.306e-12 3.00194e-12 2.06336e-12 1.39626e-12 9.28752e-13 6.06195e-13 3.8749e-13 2.42029e-13 1.47353e-13 8.71998e-14 4.99989e-14 2.76772e-14 1.47302e-14 7.50144e-15 3.63399e-15 1.66402e-15 7.14726e-16 2.85352e-16 1.04768e-16 3.49351e-17 1.04368e-17 2.75147e-18 6.42051e-19 1.38868e-19 3.16372e-20 8.87241e-21 3.0223e-21 1.08435e-21 3.72979e-22 1.1858e-22 3.41618e-23 8.7072e-24 1.88311e-24 3.17047e-25 3.37497e-26 1.17875e-27 5.65943e-32 4.32796e-63 1.76833e-73 9.37236e-88 4.27513e-107 4.96492e-133 1.67486 -2.49503 -0.11411 3.00505 6.23521 15.58444 -1.04866 0
0 0.6624 1 1.3905 1.9585 5.1850 0.00000 6.88657e-12 5.25922e-12 4.0043e-12 3.03838e-12 2.29658e-12 1.72841e-12 1.29458e-12 9.64521e-13 7.14445e-13 5.25856e-13 3.84385e-13 2.78887e-13 2.00734e-13 1.43259e-13 1.0133e-13 7.10105e-14 4.92933e-14 3.38959e-14 2.30964e-14 1.56064e-14 1.04704e-14 6.98758e-15 4.65008e-15 3.09494e-15 2.06679e-15 1.38899e-15 9.41506e-16 6.4429e-16 4.4487e-16 3.09354e-16 2.16051e-16 1.51089e-16 1.05511e-16 7.34187e-17 5.08235e-17 3.49618e-17 2.38806e-17 1.61857e-17 1.08788e-17 7.24604e-18 4.77954e-18 3.11958e-18 2.01307e-18 1.28312e-18 8.06991e-19 5.00233e-19 3.05231e-19 1.83077e-19 1.07774e-19 6.21619e-20 1.81469 9.61160 -0.06001 9.78141 18.20238 5.72165 -0.18888 0
0 0.3234 4 6.5615 46.6411 41.3648 0.00000 2.95652e-10 2.36141e-10 1.88486e-10 1.50342e-10 1.19823e-10 9.54143e-11 7.59062e-11 6.03189e-11 4.78759e-11 3.79498e-11 3.00357e-11 2.37338e-11 1.87204e-11 1.47349e-11 1.15722e-11 9.06639e-12 7.0825e-12 5.51552e-12 4.28069e-12 3.30992e-12 2.54826e-12 1.95213e-12 1.48752e-12 1.12677e-12 8.47837e-13 6.3319e-13 4.68895e-13 3.43904e-13 2.49478e-13 1.78716e-13 1.26188e-13 8.76266e-14 5.96891e-14 3.97643e-14 2.58186e-14 1.62744e-14 9.915e-15 5.79993e-15 3.24354e-15 1.73042e-15 8.76098e-16 4.17813e-16 1.85657e-16 7.57684e-17 2.78888e-17 9.048e-18 2.51258e-18 5.75112e-19 1.03443e-19 1.38265e-20 5.85475 -10.20200 0.08408 11.76261 6.09770 106.20937 0.79010 0
0 0.3114 2 6.3585 83.8062 23.6705 0.00000 2.93752e-10 2.34289e-10 1.86696e-10 1.48676e-10 1.18182e-10 9.38492e-11 7.44454e-11 5.88981e-11 4.65248e-11 3.6694e-11 2.88389e-11 2.25971e-11 1.76577e-11 1.37567e-11 1.06586e-11 8.2141e-12 6.29795e-12 4.801e-12 3.63583e-12 2.73271e-12 2.03485e-12 1.4992e-12 1.09362e-12 7.89398e-13 5.63615e-13 3.97987e-13 2.77963e-13 1.9204e-13 1.31239e-13 8.8672e-14 5.91766e-14 3.8949e-14 2.52357e-14 1.60605e-14 1.00142e-14 6.09934e-15 3.61582e-15 2.0775e-15 1.15096e-15 6.11037e-16 3.08512e-16 1.46764e-16 6.50245e-17 2.64452e-17 9.69383e-18 3.12956e-18 8.64e-19 1.96426e-19 3.50743e-20 4.66472e-21 0.52162 -10.36630 0.12661 10.37942 1.94196 164.38466 3.73826 0
0 0.2029 1 2.5063 2.4984 8.3562 0.00000 3.87888e-12 3.01208e-12 2.33238e-12 1.80035e-12 1.38476e-12 1.06089e-12 8.09204e-13 6.1422e-13 4.63705e-13 3.47989e-13 2.59432e-13 1.9201e-13 1.40976e-13 1.02598e-13 7.39478e-14 5.27341e-14 3.71696e-14 2.5866e-14 1.77501e-14 1.19963e-14 7.9744e-15 5.20689e-15 3.33533e-15 2.09368e-15 1.28706e-15 7.74842e-16 4.57401e-16 2.65587e-16 1.52564e-16 8.74813e-17 5.06586e-17 2.99835e-17 1.82906e-17 1.15125e-17 7.42943e-18 4.86481e-18 3.19917e-18 2.09668e-18 1.36297e-18 8.76481e-19 5.56682e-19 3.48776e-19 2.15296e-19 1.3077e-19 7.80434e-20 4.56901e-20 2.61935e-20 1.46753e-20 8.01753e-21 4.26067e-21 2.32872 14.37800 -0.05461 14.56536 22.99628 5.81204 -0.13605 0
0 0.2499 2 19.5908 42.9211 49.8241 0.00000 2.27034e-11 1.64391e-11 1.17813e-11 8.3486e-12 5.84356e-12 4.03536e-12 2.74575e-12 1.83823e-12 1.20901e-12 7.79789e-13 4.9227e-13 3.03517e-13 1.82343e-13 1.06445e-13 6.01927e-14 3.28605e-14 1.72522e-14 8.67288e-15 4.1544e-15 1.88549e-15 8.04519e-16 3.20486e-16 1.18197e-16 4.0023e-17 1.23716e-17 3.50519e-18 9.38459e-19 2.57149e-19 8.04372e-20 2.96581e-20 1.19069e-20 4.77408e-21 1.82759e-21 6.55016e-22 2.17107e-22 6.56718e-23 1.77897e-23 4.18188e-24 8.02633e-25 1.09697e-25 7.34432e-27 4.71651e-29 7.26714e-63 4.45287e-73 4.00953e-85 9.08836e-102 2.09741e-124 7.33363e-155 2.32608e-189 1.42836e-232 -3.60271 -1.39578 0.50150 3.86364 7.98129 -26.89059 3.60254 0
0 0.3817 1 9.6936 5.9258 12.8750 0.00000 8.61193e-12 6.42649e-12 4.76663e-12 3.51196e-12 2.56867e-12 1.86376e-12 1.34056e-12 9.55151e-13 6.73622e-13 4.69875e-13 3.23922e-13 2.20534e-13 1.48188e-13 9.82295e-14 6.42179e-14 4.14098e-14 2.63544e-14 1.65758e-14 1.03252e-14 6.38971e-15 3.94412e-15 2.43925e-15 1.51795e-15 9.53445e-16 6.05084e-16 3.87461e-16 2.495e-16 1.60844e-16 1.03333e-16 6.58924e-17 4.15741e-17 2.58919e-17 1.58869e-17 9.58833e-18 5.68292e-18 3.30202e-18 1.87735e-18 1.0422e-18 5.63604e-19 2.96115e-19 1.50702e-19 7.40454e-20 3.49906e-20 1.58351e-20 6.82957e-21 2.79154e-21 1.07439e-21 3.86388e-22 1.28629e-22 3.91534e-23 2.82074 6.16848 -0.19520 6.78283 14.93851 10.88507 -0.74868 0
0 0.3389 3 1.0708 3.7418 6.4350 0.00000 4.57595e-12 3.6448e-12 2.90192e-12 2.30952e-12 1.83681e-12 1.45999e-12 1.15958e-12 9.20082e-13 7.29395e-13 5.77508e-13 4.56598e-13 3.60512e-13 2.84169e-13 2.23485e-13 1.75397e-13 1.37346e-13 1.07239e-13 8.34244e-14 6.46699e-14 4.9934e-14 3.83843e-14 2.93565e-14 2.23061e-14 1.68235e-14 1.2589e-14 9.33604e-15 6.85285e-15 4.97159e-15 3.55922e-15 2.51035e-15 1.74145e-15 1.1863e-15 7.91982e-16 5.17554e-16 3.31224e-16 2.0738e-16 1.26791e-16 7.54751e-17 4.35665e-17 2.42638e-17 1.29596e-17 6.58987e-18 3.16223e-18 1.41701e-18 5.85777e-19 2.20521e-19 7.48211e-20 2.29365e-20 6.61985e-21 2.01201e-21 -3.01944 2.92957 0.24625 4.20707 11.82424 -14.79821 1.19330 0
0 0.8687 2 0.5129 1.0166 2.1072 0.00000 1.72199e-12 1.32525e-12 1.01924e-12 7.83165e-13 6.0107e-13 4.60647e-13 3.52411e-13 2.69045e-13 2.04898e-13 1.55602e-13 1.17778e-13 8.8815e-14 6.66881e-14 4.98316e-14 3.70322e-14 2.73509e-14 2.00608e-14 1.45997e-14 1.05328e-14 7.52485e-15 5.31742e-15 3.71185e-15 2.55582e-15 1.73301e-15 1.15506e-15 7.55148e-16 4.8312e-16 3.01649e-16 1.83249e-16 1.07933e-16 6.13942e-17 3.3576e-17 1.75685e-17 8.74977e-18 4.12703e-18 1.83395e-18 7.66583e-19 3.03586e-19 1.15996e-19 4.40495e-20 1.71215e-20 6.82348e-21 2.71324e-21 1.04219e-21 3.77619e-22 1.27054e-22 3.91613e-23 1.08693e-23 2.64359e-24 5.35717e-25 2.96218 5.43917 -0.10201 6.19347 14.25080 11.99732 -0.41014 0
0 3.9365 2 14.1552 17.4969 34.3418 0.00000 1.71787e-11 1.33643e-11 1.03605e-11 8.00074e-12 6.15239e-12 4.70877e-12 3.58531e-12 2.71455e-12 2.04231e-12 1.52599e-12 1.13165e-12 8.32205e-13 6.06329e-13 4.37306e-13 3.11916e-13 2.19732e-13 1.52645e-13 1.04438e-13 7.02585e-14 4.63873e-14 2.99938e-14 1.89458e-14 1.16447e-14 6.9437e-15 4.00082e-15 2.21651e-15 1.17386e-15 5.90177e-16 2.79407e-16 1.23408e-16 5.01888e-17 1.86682e-17 6.28445e-18 1.89084e-18 5.01097e-19 1.15576e-19 2.3363e-20 4.43802e-21 9.47039e-22 2.59996e-22 8.19025e-23 2.52607e-23 7.10998e-24 1.76212e-24 3.66509e-25 5.79355e-26 5.44043e-27 1.32011e-28 1.06309e-44 8.35157e-61 0.20625 4.99323 -0.00120 4.99749 13.49481 0.87570 -0.00510 0
0 0.7668 2 9.2306 45.0860 31.2910 0.00000 1.09916e-10 8.74909e-11 6.95711e-11 5.5249e-11 4.3822e-11 3.47051e-11 2.74376e-11 2.16559e-11 1.70544e-11 1.33989e-11 1.05023e-11 8.20805e-12 6.39221e-12 4.9612e-12 3.83641e-12 2.95269e-12 2.25988e-12 1.72009e-12 1.30119e-12 9.77516e-13 7.28626e-13 5.37682e-13 3.9242e-13 2.83016e-13 2.01371e-13 1.41094e-13 9.71561e-14 6.56052e-14 4.33464e-14 2.79625e-14 1.75763e-14 1.0742e-14 6.37162e-15 3.66239e-15 2.03234e-15 1.08319e-15 5.50871e-16 2.65197e-16 1.1968e-16 5.00249e-17 1.90801e-17 6.51776e-18 1.94775e-18 4.94267e-19 1.0259e-19 1.66343e-20 2.0031e-21 1.77081e-22 1.51553e-23 2.40731e-24 4.76511 -8.25351 0.05405 9.53030 4.77179 87.03884 0.64905 0
0 0.4713 3 13.5178 25.7525 45.3979 0.00000 1.21238e-11 8.78828e-12 6.30577e-12 4.47432e-12 3.13627e-12 2.16917e-12 1.47848e-12 9.91679e-13 6.53556e-13 4.22479e-13 2.67367e-13 1.65298e-13 9.95981e-14 5.83319e-14 3.31082e-14 1.81501e-14 9.5739e-15 4.83838e-15 2.33132e-15 1.06515e-15 4.58615e-16 1.84829e-16 6.92266e-17 2.39365e-17 7.61071e-18 2.23517e-18 6.21914e-19 1.74755e-19 5.44599e-20 1.96741e-20 7.79223e-21 3.11458e-21 1.19484e-21 4.29963e-22 1.43218e-22 4.35764e-23 1.18902e-23 2.82229e-24 5.4973e-25 7.7175e-26 5.50637e-27 4.6773e-29 3.38797e-62 2.423e-72 3.63882e-84 1.65516e-100 9.57897e-123 1.12677e-152 6.12924e-187 2.26611e-229 -10.75920 -2.91940 0.05101 11.14824 12.12048 -62.58506 0.24111 0
0 0.2025 1 5.3152 4.2050 11.4269 0.00000 5.94476e-12 4.56719e-12 3.49502e-12 2.66283e-12 2.01893e-12 1.52249e-12 1.14131e-12 8.49952e-13 6.28409e-13 4.60927e-13 3.35136e-13 2.41346e-13 1.71982e-13 1.21149e-13 8.42704e-14 5.78163e-14 3.90761e-14 2.59836e-14 1.69764e-14 1.08842e-14 6.83993e-15 4.20945e-15 2.53608e-15 1.49656e-15 8.66685e-16 4.94547e-16 2.7992e-16 1.58653e-16 9.10463e-17 5.34279e-17 3.22208e-17 1.99293e-17 1.25438e-17 7.95341e-18 5.03393e-18 3.15956e-18 1.9584e-18 1.19565e-18 7.17673e-19 4.22802e-19 2.44046e-19 1.37747e-19 7.58633e-20 4.0669e-20 2.1164e-20 1.06588e-20 5.17728e-21 2.41597e-21 1.07837e-21 4.58097e-22 9.74034 7.44338 -0.14341 12.25880 18.68385 31.42214 -0.43980 0
0 0.4099 2 5.5111 24.8489 21.5677 0.00000 2.85295e-11 2.27686e-11 1.81607e-11 1.44695e-11 1.15177e-11 9.1607e-12 7.27288e-12 5.76723e-12 4.56801e-12 3.60852e-12 2.84531e-12 2.23927e-12 1.75744e-12 1.37407e-12 1.07098e-12 8.31858e-13 6.43633e-13 4.9478e-13 3.78085e-13 2.87092e-13 2.1644e-13 1.61848e-13 1.19911e-13 8.79194e-14 6.37229e-14 4.56105e-14 3.22166e-14 2.24476e-14 1.54273e-14 1.04581e-14 6.99177e-15 4.60688e-15 2.98772e-15 1.90341e-15 1.18823e-15 7.24685e-16 4.30272e-16 2.47655e-16 1.37485e-16 7.31643e-17 3.70437e-17 1.76802e-17 7.86386e-18 3.21317e-18 1.18453e-18 3.85107e-19 1.07278e-19 2.46904e-20 4.49575e-21 6.23846e-22 4.16529 -4.23090 0.19382 5.93718 5.96761 44.29484 1.86121 0
0 0.3612 2 13.6650 35.9797 41.3648 0.00000 3.87828e-11 3.00662e-11 2.32175e-11 1.78521e-11 1.36627e-11 1.04014e-11 7.87368e-12 5.92342e-12 4.42483e-12 3.28041e-12 2.41199e-12 1.757e-12 1.26675e-12 9.03142e-13 6.36083e-13 4.41892e-13 3.02197e-13 2.03187e-13 1.34067e-13 8.66234e-14 5.46689e-14 3.36001e-14 2.00388e-14 1.15423e-14 6.38654e-15 3.37764e-15 1.69602e-15 8.0168e-16 3.53796e-16 1.447e-16 5.43755e-17 1.85794e-17 5.69429e-18 1.53886e-18 3.59814e-19 7.17289e-20 1.23402e-20 2.0396e-21 4.17287e-22 1.16853e-22 3.62677e-23 1.06502e-23 2.79874e-24 6.32265e-25 1.14338e-25 1.40527e-26 7.33753e-28 1.38491e-30 3.32405e-57 4.0871e-67 -5.03143 -2.41456 -0.36637 5.58081 7.90456 -39.58388 -2.65654 0
0 0.0309 2 13.9998 29.9232 41.3648 0.00000 8.87043e-12 6.64095e-12 4.9332e-12 3.63359e-12 2.65436e-12 1.91942e-12 1.37136e-12 9.68634e-13 6.75977e-13 4.63598e-13 3.12521e-13 2.06959e-13 1.34395e-13 8.53688e-14 5.25786e-14 3.14711e-14 1.82571e-14 1.0231e-14 5.51834e-15 2.85457e-15 1.41115e-15 6.64125e-16 2.96144e-16 1.24346e-16 4.87858e-17 1.77242e-17 5.90277e-18 1.78305e-18 4.84215e-19 1.18178e-19 2.6636e-20 6.07168e-21 1.62512e-21 5.37272e-22 1.95728e-22 7.01864e-23 2.35658e-23 7.25116e-24 2.00667e-24 4.85456e-25 9.73458e-26 1.4412e-26 1.16603e-27 1.65654e-29 2.85198e-59 4.64176e-68 1.12331e-79 1.39042e-95 4.4514e-117 3.32726e-145 -1.36430 0.89436 -0.46847 1.63132 9.50446 -8.26304 -2.82521 0
0 0.3779 3 16.9285 23.4624 49.8241 0.00000 4.17402e-12 2.82169e-12 1.87641e-12 1.2256e-12 7.84962e-13 4.92071e-13 3.01304e-13 1.79807e-13 1.04317e-13 5.86759e-14 3.19006e-14 1.67076e-14 8.39845e-15 4.03555e-15 1.84569e-15 7.99947e-16 3.27247e-16 1.26033e-16 4.5751e-17 1.58043e-17 5.32993e-18 1.84059e-18 6.88943e-19 2.8648e-19 1.28393e-19 5.88314e-20 2.64821e-20 1.14573e-20 4.70895e-21 1.82351e-21 6.59929e-22 2.21067e-22 6.76979e-23 1.86148e-23 4.46229e-24 8.81501e-25 1.26679e-25 9.48931e-27 9.61488e-29 2.47618e-66 2.38225e-77 2.22319e-90 5.72751e-106 1.48647e-127 6.25751e-157 1.79226e-196 3.54402e-240 5.25954e-296 0.0 0.0 0.45329 6.09120 0.26283 6.10804 14.60060 1.77937 1.03144 0
0 0.0043 3 8.7507 19.4964 23.6705 0.00000 3.87207e-11 3.07184e-11 2.43331e-11 1.92467e-11 1.51949e-11 1.19724e-11 9.41455e-12 7.3827e-12 5.77415e-12 4.50359e-12 3.49952e-12 2.70901e-12 2.08882e-12 1.6036e-12 1.22368e-12 9.28451e-13 7.00037e-13 5.24159e-13 3.89373e-13 2.86191e-13 2.08171e-13 1.49648e-13 1.0615e-13 7.416e-14 5.09208e-14 3.42815e-14 2.25703e-14 1.44927e-14 9.05159e-15 5.48445e-15 3.21585e-15 1.82011e-15 9.91257e-16 5.17231e-16 2.57054e-16 1.20715e-16 5.30489e-17 2.15581e-17 7.98387e-18 2.64618e-18 7.67497e-19 1.89499e-19 3.8551e-20 6.25659e-21 8.10076e-22 9.80287e-23 1.67389e-23 4.12551e-24 1.02535e-24 2.18819e-25 -0.39490 -0.16836 -0.33033 0.42929 8.34753 -2.71366 -2.26791 0
