sky_model/snrs/ctadc_skymodel_gps_sources_snr_1.ecsv
# %ECSV 0.9
# ---
# datatype:
# - {name: Simulation_number, unit: '', datatype: float64, format: '%i', description: Simulation
#     number}
# - {name: n0, unit: 1 / cm3, datatype: float64, format: '%0.4f', description: density}
# - {name: type, unit: '', datatype: float64, format: '%i', description: type of progenitor}
# - {name: age, unit: kyear, datatype: float64, format: '%0.4f', description: age of
#     the SNR}
# - {name: sigma, unit: arcmin, datatype: float64, format: '%0.4f', description: apparent
#     size of the SNR}
# - {name: size_physical, unit: pc, datatype: float64, format: '%0.4f', description: SNR
#     Radius}
# - {name: flux_1_10, unit: 1 / (cm2 s), datatype: float64, format: '%0.5f', description: Integral
#     flux from 1 to 10 TeV}
# - {name: '0.1', unit: 1 / (cm2 s TeV), datatype: float64, description: Differential
#     spectrum}
# - {name: '0.11514', unit: 1 / (cm2 s TeV), datatype: float64, description: Differential
#     spectrum}
# - {name: '0.132571', unit: 1 / (cm2 s TeV), datatype: float64, description: Differential
#     spectrum}
# - {name: '0.152642', unit: 1 / (cm2 s TeV), datatype: float64, description: Differential
#     spectrum}
# - {name: '0.175751', unit: 1 / (cm2 s TeV), datatype: float64, description: Differential
#     spectrum}
# - {name: '0.202359', unit: 1 / (cm2 s TeV), datatype: float64, description: Differential
#     spectrum}
# - {name: '0.232995', unit: 1 / (cm2 s TeV), datatype: float64, description: Differential
#     spectrum}
# - {name: '0.26827', unit: 1 / (cm2 s TeV), datatype: float64, description: Differential
#     spectrum}
# - {name: '0.308884', unit: 1 / (cm2 s TeV), datatype: float64, description: Differential
#     spectrum}
# - {name: '0.355648', unit: 1 / (cm2 s TeV), datatype: float64, description: Differential
#     spectrum}
# - {name: '0.409492', unit: 1 / (cm2 s TeV), datatype: float64, description: Differential
#     spectrum}
# - {name: '0.471487', unit: 1 / (cm2 s TeV), datatype: float64, description: Differential
#     spectrum}
# - {name: '0.542868', unit: 1 / (cm2 s TeV), datatype: float64, description: Differential
#     spectrum}
# - {name: '0.625055', unit: 1 / (cm2 s TeV), datatype: float64, description: Differential
#     spectrum}
# - {name: '0.719686', unit: 1 / (cm2 s TeV), datatype: float64, description: Differential
#     spectrum}
# - {name: '0.828643', unit: 1 / (cm2 s TeV), datatype: float64, description: Differential
#     spectrum}
# - {name: '0.954095', unit: 1 / (cm2 s TeV), datatype: float64, description: Differential
#     spectrum}
# - {name: '1.09854', unit: 1 / (cm2 s TeV), datatype: float64, description: Differential
#     spectrum}
# - {name: '1.26486', unit: 1 / (cm2 s TeV), datatype: float64, description: Differential
#     spectrum}
# - {name: '1.45635', unit: 1 / (cm2 s TeV), datatype: float64, description: Differential
#     spectrum}
# - {name: '1.67683', unit: 1 / (cm2 s TeV), datatype: float64, description: Differential
#     spectrum}
# - {name: '1.9307', unit: 1 / (cm2 s TeV), datatype: float64, description: Differential
#     spectrum}
# - {name: '2.223', unit: 1 / (cm2 s TeV), datatype: float64, description: Differential
#     spectrum}
# - {name: '2.55955', unit: 1 / (cm2 s TeV), datatype: float64, description: Differential
#     spectrum}
[...]
#     from Earth}
# - {name: glon, unit: deg, datatype: float64, format: '%.5f', description: Galactic
#     longitude}
# - {name: glat, unit: deg, datatype: float64, format: '%.5f', description: Galactic
#     latitude}
# - {name: skip, datatype: float64, format: '%.d', description: 'Skip boolean, 1 skip
#     0 keep'}
# meta: !!omap
# - simulation_parameters:
#   - {description: Spectral index, name: alpha, value: 4.1}
#   - {description: Electron to proton ratio, name: Kep, value: 0.01}
#   - {description: CR efficiency, name: xi, value: 0.1}
# - energy_array: [0.1, 0.11514, 0.132571, 0.152642, 0.175751, 0.202359, 0.232995, 0.26827,
#     0.308884, 0.355648, 0.409492, 0.471487, 0.542868, 0.625055, 0.719686, 0.828643,
#     0.954095, 1.09854, 1.26486, 1.45635, 1.67683, 1.9307, 2.223, 2.55955, 2.94705,
#     3.39322, 3.90694, 4.49843, 5.17947, 5.96362, 6.86649, 7.90604, 9.10298, 10.4811,
#     12.0679, 13.895, 15.9986, 18.4207, 21.2095, 24.4205, 28.1177, 32.3746, 37.2759,
#     42.9193, 49.4171, 56.8987, 65.5129, 75.4312, 86.8511, 100.0]
Simulation_number n0 type age sigma size_physical flux_1_10 0.1 0.11514 0.132571 0.152642 0.175751 0.202359 0.232995 0.26827 0.308884 0.355648 0.409492 0.471487 0.542868 0.625055 0.719686 0.828643 0.954095 1.09854 1.26486 1.45635 1.67683 1.9307 2.223 2.55955 2.94705 3.39322 3.90694 4.49843 5.17947 5.96362 6.86649 7.90604 9.10298 10.4811 12.0679 13.895 15.9986 18.4207 21.2095 24.4205 28.1177 32.3746 37.2759 42.9193 49.4171 56.8987 65.5129 75.4312 86.8511 100.0 galactocentric_x galactocentric_y galactocentric_z galactocentric_r distance glon glat skip
[from data line 69]
0 1.3214 1 10.5865 14.7411 10.4225 0.00000 9.72697e-11 7.06637e-11 5.10742e-11 3.67232e-11 2.62662e-11 1.869e-11 1.32334e-11 9.32679e-12 6.54665e-12 4.57943e-12 3.19479e-12 2.22467e-12 1.5475e-12 1.07605e-12 7.48293e-13 5.20504e-13 3.6208e-13 2.51756e-13 1.74817e-13 1.21104e-13 8.35988e-14 5.74383e-14 3.92359e-14 2.662e-14 1.79218e-14 1.1963e-14 7.911e-15 5.1785e-15 3.35262e-15 2.14471e-15 1.35431e-15 8.43225e-16 5.17018e-16 3.11751e-16 1.8458e-16 1.07126e-16 6.083e-17 3.3723e-17 1.82092e-17 9.55108e-18 4.85189e-18 2.37904e-18 1.12169e-18 5.06349e-19 2.17772e-19 8.87337e-20 3.40309e-20 1.21898e-20 4.03939e-21 1.22292e-21 4.37224 -6.37607 -0.06061 7.73115 4.86120 64.09062 -0.71434 0
0 0.3175 2 6.5840 16.4296 23.6705 0.00000 1.13351e-11 9.03434e-12 7.18872e-12 5.71582e-12 4.53789e-12 3.59496e-12 2.84446e-12 2.24608e-12 1.76737e-12 1.38768e-12 1.08712e-12 8.4751e-13 6.57658e-13 5.08278e-13 3.91056e-13 2.99308e-13 2.26999e-13 1.70913e-13 1.27711e-13 9.46442e-14 6.95184e-14 5.05889e-14 3.6466e-14 2.60412e-14 1.843e-14 1.29311e-14 8.99553e-15 6.20222e-15 4.23496e-15 2.86046e-15 1.90855e-15 1.25587e-15 8.13481e-16 5.17555e-16 3.22598e-16 1.96406e-16 1.1638e-16 6.68319e-17 3.70032e-17 1.9631e-17 9.90357e-18 4.70677e-18 2.08301e-18 8.46025e-19 3.09634e-19 9.97766e-20 2.74865e-20 6.23406e-21 1.11092e-21 1.47924e-22 -3.26531 0.85097 -0.13921 3.37437 9.90567 -19.24894 -0.80526 0
0 1.1575 1 10.3010 5.2311 10.5837 0.00000 1.13855e-11 8.28538e-12 5.99643e-12 4.31515e-12 3.08717e-12 2.19569e-12 1.55262e-12 1.09182e-12 7.63851e-13 5.31979e-13 3.691e-13 2.55361e-13 1.76344e-13 1.21671e-13 8.39466e-14 5.79517e-14 4.0038e-14 2.76777e-14 1.91322e-14 1.32113e-14 9.102e-15 6.24823e-15 4.26808e-15 2.89754e-15 1.95286e-15 1.30536e-15 8.64614e-16 5.66984e-16 3.67788e-16 2.35777e-16 1.49227e-16 9.31441e-17 5.72658e-17 3.46322e-17 2.0571e-17 1.19812e-17 6.82963e-18 3.80231e-18 2.0627e-18 1.0875e-18 5.5559e-19 2.74141e-19 1.30158e-19 5.92121e-20 2.5687e-20 1.05681e-20 4.0973e-21 1.48581e-21 4.99358e-22 1.53706e-22 0.50423 5.40114 0.09061 5.42463 13.91058 2.07737 0.37321 0
0 1.4347 3 11.2618 32.4520 37.6901 0.00000 4.55913e-11 3.47437e-11 2.63305e-11 1.98333e-11 1.48397e-11 1.10222e-11 8.12102e-12 5.93078e-12 4.28939e-12 3.06934e-12 2.17072e-12 1.51551e-12 1.04316e-12 7.06885e-13 4.70817e-13 3.07664e-13 1.96853e-13 1.23042e-13 7.49365e-14 4.43388e-14 2.54023e-14 1.40378e-14 7.44989e-15 3.77757e-15 1.81939e-15 8.26603e-16 3.51433e-16 1.38513e-16 5.00645e-17 1.63926e-17 4.8005e-18 1.24456e-18 2.86387e-19 6.1026e-20 1.36459e-20 3.73427e-21 1.22537e-21 4.16615e-22 1.33883e-22 3.92205e-23 1.02157e-23 2.27798e-24 4.03192e-25 4.74538e-26 2.19951e-27 1.81195e-30 6.53694e-60 6.92368e-70 1.52622e-83 5.36798e-102 -6.90924 -4.49681 -0.04080 8.24372 7.98529 -59.91214 -0.29278 0
0 1.0205 1 5.3317 9.3508 8.3151 0.00000 6.37161e-11 4.7161e-11 3.47347e-11 2.54458e-11 1.85345e-11 1.34188e-11 9.65368e-12 6.89977e-12 4.89894e-12 3.45559e-12 2.42213e-12 1.68781e-12 1.17005e-12 8.07702e-13 5.55876e-13 3.81924e-13 2.62344e-13 1.80402e-13 1.24322e-13 8.59116e-14 5.9533e-14 4.13439e-14 2.8743e-14 1.99749e-14 1.38539e-14 9.57443e-15 6.58409e-15 4.49989e-15 3.05351e-15 2.05551e-15 1.37159e-15 9.06548e-16 5.93023e-16 3.83618e-16 2.45171e-16 1.54646e-16 9.61642e-17 5.88781e-17 3.54452e-17 2.09486e-17 1.2134e-17 6.87511e-18 3.80236e-18 2.04783e-18 1.07113e-18 5.42494e-19 2.6515e-19 1.2459e-19 5.60396e-20 2.40106e-20 3.60265 -3.56115 -0.09610 5.06566 6.11396 36.10893 -0.90058 0
0 0.0386 3 18.3565 43.2263 54.6819 0.00000 1.49674e-11 1.07563e-11 7.64554e-12 5.36953e-12 3.72166e-12 2.5427e-12 1.71008e-12 1.13029e-12 7.33048e-13 4.65676e-13 2.89086e-13 1.74964e-13 1.02985e-13 5.87898e-14 3.24515e-14 1.72283e-14 8.76441e-15 4.25086e-15 1.95414e-15 8.45637e-16 3.41712e-16 1.27739e-16 4.37287e-17 1.35828e-17 3.81244e-18 9.76823e-19 2.38703e-19 6.16305e-20 1.90176e-20 7.0563e-21 2.82299e-21 1.11321e-21 4.15932e-22 1.44795e-22 4.63926e-23 1.3478e-23 3.4709e-24 7.61174e-25 1.30933e-25 1.45043e-26 5.61514e-28 8.36012e-32 1.12601e-67 2.37142e-78 5.43456e-92 9.22711e-111 3.33161e-136 2.77925e-170 1.65687e-206 3.38124e-255 -1.80302 -0.00595 -0.49850 1.80303 8.69761 -11.98421 -3.28567 0
0 0.2484 3 2.4105 30.2361 13.5451 0.00000 8.12588e-11 6.49264e-11 5.18545e-11 4.1387e-11 3.30059e-11 2.63069e-11 2.09423e-11 1.6655e-11 1.32341e-11 1.04971e-11 8.31355e-12 6.57511e-12 5.18997e-12 4.08483e-12 3.20763e-12 2.51248e-12 1.96245e-12 1.52474e-12 1.17973e-12 9.08481e-13 6.9584e-13 5.29685e-13 4.00348e-13 3.00138e-13 2.22942e-13 1.63902e-13 1.19148e-13 8.55852e-14 6.07258e-14 4.25612e-14 2.94735e-14 2.01713e-14 1.36423e-14 9.11187e-15 6.00245e-15 3.89274e-15 2.47978e-15 1.54755e-15 9.43133e-16 5.59183e-16 3.21072e-16 1.77544e-16 9.39108e-17 4.71185e-17 2.21932e-17 9.68684e-18 3.8553e-18 1.37125e-18 4.25412e-19 1.12134e-19 -2.44792 -6.69263 -0.47748 7.12626 3.08008 -53.56048 -8.91802 0
0 0.3786 1 1.2735 3.2917 5.5486 0.00000 1.5283e-11 1.18192e-11 9.11731e-12 7.01279e-12 5.37644e-12 4.10678e-12 3.12406e-12 2.36562e-12 1.7822e-12 1.33511e-12 9.93965e-13 7.34935e-13 5.39333e-13 3.92542e-13 2.83145e-13 2.02246e-13 1.42938e-13 9.9874e-14 6.89359e-14 4.69685e-14 3.15698e-14 2.09257e-14 1.36785e-14 8.82273e-15 5.62338e-15 3.55086e-15 2.23005e-15 1.4004e-15 8.84867e-16 5.66106e-16 3.68405e-16 2.44269e-16 1.64708e-16 1.12428e-16 7.72465e-17 5.31396e-17 3.64521e-17 2.48667e-17 1.68416e-17 1.13127e-17 7.53043e-18 4.96386e-18 3.23759e-18 2.08764e-18 1.32956e-18 8.35464e-19 5.17391e-19 3.15379e-19 1.88955e-19 1.11103e-19 -10.87280 -4.48806 -0.06006 11.76267 11.58952 -69.74651 -0.29692 0
0 0.3692 1 8.9016 4.5191 12.5207 0.00000 5.38413e-12 4.03109e-12 3.00057e-12 2.21922e-12 1.62982e-12 1.18775e-12 8.58337e-13 6.14626e-13 4.35764e-13 3.05658e-13 2.11945e-13 1.45169e-13 9.81474e-14 6.54598e-14 4.30506e-14 2.79148e-14 1.78515e-14 1.12692e-14 7.0344e-15 4.35355e-15 2.6813e-15 1.65081e-15 1.02089e-15 6.36778e-16 4.0158e-16 2.5604e-16 1.64629e-16 1.063e-16 6.85931e-17 4.40337e-17 2.80183e-17 1.76213e-17 1.09312e-17 6.67714e-18 4.00985e-18 2.36362e-18 1.36514e-18 7.71052e-19 4.24959e-19 2.27988e-19 1.18738e-19 5.98475e-20 2.90924e-20 1.35859e-20 6.06813e-21 2.57918e-21 1.03717e-21 3.91946e-22 1.38073e-22 4.48879e-23 -9.72038 7.88297 0.02460 12.51507 19.04962 -30.68160 0.07400 0
0 0.2418 2 0.8985 2.1472 3.6824 0.00000 3.91047e-12 3.02623e-12 2.33686e-12 1.80003e-12 1.38255e-12 1.05844e-12 8.0733e-13 6.1324e-13 4.63644e-13 3.48717e-13 2.60755e-13 1.93719e-13 1.42881e-13 1.04543e-13 7.58125e-14 5.44363e-14 3.86603e-14 2.71233e-14 1.87729e-14 1.2799e-14 8.581e-15 5.64654e-15 3.6389e-15 2.29105e-15 1.40527e-15 8.37082e-16 4.82476e-16 2.67966e-16 1.42733e-16 7.2524e-17 3.49435e-17 1.58636e-17 6.74253e-18 2.66931e-18 9.82884e-19 3.38965e-19 1.11895e-19 3.67373e-20 1.2458e-20 4.3841e-21 1.54647e-21 5.22916e-22 1.6399e-22 4.65809e-23 1.16709e-23 2.4663e-24 4.00617e-25 3.98773e-26 1.16493e-27 2.81348e-33 1.98282 3.11428 0.46246 3.69193 11.79139 9.68828 2.24773 0
0 3.5304 1 15.0773 8.6746 9.8772 0.00000 6.454e-11 4.69134e-11 3.40388e-11 2.46553e-11 1.78297e-11 1.28737e-11 9.28112e-12 6.68046e-12 4.80025e-12 3.44253e-12 2.46327e-12 1.75794e-12 1.25071e-12 8.86676e-13 6.26046e-13 4.40006e-13 3.0768e-13 2.13947e-13 1.47863e-13 1.01515e-13 6.91975e-14 4.68046e-14 3.1395e-14 2.08698e-14 1.37388e-14 8.94972e-15 5.76394e-15 3.66661e-15 2.30137e-15 1.42356e-15 8.66697e-16 5.18607e-16 3.04503e-16 1.75125e-16 9.84565e-17 5.39892e-17 2.88038e-17 1.4909e-17 7.46334e-18 3.6004e-18 1.66706e-18 7.37465e-19 3.10067e-19 1.23162e-19 4.58926e-20 1.59065e-20 5.07374e-21 1.46773e-21 3.76523e-22 8.23483e-23 5.27830 -2.71841 0.01740 5.93719 7.82864 42.39450 0.12736 0
0 0.3703 2 18.6884 25.3244 49.8241 0.00000 6.81688e-12 4.83054e-12 3.38133e-12 2.33543e-12 1.5896e-12 1.06475e-12 7.00797e-13 4.52467e-13 2.86038e-13 1.76689e-13 1.06402e-13 6.23059e-14 3.53765e-14 1.94141e-14 1.02609e-14 5.2021e-15 2.51852e-15 1.15857e-15 5.03661e-16 2.05725e-16 7.85125e-17 2.78787e-17 9.21235e-18 2.86454e-18 8.66853e-19 2.72451e-19 9.54823e-20 3.7764e-20 1.59203e-20 6.70646e-21 2.71684e-21 1.03902e-21 3.70984e-22 1.22377e-22 3.68052e-23 9.89846e-24 2.30403e-24 4.35443e-25 5.77986e-26 3.59646e-27 1.61165e-29 3.14128e-65 2.72954e-76 1.81265e-88 2.62941e-105 2.66431e-128 2.55479e-159 1.43413e-196 2.98434e-240 7.8868e-300 7.49568 2.75935 0.15782 7.98744 13.52712 33.65287 0.66846 0
0 2.3554 2 11.1606 15.3772 31.2910 0.00000 1.59244e-11 1.26246e-11 9.99385e-12 7.8983e-12 6.22988e-12 4.90425e-12 3.85153e-12 3.01681e-12 2.35667e-12 1.83497e-12 1.42352e-12 1.10022e-12 8.46871e-13 6.48307e-13 4.93683e-13 3.73769e-13 2.81193e-13 2.09866e-13 1.55243e-13 1.13763e-13 8.2493e-14 5.91101e-14 4.17862e-14 2.90867e-14 1.98915e-14 1.33301e-14 8.72863e-15 5.56778e-15 3.44896e-15 2.06844e-15 1.1975e-15 6.67296e-16 3.5671e-16 1.82109e-16 8.8239e-17 4.02441e-17 1.7097e-17 6.67936e-18 2.36195e-18 7.41315e-19 2.01537e-19 4.60661e-20 8.55193e-21 1.25094e-21 1.47844e-22 1.81862e-23 3.52421e-24 8.94616e-25 2.13475e-25 4.24258e-26 1.38033 5.42255 0.05521 5.59548 13.99092 5.66200 0.22608 0
0 0.1989 2 10.9947 25.8508 37.6901 0.00000 2.05149e-11 1.61685e-11 1.27134e-11 9.97335e-12 7.80211e-12 6.08485e-12 4.73074e-12 3.66371e-12 2.82561e-12 2.16992e-12 1.65802e-12 1.25934e-12 9.50826e-13 7.13254e-13 5.30901e-13 3.91541e-13 2.86066e-13 2.06842e-13 1.47834e-13 1.0429e-13 7.24228e-14 4.93802e-14 3.30188e-14 2.15958e-14 1.37753e-14 8.54188e-15 5.13134e-15 2.9758e-15 1.66014e-15 8.87799e-16 4.53258e-16 2.19916e-16 1.00723e-16 4.31505e-17 1.70978e-17 6.18036e-18 2.00386e-18 5.70765e-19 1.3921e-19 2.81926e-20 4.58601e-21 5.89213e-22 6.55593e-23 9.42225e-24 2.2116e-24 5.8316e-25 1.37872e-25 2.68407e-26 3.78919e-27 2.78782e-28 2.05124 1.31150 0.12301 2.43467 10.02438 11.80845 0.70311 0
0 0.5065 2 5.5201 28.3115 21.5677 0.00000 4.0289e-11 3.2158e-11 2.56467e-11 2.04352e-11 1.62712e-11 1.29363e-11 1.02739e-11 8.15091e-12 6.45233e-12 5.09982e-12 4.02447e-12 3.16698e-12 2.48534e-12 1.94541e-12 1.51854e-12 1.17999e-12 9.12592e-13 7.02545e-13 5.38035e-13 4.09605e-13 3.09706e-13 2.32161e-13 1.72281e-13 1.26562e-13 9.1938e-14 6.59676e-14 4.67068e-14 3.26061e-14 2.24312e-14 1.52025e-14 1.01463e-14 6.6676e-15 4.31036e-15 2.73594e-15 1.70078e-15 1.03231e-15 6.09556e-16 3.48632e-16 1.92133e-16 1.01382e-16 5.08252e-17 2.3978e-17 1.05201e-17 4.22929e-18 1.52923e-18 4.85801e-19 1.31653e-19 2.93516e-20 5.17658e-21 7.13285e-22 4.89297 -6.63459 0.11461 8.24372 5.23775 69.13101 1.25383 0
0 1.3371 2 13.3746 36.3499 37.6901 0.00000 5.61465e-11 4.35754e-11 3.36913e-11 2.59416e-11 1.98835e-11 1.51635e-11 1.15004e-11 8.66925e-12 6.49134e-12 4.82503e-12 3.55754e-12 2.59956e-12 1.881e-12 1.34648e-12 9.52356e-13 6.64699e-13 4.57202e-13 3.09445e-13 2.05735e-13 1.34077e-13 8.54214e-14 5.30769e-14 3.20649e-14 1.8766e-14 1.05943e-14 5.74011e-15 2.96658e-15 1.45173e-15 6.668e-16 2.84517e-16 1.11458e-16 3.95737e-17 1.25532e-17 3.51596e-18 8.57522e-19 1.80056e-19 3.30581e-20 5.88591e-21 1.27171e-21 3.63154e-22 1.1414e-22 3.40935e-23 9.16063e-24 2.13327e-24 4.04403e-25 5.42816e-26 3.52661e-27 2.09831e-29 2.38326e-55 9.67104e-65 -6.62175 -5.85903 0.01980 8.84171 7.12900 -68.25627 0.15915 0
0 0.5279 2 5.8160 24.0321 21.5677 0.00000 2.94772e-11 2.35079e-11 1.87294e-11 1.49132e-11 1.18524e-11 9.40986e-12 7.4634e-12 5.90313e-12 4.66151e-12 3.67514e-12 2.88802e-12 2.26198e-12 1.76667e-12 1.37558e-12 1.06564e-12 8.20713e-13 6.28803e-13 4.78954e-13 3.62389e-13 2.72108e-13 2.02548e-13 1.49068e-13 1.08606e-13 7.82898e-14 5.58178e-14 3.93549e-14 2.74417e-14 1.89258e-14 1.29089e-14 8.70337e-15 5.79455e-15 3.80363e-15 2.45692e-15 1.55822e-15 9.67765e-16 5.86781e-16 3.46063e-16 1.97655e-16 1.08755e-16 5.72806e-17 2.86546e-17 1.34847e-17 5.89894e-18 2.36335e-18 8.51114e-19 2.69136e-19 7.25751e-20 1.61136e-20 2.84695e-21 4.04108e-22 -5.36029 -5.44596 -0.12012 7.64141 6.17044 -60.32755 -1.11545 0
0 2.5921 1 16.7266 46.1297 10.9522 0.00000 1.14212e-09 8.25472e-10 5.95103e-10 4.28018e-10 3.07188e-10 2.20043e-10 1.57343e-10 1.12326e-10 8.00603e-11 5.69671e-11 4.04589e-11 2.86709e-11 2.02635e-11 1.42758e-11 1.00193e-11 7.0008e-12 4.86688e-12 3.36411e-12 2.31063e-12 1.57604e-12 1.06685e-12 7.16257e-13 4.76615e-13 3.14113e-13 2.04872e-13 1.32125e-13 8.41747e-14 5.292e-14 3.27942e-14 2.00059e-14 1.19974e-14 7.06141e-15 4.07201e-15 2.29606e-15 1.26315e-15 6.76321e-16 3.51455e-16 1.76705e-16 8.5657e-17 3.98733e-17 1.77438e-17 7.50959e-18 3.00483e-18 1.1289e-18 3.9493e-19 1.27323e-19 3.73004e-20 9.72145e-21 2.17284e-21 3.87164e-22 -0.67762 -7.01509 0.02340 7.04774 1.63238 -24.52912 0.82144 0
0 0.2571 1 19.0138 6.7173 18.2781 0.00000 4.70407e-12 3.46395e-12 2.53117e-12 1.83399e-12 1.31659e-12 9.35626e-13 6.5759e-13 4.56647e-13 3.12988e-13 2.11507e-13 1.4076e-13 9.215e-14 5.92777e-14 3.74302e-14 2.31801e-14 1.40714e-14 8.37307e-15 4.8876e-15 2.80411e-15 1.58649e-15 8.89512e-16 4.97329e-16 2.79149e-16 1.58154e-16 9.06507e-17 5.24709e-17 3.05048e-17 1.76822e-17 1.01439e-17 5.72293e-18 3.15941e-18 1.70004e-18 8.88609e-19 4.49712e-19 2.19584e-19 1.0304e-19 4.62616e-20 1.97717e-20 7.99748e-21 3.04092e-21 1.0782e-21 3.52926e-22 1.05236e-22 2.80253e-23 6.44598e-24 1.19929e-24 1.55634e-25 9.33809e-27 3.83527e-29 1.37617e-181 0.18989 10.20680 -0.16382 10.20857 18.70848 0.58158 -0.50170 0
0 1.4037 2 2.3739 9.9455 10.2464 0.00000 5.86582e-12 4.6805e-12 3.73205e-12 2.97302e-12 2.36652e-12 1.88147e-12 1.49409e-12 1.18518e-12 9.38394e-13 7.4181e-13 5.85478e-13 4.6097e-13 3.62011e-13 2.83604e-13 2.21596e-13 1.72422e-13 1.33619e-13 1.03114e-13 7.92005e-14 6.05094e-14 4.59289e-14 3.45659e-14 2.57997e-14 1.90764e-14 1.39553e-14 1.00864e-14 7.19219e-15 5.05214e-15 3.49134e-15 2.37087e-15 1.58063e-15 1.03382e-15 6.62743e-16 4.16174e-16 2.55498e-16 1.52875e-16 8.88031e-17 4.9845e-17 2.6882e-17 1.38348e-17 6.73797e-18 3.074e-18 1.29742e-18 4.99003e-19 1.71843e-19 5.20398e-20 1.37293e-20 3.25916e-21 8.11173e-22 2.70011e-22 -6.58792 -5.89705 -0.00600 8.84171 7.08351 -68.44055 -0.04854 0
0 0.5989 2 7.6103 14.2171 28.5112 0.00000 1.0664e-11 8.50433e-12 6.77627e-12 5.39476e-12 4.28979e-12 3.40751e-12 2.70317e-12 2.14101e-12 1.69328e-12 1.33668e-12 1.05282e-12 8.27511e-13 6.48915e-13 5.07102e-13 3.95062e-13 3.06743e-13 2.37295e-13 1.82582e-13 1.39748e-13 1.06357e-13 8.04262e-14 6.03767e-14 4.49497e-14 3.31459e-14 2.41703e-14 1.73926e-14 1.23399e-14 8.61646e-15 5.90991e-15 3.97038e-15 2.60904e-15 1.67518e-15 1.04969e-15 6.41033e-16 3.80757e-16 2.19279e-16 1.21899e-16 6.50387e-17 3.30736e-17 1.58935e-17 7.14202e-18 2.96221e-18 1.11562e-18 3.73756e-19 1.08522e-19 2.64227e-20 5.17417e-21 7.74381e-22 8.4554e-23 7.14633e-24 6.93522 3.41664 0.10921 7.73115 13.78824 30.19846 0.45382 0
0 0.1398 3 11.3333 12.2148 41.3648 0.00000 4.98781e-12 3.90083e-12 3.04167e-12 2.36374e-12 1.83026e-12 1.41148e-12 1.08363e-12 8.27902e-13 6.29118e-13 4.75172e-13 3.56571e-13 2.65685e-13 1.96326e-13 1.43802e-13 1.04319e-13 7.48821e-14 5.30935e-14 3.71383e-14 2.55961e-14 1.73529e-14 1.15499e-14 7.53027e-15 4.79607e-15 2.97432e-15 1.78883e-15 1.03831e-15 5.79069e-16 3.08185e-16 1.55472e-16 7.38516e-17 3.27988e-17 1.35156e-17 5.12051e-18 1.76205e-18 5.41927e-19 1.45963e-19 3.35928e-20 6.4258e-21 9.98447e-22 1.28787e-22 1.69348e-23 3.35305e-24 9.20984e-25 2.53437e-25 6.186e-26 1.25984e-26 1.92229e-27 1.67602e-28 3.20176e-30 6.39516e-53 1.76129 14.71660 -0.11461 14.82162 23.28359 4.33834 -0.28203 0
