sky_model/snrs/ctadc_skymodel_gps_sources_snr_2.ecsv
# %ECSV 0.9
# ---
# datatype:
# - {name: Simulation_number, unit: '', datatype: float64, format: '%i', description: Simulation_number}
# - {name: n0, unit: 1 / cm3, datatype: float64, format: '%0.4f', description: density}
# - {name: type, unit: '', datatype: float64, format: '%i', description: type of progenitor}
# - {name: age, unit: kyear, datatype: float64, format: '%0.4f', description: age of
#     the SNR}
# - {name: size, unit: arcmin, datatype: float64, format: '%0.4f', description: apparent
#     size of the SNR}
# - {name: size_physical, unit: pc, datatype: float64, format: '%0.4f', description: SNR
#     Radius}
# - {name: '0.1', unit: 'TeV^{-1}cm^{-2}s^{-1}', datatype: float64, description: Differential
#     spectrum}
# - {name: '0.11514', unit: 'TeV^{-1}cm^{-2}s^{-1}', datatype: float64, description: Differential
#     spectrum}
# - {name: '0.132571', unit: 'TeV^{-1}cm^{-2}s^{-1}', datatype: float64, description: Differential
#     spectrum}
# - {name: '0.152642', unit: 'TeV^{-1}cm^{-2}s^{-1}', datatype: float64, description: Differential
#     spectrum}
# - {name: '0.175751', unit: 'TeV^{-1}cm^{-2}s^{-1}', datatype: float64, description: Differential
#     spectrum}
# - {name: '0.202359', unit: 'TeV^{-1}cm^{-2}s^{-1}', datatype: float64, description: Differential
#     spectrum}
# - {name: '0.232995', unit: 'TeV^{-1}cm^{-2}s^{-1}', datatype: float64, description: Differential
#     spectrum}
# - {name: '0.26827', unit: 'TeV^{-1}cm^{-2}s^{-1}', datatype: float64, description: Differential
#     spectrum}
# - {name: '0.308884', unit: 'TeV^{-1}cm^{-2}s^{-1}', datatype: float64, description: Differential
#     spectrum}
# - {name: '0.355648', unit: 'TeV^{-1}cm^{-2}s^{-1}', datatype: float64, description: Differential
#     spectrum}
# - {name: '0.409492', unit: 'TeV^{-1}cm^{-2}s^{-1}', datatype: float64, description: Differential
#     spectrum}
# - {name: '0.471487', unit: 'TeV^{-1}cm^{-2}s^{-1}', datatype: float64, description: Differential
#     spectrum}
# - {name: '0.542868', unit: 'TeV^{-1}cm^{-2}s^{-1}', datatype: float64, description: Differential
#     spectrum}
# - {name: '0.625055', unit: 'TeV^{-1}cm^{-2}s^{-1}', datatype: float64, description: Differential
#     spectrum}
# - {name: '0.719686', unit: 'TeV^{-1}cm^{-2}s^{-1}', datatype: float64, description: Differential
#     spectrum}
# - {name: '0.828643', unit: 'TeV^{-1}cm^{-2}s^{-1}', datatype: float64, description: Differential
#     spectrum}
# - {name: '0.954095', unit: 'TeV^{-1}cm^{-2}s^{-1}', datatype: float64, description: Differential
#     spectrum}
# - {name: '1.09854', unit: 'TeV^{-1}cm^{-2}s^{-1}', datatype: float64, description: Differential
#     spectrum}
# - {name: '1.26486', unit: 'TeV^{-1}cm^{-2}s^{-1}', datatype: float64, description: Differential
#     spectrum}
# - {name: '1.45635', unit: 'TeV^{-1}cm^{-2}s^{-1}', datatype: float64, description: Differential
#     spectrum}
# - {name: '1.67683', unit: 'TeV^{-1}cm^{-2}s^{-1}', datatype: float64, description: Differential
#     spectrum}
# - {name: '1.9307', unit: 'TeV^{-1}cm^{-2}s^{-1}', datatype: float64, description: Differential
#     spectrum}
# - {name: '2.223', unit: 'TeV^{-1}cm^{-2}s^{-1}', datatype: float64, description: Differential
#     spectrum}
[...]
#     radius in the xy plan}
# - {name: distance, unit: kpc, datatype: float64, format: '%.5f', description: Distance
#     from Earth}
# - {name: glon, unit: deg, datatype: float64, format: '%.5f', description: Galactic
#     longitude}
# - {name: glat, unit: deg, datatype: float64, format: '%.5f', description: Galactic
#     latitude}
# meta: !!omap
# - simulation_parameters:
#   - {description: Spectral index, name: alpha, value: 4.1}
#   - {description: Electron to proton ratio, name: Kep, value: 0.01}
#   - {description: CR efficiency, name: xi, value: 0.1}
# - energy_array: [0.1, 0.11514, 0.132571, 0.152642, 0.175751, 0.202359, 0.232995, 0.26827,
#     0.308884, 0.355648, 0.409492, 0.471487, 0.542868, 0.625055, 0.719686, 0.828643,
#     0.954095, 1.09854, 1.26486, 1.45635, 1.67683, 1.9307, 2.223, 2.55955, 2.94705,
#     3.39322, 3.90694, 4.49843, 5.17947, 5.96362, 6.86649, 7.90604, 9.10298, 10.4811,
#     12.0679, 13.895, 15.9986, 18.4207, 21.2095, 24.4205, 28.1177, 32.3746, 37.2759,
#     42.9193, 49.4171, 56.8987, 65.5129, 75.4312, 86.8511, 100.0]
Simulation_number n0 type age size size_physical 0.1 0.11514 0.132571 0.152642 0.175751 0.202359 0.232995 0.26827 0.308884 0.355648 0.409492 0.471487 0.542868 0.625055 0.719686 0.828643 0.954095 1.09854 1.26486 1.45635 1.67683 1.9307 2.223 2.55955 2.94705 3.39322 3.90694 4.49843 5.17947 5.96362 6.86649 7.90604 9.10298 10.4811 12.0679 13.895 15.9986 18.4207 21.2095 24.4205 28.1177 32.3746 37.2759 42.9193 49.4171 56.8987 65.5129 75.4312 86.8511 100.0 galactocentric_x galactocentric_y galactocentric_z galactocentric_r distance glon glat
[from data line 192]
0 0.0783 1 38.9078 55.1320 30.8985 5.36509e-12 3.39428e-12 2.10766e-12 1.28331e-12 7.65678e-13 4.47509e-13 2.56275e-13 1.43951e-13 7.94818e-14 4.32888e-14 2.33688e-14 1.2577e-14 6.78778e-15 3.68957e-15 2.02264e-15 1.11572e-15 6.15937e-16 3.37941e-16 1.82954e-16 9.7102e-17 5.0247e-17 2.52318e-17 1.22429e-17 5.71579e-18 2.55597e-18 1.08926e-18 4.39862e-19 1.67192e-19 5.93497e-20 1.94866e-20 5.84378e-21 1.57167e-21 3.6774e-22 7.05785e-23 9.72906e-24 6.69062e-25 4.75304e-27 2.5822e-71 2.35726e-82 1.81886e-97 2.64432e-113 5.07994e-135 7.63136e-165 3.20771e-205 3.59408e-256 3.04301e-312 0.0 0.0 0.0 0.0 -2.27274 -5.76140 -1.47748 6.19347 3.85334 -39.68898 -22.54621
0 0.1635 1 39.4196 11.0543 26.8156 6.26635e-13 4.21541e-13 2.79524e-13 1.8249e-13 1.17163e-13 7.38933e-14 4.57321e-14 2.7742e-14 1.64853e-14 9.59421e-15 5.46922e-15 3.05525e-15 1.67644e-15 9.06585e-16 4.85385e-16 2.58617e-16 1.37666e-16 7.34621e-17 3.93339e-17 2.10666e-17 1.12185e-17 5.89585e-18 3.03523e-18 1.52053e-18 7.37035e-19 3.43932e-19 1.53748e-19 6.54995e-20 2.6439e-20 1.00448e-20 3.56381e-21 1.16945e-21 3.50485e-22 9.42006e-23 2.20268e-23 4.22531e-24 5.82656e-25 4.02678e-26 2.98328e-28 1.49579e-68 7.98321e-80 6.03202e-93 6.68429e-109 5.70801e-131 5.57685e-161 2.3423e-201 2.0736e-245 1.8407e-302 0.0 0.0 8.29336 5.96748 -0.29429 10.21717 16.67856 29.82312 -1.01104
0 0.1993 1 4.0584 5.8693 10.2562 3.64802e-12 2.78498e-12 2.11931e-12 1.6069e-12 1.21342e-12 9.12103e-13 6.82121e-13 5.07239e-13 3.74825e-13 2.75051e-13 2.00286e-13 1.44608e-13 1.03434e-13 7.3224e-14 5.12528e-14 3.54304e-14 2.41608e-14 1.6232e-14 1.07294e-14 6.96819e-15 4.44026e-15 2.77256e-15 1.69466e-15 1.01335e-15 5.92955e-16 3.40087e-16 1.91907e-16 1.07249e-16 5.9943e-17 3.39113e-17 1.96396e-17 1.17195e-17 7.19664e-18 4.51147e-18 2.8561e-18 1.80819e-18 1.13685e-18 7.06802e-19 4.33452e-19 2.6175e-19 1.5541e-19 9.05816e-20 5.17387e-20 2.89051e-20 1.57611e-20 8.3679e-21 4.3142e-21 2.15346e-21 1.03719e-21 4.80194e-22 -10.30220 -2.32193 -0.21021 10.56062 12.01449 -59.04954 -1.00252
0 0.2441 2 34.0660 87.0107 65.8645 4.50137e-14 2.14155e-14 1.03111e-14 5.12203e-15 2.66309e-15 1.45277e-15 8.2309e-16 4.76356e-16 2.77168e-16 1.60234e-16 9.13329e-17 5.10793e-17 2.79336e-17 1.48947e-17 7.72214e-18 3.8808e-18 1.88412e-18 8.80293e-19 3.94078e-19 1.68193e-19 6.80487e-20 2.59259e-20 9.22874e-21 3.03999e-21 9.1513e-22 2.47244e-22 5.81811e-23 1.12513e-23 1.5673e-24 1.09244e-25 7.76102e-28 3.50253e-87 1.55115e-100 1.1554e-114 8.91298e-135 3.51458e-160 4.43975e-188 3.76219e-227 1.06848e-280 0.0 0.0 0.0 0.0 0.0 0.0 0.0 0.0 0.0 0.0 0.0 3.41904 -4.64335 0.72372 5.76633 5.20455 41.55798 7.99322
0 0.0103 2 10.4513 14.9628 25.9783 9.6299e-15 5.04696e-15 2.66234e-15 1.42853e-15 7.85713e-16 4.43902e-16 2.56503e-16 1.50285e-16 8.84005e-17 5.17489e-17 2.99449e-17 1.70452e-17 9.50993e-18 5.18532e-18 2.75557e-18 1.42319e-18 7.12175e-19 3.44098e-19 1.59901e-19 7.11477e-20 3.01583e-20 1.21075e-20 4.57259e-21 1.61151e-21 5.24763e-22 1.55839e-22 4.14033e-23 9.52646e-24 1.78007e-24 2.32751e-25 1.39023e-26 4.63426e-29 1.60702e-87 7.09437e-100 6.13634e-115 3.73185e-136 9.9523e-160 2.37876e-189 2.01293e-230 2.28939e-286 0.0 0.0 0.0 0.0 0.0 0.0 0.0 0.0 0.0 0.0 -10.53450 -3.08680 1.48949 10.97743 11.93721 -62.80343 7.16788
0 0.3991 2 17.1444 137.3720 45.3979 8.99578e-11 6.68917e-11 4.93938e-11 3.61937e-11 2.6299e-11 1.89336e-11 1.3493e-11 9.50936e-12 6.62048e-12 4.54742e-12 3.07762e-12 2.04932e-12 1.34037e-12 8.59386e-13 5.39068e-13 3.30059e-13 1.96755e-13 1.13855e-13 6.36945e-14 3.43236e-14 1.77342e-14 8.7377e-15 4.07908e-15 1.79053e-15 7.32332e-16 2.76146e-16 9.48865e-17 2.93735e-17 8.12839e-18 2.01738e-18 4.6359e-19 1.08033e-19 2.93284e-20 9.68261e-21 3.49591e-21 1.24172e-21 4.13377e-22 1.26276e-22 3.47608e-23 8.39416e-24 1.69168e-24 2.5547e-25 2.1934e-26 3.95346e-28 1.99179e-57 4.19493e-66 1.8977e-77 5.41374e-93 5.25293e-114 8.76815e-142 -0.32142 -6.25943 0.19820 6.26768 2.27217 -8.16352 5.00419
0 3.4987 1 33.2268 27.2955 13.5834 8.09471e-11 5.71499e-11 4.0256e-11 2.82882e-11 1.98279e-11 1.38597e-11 9.65859e-12 6.70819e-12 4.6414e-12 3.19771e-12 2.19258e-12 1.49539e-12 1.0139e-12 6.82989e-13 4.56823e-13 3.03193e-13 1.99544e-13 1.30134e-13 8.40328e-14 5.36837e-14 3.3898e-14 2.11352e-14 1.29972e-14 7.87363e-15 4.69225e-15 2.74667e-15 1.57658e-15 8.85689e-16 4.85942e-16 2.59771e-16 1.34941e-16 6.79106e-17 3.29993e-17 1.54236e-17 6.90406e-18 2.94524e-18 1.19067e-18 4.53189e-19 1.61155e-19 5.30385e-20 1.59585e-20 4.313e-21 1.01711e-21 1.98072e-22 2.8218e-23 2.13731e-24 2.47825e-26 0.0 0.0 0.0 -0.80631 -5.17493 0.02703 5.23737 3.42154 -13.63078 0.45259
0 0.1046 2 1.2935 2.4901 4.8679 8.89377e-13 6.57372e-13 4.8302e-13 3.52572e-13 2.55466e-13 1.83599e-13 1.30759e-13 9.21992e-14 6.42954e-14 4.42931e-14 3.01061e-14 2.01627e-14 1.32852e-14 8.59831e-15 5.45646e-15 3.38865e-15 2.05521e-15 1.21459e-15 6.97789e-16 3.88773e-16 2.09568e-16 1.09069e-16 5.47265e-17 2.64658e-17 1.23567e-17 5.59578e-18 2.47821e-18 1.08547e-18 4.75498e-19 2.09564e-19 9.26049e-20 4.0535e-20 1.72948e-20 7.08367e-21 2.75057e-21 1.00212e-21 3.39186e-22 1.0544e-22 2.96406e-23 7.35477e-24 1.54165e-24 2.48937e-25 2.46637e-26 7.09815e-28 8.18651e-34 1.49864e-65 2.98019e-76 6.07578e-91 7.90481e-111 1.93172e-137 -11.19620 -1.07319 0.37237 11.24752 13.44065 -56.44237 1.58758
0 0.2235 3 3.3909 7.3712 17.9059 9.41621e-13 7.44625e-13 5.88536e-13 4.64917e-13 3.66938e-13 2.89426e-13 2.28073e-13 1.79513e-13 1.41164e-13 1.10856e-13 8.68973e-14 6.80185e-14 5.31617e-14 4.1422e-14 3.21955e-14 2.49595e-14 1.92942e-14 1.4856e-14 1.13779e-14 8.67228e-15 6.57382e-15 4.95187e-15 3.70327e-15 2.74673e-15 2.01828e-15 1.46762e-15 1.0551e-15 7.49423e-16 5.25724e-16 3.64248e-16 2.49324e-16 1.68646e-16 1.12719e-16 7.43927e-17 4.84165e-17 3.10149e-17 1.95102e-17 1.20195e-17 7.2284e-18 4.22712e-18 2.39256e-18 1.30326e-18 6.78462e-19 3.34667e-19 1.54757e-19 6.61956e-20 2.57535e-20 8.92087e-21 2.67838e-21 6.74507e-22 -14.64330 -0.46775 0.01802 14.65077 16.70161 -61.25402 0.06181
0 0.0286 1 39.7864 13.8030 38.0905 3.19861e-14 1.79379e-14 9.94807e-15 5.48536e-15 3.02692e-15 1.68269e-15 9.47211e-16 5.41046e-16 3.13055e-16 1.82584e-16 1.06626e-16 6.19245e-17 3.55513e-17 2.00784e-17 1.11122e-17 6.00688e-18 3.1621e-18 1.61608e-18 7.99266e-19 3.8114e-19 1.74527e-19 7.63838e-20 3.17823e-20 1.24954e-20 4.60871e-21 1.581e-21 4.9901e-22 1.42791e-22 3.62107e-23 7.8141e-24 1.3183e-24 1.41178e-25 4.90575e-27 1.32946e-31 8.10754e-87 4.04095e-99 1.63631e-116 4.0662e-137 1.95093e-161 2.88794e-195 1.95676e-241 1.05754e-303 0.0 0.0 0.0 0.0 0.0 0.0 0.0 0.0 -0.95449 10.42120 -1.03604 10.46482 18.97357 -2.88786 -3.13016
0 0.0735 1 32.6133 14.8652 29.1421 8.83957e-13 5.95476e-13 3.95093e-13 2.57848e-13 1.65291e-13 1.03925e-13 6.39891e-14 3.85248e-14 2.26451e-14 1.29778e-14 7.24323e-15 3.93484e-15 2.08125e-15 1.07363e-15 5.41916e-16 2.69248e-16 1.3277e-16 6.56013e-17 3.27476e-17 1.65774e-17 8.48647e-18 4.3569e-18 2.21856e-18 1.10841e-18 5.38366e-19 2.52366e-19 1.13482e-19 4.86772e-20 1.98011e-20 7.58866e-21 2.71909e-21 9.02418e-22 2.74077e-22 7.48757e-23 1.78907e-23 3.54523e-24 5.18285e-25 4.10413e-26 5.32415e-28 8.95816e-67 1.4362e-77 1.61372e-90 8.74666e-106 6.14238e-127 9.68512e-156 1.59539e-194 6.57033e-238 1.2912e-292 0.0 0.0 10.20450 0.28628 -0.59159 10.20851 13.47889 49.27089 -2.51553
0 0.0260 1 36.0997 12.3367 37.3361 4.69324e-14 2.68095e-14 1.49902e-14 8.21752e-15 4.43052e-15 2.36115e-15 1.25245e-15 6.66731e-16 3.59047e-16 1.96649e-16 1.09627e-16 6.19506e-17 3.52234e-17 1.99781e-17 1.1215e-17 6.19144e-18 3.34481e-18 1.76117e-18 9.00621e-19 4.45743e-19 2.12724e-19 9.74882e-20 4.27038e-20 1.7785e-20 6.99932e-21 2.58444e-21 8.87689e-22 2.80585e-22 8.04285e-23 2.0442e-23 4.42571e-24 7.50907e-25 8.14368e-26 2.94845e-27 1.5528e-31 1.76033e-83 6.44471e-96 2.42686e-113 2.55902e-132 8.10333e-157 1.1357e-190 1.10749e-236 2.17485e-298 0.0 0.0 0.0 0.0 0.0 0.0 0.0 7.37494 10.94580 -0.66967 13.19850 20.80811 20.76954 -1.84428
0 1.8940 2 20.8852 28.0386 45.3979 1.90429e-12 1.2982e-12 8.71916e-13 5.76147e-13 3.73984e-13 2.38072e-13 1.48353e-13 9.03109e-14 5.3588e-14 3.09179e-14 1.72979e-14 9.35687e-15 4.87774e-15 2.44207e-15 1.16999e-15 5.34516e-16 2.3216e-16 9.57188e-17 3.75293e-17 1.41111e-17 5.18954e-18 1.93084e-18 7.56221e-19 3.18609e-19 1.42423e-19 6.51461e-20 2.94643e-20 1.28848e-20 5.37731e-21 2.1231e-21 7.86911e-22 2.71462e-22 8.62452e-23 2.48776e-23 6.37546e-24 1.39729e-24 2.42261e-25 2.75795e-26 1.16725e-27 4.18703e-31 1.63971e-70 9.24389e-83 6.45853e-96 4.45973e-114 6.27126e-139 1.69169e-172 1.05662e-213 9.70467e-261 0.0 0.0 7.04675 0.11787 -0.05105 7.04774 11.13225 39.27255 -0.26275
0 0.7724 3 21.6719 18.6094 49.8241 2.62827e-13 1.62573e-13 9.8235e-14 5.7865e-14 3.31519e-14 1.8428e-14 9.91255e-15 5.14567e-15 2.57067e-15 1.23274e-15 5.66302e-16 2.49051e-16 1.05078e-16 4.28425e-17 1.71481e-17 6.91853e-18 2.90768e-18 1.30376e-18 6.22825e-19 3.09334e-19 1.54991e-19 7.65537e-20 3.67433e-20 1.69893e-20 7.5209e-21 3.16966e-21 1.26411e-21 4.73796e-22 1.6553e-22 5.33615e-23 1.56594e-23 4.09992e-24 9.2512e-25 1.67859e-25 2.08277e-26 1.10102e-27 1.9443e-30 8.33555e-75 1.17672e-86 2.50185e-102 4.9962e-119 2.79642e-142 3.94836e-174 3.50359e-217 3.4975e-269 0.0 0.0 0.0 0.0 0.0 1.37557 9.85674 -0.03604 9.95226 18.40824 4.28547 -0.11216
0 0.3274 2 8.5528 12.9709 31.2910 1.65122e-12 1.30133e-12 1.02448e-12 8.05726e-13 6.32791e-13 4.9629e-13 3.887e-13 3.03788e-13 2.36987e-13 1.84519e-13 1.43242e-13 1.10892e-13 8.56034e-14 6.58615e-14 5.04311e-14 3.84487e-14 2.91732e-14 2.20175e-14 1.65095e-14 1.2274e-14 9.0496e-15 6.60964e-15 4.77594e-15 3.40891e-15 2.39943e-15 1.6624e-15 1.13154e-15 7.55289e-16 4.93555e-16 3.15299e-16 1.96672e-16 1.1963e-16 7.08374e-17 4.07217e-17 2.26383e-17 1.2108e-17 6.19119e-18 3.00362e-18 1.36977e-18 5.80519e-19 2.25421e-19 7.87941e-20 2.42458e-20 6.38496e-21 1.38842e-21 2.3836e-22 3.05951e-23 2.79761e-24 1.99978e-25 2.10249e-26 10.57030 4.28164 0.09309 11.40455 16.58645 39.59044 0.32158
0 0.0751 2 0.4631 1.6767 1.9200 3.97697e-12 2.97791e-12 2.22753e-12 1.66397e-12 1.24087e-12 9.23448e-13 6.85541e-13 5.07478e-13 3.74442e-13 2.75267e-13 2.01531e-13 1.46882e-13 1.06527e-13 7.68522e-14 5.51343e-14 3.93233e-14 2.78793e-14 1.96481e-14 1.37671e-14 9.59467e-15 6.65538e-15 4.59928e-15 3.17047e-15 2.18334e-15 1.50447e-15 1.03895e-15 7.19985e-16 5.01107e-16 3.50345e-16 2.45926e-16 1.73136e-16 1.2207e-16 8.60575e-17 6.05733e-17 4.25161e-17 2.973e-17 2.06967e-17 1.43363e-17 9.8765e-18 6.76404e-18 4.60304e-18 3.11104e-18 2.08715e-18 1.38911e-18 9.16603e-19 5.99221e-19 3.87819e-19 2.48284e-19 1.57092e-19 9.81339e-20 1.90437 -0.86826 0.34535 2.09296 7.87333 14.01105 2.51395
0 3.1734 2 15.3352 26.1508 37.6901 6.16505e-12 4.64407e-12 3.47842e-12 2.58905e-12 1.91382e-12 1.404e-12 1.02144e-12 7.36342e-13 5.25498e-13 3.70895e-13 2.58607e-13 1.77911e-13 1.20599e-13 8.04278e-14 5.26812e-14 3.38275e-14 2.12475e-14 1.30237e-14 7.76905e-15 4.49646e-15 2.51606e-15 1.35573e-15 7.00153e-16 3.44655e-16 1.60715e-16 7.04722e-17 2.88096e-17 1.08712e-17 3.74403e-18 1.16132e-18 3.21272e-19 8.00316e-20 1.89044e-20 4.76296e-21 1.42756e-21 4.91608e-22 1.73536e-22 5.83255e-23 1.80822e-23 5.07038e-24 1.25429e-24 2.61829e-25 4.20081e-26 4.11198e-27 1.14528e-28 5.0366e-35 6.44652e-64 8.6769e-75 1.24912e-89 1.2063e-109 4.01929 0.55766 0.01802 4.05779 9.90940 23.92901 0.10418
0 0.0647 2 11.3105 24.6290 34.3418 2.68749e-12 2.07565e-12 1.59334e-12 1.21911e-12 9.29717e-13 7.02338e-13 5.27791e-13 3.94436e-13 2.92335e-13 2.1408e-13 1.55435e-13 1.11785e-13 7.95258e-14 5.57972e-14 3.86059e-14 2.63877e-14 1.78054e-14 1.18531e-14 7.77992e-15 5.03079e-15 3.20108e-15 2.00092e-15 1.22611e-15 7.34754e-16 4.29388e-16 2.43925e-16 1.34198e-16 7.11928e-17 3.62351e-17 1.7589e-17 8.08546e-18 3.49038e-18 1.40078e-18 5.16316e-19 1.72236e-19 5.1083e-20 1.31876e-20 2.89357e-21 5.28349e-22 8.07946e-23 1.16583e-23 2.15607e-24 5.62989e-25 1.59264e-25 4.14055e-26 9.30642e-27 1.68611e-27 2.10971e-28 1.17916e-29 3.50813e-32 -7.13026 -2.24347 -1.38739 7.47488 9.58695 -48.73429 -8.32086
0 0.0849 2 6.4648 22.8526 21.5677 3.15811e-12 2.44353e-12 1.88626e-12 1.45309e-12 1.1101e-12 8.44211e-13 6.39403e-13 4.81208e-13 3.58354e-13 2.65237e-13 1.94985e-13 1.42236e-13 1.02706e-13 7.35279e-14 5.22649e-14 3.6879e-14 2.58293e-14 1.79541e-14 1.23821e-14 8.46707e-15 5.73562e-15 3.84464e-15 2.54689e-15 1.66501e-15 1.07243e-15 6.79287e-16 4.22228e-16 2.56912e-16 1.52592e-16 8.8178e-17 4.93853e-17 2.66858e-17 1.38383e-17 6.84282e-18 3.20199e-18 1.40484e-18 5.71454e-19 2.1258e-19 7.11111e-20 2.09539e-20 5.30548e-21 1.12262e-21 1.94016e-22 2.79045e-23 3.97601e-24 7.77728e-25 2.00723e-25 5.15877e-26 1.15958e-26 2.10583e-27 -6.12211 -6.49719 -0.78378 8.92713 6.48890 -71.88482 -6.93761
0 0.1806 2 18.7978 24.2512 49.8241 1.75793e-12 1.27911e-12 9.22344e-13 6.58529e-13 4.65093e-13 3.24599e-13 2.23606e-13 1.51843e-13 1.01506e-13 6.66974e-14 4.29972e-14 2.71449e-14 1.67475e-14 1.00751e-14 5.89069e-15 3.33797e-15 1.82679e-15 9.61781e-16 4.84951e-16 2.32961e-16 1.05956e-16 4.52782e-17 1.79907e-17 6.58991e-18 2.20246e-18 6.65918e-19 1.81731e-19 4.57218e-20 1.12859e-20 3.06427e-21 9.98743e-22 3.72814e-22 1.43213e-22 5.29638e-23 1.83352e-23 5.85457e-24 1.69935e-24 4.39064e-25 9.73701e-26 1.72232e-26 2.04525e-27 9.79949e-29 1.01017e-31 7.63024e-66 9.21285e-76 5.47134e-89 4.14102e-107 1.33088e-131 2.0846e-163 7.76265e-198 2.85640 5.30216 -0.93694 6.02262 14.12574 11.69248 -3.80313
0 0.3275 2 17.5316 52.5398 49.8241 7.0995e-12 5.02902e-12 3.52165e-12 2.43527e-12 1.66098e-12 1.11591e-12 7.37424e-13 4.78555e-13 3.04444e-13 1.89494e-13 1.15147e-13 6.81434e-14 3.91686e-14 2.18012e-14 1.17105e-14 6.04737e-15 2.98945e-15 1.40787e-15 6.28289e-16 2.64141e-16 1.03974e-16 3.80966e-17 1.29424e-17 4.08372e-18 1.21566e-18 3.56418e-19 1.10914e-19 3.90672e-20 1.53882e-20 6.32388e-21 2.55397e-21 9.82208e-22 3.54191e-22 1.18462e-22 3.63095e-23 1.00321e-23 2.4333e-24 4.93205e-25 7.50986e-26 6.53479e-27 1.21213e-28 1.35831e-61 5.40216e-72 3.30229e-83 2.52655e-98 4.83706e-119 4.72004e-147 5.38979e-183 3.01758e-222 6.06839e-276 2.99004 -2.70994 -0.21622 4.03536 6.52011 27.31224 -1.90036
0 0.0412 1 39.2867 12.0385 35.2466 6.61549e-14 3.86865e-14 2.21916e-14 1.25056e-14 6.94215e-15 3.81209e-15 2.08227e-15 1.13874e-15 6.27347e-16 3.49646e-16 1.97321e-16 1.12435e-16 6.43168e-17 3.66782e-17 2.071e-17 1.15101e-17 6.26623e-18 3.32842e-18 1.71887e-18 8.60062e-19 4.15465e-19 1.92989e-19 8.58188e-20 3.63475e-20 1.45771e-20 5.49827e-21 1.93481e-21 6.28919e-22 1.86377e-22 4.93905e-23 1.13272e-23 2.10713e-24 2.73735e-25 1.61972e-26 5.35088e-29 2.15906e-79 1.48937e-90 2.74011e-106 9.72765e-125 8.20793e-147 1.83216e-177 3.01134e-219 1.46767e-275 0.0 0.0 0.0 0.0 0.0 0.0 0.0 8.26743 9.84614 0.54655 12.85678 20.13032 24.25804 1.55580
