sky_model/snrs/ctadc_skymodel_gps_sources_snr_1_summary_all.ecsv
# %ECSV 0.9
# ---
# datatype:
# - {name: distance, unit: kpc, datatype: float64, description: distance}
# - {name: GLAT, datatype: float64, description: Latitude}
# - {name: GLON, datatype: float64, description: Latitude}
# - {name: galactocentric_x, unit: kpc, datatype: float64, description: galactocentric_x}
# - {name: galactocentric_y, unit: kpc, datatype: float64, description: galactocentric_x}
# - {name: galactocentric_z, unit: kpc, datatype: float64, description: galactocentric_x}
# - {name: galactocentric_r, unit: kpc, datatype: float64, description: galactocentric_x}
# - {name: age, unit: kyr, datatype: float64, description: age}
# - {name: n0, unit: 1 / cm3, datatype: float64, description: n0 column density}
# - {name: skip, datatype: float64, description: skip because already known}
# - {name: size_physical, unit: pc, datatype: float64, description: intrinsic physical
#     size}
# - {name: sigma, unit: deg, datatype: float64, description: angular size}
# - {name: flux_1_10, unit: 1 / (cm2 s), datatype: float64, description: Integral flux
#     between 1 and 10 TeV}
# - {name: int_flux_above_1TeV_cu, datatype: float64, description: Integral flux between
#     1 and 10 TeV in crab units}
distance GLAT GLON galactocentric_x galactocentric_y galactocentric_z galactocentric_r age n0 skip size_physical sigma flux_1_10 int_flux_above_1TeV_cu
[from data line 128]
22.17663 0.231 11.8543 4.55557 13.2035 0.08941 13.96731 15.0872 0.1957 0.0 17.5788 0.0908333333333 5.4411e-15 0.000291353500645
6.27445 -1.15181 19.71883 2.1166 -2.59468 -0.12613 3.34849 3.8751 0.3642 0.0 8.9424 0.163318333333 2.3551e-13 0.0126108071781
4.71652 2.89515 66.44865 4.31813 -6.61782 0.23822 7.90201 29.5639 0.2966 0.0 21.2146 0.515425 2.4688e-14 0.00132196343091
12.68277 -0.23855 5.83355 1.28905 4.11698 -0.05281 4.31407 9.4733 2.2591 0.0 28.5112 0.257605 4.5611e-13 0.0244232315487
14.2621 -0.62437 7.47108 1.85433 5.64018 -0.15542 5.93719 35.1858 0.4592 0.0 20.8504 0.167526666667 2.4974e-15 0.000133727781609
6.72664 3.25025 1.97224 0.23113 -1.78816 0.38138 1.80304 30.4331 0.0479 0.0 30.8606 0.525725 4.9636e-16 2.65784903017e-05
14.53757 -0.15372 -37.4926 -8.84839 3.03453 -0.039 9.35427 29.1954 0.9467 0.0 16.7445 0.131988333333 8.9838e-15 0.000481053753671
6.266 -0.5487 48.97974 4.72734 -4.38765 -0.06001 6.44975 36.2683 1.9044 0.0 15.8862 0.290525 8.0281e-14 0.00429879075652
17.62464 -0.34723 -51.19016 -13.7334 2.54582 -0.10681 13.96737 2.7306 0.1773 0.0 8.8917 0.0578116666667 5.6513e-14 0.00302609038282
12.96849 0.33139 -30.08775 -6.50133 2.72091 0.07501 7.04774 2.6091 1.2574 0.0 5.9594 0.0526583333333 9.0884e-14 0.00486654749089
15.6168 0.20474 -2.40897 -0.6564 7.1029 0.05581 7.13317 13.8636 1.7169 0.0 11.0265 0.0809083333333 3.6697e-14 0.00196500696793
3.1436 2.7377 23.32385 1.24322 -5.61658 0.15015 5.75253 6.8692 0.475 0.0 10.7224 0.390858333333 5.7028e-13 0.030536669855
6.97955 0.05911 20.35714 2.42798 -1.95638 0.0072 3.11809 8.3554 2.0405 0.0 28.5112 0.468101666667 1.5773e-12 0.0844593697172
6.40743 0.85319 67.03724 5.89904 -6.00053 0.09541 8.41457 1.1651 0.6276 0.0 4.8679 0.0870583333333 1.2625e-13 0.00676028366626
12.17205 1.31473 18.32452 3.82587 3.05178 0.27928 4.89394 16.924 0.3772 0.0 16.1597 0.152133333333 1.2661e-14 0.000677956051473
4.03739 1.49893 4.23531 0.29807 -4.47501 0.10561 4.48493 0.89 0.7767 0.0 5.8634 0.166416666667 7.0377e-13 0.0376846323628
5.00852 3.16211 47.00461 3.6577 -5.08969 0.27628 6.26767 31.287 0.3675 0.0 20.7938 0.475748333333 2.1587e-14 0.00115591480003
17.65785 0.16939 34.94067 10.1131 5.97488 0.05221 11.74623 5.1901 0.3985 0.0 19.6516 0.12753 7.1475e-14 0.00382725762413
8.43421 1.30572 0.35496 0.05224 -0.06814 0.19219 0.08586 35.3524 0.0017 0.0 63.5459 0.863368333333 1.4316e-20 7.66576007653e-10
7.19104 2.82452 26.87914 3.24719 -2.09366 0.35435 3.86363 28.5906 0.2857 0.0 21.0883 0.33605 1.1464e-14 0.000613860530297
8.56073 -3.27787 46.89249 6.23973 -2.65943 -0.48949 6.78283 9.5143 0.2664 0.0 31.291 0.418853333333 5.4143e-13 0.028991844637
12.36673 -0.80698 21.2675 4.48525 3.02338 -0.17417 5.40909 12.6805 0.4272 0.0 14.033 0.130031666667 1.9162e-14 0.00102606380683
12.67489 0.19801 20.67763 4.4756 3.35833 0.0438 5.59548 15.3845 2.8205 0.0 10.4136 0.0941483333333 8.5884e-14 0.0045988134843
13.7063 -0.40636 -17.02114 -4.01207 4.60559 -0.09721 6.10804 27.7291 0.9634 0.0 16.3446 0.136648333333 1.1265e-14 0.000603204716835
5.23959 0.23622 111.27336 4.88252 -10.401 0.0216 11.48999 12.9163 0.4949 0.0 13.73 0.300281666667 1.1128e-13 0.00595868805055
18.99358 0.11947 51.61888 14.889 3.29289 0.0396 15.24879 25.0948 0.1822 0.0 21.8892 0.132061666667 2.6604e-15 0.000142455910224
9.89512 2.97474 2.93988 0.50682 1.36878 0.51351 1.4596 5.7652 0.0207 0.0 16.3151 0.18894 2.566e-17 1.37401092179e-06
8.55794 -0.08035 -59.11342 -7.34429 -4.10687 -0.012 8.41457 10.7203 1.6538 0.0 31.291 0.41899 9.5207e-13 0.0509803031298
1.82545 1.92145 -24.21191 -0.74822 -6.83606 0.06121 6.87689 3.5523 1.6855 0.0 14.8658 0.933188333333 8.5478e-12 0.457707348297
3.91745 0.30717 -87.19347 -3.9127 -8.30819 0.021 9.18342 2.5853 1.1523 0.0 6.0394 0.176661666667 9.3882e-13 0.0502708080123
6.05513 -0.45465 34.37095 3.41831 -3.50225 -0.04805 4.89393 4.818 2.666 0.0 19.6516 0.371901666667 1.6284e-12 0.0871956112645
13.51098 0.58581 10.91563 2.55835 4.76583 0.13814 5.40909 10.3135 0.5204 0.0 34.3418 0.291266666667 2.8328e-13 0.0151687378771
19.50464 0.08108 -11.81054 -3.99213 10.5917 0.0276 11.31906 19.4231 0.5095 0.0 16.087 0.0945133333333 4.7926e-15 0.000256628399991
10.36388 1.8099 6.55868 1.18318 1.79092 0.32733 2.14646 5.6776 0.0822 0.0 19.6516 0.217285 5.9189e-14 0.00316938162315
3.13025 1.04348 136.28697 2.16279 -10.7622 0.05701 10.97737 24.3024 0.4741 0.0 17.8578 0.653735 1.2015e-13 0.00643364817823
6.42001 -1.1836 28.06906 3.0202 -2.83631 -0.13261 4.14322 1.8901 0.4594 0.0 6.3372 0.113113333333 3.2731e-13 0.017526403539
2.24083 0.07671 35.15017 1.29009 -6.6678 0.003 6.79146 10.5011 3.0491 0.0 8.7947 0.449743333333 3.8572e-12 0.20654072204
2.11637 1.23473 -139.83364 -1.36476 -10.1169 0.0456 10.20854 6.5216 0.6558 0.0 9.8494 0.533296666667 1.453e-12 0.0778035023135
10.03281 -3.58663 40.82674 6.54634 -0.92314 -0.62763 6.61111 35.3144 0.2353 0.0 23.8615 0.272538333333 3.0883e-15 0.000165368586507
13.0125 0.18231 12.7727 2.87684 4.19044 0.0414 5.08291 2.1719 2.9663 0.0 9.3361 0.0822166666667 6.1757e-14 0.00330688980893
7.00557 -0.80488 -124.04859 -5.80398 -12.422 -0.09841 13.71103 38.6129 0.1968 0.0 25.6302 0.419238333333 2.3708e-15 0.000126948756562
15.46129 0.16455 -73.15604 -14.7979 -4.01986 0.0444 15.33418 37.5345 0.1754 0.0 25.9272 0.19216 4.5438e-16 2.43305955824e-05
8.13586 -0.78251 3.2909 0.467 -0.37832 -0.11111 0.60101 28.7856 0.0166 0.0 37.2625 0.524833333333 4.1025e-17 2.19675752403e-06
6.85457 1.79092 -10.70474 -1.2726 -1.76801 0.21422 2.17839 16.5673 0.1001 0.0 20.86 0.348728333333 8.8974e-14 0.00476427310037
7.40469 0.72035 -21.66401 -2.73332 -1.61889 0.09309 3.17677 7.415 0.6031 0.0 25.9783 0.40203 9.5507e-13 0.0511409435337
13.61047 0.11367 -47.3577 -10.0118 0.71997 0.027 10.03765 37.2612 0.7926 0.0 19.1322 0.16108 4.9876e-15 0.000267070026248
12.12962 2.56836 17.20098 3.58342 3.07546 0.54354 4.72222 7.0323 0.2972 0.0 31.291 0.295613333333 6.8026e-13 0.0364257470638
9.86653 -2.71552 -24.70014 -4.11829 0.45375 -0.46745 4.14321 4.2125 0.2844 0.0 21.5677 0.25049 6.8739e-13 0.0368075357572
9.45653 -0.14556 20.61858 3.33006 0.35076 -0.02402 3.34848 8.0928 2.188 0.0 25.9783 0.314798333333 8.053e-13 0.0431212391005
11.49261 -1.82681 1.91916 0.38469 2.98033 -0.36637 3.00505 27.4938 0.1774 0.0 22.8295 0.22763 5.8192e-15 0.000311599546223
7.87491 -0.79462 42.30342 5.29975 -2.67635 -0.10921 5.93719 7.8661 0.777 0.0 10.2747 0.149511666667 1.0241e-13 0.00548372792286
12.89973 1.64082 52.27469 10.1989 -0.6102 0.36937 10.21714 4.6299 0.1324 0.0 16.3151 0.144931666667 2.9614e-14 0.0015857349742
18.11182 0.35687 -46.4123 -13.1185 3.98721 0.11281 13.71105 5.3362 0.181 0.0 11.7003 0.0740266666667 3.2416e-14 0.00173577311149
11.05771 0.66228 22.5332 4.23724 1.71286 0.12781 4.57035 34.6624 0.5387 0.0 20.0751 0.20804 5.2812e-15 0.000282791367115
9.18958 0.16462 -13.42675 -2.13383 0.43837 0.0264 2.17839 38.4918 0.6869 0.0 19.9451 0.24871 8.2818e-15 0.000443463899146
1.86198 2.62291 -13.56107 -0.43614 -6.69183 0.08521 6.70603 5.493 1.1161 0.0 8.2683 0.508856666667 2.9822e-12 0.159687270887
8.14519 -1.6479 -7.28576 -1.03253 -0.42392 -0.23423 1.11617 4.0671 0.0235 0.0 14.8658 0.209141666667 1.3659e-15 7.31395759188e-05
9.11517 0.09438 28.51324 4.35123 -0.49045 0.01502 4.37878 8.1637 3.5164 0.0 7.7248 0.0971133333333 3.0734e-13 0.0164570739167
3.37089 0.99959 66.86628 3.09937 -7.17585 0.05881 7.81658 6.0093 1.3207 0.0 28.5112 0.969221666667 9.4514e-12 0.506092237967
3.41466 -1.67163 -95.14947 -3.39943 -8.80635 -0.09961 9.4397 10.9152 0.4692 0.0 12.9649 0.435086666667 3.0892e-13 0.0165416778628
9.19708 -5.15165 29.56237 4.51924 -0.53252 -0.82583 4.55051 5.5954 0.2081 0.0 11.6078 0.144628333333 1.0938e-13 0.00585694912804
8.35446 -2.08054 34.9788 4.78623 -1.65917 -0.3033 5.06565 6.3345 0.3771 0.0 23.6705 0.32467 5.2903e-13 0.0283278643007
15.65063 0.19551 -4.91378 -1.34057 7.09302 0.05341 7.21859 29.1981 1.7373 0.0 14.8334 0.108608333333 1.6387e-14 0.00087747143318
6.17393 3.96051 37.78086 3.77338 -3.63203 0.42643 5.23737 35.7066 0.3447 0.0 22.2087 0.412206666667 9.3789e-15 0.000502210094871
13.06969 -0.4472 51.32402 10.2031 -0.3328 -0.10201 10.20853 11.9642 0.3896 0.0 13.9612 0.122408333333 1.8057e-14 0.000966894591379
7.88447 1.15667 -28.19717 -3.72471 -1.55262 0.15916 4.03536 19.7088 0.3619 0.0 17.3229 0.251768333333 2.3017e-14 0.00123248672591
10.13803 -1.69741 -11.62049 -2.04119 1.42588 -0.3003 2.4899 9.028 0.1226 0.0 15.6636 0.177048333333 8.1466e-14 0.00436224371608
5.3429 4.06102 1.69605 0.15774 -3.17285 0.37838 3.17677 34.4718 0.1975 0.0 24.4719 0.524861666667 9.3288e-15 0.000499527400125
5.79363 -0.88424 67.39755 5.34801 -6.27357 -0.08941 8.24372 4.5479 0.7156 0.0 23.6705 0.468176666667 3.1064e-12 0.166337783611
14.34404 -0.31879 -39.22944 -9.07142 2.611 -0.07981 9.4397 0.785 0.5881 0.0 5.3425 0.04268 9.339e-14 0.00500073577499
6.69557 0.6316 66.80675 6.15407 -5.86322 0.07381 8.5 0.2196 0.8419 0.0 2.1769 0.0372566666667 4.3047e-13 0.0230502915629
15.16785 -0.07707 -34.85869 -8.66924 3.94618 -0.0204 9.52513 39.7578 1.0042 0.0 18.7295 0.1415 4.8291e-15 0.000258582858239
19.45427 0.24565 -18.98075 -6.32745 9.89633 0.08341 11.74623 37.5348 0.326 0.0 22.9115 0.134956666667 7.7333e-16 4.14093478624e-05
12.49191 0.20367 -60.0841 -10.8274 -2.26997 0.0444 11.06279 26.2752 0.5041 0.0 18.2023 0.166975 6.9258e-15 0.000370854436561
20.89534 -0.06746 20.64806 7.36825 11.0531 -0.0246 13.2839 2.3419 0.3052 0.0 7.506 0.0411633333333 3.2167e-14 0.00172243995796
8.20097 4.66279 1.91867 0.27367 -0.33076 0.66667 0.42929 15.3466 0.0014 0.0 47.0344 0.657208333333 7.0194e-18 3.75866417164e-07
11.22245 1.62538 7.52672 1.46942 2.62128 0.31832 3.00505 37.6184 0.1853 0.0 25.6703 0.262118333333 9.5662e-16 5.12239410758e-05
15.20382 0.03392 -0.86696 -0.23004 6.70208 0.009 6.70603 14.7849 3.0894 0.0 10.0642 0.0758533333333 6.7593e-14 0.00361938894141
2.61413 -4.67834 92.89217 2.6021 -8.63146 -0.21321 9.01516 24.3142 0.2576 0.0 20.1713 0.884216666667 1.2913e-13 0.00691449845405
10.86874 0.31 27.05977 4.94433 1.17882 0.05881 5.08291 1.5476 2.2392 0.0 4.289 0.04522 2.3978e-13 0.0128394520198
3.04566 -0.28221 -35.59517 -1.77272 -6.02345 -0.015 6.27889 12.0876 3.3544 0.0 34.3418 1.29209666667 1.2939e-12 0.0692842062239
8.87807 4.22874 -17.49065 -2.66104 -0.05545 0.65465 2.66162 17.1455 0.093 0.0 21.4622 0.277018333333 5.3742e-14 0.00287771219637
7.36614 -0.014 -12.01785 -1.53375 -1.29531 -0.0018 2.00754 21.5774 0.5924 0.0 16.2851 0.25334 3.2995e-14 0.00176677670945
4.60843 7.22495 -56.96653 -3.83281 -6.00776 0.57958 7.12626 30.3141 0.2177 0.0 22.7923 0.566745 2.4126e-14 0.00129187012857
11.43673 0.57419 57.6643 9.66274 -2.38304 0.11461 9.95226 5.2925 0.3675 0.0 25.9783 0.260293333333 7.375e-13 0.0394907659712
9.32867 0.03689 -24.46688 -3.86363 -0.00903 0.00601 3.86364 0.2963 3.1045 0.0 1.3234 0.0162566666667 1.6534e-14 0.000885342812974
2.08169 4.69576 59.12912 1.78077 -7.43546 0.17042 7.64573 1.5368 0.367 0.0 5.8634 0.322763333333 5.4944e-13 0.0294207545156
8.79032 -0.42242 -58.21505 -7.47184 -3.86998 -0.06481 8.41458 14.6873 0.9876 0.0 12.6004 0.164261666667 6.218e-14 0.00332954010589
19.16804 0.09148 -29.70472 -9.49833 8.14916 0.0306 12.51507 39.5173 0.362 0.0 22.9064 0.13694 7.5162e-16 4.02468468058e-05
10.52922 2.92634 -20.07922 -3.61017 1.37635 0.53754 3.86363 8.8169 0.2406 0.0 31.291 0.340546666667 3.8997e-13 0.0208816461096
9.70293 1.73807 -57.69873 -8.19763 -3.31742 0.29429 8.84344 9.8459 0.2185 0.0 14.4724 0.17092 5.0548e-14 0.00270668371297
3.96219 1.01529 66.50872 3.63324 -6.92088 0.07021 7.81659 25.5828 1.102 0.0 15.406 0.445561666667 1.7986e-13 0.00963092768486
1.74044 -11.34394 -72.68816 -1.62914 -7.99221 -0.34234 8.15656 22.8694 0.2333 0.0 20.0721 1.32155333333 3.4451e-13 0.0184474085217
7.46704 -0.63541 17.26735 2.21631 -1.36994 -0.08281 2.60553 34.6481 0.475 0.0 20.5823 0.315863333333 9.8772e-15 0.000528892465967
9.06825 0.45117 -10.82735 -1.70342 0.40654 0.07141 1.75126 37.7347 0.1982 0.0 25.3574 0.320431666667 1.6612e-15 8.89519463477e-05
11.39074 -0.52217 -3.35851 -0.66728 2.8707 -0.10381 2.94723 3.0995 0.4137 0.0 7.9536 0.0800133333333 8.0049e-14 0.00428636789862
11.25608 0.51315 -68.27837 -10.4564 -4.33432 0.10081 11.31913 1.8824 0.3152 0.0 11.2454 0.114483333333 2.1535e-13 0.0115313036636
13.25645 -0.30085 8.28657 1.91055 4.61787 -0.06961 4.99749 5.8466 1.8061 0.0 21.5677 0.186435 3.3909e-13 0.0181571848586
10.96016 0.94111 42.90089 7.45993 -0.47241 0.18002 7.47487 6.0274 0.3633 0.0 23.6705 0.247481666667 3.3512e-13 0.0179446040573
11.61892 -0.29617 -50.37386 -8.94903 -1.08984 -0.06006 9.01515 3.7329 0.8569 0.0 14.8658 0.146613333333 1.2585e-13 0.00673886494573
14.86464 0.17578 45.13459 10.5355 1.98612 0.0456 10.72107 24.8499 0.5549 0.0 17.4612 0.134608333333 6.0013e-15 0.000321350418743
19.03995 0.29975 51.33152 14.8657 3.39625 0.09961 15.24872 7.4165 0.1376 0.0 14.1309 0.0850466666667 2.6206e-14 0.00140324747531
13.73917 1.1898 0.58526 0.14031 5.23549 0.28529 5.23737 10.7088 0.3841 0.0 34.3418 0.286428333333 2.4429e-13 0.0130809480937
8.87707 -0.5461 18.79675 2.86017 -0.09675 -0.08461 2.86181 5.3734 0.5745 0.0 21.5677 0.278411666667 5.2463e-13 0.0280922583749
12.62925 -0.07623 36.77228 7.56032 1.61629 -0.0168 7.73116 1.9998 2.1281 0.0 4.8175 0.0437116666667 1.6003e-13 0.00856909461475
9.90849 0.08682 16.63116 2.8359 0.99398 0.01502 3.00505 7.4953 1.8175 0.0 25.9783 0.30044 7.4528e-13 0.0399073600855
5.53765 2.29986 -15.88011 -1.51402 -3.17798 0.22222 3.5202 30.614 0.2671 0.0 21.9686 0.454601666667 1.585e-14 0.000848716800873
13.2199 -0.14044 -11.40119 -2.61327 4.45899 -0.0324 5.16834 9.0077 3.3173 0.0 31.291 0.271233333333 2.5046e-13 0.0134113318578
5.99327 0.981 21.199 2.1669 -2.91311 0.10261 3.63066 10.9509 0.6313 0.0 12.2385 0.234 1.1739e-13 0.00628585900659
10.08523 2.86737 7.40088 1.29746 1.48869 0.5045 1.97474 30.8896 0.0495 0.0 30.8451 0.350471666667 2.1419e-16 1.14691893741e-05
19.3963 -0.08863 -22.60493 -7.45544 9.4062 -0.03 12.00251 15.9605 0.4148 0.0 15.4869 0.091495 5.6558e-15 0.000302849998888
22.11831 0.14456 12.99596 4.974 13.0517 0.05581 13.96737 1.1138 0.232 0.0 12.3418 0.0639416666667 2.717e-13 0.0145486659178
8.82504 -0.92725 43.05663 6.02425 -2.05257 -0.14281 6.36432 3.3864 0.4886 0.0 19.6516 0.255173333333 9.8683e-13 0.0528415899436
16.98195 -1.36793 -24.32857 -6.99404 6.96951 -0.40541 9.87374 38.7937 0.1302 0.0 27.8818 0.188141666667 1.6593e-16 8.88502074251e-06
9.27435 1.07609 -0.02869 -0.00464 0.77271 0.17417 0.77273 1.7791 0.0165 0.0 6.435 0.07951 2.8596e-13 0.0153122433046
8.71989 1.77455 -58.50389 -7.43167 -3.94656 0.27003 8.41457 8.2912 0.252 0.0 34.3418 0.4513 1.0094e-12 0.0540501412493
14.86451 -0.29143 -0.02544 -0.0066 6.36432 -0.07561 6.36432 8.4864 1.4418 0.0 31.291 0.241225 3.4468e-13 0.0184565114779
10.16102 0.28422 20.60556 3.57595 1.01086 0.0504 3.71608 9.9755 1.921 0.0 31.291 0.352886666667 6.8893e-13 0.0368899978313
22.96665 0.05988 34.75118 13.0913 10.3702 0.024 16.70099 26.82 0.1316 0.0 23.9888 0.119691666667 2.0162e-15 0.000107961060815
1.75333 1.84355 -165.89607 -0.42703 -10.1996 0.05641 10.20854 34.3864 0.5982 0.0 19.5964 1.28074666667 2.4568e-13 0.0131553781475
12.95613 -0.94474 -23.66402 -5.19953 3.3651 -0.21362 6.19347 5.011 0.393 0.0 19.6516 0.17381 1.5271e-13 0.00817713202911
2.98315 0.85288 -102.77837 -2.90894 -9.15974 0.0444 9.61056 20.306 0.8189 0.0 14.8987 0.572305 3.0964e-13 0.0165802315598
7.99413 0.08171 -58.51131 -6.81693 -4.32443 0.0114 8.07287 14.3469 1.9053 0.0 10.9497 0.156958333333 1.5188e-13 0.00813268818401
13.46857 0.5616 -2.90707 -0.68304 4.95059 0.13201 4.99749 3.8855 0.5415 0.0 14.8658 0.126478333333 5.1107e-14 0.0027366163749
11.49236 -0.92446 18.09947 3.56984 2.42228 -0.18542 4.31407 10.7204 0.3637 0.0 34.3418 0.342426666667 3.4166e-13 0.0182948001379
9.45057 2.09418 0.12151 0.02003 0.94423 0.34535 0.94444 6.9847 0.0125 0.0 21.5677 0.261516666667 1.2519e-17 6.70352405686e-07
