sky_model/snrs/ctadc_skymodel_gps_sources_snr_2_summary_all.ecsv
# %ECSV 0.9
# ---
# datatype:
# - {name: file, datatype: string}
# - {name: name, datatype: string}
# - {name: spatial_type, datatype: string}
# - {name: ra, datatype: float64}
# - {name: dec, datatype: float64}
# - {name: GLON, datatype: float64}
# - {name: GLAT, datatype: float64}
# - {name: size, datatype: float64}
# - {name: spectral_type, datatype: string}
# - {name: flux_1_10, datatype: float64}
# - {name: distance, unit: kpc, datatype: float64, description: distance}
# - {name: galactocentric_x, unit: kpc, datatype: float64, description: galactocentric_x}
# - {name: galactocentric_y, unit: kpc, datatype: float64, description: galactocentric_x}
# - {name: galactocentric_z, unit: kpc, datatype: float64, description: galactocentric_x}
# - {name: galactocentric_r, unit: kpc, datatype: float64, description: galactocentric_x}
# - {name: age, unit: kyr, datatype: float64, description: age}
# - {name: n0, unit: 1 / cm3, datatype: float64, description: n0 column density}
# - {name: int_flux_above_1TeV_cu, unit: '%', datatype: float64, description: integral
#     flux in crab unit}
# - {name: skip, datatype: int64, description: skip because already known}
# - {name: size_physical, unit: pc, datatype: float64, description: intrinsic physical
#     size}
# - {name: sigma, unit: deg, datatype: float64, description: angular size}
# meta: !!omap
# - {tag: snr}
# - {filename: snrs/ctadc_skymodel_gps_sources_snr_2.xml}
file name spatial_type ra dec GLON GLAT size spectral_type flux_1_10 distance galactocentric_x galactocentric_y galactocentric_z galactocentric_r age n0 int_flux_above_1TeV_cu skip size_physical sigma
[from data line 723]
snr snr_835 RadialShell 351.027510333 63.8229684631 113.479966115 2.56542207371 2.34368 NodeFunction 7.68163207714e-19 3.22037 2.95076 -9.7818 0.14414 10.21717 35.0058 0.2857 4.11326826624e-06 0 131.779830083 2.34368333333
snr snr_836 RadialShell 237.211774129 -54.2242835864 327.054236218 0.120187030218 0.30424 NodeFunction 8.61476100531e-14 4.29454 -2.33556 -4.89609 0.00901 5.42462 22.5841 3.8731 0.461292895944 0 22.8131019474 0.304245
snr snr_837 RadialShell 269.960586295 -27.658581669 2.69257625696 -2.04577283561 0.23693 NodeFunction 5.36753240326e-15 10.43122 0.48971 1.91306 -0.37237 1.97475 6.437 0.0618 0.0287414191159 0 43.1518479473 0.23693
snr snr_838 RadialShell 293.730726224 20.4312959774 55.9655262105 0.10782921952 0.56102 NodeFunction 4.33706634942e-19 11.16915 9.25587 -2.24873 0.02102 9.52512 31.2671 1.0011 2.32236030111e-06 0 109.405744622 0.561016666667
snr snr_839 RadialShell 291.486023798 19.1846941749 53.8578061465 1.36170911134 2.0537 NodeFunction 3.27033835134e-17 2.78007 2.24443 -6.8608 0.06607 7.21859 25.4831 1.4119 0.000175116157938 0 99.6866435921 2.0537
snr snr_840 RadialShell 242.263983255 -52.4162564808 330.521936212 -0.465713008165 0.62816 NodeFunction 2.23740595227e-19 9.97537 -4.90862 0.18371 -0.08108 4.91206 29.9552 1.4049 1.19805931991e-06 0 109.406021633 0.628156666667
snr snr_841 RadialShell 242.936671275 -50.6452360353 332.031926221 0.549936978556 0.70186 NodeFunction 1.81216404035e-17 8.13476 -3.81486 -1.31564 0.07808 4.03535 23.684 1.2649 9.70355878223e-05 0 99.6865077673 0.701855
snr snr_842 RadialShell 277.253757646 1.86539074446 32.0364359722 5.83896808779 0.19848 NodeFunction 5.90626748235e-15 9.564 5.04698 -0.43456 0.97297 5.06565 12.5335 0.181 0.0316261731402 0 33.1436670912 0.19848
snr snr_843 RadialShell 283.930731151 1.39497754656 34.6619062298 -0.317041800943 0.1528 NodeFunction 1.50502868156e-15 13.02496 7.40761 2.21316 -0.07207 7.73116 34.4052 1.0963 0.00805894717877 0 34.7487554581 0.152798333333
snr snr_844 RadialShell 266.5180565 -24.1737991696 4.12103616555 2.39110719373 0.3384 NodeFunction 5.85007319382e-17 10.36495 0.74421 1.82915 0.43243 1.97475 32.1748 0.0559 0.000313252706999 0 61.2406323168 0.338398333333
snr snr_845 RadialShell 269.517859778 -24.0675098833 5.60784621416 0.0894272261323 0.11673 NodeFunction 2.72118484669e-16 23.08652 2.25599 14.476 0.03604 14.65074 32.4202 0.213 0.00145710744332 0 47.0527703138 0.11673
snr snr_846 RadialShell 240.424868858 -52.3836991377 329.706996219 0.306326999868 0.13662 NodeFunction 2.94502731243e-16 19.09737 -9.633 7.98952 0.1021 12.51508 32.1842 0.2469 0.00157696792372 0 45.5562509573 0.136625
snr snr_847 RadialShell 279.193549328 -11.4179778337 21.1090762844 -1.97653232963 0.62922 NodeFunction 9.11145250152e-13 1.39309 0.50142 -7.20116 -0.04805 7.2186 5.8502 1.879 4.87889136807 0 15.304698629 0.629218333333
snr snr_848 RadialShell 261.282571079 -37.623689103 350.380446226 -1.09656301387 0.98161 NodeFunction 1.16447614177e-18 7.68895 -1.28463 -0.92055 -0.14715 1.58041 28.4137 0.0639 6.23539726016e-06 0 131.779779161 0.981606666667
snr snr_849 RadialShell 258.758542256 -38.0451717619 348.894366214 0.297336973889 0.56992 NodeFunction 3.0606200655e-19 10.99462 -2.11774 2.28859 0.05706 3.11809 28.0281 1.2118 1.63886414554e-06 0 109.405939766 0.569923333333
snr snr_850 RadialShell 263.866261689 -28.2936485522 359.363126178 2.23024710286 0.12616 NodeFunction 3.0498721337e-15 12.88701 -0.14314 4.37645 0.5015 4.37879 10.8101 0.2923 0.0163310897185 0 28.3865326587 0.126158333333
snr snr_851 RadialShell 256.59057152 -41.1101629801 345.435716217 -0.173863046692 0.06156 NodeFunction 1.12736991561e-14 15.83437 -3.98179 6.82548 -0.04805 7.90201 1.173 1.4929 0.0603670528818 0 17.0198370285 0.0615616666667
snr snr_854 RadialShell 264.648772618 -26.1436914118 1.55331616319 2.79483714224 0.60335 NodeFunction 5.83515906951e-18 8.62227 0.23345 0.10885 0.42042 0.25758 25.1694 0.0018 3.12454103348e-05 0 90.8307238985 0.603346666667
snr snr_855 RadialShell 310.632700085 41.3670011689 81.3211562457 -0.566459439636 0.24493 NodeFunction 6.47145232723e-16 11.23883 11.1096 -6.80419 -0.11111 13.02767 34.0025 0.2108 0.00346525571998 0 48.0632610929 0.244933333333
snr snr_856 RadialShell 268.261581349 -25.4162734642 3.8678562079 0.394927188405 0.36183 NodeFunction 4.46133673401e-16 14.37741 0.96981 5.84432 0.0991 5.92424 19.6571 0.9441 0.00238890311704 0 90.8308691901 0.361833333333
snr snr_857 RadialShell 286.042076213 0.80909559969 35.1048363229 -2.46257178179 0.72265 NodeFunction 6.3260768232e-15 7.19881 4.13603 -2.61608 -0.30931 4.89394 17.1226 0.3709 0.0338741178767 0 90.8305525265 0.722648333333
snr snr_858 RadialShell 262.518255355 -52.3035453059 338.521956195 -9.88260305452 0.39079 NodeFunction 4.09350707515e-14 3.97181 -1.43268 -4.85884 -0.68168 5.06566 3.5806 0.2628 0.219194210042 0 27.1006589374 0.390793333333
snr snr_859 RadialShell 276.185169976 -12.5904623584 18.7073562132 0.0891575894661 0.11071 NodeFunction 3.52419448152e-16 21.22665 6.80811 11.6052 0.03303 13.45478 26.6629 0.2856 0.00188709341704 0 41.0298068884 0.110706666667
snr snr_860 RadialShell 246.175368238 -49.0260984719 334.657416218 0.249806960472 1.25885 NodeFunction 5.39706927064e-17 4.13251 -1.76882 -4.76522 0.01802 5.08292 25.2194 3.745 0.000288995795929 0 90.8307105838 1.25885166667
snr snr_861 RadialShell 223.292219507 -56.9811162279 318.964946257 2.05237716172 0.43472 NodeFunction 8.27551615588e-14 2.85097 -1.87052 -6.35087 0.1021 6.6206 9.1679 0.8195 0.443127419394 0 21.6396303513 0.434723333333
snr snr_862 RadialShell 248.810966848 -47.7588899091 336.780886216 -0.148523049486 0.14184 NodeFunction 4.00230908507e-14 6.95117 -2.74048 -2.11187 -0.01802 3.4598 8.9038 2.439 0.214310849387 0 17.2147560159 0.14184
snr snr_863 RadialShell 279.499081245 -6.91920350258 25.2455462229 -0.1801521808 0.02687 NodeFunction 1.01524188378e-14 15.28182 6.51764 5.32216 -0.04805 8.41457 0.7788 1.2366 0.0543629554394 0 7.1690242084 0.0268683333333
snr snr_864 RadialShell 262.521706173 -33.1966108452 354.621526209 0.525957032159 0.20246 NodeFunction 2.17012931721e-14 11.12265 -1.04253 2.57321 0.1021 2.77638 5.1063 0.375 0.116203483381 0 39.3183530829 0.202461666667
snr snr_865 RadialShell 86.8191613529 35.4160043332 174.637616263 3.65988296763 1.25083 NodeFunction 6.02591561122e-13 1.97586 0.18428 -10.4632 0.12613 10.46482 5.8776 0.3079 3.22668505986 0 43.151893263 1.25083333333
snr snr_866 RadialShell 268.843219341 -26.0973279819 3.54571622447 -0.401612818295 0.28238 NodeFunction 9.47681858231e-16 18.42255 1.13931 9.88683 -0.12913 9.95226 14.9529 0.3287 0.00507453321743 0 90.8307800132 0.282383333333
snr snr_867 RadialShell 299.643977606 29.6248040284 66.60143621 0.114139778428 0.1137 NodeFunction 2.55889919961e-14 7.53734 6.91749 -5.50674 0.01502 8.84171 4.7368 1.3674 0.137020867032 0 14.9635811159 0.113703333333
snr snr_869 RadialShell 298.137137608 26.1794717133 62.9646962441 -0.531680414513 0.00795 NodeFunction 2.95485354913e-14 9.06132 8.07081 -4.38145 -0.08408 9.18341 0.1438 0.5989 0.158222955916 0 1.25777464524 0.00795
snr snr_870 RadialShell 276.257471936 -7.70075532671 23.0656361331 2.30960773929 0.29229 NodeFunction 4.20200650929e-14 11.1776 4.37566 1.77567 0.45045 4.72222 8.062 0.3258 0.225004007685 0 57.0442288282 0.292293333333
snr snr_872 RadialShell 284.885340311 0.102433479469 33.9471862911 -1.75618183161 0.02177 NodeFunction 7.02386903582e-14 4.80146 2.68001 -4.51881 -0.14715 5.25377 0.2017 0.4789 0.376105719737 0 1.82505511213 0.02177
snr snr_873 RadialShell 223.340209672 -59.0809348211 318.03990622 0.167017180424 0.54573 NodeFunction 2.45726284117e-14 7.21106 -4.82139 -3.1378 0.02102 5.75253 13.2682 3.5406 0.13157856514 0 68.7099845287 0.545728333333
snr snr_874 RadialShell 279.902153524 -7.70339077963 24.7319462493 -0.895012199913 0.33105 NodeFunction 4.75940113339e-15 6.15205 2.57354 -2.91293 -0.0961 3.88694 31.2589 0.8056 0.0254850706877 0 35.559488198 0.331048333333
snr snr_875 RadialShell 243.292742548 -47.0698318734 334.652146233 2.9954169605 0.78703 NodeFunction 5.81494304663e-15 3.10321 -1.32671 -5.69938 0.16216 5.85176 36.6186 0.4457 0.0311371599987 0 42.6428961356 0.78703
snr snr_876 RadialShell 109.80773929 -12.2859055702 227.012556239 0.468111230928 1.03943 NodeFunction 1.15468607248e-18 6.61616 -4.83958 -13.011 0.05405 13.88192 26.0929 0.2384 6.18297457065e-06 0 120.072841866 1.03942833333
snr snr_877 RadialShell 271.24996115 -21.1226253758 8.95809621219 0.157417305945 0.29748 NodeFunction 3.9409340869e-16 17.48742 2.72299 8.77405 0.04805 9.18687 17.3061 0.9248 0.00211024414554 0 90.8306912378 0.297483333333
snr snr_878 RadialShell 269.828118438 -32.888810341 358.083946288 -4.53621291818 0.03184 NodeFunction 2.02826537304e-14 6.91053 -0.23033 -1.61497 -0.54655 1.63131 0.4629 0.0264 0.108607122948 0 3.84154496857 0.0318383333333
snr snr_879 RadialShell 257.279200621 -40.4506352691 346.276186217 -0.19590304271 0.00785 NodeFunction 1.05486057592e-14 19.32266 -4.58412 10.2709 -0.06607 11.24747 0.1758 0.4132 0.0564844096758 0 2.64782081285 0.00784833333333
snr snr_880 RadialShell 261.889449703 -29.3772781138 357.507036169 3.08769707279 0.51868 NodeFunction 5.98753344585e-15 6.91313 -0.30026 -1.60344 0.37237 1.63131 9.9515 0.0377 0.0320613263803 0 62.6061604342 0.518678333333
snr snr_881 RadialShell 283.496295629 1.0951125457 34.196926219 -0.0673218209294 0.44677 NodeFunction 1.60032721042e-18 12.77945 7.18254 2.07001 -0.01502 7.47488 27.73 2.3597 8.56924031784e-06 0 99.6866875797 0.446766666667
snr snr_884 RadialShell 114.043463161 -22.8305466605 238.203116163 -1.02143933551 0.01621 NodeFunction 2.93744684341e-14 7.0752 -6.01241 -12.2274 -0.12613 13.62565 0.2198 0.1706 0.157290882503 0 2.00288157696 0.0162133333333
snr snr_886 RadialShell 241.016825644 -52.4503464784 329.934266216 0.0179869975668 0.12923 NodeFunction 2.40567442367e-14 19.12463 -9.58131 8.05143 0.00601 12.51507 3.7531 0.3849 0.128816170397 0 43.1519698234 0.12923
snr snr_887 RadialShell 110.430219109 -19.9201885785 234.036836084 -2.58595912049 2.24152 NodeFunction 7.76435195528e-17 2.79545 -2.26032 -10.14 -0.12613 10.38887 20.8764 0.312 0.000415756211504 0 109.405193991 2.24151666667
snr snr_888 RadialShell 289.082725025 11.7853070489 46.2386362197 -0.0751112686107 0.18525 NodeFunction 7.77560873982e-15 9.1635 6.61812 -2.16201 -0.01201 6.96231 37.1632 2.8374 0.0416358976309 0 29.6390200275 0.18525
snr snr_889 RadialShell 261.012250104 -35.0408799038 352.39376621 0.535987005932 0.52755 NodeFunction 3.45130460054e-18 11.87766 -1.57211 3.27263 0.11111 3.63065 26.005 0.5335 1.84806321729e-05 0 109.406090726 0.527553333333
snr snr_890 RadialShell 162.591871865 -59.7140187918 288.205736201 -0.349511858548 0.63498 NodeFunction 1.43511472608e-19 10.83024 -10.2879 -5.11637 -0.06607 11.48991 30.9053 0.3892 7.68458031044e-07 0 120.072171984 0.63498
snr snr_891 RadialShell 263.729249839 -33.3883082504 355.012156222 -0.424282962778 0.36724 NodeFunction 2.19758232146e-14 11.76059 -1.02249 3.21573 -0.08709 3.37437 12.2413 0.7744 0.117673503945 0 75.4093676233 0.367241666667
snr snr_892 RadialShell 262.628697017 -29.0624024879 358.126326173 2.72318708248 0.05124 NodeFunction 2.15420680435e-14 9.03856 -0.29519 0.52352 0.42943 0.60101 1.0198 0.0047 0.115350883748 0 8.08582527523 0.0512366666667
snr snr_893 RadialShell 268.851403656 -28.7743829592 1.23679624899 -1.7572328637 0.20457 NodeFunction 4.54646596387e-16 12.53509 0.27043 4.02628 -0.38438 4.03535 33.7526 0.2964 0.00243448709661 0 44.7720071461 0.204566666667
snr snr_894 RadialShell 286.197187732 5.27442848604 39.1465862413 -0.554621602286 0.15875 NodeFunction 4.85580120973e-16 16.75271 10.5756 4.49168 -0.16216 11.48993 31.1399 0.2099 0.00260012622612 0 46.4337677525 0.158746666667
snr snr_895 RadialShell 252.038525388 -39.8412343364 344.269676205 3.32438694886 0.14169 NodeFunction 2.28114428245e-15 14.03395 -3.79834 4.98562 0.81381 6.26768 14.8704 0.2029 0.0122147979668 0 34.7186927562 0.14169
snr snr_897 RadialShell 275.693695746 -14.7019248041 16.6181362311 -0.477932477463 0.22621 NodeFunction 2.98405472904e-15 8.28032 2.36802 -0.56581 -0.06907 2.43468 20.4374 0.5212 0.0159786585695 0 32.7039311712 0.226208333333
snr snr_898 RadialShell 195.054637445 -60.293257195 304.020646298 2.55992755045 0.17016 NodeFunction 1.03407494308e-14 8.87501 -7.34859 -3.53946 0.3964 8.15656 7.6997 0.2117 0.0553714055239 0 26.3673396471 0.170158333333
snr snr_899 RadialShell 69.0222385744 46.950163694 157.474526217 -0.291236948167 2.65162 NodeFunction 9.20454087135e-18 2.36311 0.90528 -10.6828 -0.01201 10.72109 28.4562 0.6545 4.92873721252e-05 0 109.405440096 2.65161666667
snr snr_900 RadialShell 122.916573409 -33.9990339739 251.78402621 -0.110520054731 0.80502 NodeFunction 2.6283165331e-17 7.78377 -7.39367 -10.9332 -0.01502 13.19853 21.73 0.3189 0.000140737943196 0 109.406167081 0.805021666667
snr snr_901 RadialShell 246.32373474 -49.2362440589 334.575216216 0.0334069609419 0.21149 NodeFunction 4.62963794053e-14 15.44803 -6.63224 5.45188 0.00901 8.58543 7.1584 1.5538 0.247902302971 0 57.044532553 0.211493333333
snr snr_903 RadialShell 296.975191509 26.0185428243 62.295206201 0.284719550126 0.18999 NodeFunction 4.53034989335e-15 9.06463 8.02531 -4.28576 0.04505 9.09799 22.762 0.9865 0.0242585745635 0 30.0688933161 0.189986666667
snr snr_904 RadialShell 199.842807512 -61.6317266679 306.244166248 1.06024748136 0.12106 NodeFunction 1.84807998847e-14 12.82096 -10.3384 -0.92119 0.23724 10.37936 2.544 0.1876 0.0989587719604 0 27.1005067712 0.121063333333
snr snr_905 RadialShell 220.546237145 -58.6017934302 316.943826243 1.22428720352 0.0405 NodeFunction 2.48362695221e-14 13.77379 -9.40143 1.562 0.29429 9.53031 0.8352 0.1884 0.132990278955 0 9.73945930541 0.0404983333333
snr snr_906 RadialShell 251.991106665 -45.6693863383 339.789416216 -0.406023056421 0.07151 NodeFunction 6.39207060088e-15 13.13712 -4.53839 3.82795 -0.09309 5.93719 5.2603 1.0663 0.0342274934469 0 16.4021606878 0.0715083333333
snr snr_907 RadialShell 275.71356004 -15.8824679648 15.5844462481 -1.04866250936 0.83433 NodeFunction 8.96183735894e-15 6.23521 1.67486 -2.49503 -0.11411 3.00505 15.2397 0.3569 0.0479877724494 0 90.8306279328 0.834328333333
snr snr_908 RadialShell 306.108795211 37.3219080717 75.9895062249 -0.167009721285 0.46183 NodeFunction 4.19406510472e-16 12.36252 11.9947 -5.50705 -0.03604 13.1985 20.1694 0.3004 0.00224578770873 0 99.6865398972 0.461833333333
snr snr_909 RadialShell 269.835436773 -24.1031671594 5.72165622021 -0.17960277131 0.03245 NodeFunction 5.59323458054e-15 18.20237 1.81469 9.6116 -0.05706 9.78141 1.3905 0.6826 0.0299499820803 0 10.3146332544 0.032455
snr snr_910 RadialShell 246.609018074 -50.0756440686 334.102686212 -0.684523036237 0.19245 NodeFunction 6.89471421272e-16 11.81416 -5.15958 2.127 -0.14114 5.58081 32.7033 0.5082 0.00369189892085 0 39.6980124984 0.192451666667
snr snr_911 RadialShell 294.720815553 17.3954679154 53.7728063279 -2.19162089299 0.26772 NodeFunction 1.88127713881e-15 8.40236 6.77306 -3.53793 -0.32132 7.64142 23.3886 0.273 0.0100736373174 0 39.2756731346 0.267718333333
snr snr_912 RadialShell 235.813149617 -57.058903374 324.689686192 -1.63123293736 0.2486 NodeFunction 4.02240922828e-16 10.54926 -6.09505 0.10506 -0.3003 6.09596 39.6957 0.3669 0.00215387147762 0 45.789960772 0.248601666667
snr snr_913 RadialShell 273.152205111 -17.6928664634 12.827496209 0.251337409567 0.12976 NodeFunction 3.20858591182e-16 17.7986 3.95154 8.85423 0.07808 9.69598 35.6522 0.5587 0.00171809512328 0 40.3262328443 0.129765
snr snr_914 RadialShell 273.190985733 -19.4223968331 11.3277862327 -0.610962632022 0.18367 NodeFunction 4.76630000329e-16 12.95477 2.54445 4.20168 -0.13814 4.91206 36.4022 0.5019 0.00255220119293 0 41.5439925152 0.183668333333
