sky_model/snrs/ctadc_skymodel_gps_sources_snr_1.ecsv
# %ECSV 0.9
# ---
# datatype:
# - {name: Simulation_number, unit: '', datatype: float64, format: '%i', description: Simulation
#     number}
# - {name: n0, unit: 1 / cm3, datatype: float64, format: '%0.4f', description: density}
# - {name: type, unit: '', datatype: float64, format: '%i', description: type of progenitor}
# - {name: age, unit: kyear, datatype: float64, format: '%0.4f', description: age of
#     the SNR}
# - {name: sigma, unit: arcmin, datatype: float64, format: '%0.4f', description: apparent
#     size of the SNR}
# - {name: size_physical, unit: pc, datatype: float64, format: '%0.4f', description: SNR
#     Radius}
# - {name: flux_1_10, unit: 1 / (cm2 s), datatype: float64, format: '%0.4e', description: Integral
#     flux from 1 to 10 TeV}
# - {name: '0.1', unit: 1 / (cm2 s TeV), datatype: float64, description: Differential
#     spectrum}
# - {name: '0.11514', unit: 1 / (cm2 s TeV), datatype: float64, description: Differential
#     spectrum}
# - {name: '0.132571', unit: 1 / (cm2 s TeV), datatype: float64, description: Differential
#     spectrum}
# - {name: '0.152642', unit: 1 / (cm2 s TeV), datatype: float64, description: Differential
#     spectrum}
# - {name: '0.175751', unit: 1 / (cm2 s TeV), datatype: float64, description: Differential
#     spectrum}
# - {name: '0.202359', unit: 1 / (cm2 s TeV), datatype: float64, description: Differential
#     spectrum}
# - {name: '0.232995', unit: 1 / (cm2 s TeV), datatype: float64, description: Differential
#     spectrum}
# - {name: '0.26827', unit: 1 / (cm2 s TeV), datatype: float64, description: Differential
#     spectrum}
# - {name: '0.308884', unit: 1 / (cm2 s TeV), datatype: float64, description: Differential
#     spectrum}
# - {name: '0.355648', unit: 1 / (cm2 s TeV), datatype: float64, description: Differential
#     spectrum}
# - {name: '0.409492', unit: 1 / (cm2 s TeV), datatype: float64, description: Differential
#     spectrum}
# - {name: '0.471487', unit: 1 / (cm2 s TeV), datatype: float64, description: Differential
#     spectrum}
# - {name: '0.542868', unit: 1 / (cm2 s TeV), datatype: float64, description: Differential
#     spectrum}
# - {name: '0.625055', unit: 1 / (cm2 s TeV), datatype: float64, description: Differential
#     spectrum}
# - {name: '0.719686', unit: 1 / (cm2 s TeV), datatype: float64, description: Differential
#     spectrum}
# - {name: '0.828643', unit: 1 / (cm2 s TeV), datatype: float64, description: Differential
#     spectrum}
# - {name: '0.954095', unit: 1 / (cm2 s TeV), datatype: float64, description: Differential
#     spectrum}
# - {name: '1.09854', unit: 1 / (cm2 s TeV), datatype: float64, description: Differential
#     spectrum}
# - {name: '1.26486', unit: 1 / (cm2 s TeV), datatype: float64, description: Differential
#     spectrum}
# - {name: '1.45635', unit: 1 / (cm2 s TeV), datatype: float64, description: Differential
#     spectrum}
# - {name: '1.67683', unit: 1 / (cm2 s TeV), datatype: float64, description: Differential
#     spectrum}
# - {name: '1.9307', unit: 1 / (cm2 s TeV), datatype: float64, description: Differential
#     spectrum}
# - {name: '2.223', unit: 1 / (cm2 s TeV), datatype: float64, description: Differential
#     spectrum}
# - {name: '2.55955', unit: 1 / (cm2 s TeV), datatype: float64, description: Differential
#     spectrum}
[...]
#     from Earth}
# - {name: glon, unit: deg, datatype: float64, format: '%.5f', description: Galactic
#     longitude}
# - {name: glat, unit: deg, datatype: float64, format: '%.5f', description: Galactic
#     latitude}
# - {name: skip, datatype: float64, format: '%.d', description: 'Skip boolean, 1 skip
#     0 keep'}
# meta: !!omap
# - simulation_parameters:
#   - {description: Spectral index, name: alpha, value: 4.1}
#   - {description: Electron to proton ratio, name: Kep, value: 0.01}
#   - {description: CR efficiency, name: xi, value: 0.1}
# - energy_array: [0.1, 0.11514, 0.132571, 0.152642, 0.175751, 0.202359, 0.232995, 0.26827,
#     0.308884, 0.355648, 0.409492, 0.471487, 0.542868, 0.625055, 0.719686, 0.828643,
#     0.954095, 1.09854, 1.26486, 1.45635, 1.67683, 1.9307, 2.223, 2.55955, 2.94705,
#     3.39322, 3.90694, 4.49843, 5.17947, 5.96362, 6.86649, 7.90604, 9.10298, 10.4811,
#     12.0679, 13.895, 15.9986, 18.4207, 21.2095, 24.4205, 28.1177, 32.3746, 37.2759,
#     42.9193, 49.4171, 56.8987, 65.5129, 75.4312, 86.8511, 100.0]
Simulation_number n0 type age sigma size_physical flux_1_10 0.1 0.11514 0.132571 0.152642 0.175751 0.202359 0.232995 0.26827 0.308884 0.355648 0.409492 0.471487 0.542868 0.625055 0.719686 0.828643 0.954095 1.09854 1.26486 1.45635 1.67683 1.9307 2.223 2.55955 2.94705 3.39322 3.90694 4.49843 5.17947 5.96362 6.86649 7.90604 9.10298 10.4811 12.0679 13.895 15.9986 18.4207 21.2095 24.4205 28.1177 32.3746 37.2759 42.9193 49.4171 56.8987 65.5129 75.4312 86.8511 100.0 galactocentric_x galactocentric_y galactocentric_z galactocentric_r distance glon glat skip
[from data line 161]
0 0.0822 2 5.6776 13.0371 19.6516 5.9189e-14 1.04046e-11 8.19777e-12 6.44746e-12 5.04796e-12 3.9428e-12 3.07242e-12 2.37756e-12 1.83275e-12 1.40709e-12 1.07359e-12 8.11738e-13 6.09709e-13 4.54614e-13 3.36143e-13 2.45605e-13 1.77313e-13 1.26641e-13 8.94197e-14 6.23813e-14 4.29791e-14 2.92368e-14 1.96311e-14 1.30031e-14 8.4873e-15 5.45044e-15 3.437e-15 2.12328e-15 1.28162e-15 7.53514e-16 4.29973e-16 2.37125e-16 1.25762e-16 6.37668e-17 3.06949e-17 1.3909e-17 5.87281e-18 2.282e-18 8.03723e-19 2.51861e-19 6.86707e-20 1.58792e-20 3.04139e-21 4.83274e-22 7.10138e-23 1.29727e-23 3.28683e-24 8.95505e-25 2.21175e-25 4.59841e-26 7.28143e-27 1.18318 1.79092 0.32733 2.14646 10.36388 6.55868 1.80990 0
0 0.4741 1 24.3024 39.2241 17.8578 1.2015e-13 2.91165e-10 2.08218e-10 1.47551e-10 1.03541e-10 7.18997e-11 4.93749e-11 3.35112e-11 2.24681e-11 1.48761e-11 9.72533e-12 6.27909e-12 4.00611e-12 2.52844e-12 1.58119e-12 9.81877e-13 6.06995e-13 3.74569e-13 2.31266e-13 1.43076e-13 8.87073e-14 5.50474e-14 3.41042e-14 2.10244e-14 1.28502e-14 7.75969e-15 4.61494e-15 2.69574e-15 1.54277e-15 8.62987e-16 4.70689e-16 2.49661e-16 1.28406e-16 6.38296e-17 3.05528e-17 1.40235e-17 6.14286e-18 2.55403e-18 1.00159e-18 3.67748e-19 1.25285e-19 3.91496e-20 1.10412e-20 2.73916e-21 5.70355e-22 9.02752e-23 8.48852e-24 2.05842e-25 1.68883e-187 1.0867e-228 5.69631e-285 2.16279 -10.76220 0.05701 10.97737 3.13025 136.28697 1.04348 0
0 0.4594 1 1.8901 6.7868 6.3372 3.2731e-13 1.04984e-10 8.05062e-11 6.15381e-11 4.68694e-11 3.55528e-11 2.68468e-11 2.01711e-11 1.50712e-11 1.1192e-11 8.25545e-12 6.04472e-12 4.3906e-12 3.16145e-12 2.25507e-12 1.59236e-12 1.11235e-12 7.68237e-13 5.24318e-13 3.5352e-13 2.35484e-13 1.55037e-13 1.00997e-13 6.52223e-14 4.18728e-14 2.68275e-14 1.7232e-14 1.11501e-14 7.29732e-15 4.84155e-15 3.25608e-15 2.21434e-15 1.51675e-15 1.04182e-15 7.14763e-16 4.88316e-16 3.31507e-16 2.23323e-16 1.49141e-16 9.8658e-17 6.45943e-17 4.18234e-17 2.67552e-17 1.68936e-17 1.05167e-17 6.44679e-18 3.88622e-18 2.30025e-18 1.33463e-18 7.57664e-19 4.19971e-19 3.02020 -2.83631 -0.13261 4.14322 6.42001 28.06906 -1.18360 0
0 3.0491 1 10.5011 26.9846 8.7947 3.8572e-12 1.48525e-09 1.08258e-09 7.87331e-10 5.71428e-10 4.13954e-10 2.99374e-10 2.1619e-10 1.55914e-10 1.12309e-10 8.08046e-11 5.80652e-11 4.16653e-11 2.98458e-11 2.13338e-11 1.52098e-11 1.08098e-11 7.65442e-12 5.39713e-12 3.78731e-12 2.64354e-12 1.83444e-12 1.26491e-12 8.6621e-13 5.88787e-13 3.97017e-13 2.65401e-13 1.75767e-13 1.15237e-13 7.4731e-14 4.78933e-14 3.03025e-14 1.89074e-14 1.16199e-14 7.02433e-15 4.17044e-15 2.42776e-15 1.38314e-15 7.6958e-16 4.1721e-16 2.19801e-16 1.12203e-16 5.53138e-17 2.6236e-17 1.19223e-17 5.16571e-18 2.12234e-18 8.21572e-19 2.97407e-19 9.97539e-20 3.06329e-20 1.29009 -6.66780 0.00300 6.79146 2.24083 35.15017 0.07671 0
0 0.6558 1 6.5216 31.9978 9.8494 1.4530e-12 9.48631e-10 7.05624e-10 5.2199e-10 3.83828e-10 2.80393e-10 2.03387e-10 1.46411e-10 1.04546e-10 7.40162e-11 5.1936e-11 3.61094e-11 2.48737e-11 1.69778e-11 1.14877e-11 7.71135e-12 5.14171e-12 3.41109e-12 2.25633e-12 1.49168e-12 9.8802e-13 6.57021e-13 4.39241e-13 2.95308e-13 1.99499e-13 1.35185e-13 9.16643e-14 6.20347e-14 4.18004e-14 2.79862e-14 1.85869e-14 1.22292e-14 7.96233e-15 5.12505e-15 3.25784e-15 2.043e-15 1.2624e-15 7.67633e-16 4.58674e-16 2.68875e-16 1.54353e-16 8.66017e-17 4.73823e-17 2.52171e-17 1.3018e-17 6.49825e-18 3.12538e-18 1.44251e-18 6.36015e-19 2.66493e-19 1.05481e-19 -1.36476 -10.11690 0.04560 10.20854 2.11637 -139.83364 1.23473 0
0 0.2353 1 35.3144 16.3523 23.8615 3.0883e-15 2.49799e-11 1.78308e-11 1.25938e-11 8.79403e-12 6.06254e-12 4.12209e-12 2.76147e-12 1.81998e-12 1.17789e-12 7.47862e-13 4.65262e-13 2.83079e-13 1.6798e-13 9.71897e-14 5.47856e-14 3.00836e-14 1.61021e-14 8.41558e-15 4.30178e-15 2.17143e-15 1.09176e-15 5.51072e-16 2.80344e-16 1.4344e-16 7.32647e-17 3.69758e-17 1.82504e-17 8.73118e-18 4.01877e-18 1.7682e-18 7.39109e-19 2.91599e-19 1.07779e-19 3.69893e-20 1.1654e-20 3.31792e-21 8.32584e-22 1.75989e-22 2.84818e-23 2.78355e-24 7.41065e-26 9.95084e-34 8.84353e-71 7.42097e-82 1.19746e-96 6.10027e-117 2.15208e-144 4.4953e-180 1.5765e-218 3.8235e-271 6.54634 -0.92314 -0.62763 6.61111 10.03281 40.82674 -3.58663 0
0 2.9663 2 2.1719 4.9330 9.3361 6.1757e-14 3.72682e-12 2.97213e-12 2.3687e-12 1.88588e-12 1.5e-12 1.19195e-12 9.45667e-13 7.49327e-13 5.92928e-13 4.6811e-13 3.68891e-13 2.90146e-13 2.27514e-13 1.77864e-13 1.38633e-13 1.07704e-13 8.329e-14 6.4069e-14 4.90286e-14 3.72999e-14 2.81886e-14 2.11409e-14 1.57166e-14 1.15621e-14 8.40205e-15 6.02814e-15 4.26378e-15 2.96885e-15 2.03225e-15 1.36524e-15 8.99671e-16 5.81499e-16 3.68322e-16 2.28261e-16 1.38059e-16 8.1214e-17 4.62688e-17 2.53991e-17 1.33526e-17 6.67303e-18 3.14226e-18 1.37952e-18 5.57772e-19 2.0501e-19 6.7823e-20 2.03198e-20 5.83579e-21 1.86778e-21 7.70838e-22 3.85647e-22 2.87684 4.19044 0.04140 5.08291 13.01250 12.77270 0.18231 0
0 0.1968 1 38.6129 25.1543 25.6302 2.3708e-15 3.60663e-11 2.49336e-11 1.70121e-11 1.14407e-11 7.57556e-12 4.93381e-12 3.15532e-12 1.97936e-12 1.21673e-12 7.32354e-13 4.30773e-13 2.47679e-13 1.39267e-13 7.66981e-14 4.14836e-14 2.20798e-14 1.16362e-14 6.11438e-15 3.2217e-15 1.70699e-15 9.08169e-16 4.82476e-16 2.53879e-16 1.31175e-16 6.60299e-17 3.21685e-17 1.50818e-17 6.76868e-18 2.89208e-18 1.16939e-18 4.44376e-19 1.57401e-19 5.14388e-20 1.52989e-20 4.05741e-21 9.26515e-22 1.69905e-22 2.12906e-23 1.14304e-24 2.24293e-27 1.43881e-67 1.81804e-79 3.72285e-92 1.89524e-109 3.69895e-133 3.19192e-165 8.51207e-206 1.26203e-250 5.74832e-312 0.0 -5.80398 -12.42200 -0.09841 13.71103 7.00557 -124.04859 -0.80488 0
0 0.1754 1 37.5345 11.5296 25.9272 4.5438e-16 7.34795e-12 5.08374e-12 3.47077e-12 2.33553e-12 1.54735e-12 1.008e-12 6.4474e-13 4.04447e-13 2.48567e-13 1.49396e-13 8.7745e-14 5.03413e-14 2.82217e-14 1.54772e-14 8.30442e-15 4.38166e-15 2.28636e-15 1.18795e-15 6.18606e-16 3.24158e-16 1.70909e-16 9.02345e-17 4.73205e-17 2.44204e-17 1.22954e-17 5.99645e-18 2.8157e-18 1.26603e-18 5.42087e-19 2.19713e-19 8.3717e-20 2.97441e-20 9.75485e-21 2.91349e-21 7.76751e-22 1.78648e-22 3.31305e-23 4.24105e-24 2.40463e-25 6.49527e-28 9.31376e-68 1.50761e-79 3.90143e-92 3.31827e-109 1.27518e-132 2.69115e-164 1.04813e-204 5.76343e-249 1.49761e-309 0.0 -14.79790 -4.01986 0.04440 15.33418 15.46129 -73.15604 0.16455 0
0 0.0166 1 28.7856 31.4900 37.2625 4.1025e-17 5.70874e-12 3.48207e-12 2.07317e-12 1.20279e-12 6.78873e-13 3.72237e-13 1.98096e-13 1.02312e-13 5.13576e-14 2.51519e-14 1.21058e-14 5.79238e-15 2.79673e-15 1.38304e-15 7.0678e-16 3.72694e-16 2.00572e-16 1.08514e-16 5.81985e-17 3.0612e-17 1.56725e-17 7.76656e-18 3.70791e-18 1.69763e-18 7.41689e-19 3.07492e-19 1.20192e-19 4.39583e-20 1.4904e-20 4.62875e-21 1.29468e-21 3.17335e-22 6.47562e-23 9.84052e-24 8.32819e-25 1.32202e-26 7.07585e-71 5.08262e-81 2.78981e-95 8.21909e-112 6.93348e-132 1.03806e-159 1.34065e-197 1.26418e-248 9.35822e-304 0.0 0.0 0.0 0.0 0.0 0.46700 -0.37832 -0.11111 0.60101 8.13586 3.29090 -0.78251 0
0 0.1001 1 16.5673 20.9237 20.8600 8.8974e-14 8.1661e-11 6.19438e-11 4.67254e-11 3.50295e-11 2.60837e-11 1.9278e-11 1.41317e-11 1.02661e-11 7.38425e-12 5.25386e-12 3.69356e-12 2.56261e-12 1.75238e-12 1.17939e-12 7.79926e-13 5.05857e-13 3.21168e-13 1.99169e-13 1.20354e-13 7.06822e-14 4.02129e-14 2.20964e-14 1.16888e-14 5.93401e-15 2.88354e-15 1.33974e-15 5.96388e-16 2.56401e-16 1.08309e-16 4.61792e-17 2.04384e-17 9.49765e-18 4.57294e-18 2.21706e-18 1.05549e-18 4.85494e-19 2.13667e-19 8.93505e-20 3.52711e-20 1.30476e-20 4.48354e-21 1.41529e-21 4.04101e-22 1.01875e-22 2.17128e-23 3.57549e-24 3.65583e-25 1.15263e-26 1.35161e-31 4.69909e-108 -1.27260 -1.76801 0.21422 2.17839 6.85457 -10.70474 1.79092 0
0 0.6031 2 7.4150 24.1218 25.9783 9.5507e-13 6.26949e-11 4.99973e-11 3.98303e-11 3.17075e-11 2.52049e-11 2.00114e-11 1.58716e-11 1.25596e-11 9.92204e-12 7.8258e-12 6.15487e-12 4.82646e-12 3.77483e-12 2.94401e-12 2.28479e-12 1.76473e-12 1.35664e-12 1.03739e-12 7.88476e-13 5.95066e-13 4.44502e-13 3.28996e-13 2.41019e-13 1.74572e-13 1.24881e-13 8.81494e-14 6.13533e-14 4.20883e-14 2.84499e-14 1.89447e-14 1.24203e-14 8.00767e-15 5.0678e-15 3.14021e-15 1.8993e-15 1.11724e-15 6.36418e-16 3.49244e-16 1.83479e-16 9.15796e-17 4.3023e-17 1.88043e-17 7.53699e-18 2.72048e-18 8.64326e-19 2.34863e-19 5.26647e-20 9.34532e-21 1.2712e-21 1.42861e-22 -2.73332 -1.61889 0.09309 3.17677 7.40469 -21.66401 0.72035 0
0 0.7926 1 37.2612 9.6648 19.1322 4.9876e-15 1.27365e-11 8.82856e-12 6.06659e-12 4.13215e-12 2.79013e-12 1.8681e-12 1.24083e-12 8.18233e-13 5.36157e-13 3.49441e-13 2.26772e-13 1.46671e-13 9.46032e-14 6.08576e-14 3.90258e-14 2.49227e-14 1.58261e-14 9.97376e-15 6.22479e-15 3.83907e-15 2.33473e-15 1.39722e-15 8.2118e-16 4.7303e-16 2.66502e-16 1.46517e-16 7.84088e-17 4.07294e-17 2.04713e-17 9.92038e-18 4.61635e-18 2.05334e-18 8.68435e-19 3.47136e-19 1.3022e-19 4.5456e-20 1.46083e-20 4.25993e-21 1.10249e-21 2.43558e-22 4.24321e-23 4.83148e-24 2.03404e-25 7.34525e-29 8.53399e-169 5.36602e-212 2.36401e-257 1.08947897761e-318 0.0 0.0 -10.01180 0.71997 0.02700 10.03765 13.61047 -47.35770 0.11367 0
0 0.2972 3 7.0323 17.7368 31.2910 6.8026e-13 3.84136e-11 3.06474e-11 2.44334e-11 1.9461e-11 1.54863e-11 1.231e-11 9.77296e-12 7.74913e-12 6.13465e-12 4.84846e-12 3.82534e-12 3.01148e-12 2.36523e-12 1.85316e-12 1.44796e-12 1.12733e-12 8.74644e-13 6.76e-13 5.20267e-13 3.98277e-13 3.03084e-13 2.29196e-13 1.72095e-13 1.28186e-13 9.46111e-14 6.91032e-14 4.98699e-14 3.54963e-14 2.48681e-14 1.71089e-14 1.15304e-14 7.59228e-15 4.87144e-15 3.03796e-15 1.83688e-15 1.074e-15 6.05716e-16 3.28422e-16 1.70139e-16 8.35469e-17 3.85055e-17 1.64541e-17 6.42012e-18 2.24374e-18 6.85426e-19 1.77427e-19 3.73964e-20 6.09532e-21 7.20632e-22 5.79621e-23 3.58342 3.07546 0.54354 4.72222 12.12962 17.20098 2.56836 0
0 0.2844 3 4.2125 15.0294 21.5677 6.8739e-13 3.35609e-11 2.68254e-11 2.14304e-11 1.71086e-11 1.36505e-11 1.08815e-11 8.66692e-12 6.89756e-12 5.48173e-12 4.35174e-12 3.45081e-12 2.73093e-12 2.15765e-12 1.70178e-12 1.33932e-12 1.05083e-12 8.22266e-13 6.41505e-13 4.98821e-13 3.8613e-13 2.97302e-13 2.27698e-13 1.73339e-13 1.31048e-13 9.82918e-14 7.30569e-14 5.37415e-14 3.90733e-14 2.80406e-14 1.98375e-14 1.38203e-14 9.47411e-15 6.38746e-15 4.23397e-15 2.75781e-15 1.76387e-15 1.10578e-15 6.77487e-16 4.04213e-16 2.33842e-16 1.30487e-16 6.97879e-17 3.54945e-17 1.70018e-17 7.57741e-18 3.09484e-18 1.13632e-18 3.66029e-19 1.00302e-19 2.25287e-20 -4.11829 0.45375 -0.46745 4.14321 9.86653 -24.70014 -2.71552 0
0 2.1880 2 8.0928 18.8879 25.9783 8.0530e-13 5.62672e-11 4.47894e-11 3.5612e-11 2.82842e-11 2.24347e-11 1.7768e-11 1.40512e-11 1.10902e-11 8.7354e-12 6.86654e-12 5.38289e-12 4.20764e-12 3.27937e-12 2.54759e-12 1.97012e-12 1.51708e-12 1.16277e-12 8.86632e-13 6.71751e-13 5.05072e-13 3.76805e-13 2.78651e-13 2.0402e-13 1.47687e-13 1.05526e-13 7.42851e-14 5.14105e-14 3.4899e-14 2.31818e-14 1.50322e-14 9.4944e-15 5.8288e-15 3.47127e-15 2.00082e-15 1.11269e-15 5.94389e-16 3.03088e-16 1.46369e-16 6.63035e-17 2.78425e-17 1.06819e-17 3.67775e-18 1.1118e-18 2.87702e-19 6.22045e-20 1.12448e-20 1.90402e-21 4.20687e-22 1.38495e-22 5.14004e-23 3.33006 0.35076 -0.02402 3.34848 9.45653 20.61858 -0.14556 0
0 0.1774 1 27.4938 13.6578 22.8295 5.8192e-15 2.28565e-11 1.67178e-11 1.21223e-11 8.70674e-12 6.18905e-12 4.34922e-12 3.01822e-12 2.0662e-12 1.3935e-12 9.24374e-13 6.02318e-13 3.84941e-13 2.4086e-13 1.47183e-13 8.77019e-14 5.08644e-14 2.86635e-14 1.56722e-14 8.30584e-15 4.25687e-15 2.11779e-15 1.02811e-15 4.91514e-16 2.34344e-16 1.12868e-16 5.53219e-17 2.75288e-17 1.37531e-17 6.79838e-18 3.2809e-18 1.52976e-18 6.83667e-19 2.90913e-19 1.17106e-19 4.42808e-20 1.5598e-20 5.06574e-21 1.49587e-21 3.93312e-22 8.88147e-23 1.60249e-23 1.95364e-24 9.87778e-26 1.42574e-28 5.55704e-75 2.45995e-88 1.25445e-106 2.3781e-131 2.83669e-163 4.96827e-198 0.38469 2.98033 -0.36637 3.00505 11.49261 1.91916 -1.82681 0
0 0.7770 1 7.8661 8.9707 10.2747 1.0241e-13 6.80825e-11 5.0213e-11 3.68196e-11 2.68297e-11 1.94189e-11 1.39547e-11 9.95249e-12 7.04247e-12 4.94321e-12 3.44157e-12 2.37697e-12 1.62918e-12 1.10888e-12 7.50233e-13 5.0523e-13 3.39216e-13 2.27486e-13 1.52662e-13 1.02683e-13 6.92986e-14 4.69411e-14 3.18979e-14 2.17169e-14 1.47866e-14 1.00478e-14 6.80008e-15 4.575e-15 3.05507e-15 2.02228e-15 1.32549e-15 8.59395e-16 5.50637e-16 3.48296e-16 2.17249e-16 1.33463e-16 8.0643e-17 4.78543e-17 2.78417e-17 1.58517e-17 8.81366e-18 4.77442e-18 2.51323e-18 1.28178e-18 6.3129e-19 2.99126e-19 1.35787e-19 5.87694e-20 2.41184e-20 9.32572e-21 3.37201e-21 5.29975 -2.67635 -0.10921 5.93719 7.87491 42.30342 -0.79462 0
0 0.1324 2 4.6299 8.6959 16.3151 2.9614e-14 5.14052e-12 4.02645e-12 3.14431e-12 2.45082e-12 1.89773e-12 1.46129e-12 1.12114e-12 8.56562e-13 6.47263e-13 4.86512e-13 3.63636e-13 2.70092e-13 1.99176e-13 1.45719e-13 1.06072e-13 7.68176e-14 5.53485e-14 3.96762e-14 2.82917e-14 2.00593e-14 1.4133e-14 9.88775e-15 6.86341e-15 4.72224e-15 3.21703e-15 2.16736e-15 1.44203e-15 9.46007e-16 6.10803e-16 3.87332e-16 2.40651e-16 1.46079e-16 8.6347e-17 4.95077e-17 2.74069e-17 1.45684e-17 7.38664e-18 3.54386e-18 1.59308e-18 6.62975e-19 2.51639e-19 8.55158e-20 2.54306e-20 6.43563e-21 1.34288e-21 2.25214e-22 3.11002e-23 4.35101e-24 8.66421e-25 2.18816e-25 10.19890 -0.61020 0.36937 10.21714 12.89973 52.27469 1.64082 0
0 0.1810 1 5.3362 4.4416 11.7003 3.2416e-14 1.26596e-11 9.74715e-12 7.47618e-12 5.71004e-12 4.34066e-12 3.28252e-12 2.46807e-12 1.84394e-12 1.36803e-12 1.00714e-12 7.35199e-13 5.31702e-13 3.80615e-13 2.69418e-13 1.88373e-13 1.29943e-13 8.83255e-14 5.9079e-14 3.88314e-14 2.50442e-14 1.58267e-14 9.7876e-15 5.91754e-15 3.49645e-15 2.02038e-15 1.14446e-15 6.38663e-16 3.53981e-16 1.97084e-16 1.11638e-16 6.49985e-17 3.90299e-17 2.40527e-17 1.50548e-17 9.46197e-18 5.91726e-18 3.65994e-18 2.23084e-18 1.33691e-18 7.86284e-19 4.53015e-19 2.55181e-19 1.40228e-19 7.49904e-20 3.89199e-20 1.9543e-20 9.46138e-21 4.39905e-21 1.95557e-21 8.26978e-22 -13.11850 3.98721 0.11281 13.71105 18.11182 -46.41230 0.35687 0
0 0.5387 1 34.6624 12.4824 20.0751 5.2812e-15 1.91447e-11 1.33673e-11 9.23756e-12 6.31452e-12 4.26725e-12 2.84982e-12 1.88045e-12 1.22582e-12 7.89679e-13 5.0306e-13 3.1726e-13 1.9831e-13 1.23096e-13 7.60307e-14 4.68184e-14 2.87844e-14 1.76773e-14 1.0837e-14 6.62291e-15 4.02475e-15 2.42448e-15 1.44286e-15 8.45508e-16 4.86358e-16 2.73844e-16 1.50515e-16 8.05377e-17 4.18314e-17 2.10234e-17 1.01869e-17 4.73988e-18 2.10804e-18 8.91451e-19 3.56283e-19 1.33629e-19 4.6637e-20 1.49846e-20 4.3685e-21 1.13021e-21 2.49565e-22 4.34458e-23 4.93953e-24 2.07099e-25 7.20915e-29 3.57344e-134 1.89258e-166 4.10939e-207 2.97552e-252 5.23884999981e-314 0.0 4.23724 1.71286 0.12781 4.57035 11.05771 22.53320 0.66228 0
0 0.6869 1 38.4918 14.9226 19.9451 8.2818e-15 2.64842e-11 1.83187e-11 1.25493e-11 8.51188e-12 5.71583e-12 3.80042e-12 2.5025e-12 1.63296e-12 1.05686e-12 6.7919e-13 4.33874e-13 2.75895e-13 1.74837e-13 1.10502e-13 6.96636e-14 4.37693e-14 2.73758e-14 1.70121e-14 1.0479e-14 6.38164e-15 3.83239e-15 2.26385e-15 1.31229e-15 7.44747e-16 4.12818e-16 2.22944e-16 1.16986e-16 5.94628e-17 2.91771e-17 1.37669e-17 6.21894e-18 2.67607e-18 1.09062e-18 4.18154e-19 1.49631e-19 4.94833e-20 1.49282e-20 4.0309e-21 9.43613e-22 1.80014e-22 2.43489e-23 1.59355e-24 9.3148e-27 1.0208e-130 3.6999e-161 4.18273e-202 2.12614e-246 2.69951e-304 0.0 0.0 -2.13383 0.43837 0.02640 2.17839 9.18958 -13.42675 0.16462 0
