sky_model/snrs/ctadc_skymodel_gps_sources_snr_1.ecsv
# %ECSV 0.9
# ---
# datatype:
# - {name: Simulation_number, unit: '', datatype: float64, format: '%i', description: Simulation
#     number}
# - {name: n0, unit: 1 / cm3, datatype: float64, format: '%0.4f', description: density}
# - {name: type, unit: '', datatype: float64, format: '%i', description: type of progenitor}
# - {name: age, unit: kyear, datatype: float64, format: '%0.4f', description: age of
#     the SNR}
# - {name: sigma, unit: arcmin, datatype: float64, format: '%0.4f', description: apparent
#     size of the SNR}
# - {name: size_physical, unit: pc, datatype: float64, format: '%0.4f', description: SNR
#     Radius}
# - {name: flux_1_10, unit: 1 / (cm2 s), datatype: float64, format: '%0.4e', description: Integral
#     flux from 1 to 10 TeV}
# - {name: '0.1', unit: 1 / (cm2 s TeV), datatype: float64, description: Differential
#     spectrum}
# - {name: '0.11514', unit: 1 / (cm2 s TeV), datatype: float64, description: Differential
#     spectrum}
# - {name: '0.132571', unit: 1 / (cm2 s TeV), datatype: float64, description: Differential
#     spectrum}
# - {name: '0.152642', unit: 1 / (cm2 s TeV), datatype: float64, description: Differential
#     spectrum}
# - {name: '0.175751', unit: 1 / (cm2 s TeV), datatype: float64, description: Differential
#     spectrum}
# - {name: '0.202359', unit: 1 / (cm2 s TeV), datatype: float64, description: Differential
#     spectrum}
# - {name: '0.232995', unit: 1 / (cm2 s TeV), datatype: float64, description: Differential
#     spectrum}
# - {name: '0.26827', unit: 1 / (cm2 s TeV), datatype: float64, description: Differential
#     spectrum}
# - {name: '0.308884', unit: 1 / (cm2 s TeV), datatype: float64, description: Differential
#     spectrum}
# - {name: '0.355648', unit: 1 / (cm2 s TeV), datatype: float64, description: Differential
#     spectrum}
# - {name: '0.409492', unit: 1 / (cm2 s TeV), datatype: float64, description: Differential
#     spectrum}
# - {name: '0.471487', unit: 1 / (cm2 s TeV), datatype: float64, description: Differential
#     spectrum}
# - {name: '0.542868', unit: 1 / (cm2 s TeV), datatype: float64, description: Differential
#     spectrum}
# - {name: '0.625055', unit: 1 / (cm2 s TeV), datatype: float64, description: Differential
#     spectrum}
# - {name: '0.719686', unit: 1 / (cm2 s TeV), datatype: float64, description: Differential
#     spectrum}
# - {name: '0.828643', unit: 1 / (cm2 s TeV), datatype: float64, description: Differential
#     spectrum}
# - {name: '0.954095', unit: 1 / (cm2 s TeV), datatype: float64, description: Differential
#     spectrum}
# - {name: '1.09854', unit: 1 / (cm2 s TeV), datatype: float64, description: Differential
#     spectrum}
# - {name: '1.26486', unit: 1 / (cm2 s TeV), datatype: float64, description: Differential
#     spectrum}
# - {name: '1.45635', unit: 1 / (cm2 s TeV), datatype: float64, description: Differential
#     spectrum}
# - {name: '1.67683', unit: 1 / (cm2 s TeV), datatype: float64, description: Differential
#     spectrum}
# - {name: '1.9307', unit: 1 / (cm2 s TeV), datatype: float64, description: Differential
#     spectrum}
# - {name: '2.223', unit: 1 / (cm2 s TeV), datatype: float64, description: Differential
#     spectrum}
# - {name: '2.55955', unit: 1 / (cm2 s TeV), datatype: float64, description: Differential
#     spectrum}
[...]
#     from Earth}
# - {name: glon, unit: deg, datatype: float64, format: '%.5f', description: Galactic
#     longitude}
# - {name: glat, unit: deg, datatype: float64, format: '%.5f', description: Galactic
#     latitude}
# - {name: skip, datatype: float64, format: '%.d', description: 'Skip boolean, 1 skip
#     0 keep'}
# meta: !!omap
# - simulation_parameters:
#   - {description: Spectral index, name: alpha, value: 4.1}
#   - {description: Electron to proton ratio, name: Kep, value: 0.01}
#   - {description: CR efficiency, name: xi, value: 0.1}
# - energy_array: [0.1, 0.11514, 0.132571, 0.152642, 0.175751, 0.202359, 0.232995, 0.26827,
#     0.308884, 0.355648, 0.409492, 0.471487, 0.542868, 0.625055, 0.719686, 0.828643,
#     0.954095, 1.09854, 1.26486, 1.45635, 1.67683, 1.9307, 2.223, 2.55955, 2.94705,
#     3.39322, 3.90694, 4.49843, 5.17947, 5.96362, 6.86649, 7.90604, 9.10298, 10.4811,
#     12.0679, 13.895, 15.9986, 18.4207, 21.2095, 24.4205, 28.1177, 32.3746, 37.2759,
#     42.9193, 49.4171, 56.8987, 65.5129, 75.4312, 86.8511, 100.0]
Simulation_number n0 type age sigma size_physical flux_1_10 0.1 0.11514 0.132571 0.152642 0.175751 0.202359 0.232995 0.26827 0.308884 0.355648 0.409492 0.471487 0.542868 0.625055 0.719686 0.828643 0.954095 1.09854 1.26486 1.45635 1.67683 1.9307 2.223 2.55955 2.94705 3.39322 3.90694 4.49843 5.17947 5.96362 6.86649 7.90604 9.10298 10.4811 12.0679 13.895 15.9986 18.4207 21.2095 24.4205 28.1177 32.3746 37.2759 42.9193 49.4171 56.8987 65.5129 75.4312 86.8511 100.0 galactocentric_x galactocentric_y galactocentric_z galactocentric_r distance glon glat skip
[from data line 367]
0 0.3176 2 6.7489 13.5365 25.9783 2.6111e-13 1.55398e-11 1.24036e-11 9.89045e-12 7.88052e-12 6.27348e-12 4.98737e-12 3.9609e-12 3.14129e-12 2.48658e-12 1.96538e-12 1.55068e-12 1.2198e-12 9.57286e-13 7.49402e-13 5.84765e-13 4.54134e-13 3.51263e-13 2.70469e-13 2.07196e-13 1.57797e-13 1.19198e-13 8.9269e-14 6.62567e-14 4.86812e-14 3.53652e-14 2.53718e-14 1.7956e-14 1.25242e-14 8.60376e-15 5.819e-15 3.87349e-15 2.53652e-15 1.63254e-15 1.03102e-15 6.37249e-16 3.84252e-16 2.25187e-16 1.27681e-16 6.96628e-17 3.63323e-17 1.79676e-17 8.34171e-18 3.59088e-18 1.41115e-18 4.9641e-19 1.52474e-19 3.9611e-20 8.35439e-21 1.35832e-21 1.60398e-22 -0.72350 4.66647 0.47748 4.72222 13.19497 -3.14523 2.07377 0
0 0.3355 2 1.9000 3.7141 7.7510 3.7300e-14 2.30711e-12 1.83677e-12 1.46141e-12 1.16165e-12 9.22643e-13 7.31989e-13 5.7999e-13 4.59025e-13 3.62651e-13 2.85993e-13 2.25151e-13 1.76847e-13 1.38502e-13 1.08186e-13 8.42646e-14 6.53774e-14 5.04858e-14 3.8811e-14 2.96858e-14 2.25768e-14 1.70587e-14 1.27785e-14 9.48284e-15 6.96705e-15 5.0609e-15 3.62934e-15 2.56544e-15 1.78459e-15 1.21981e-15 8.18153e-16 5.37864e-16 3.46191e-16 2.17956e-16 1.34119e-16 8.04572e-17 4.68857e-17 2.64222e-17 1.43217e-17 7.4177e-18 3.64182e-18 1.67835e-18 7.17287e-19 2.80031e-19 9.80072e-20 3.00404e-20 7.83835e-21 1.68598e-21 2.9123e-22 4.15307e-23 6.05755e-24 10.66470 1.09875 0.10801 10.72115 14.34864 48.01124 0.43130 0
0 0.6442 1 26.8699 10.4528 17.4893 1.0328e-14 2.08299e-11 1.47272e-11 1.03206e-11 7.16544e-12 4.92699e-12 3.35441e-12 2.26108e-12 1.5092e-12 9.97895e-13 6.54102e-13 4.25489e-13 2.75049e-13 1.76969e-13 1.13521e-13 7.27102e-14 4.65484e-14 2.97957e-14 1.90595e-14 1.21671e-14 7.73579e-15 4.88661e-15 3.05901e-15 1.89297e-15 1.1553e-15 6.93932e-16 4.09399e-16 2.36772e-16 1.33962e-16 7.39844e-17 3.9787e-17 2.07774e-17 1.05039e-17 5.12278e-18 2.40072e-18 1.07626e-18 4.59212e-19 1.85389e-19 7.03329e-20 2.48713e-20 8.11509e-21 2.41018e-21 6.38526e-22 1.45773e-22 2.67883e-23 3.39101e-24 1.90336e-25 5.37195e-28 1.01626e-230 1.59349e-285 0.0 0.97348 2.96223 0.08821 3.11809 11.50383 4.85444 0.43934 0
0 0.7935 1 16.5077 7.2590 13.7954 2.0005e-14 2.05254e-11 1.47881e-11 1.05788e-11 7.51096e-12 5.29129e-12 3.69782e-12 2.5634e-12 1.76287e-12 1.20308e-12 8.15247e-13 5.48994e-13 3.67801e-13 2.45475e-13 1.6345e-13 1.08734e-13 7.23532e-14 4.81922e-14 3.21339e-14 2.14368e-14 1.42902e-14 9.50303e-15 6.29206e-15 4.13975e-15 2.70149e-15 1.74565e-15 1.11531e-15 7.03609e-16 4.37729e-16 2.6819e-16 1.61596e-16 9.56084e-17 5.54492e-17 3.14628e-17 1.7429e-17 9.40328e-18 4.92775e-18 2.50072e-18 1.22475e-18 5.76663e-19 2.59891e-19 1.11557e-19 4.53475e-20 1.73415e-20 6.18972e-21 2.04213e-21 6.14807e-22 1.65759e-22 3.87875e-23 7.41756e-24 1.0148e-24 -4.60421 3.72799 0.10811 5.92424 13.06653 -20.63288 0.47405 0
0 0.3136 1 24.4900 10.7616 19.4523 5.7147e-15 1.88759e-11 1.36488e-11 9.7804e-12 6.93953e-12 4.87122e-12 3.37975e-12 2.31552e-12 1.56498e-12 1.04241e-12 6.83623e-13 4.41009e-13 2.79647e-13 1.74218e-13 1.06615e-13 6.41099e-14 3.79254e-14 2.21184e-14 1.27587e-14 7.31036e-15 4.18077e-15 2.39652e-15 1.38135e-15 8.01018e-16 4.66168e-16 2.70971e-16 1.56377e-16 8.90565e-17 4.97815e-17 2.71922e-17 1.44601e-17 7.46058e-18 3.72185e-18 1.78863e-18 8.24617e-19 3.63004e-19 1.51761e-19 5.9883e-20 2.21397e-20 7.60219e-21 2.39731e-21 6.83524e-22 1.71956e-22 3.65214e-23 5.97305e-24 6.00651e-25 1.7867e-26 5.20092e-32 8.02415e-157 1.62974e-191 2.27262e-235 1.13599 3.87216 -0.30330 4.03536 12.42790 5.24609 -1.39844 0
0 0.5082 1 1.4762 2.7843 5.5950 7.8048e-14 2.27359e-11 1.745e-11 1.33537e-11 1.0185e-11 7.73903e-12 5.85577e-12 4.41006e-12 3.30405e-12 2.46124e-12 1.82188e-12 1.33931e-12 9.77162e-13 7.07122e-13 5.072e-13 3.6036e-13 2.53452e-13 1.76366e-13 1.21367e-13 8.25724e-14 5.55431e-14 3.69547e-14 2.43435e-14 1.59042e-14 1.03318e-14 6.69683e-15 4.34923e-15 2.84259e-15 1.87692e-15 1.25499e-15 8.50005e-16 5.82079e-16 4.01645e-16 2.78137e-16 1.92573e-16 1.32905e-16 9.12377e-17 6.22125e-17 4.20952e-17 2.8243e-17 1.87762e-17 1.23595e-17 8.04914e-18 5.18168e-18 3.29419e-18 2.06599e-18 1.27673e-18 7.76438e-19 4.64014e-19 2.72074e-19 1.56247e-19 -2.16022 5.14576 0.14114 5.58081 13.81641 -8.99567 0.58531 0
0 2.5453 2 2.7574 10.0080 11.2454 2.2543e-13 1.58757e-11 1.26542e-11 1.00748e-11 8.01558e-12 6.36677e-12 5.05012e-12 4.00155e-12 3.16275e-12 2.49459e-12 1.96409e-12 1.54221e-12 1.20606e-12 9.4032e-13 7.30722e-13 5.65506e-13 4.3455e-13 3.32097e-13 2.52242e-13 1.90258e-13 1.42372e-13 1.05583e-13 7.75154e-14 5.62332e-14 4.03362e-14 2.86029e-14 2.00475e-14 1.38883e-14 9.50993e-15 6.43475e-15 4.30034e-15 2.83475e-15 1.83995e-15 1.17345e-15 7.33535e-16 4.48151e-16 2.66687e-16 1.53959e-16 8.58126e-17 4.59137e-17 2.34194e-17 1.12937e-17 5.0981e-18 2.1293e-18 8.12454e-19 2.80082e-19 8.72245e-20 2.54687e-20 7.85819e-21 3.01709e-21 1.44413e-21 -4.41235 -2.15859 -0.05101 4.91206 7.72560 -34.83018 -0.37827 0
0 0.4615 2 7.4718 10.1221 28.5112 1.6760e-13 9.9198e-12 7.91386e-12 6.30775e-12 5.02358e-12 3.99663e-12 3.1759e-12 2.52099e-12 1.99783e-12 1.58082e-12 1.24896e-12 9.84481e-13 7.7428e-13 6.07598e-13 4.75525e-13 3.70763e-13 2.88106e-13 2.23046e-13 1.71969e-13 1.31836e-13 1.00443e-13 7.60354e-14 5.71407e-14 4.2586e-14 3.14383e-14 2.29572e-14 1.65565e-14 1.17725e-14 8.23876e-15 5.66498e-15 3.82121e-15 2.52519e-15 1.63308e-15 1.03255e-15 6.3747e-16 3.83536e-16 2.242e-16 1.26796e-16 6.90055e-17 3.59056e-17 1.77218e-17 8.21684e-18 3.53611e-18 1.39138e-18 4.91195e-19 1.51896e-19 3.9913e-20 8.57185e-21 1.4319e-21 1.75522e-22 1.5197e-23 -6.29793 9.81378 0.02700 11.66080 19.36644 -18.97759 0.07989 0
0 0.5641 1 12.1997 31.6197 13.0726 4.3540e-13 4.56575e-10 3.34827e-10 2.43861e-10 1.76288e-10 1.26418e-10 8.98775e-11 6.33153e-11 4.4174e-11 3.05103e-11 2.08558e-11 1.41081e-11 9.44573e-12 6.26248e-12 4.11521e-12 2.68395e-12 1.74064e-12 1.12512e-12 7.26697e-13 4.70154e-13 3.05284e-13 1.99152e-13 1.30494e-13 8.57648e-14 5.6406e-14 3.70173e-14 2.41709e-14 1.56619e-14 1.00483e-14 6.37152e-15 3.98672e-15 2.45807e-15 1.49129e-15 8.88922e-16 5.19741e-16 2.97534e-16 1.66427e-16 9.07517e-17 4.81191e-17 2.47378e-17 1.22908e-17 5.88007e-18 2.69759e-18 1.18119e-18 4.90995e-19 1.92557e-19 7.07292e-20 2.41189e-20 7.54958e-21 2.13521e-21 5.32257e-22 1.98304 -10.53610 -0.04320 10.72109 2.84254 135.75637 -0.87088 0
0 0.3695 1 17.6314 12.0097 16.4958 1.9560e-14 3.68182e-11 2.69188e-11 1.9527e-11 1.40439e-11 1.00065e-11 7.05789e-12 4.92401e-12 3.39513e-12 2.31173e-12 1.55321e-12 1.02906e-12 6.71949e-13 4.32311e-13 2.74061e-13 1.7129e-13 1.05678e-13 6.449e-14 3.9041e-14 2.35336e-14 1.41835e-14 8.57979e-15 5.22285e-15 3.20151e-15 1.97292e-15 1.21796e-15 7.49783e-16 4.58092e-16 2.76588e-16 1.64452e-16 9.60095e-17 5.49014e-17 3.06784e-17 1.67116e-17 8.85132e-18 4.54499e-18 2.25512e-18 1.07724e-18 4.93331e-19 2.15566e-19 8.93857e-20 3.49516e-20 1.27925e-20 4.34326e-21 1.3521e-21 3.7971e-22 9.37272e-23 1.93901e-23 3.04072e-24 2.81563e-25 6.59559e-27 -8.48094 -4.34746 -0.12312 9.53031 9.44379 -63.91215 -0.74701 0
0 1.5807 3 4.4788 32.4808 23.6705 4.3976e-12 2.49173e-10 1.98706e-10 1.58332e-10 1.26047e-10 1.00245e-10 7.9635e-11 6.3184e-11 5.00621e-11 3.96046e-11 3.12782e-11 2.46557e-11 1.93948e-11 1.52208e-11 1.19144e-11 9.29977e-12 7.23582e-12 5.61022e-12 4.33296e-12 3.33207e-12 2.55009e-12 1.94129e-12 1.46915e-12 1.10458e-12 8.24428e-13 6.10327e-13 4.47746e-13 3.2516e-13 2.33471e-13 1.65513e-13 1.15664e-13 7.95284e-14 5.36858e-14 3.54895e-14 2.29049e-14 1.43807e-14 8.74513e-15 5.12397e-15 2.8717e-15 1.52311e-15 7.57967e-16 3.49329e-16 1.46183e-16 5.45659e-17 1.7933e-17 5.08154e-18 1.20655e-18 2.32844e-19 3.65965e-20 5.60886e-21 1.34571e-21 4.60521 -6.52620 0.04080 7.98744 5.01054 66.79995 0.46660 0
0 0.2676 3 6.9493 19.3059 31.2910 7.9053e-13 4.41889e-11 3.52596e-11 2.81145e-11 2.23968e-11 1.78255e-11 1.41725e-11 1.12541e-11 8.92564e-12 7.06821e-12 5.58793e-12 4.41018e-12 3.47338e-12 2.72909e-12 2.13915e-12 1.67242e-12 1.30278e-12 1.01135e-12 7.82137e-13 6.02349e-13 4.61592e-13 3.51558e-13 2.66089e-13 1.99989e-13 1.49117e-13 1.10182e-13 8.05733e-14 5.82246e-14 4.1504e-14 2.9125e-14 2.00755e-14 1.35594e-14 8.95144e-15 5.76132e-15 3.60633e-15 2.19037e-15 1.28732e-15 7.30841e-16 3.99315e-16 2.08712e-16 1.03553e-16 4.83074e-17 2.09392e-17 8.30963e-18 2.96346e-18 9.27628e-19 2.47333e-19 5.40509e-20 9.2107e-21 1.14968e-21 9.82547e-23 2.64473 2.32319 0.21922 3.52020 11.14379 13.73158 1.12719 0
0 0.4673 2 10.4421 22.6946 34.3418 4.6419e-13 4.48868e-11 3.55893e-11 2.8177e-11 2.22665e-11 1.75648e-11 1.38263e-11 1.08563e-11 8.50378e-12 6.64124e-12 5.16857e-12 4.00887e-12 3.09796e-12 2.38141e-12 1.82173e-12 1.38623e-12 1.04877e-12 7.87201e-13 5.8605e-13 4.32508e-13 3.16081e-13 2.28449e-13 1.63042e-13 1.14693e-13 7.93554e-14 5.38576e-14 3.57749e-14 2.32119e-14 1.46675e-14 9.0023e-15 5.35775e-15 3.08551e-15 1.71482e-15 9.16187e-16 4.68051e-16 2.27051e-16 1.03694e-16 4.412e-17 1.72664e-17 6.11751e-18 1.92396e-18 5.24059e-19 1.19903e-19 2.21976e-20 3.1921e-21 3.50862e-22 3.42567e-23 5.01637e-24 1.18022e-24 2.8048e-25 5.59341e-26 3.58437 1.26641 -0.12301 3.80151 10.40411 20.15364 -0.67745 0
0 0.7830 1 15.9791 15.6896 13.6520 9.7580e-14 9.87228e-11 7.12275e-11 5.10262e-11 3.62813e-11 2.55962e-11 1.7913e-11 1.24342e-11 8.5615e-12 5.84903e-12 3.96684e-12 2.67287e-12 1.79124e-12 1.19549e-12 7.95796e-13 5.29138e-13 3.51892e-13 2.34262e-13 1.56157e-13 1.04183e-13 6.94903e-14 4.62632e-14 3.06826e-14 2.02313e-14 1.32374e-14 8.57993e-15 5.50057e-15 3.48323e-15 2.17593e-15 1.33916e-15 8.10863e-16 4.82319e-16 2.81367e-16 1.60678e-16 8.96363e-17 4.8736e-17 2.57586e-17 1.31956e-17 6.5304e-18 3.11056e-18 1.42003e-18 6.1835e-19 2.55428e-19 9.94599e-20 3.62347e-20 1.22389e-20 3.78785e-21 1.05644e-21 2.5853e-22 5.28482e-23 8.12993e-24 -0.09315 -2.51838 0.05101 2.52010 5.98256 -0.89214 0.48849 0
0 0.2594 2 3.6734 7.1643 13.5451 2.2708e-14 3.75793e-12 2.92625e-12 2.26758e-12 1.74437e-12 1.33784e-12 1.02237e-12 7.73738e-13 5.82815e-13 4.37201e-13 3.26442e-13 2.42388e-13 1.79186e-13 1.3211e-13 9.71428e-14 7.12491e-14 5.21293e-14 3.80441e-14 2.76886e-14 2.00904e-14 1.45279e-14 1.04657e-14 7.50748e-15 5.36001e-15 3.80661e-15 2.68742e-15 1.88473e-15 1.31197e-15 9.05647e-16 6.19298e-16 4.19009e-16 2.80111e-16 1.84728e-16 1.19958e-16 7.65404e-17 4.78666e-17 2.92533e-17 1.74101e-17 1.00486e-17 5.59647e-18 2.9895e-18 1.52037e-18 7.29499e-19 3.26543e-19 1.34464e-19 5.00488e-20 1.64723e-20 4.66427e-21 1.09913e-21 2.081e-22 3.12319e-23 10.19900 -0.44197 -0.16202 10.20857 12.99914 51.68844 -0.71413 0
0 3.1323 1 13.4617 4.7991 9.6657 8.8463e-14 3.81883e-11 2.7757e-11 2.01333e-11 1.45753e-11 1.05331e-11 7.59969e-12 5.47506e-12 3.9388e-12 2.82954e-12 2.02955e-12 1.45319e-12 1.03836e-12 7.40122e-13 5.25994e-13 3.72524e-13 2.62775e-13 1.84515e-13 1.28901e-13 8.9542e-14 6.18174e-14 4.23912e-14 2.8859e-14 1.94929e-14 1.30554e-14 8.6642e-15 5.69341e-15 3.70146e-15 2.37873e-15 1.5096e-15 9.45062e-16 5.82933e-16 3.53804e-16 2.10986e-16 1.23419e-16 7.069e-17 3.95632e-17 2.15871e-17 1.1454e-17 5.89292e-18 2.93031e-18 1.40321e-18 6.44415e-19 2.82494e-19 1.17579e-19 4.61785e-20 1.69899e-20 5.80445e-21 1.82085e-21 5.16339e-22 1.29148e-22 2.73974 5.07390 0.03420 5.76634 13.84768 11.41120 0.14152 0
0 0.2725 1 16.6479 6.1235 17.1265 5.1340e-15 9.2456e-12 6.83493e-12 5.01606e-12 3.65183e-12 2.63539e-12 1.88369e-12 1.33236e-12 9.31713e-13 6.4352e-13 4.38549e-13 2.94573e-13 1.94817e-13 1.26728e-13 8.10078e-14 5.08465e-14 3.13246e-14 1.8942e-14 1.12522e-14 6.5786e-15 3.79754e-15 2.17458e-15 1.24258e-15 7.1302e-16 4.13014e-16 2.42086e-16 1.43396e-16 8.54333e-17 5.08582e-17 3.00446e-17 1.75092e-17 1.00191e-17 5.60896e-18 3.0628e-18 1.6267e-18 8.37853e-19 4.17141e-19 2.00016e-19 9.19841e-20 4.03818e-20 1.68324e-20 6.62061e-21 2.43934e-21 8.34511e-22 2.62106e-22 7.44018e-23 1.86221e-23 3.93033e-24 6.37439e-25 6.33304e-26 1.84724e-27 -0.39385 10.72510 0.13814 10.73233 19.22963 -1.17361 0.41159 0
0 3.4754 3 13.4252 16.0783 34.3418 5.3037e-14 2.95283e-11 2.26808e-11 1.73382e-11 1.31846e-11 9.96843e-12 7.48915e-12 5.58743e-12 4.13684e-12 3.03721e-12 2.20936e-12 1.59091e-12 1.13286e-12 7.96812e-13 5.52901e-13 3.7796e-13 2.54143e-13 1.67791e-13 1.0856e-13 6.86785e-14 4.23768e-14 2.54306e-14 1.47943e-14 8.31155e-15 4.48956e-15 2.31995e-15 1.14006e-15 5.29054e-16 2.29915e-16 9.26378e-17 3.41947e-17 1.1385e-17 3.35613e-18 8.6585e-19 1.95783e-19 4.06515e-20 8.86941e-21 2.38907e-21 7.75562e-22 2.60864e-22 8.28334e-23 2.39274e-23 6.12344e-24 1.33254e-24 2.26847e-25 2.47501e-26 9.3464e-28 1.26977e-31 2.92787e-60 9.91519e-71 5.62153e-85 0.41316 6.17967 -0.01080 6.19347 14.68549 1.61216 -0.04214 0
0 0.3866 3 7.4968 12.2009 34.3418 1.9867e-13 1.71588e-11 1.36144e-11 1.07866e-11 8.53254e-12 6.73759e-12 5.30975e-12 4.17544e-12 3.27553e-12 2.56271e-12 1.99913e-12 1.55438e-12 1.2042e-12 9.29215e-13 7.13848e-13 5.45709e-13 4.14929e-13 3.13622e-13 2.35466e-13 1.75489e-13 1.29729e-13 9.50405e-14 6.89349e-14 4.94406e-14 3.5014e-14 2.44522e-14 1.68101e-14 1.1354e-14 7.51705e-15 4.86516e-15 3.06837e-15 1.87853e-15 1.11132e-15 6.31786e-16 3.4284e-16 1.75816e-16 8.4215e-17 3.73455e-17 1.51444e-17 5.54114e-18 1.8013e-18 5.10077e-19 1.22157e-19 2.38341e-20 3.61819e-21 4.07184e-22 3.39018e-23 2.85166e-24 4.75385e-25 1.11003e-25 2.30879e-26 -8.63958 8.81688 0.02400 12.34422 19.35245 -26.51511 0.07106 0
0 3.5571 1 37.2588 8.6903 14.1742 5.1835e-14 5.11342e-11 3.65607e-11 2.6074e-11 1.85453e-11 1.31524e-11 9.29831e-12 6.55059e-12 4.59679e-12 3.21161e-12 2.23285e-12 1.54393e-12 1.06115e-12 7.24513e-13 4.91103e-13 3.30279e-13 2.20234e-13 1.45503e-13 9.51742e-14 6.15836e-14 3.93838e-14 2.48682e-14 1.5487e-14 9.50064e-15 5.73344e-15 3.39857e-15 1.97543e-15 1.12381e-15 6.24412e-16 3.38039e-16 1.77836e-16 9.06421e-17 4.46091e-17 2.11172e-17 9.57382e-18 4.13637e-18 1.69346e-18 6.52665e-19 2.34952e-19 7.82487e-20 2.38081e-20 6.49858e-21 1.54422e-21 3.01648e-22 4.26867e-23 3.12767e-24 3.07043e-26 0.0 0.0 0.0 0.0 4.92211 1.57626 0.02520 5.16834 11.21422 26.03485 0.12876 0
0 0.0110 3 1.7035 6.8262 7.7510 8.7102e-13 7.28074e-11 5.7647e-11 4.55914e-11 3.60101e-11 2.84002e-11 2.2361e-11 1.75729e-11 1.37809e-11 1.07816e-11 8.4128e-12 6.54513e-12 5.07543e-12 3.92142e-12 3.01757e-12 2.31165e-12 1.76207e-12 1.33575e-12 1.0064e-12 7.53132e-13 5.59373e-13 4.12008e-13 3.00666e-13 2.17165e-13 1.55066e-13 1.09321e-13 7.59818e-14 5.19772e-14 3.49299e-14 2.30109e-14 1.48243e-14 9.31393e-15 5.68962e-15 3.36794e-15 1.92499e-15 1.05866e-15 5.58637e-16 2.82623e-16 1.37619e-16 6.53431e-17 3.1094e-17 1.5449e-17 8.31219e-18 4.86659e-18 3.01447e-18 1.90823e-18 1.20711e-18 7.55488e-19 4.661e-19 2.82968e-19 1.68795e-19 0.60402 -0.72604 -0.38739 0.94444 7.80701 4.44286 -2.84421 0
0 0.7228 1 10.0007 6.5289 11.4850 3.4416e-14 2.71441e-11 1.99185e-11 1.45245e-11 1.05195e-11 7.56357e-12 5.39647e-12 3.81922e-12 2.68036e-12 1.86503e-12 1.28662e-12 8.80189e-13 5.97405e-13 4.02605e-13 2.69717e-13 1.79892e-13 1.19666e-13 7.95468e-14 5.29382e-14 3.53217e-14 2.36473e-14 1.58842e-14 1.06951e-14 7.20638e-15 4.84905e-15 3.25112e-15 2.16735e-15 1.43397e-15 9.40141e-16 6.09983e-16 3.91211e-16 2.47737e-16 1.54725e-16 9.5189e-17 5.76081e-17 3.42454e-17 1.99626e-17 1.139e-17 6.34781e-18 3.44752e-18 1.81988e-18 9.31038e-19 4.60099e-19 2.18818e-19 9.97339e-20 4.3357e-20 1.78797e-20 6.95038e-21 2.52796e-21 8.5252e-22 2.63464e-22 9.98388 -1.67322 0.03660 10.12312 12.09480 55.63645 0.17340 0
