sky_model/snrs/ctadc_skymodel_gps_sources_snr_2.ecsv
# %ECSV 0.9
# ---
# datatype:
# - {name: Simulation_number, unit: '', datatype: float64, format: '%i', description: Simulation_number}
# - {name: n0, unit: 1 / cm3, datatype: float64, format: '%0.4f', description: density}
# - {name: type, unit: '', datatype: float64, format: '%i', description: type of progenitor}
# - {name: age, unit: kyear, datatype: float64, format: '%0.4f', description: age of
#     the SNR}
# - {name: sigma, unit: arcmin, datatype: float64, format: '%0.4f', description: apparent
#     size of the SNR}
# - {name: size_physical, unit: pc, datatype: float64, format: '%0.4f', description: SNR
#     Radius}
# - {name: '0.1', unit: 1 / (cm2 s TeV), datatype: float64, description: Differential
#     spectrum}
# - {name: '0.11514', unit: 1 / (cm2 s TeV), datatype: float64, description: Differential
#     spectrum}
# - {name: '0.132571', unit: 1 / (cm2 s TeV), datatype: float64, description: Differential
#     spectrum}
# - {name: '0.152642', unit: 1 / (cm2 s TeV), datatype: float64, description: Differential
#     spectrum}
# - {name: '0.175751', unit: 1 / (cm2 s TeV), datatype: float64, description: Differential
#     spectrum}
# - {name: '0.202359', unit: 1 / (cm2 s TeV), datatype: float64, description: Differential
#     spectrum}
# - {name: '0.232995', unit: 1 / (cm2 s TeV), datatype: float64, description: Differential
#     spectrum}
# - {name: '0.26827', unit: 1 / (cm2 s TeV), datatype: float64, description: Differential
#     spectrum}
# - {name: '0.308884', unit: 1 / (cm2 s TeV), datatype: float64, description: Differential
#     spectrum}
# - {name: '0.355648', unit: 1 / (cm2 s TeV), datatype: float64, description: Differential
#     spectrum}
# - {name: '0.409492', unit: 1 / (cm2 s TeV), datatype: float64, description: Differential
#     spectrum}
# - {name: '0.471487', unit: 1 / (cm2 s TeV), datatype: float64, description: Differential
#     spectrum}
# - {name: '0.542868', unit: 1 / (cm2 s TeV), datatype: float64, description: Differential
#     spectrum}
# - {name: '0.625055', unit: 1 / (cm2 s TeV), datatype: float64, description: Differential
#     spectrum}
# - {name: '0.719686', unit: 1 / (cm2 s TeV), datatype: float64, description: Differential
#     spectrum}
# - {name: '0.828643', unit: 1 / (cm2 s TeV), datatype: float64, description: Differential
#     spectrum}
# - {name: '0.954095', unit: 1 / (cm2 s TeV), datatype: float64, description: Differential
#     spectrum}
# - {name: '1.09854', unit: 1 / (cm2 s TeV), datatype: float64, description: Differential
#     spectrum}
# - {name: '1.26486', unit: 1 / (cm2 s TeV), datatype: float64, description: Differential
#     spectrum}
# - {name: '1.45635', unit: 1 / (cm2 s TeV), datatype: float64, description: Differential
#     spectrum}
# - {name: '1.67683', unit: 1 / (cm2 s TeV), datatype: float64, description: Differential
#     spectrum}
# - {name: '1.9307', unit: 1 / (cm2 s TeV), datatype: float64, description: Differential
#     spectrum}
# - {name: '2.223', unit: 1 / (cm2 s TeV), datatype: float64, description: Differential
#     spectrum}
# - {name: '2.55955', unit: 1 / (cm2 s TeV), datatype: float64, description: Differential
#     spectrum}
# - {name: '2.94705', unit: 1 / (cm2 s TeV), datatype: float64, description: Differential
#     spectrum}
[...]
#     from Earth}
# - {name: GLON, unit: deg, datatype: float64, format: '%.5f', description: Galactic
#     longitude}
# - {name: GLAT, unit: deg, datatype: float64, format: '%.5f', description: Galactic
#     latitude}
# - {name: skip, datatype: int64, description: 'Skip boolean, 1 skip 0 keep'}
# meta: !!omap
# - simulation_parameters:
#   - {description: Spectral index, name: alpha, value: 4.1}
#   - {description: Electron to proton ratio, name: Kep, value: 0.01}
#   - {description: CR efficiency, name: xi, value: 0.1}
# - energy_array: [0.1, 0.11514, 0.132571, 0.152642, 0.175751, 0.202359, 0.232995, 0.26827,
#     0.308884, 0.355648, 0.409492, 0.471487, 0.542868, 0.625055, 0.719686, 0.828643,
#     0.954095, 1.09854, 1.26486, 1.45635, 1.67683, 1.9307, 2.223, 2.55955, 2.94705,
#     3.39322, 3.90694, 4.49843, 5.17947, 5.96362, 6.86649, 7.90604, 9.10298, 10.4811,
#     12.0679, 13.895, 15.9986, 18.4207, 21.2095, 24.4205, 28.1177, 32.3746, 37.2759,
#     42.9193, 49.4171, 56.8987, 65.5129, 75.4312, 86.8511, 100.0]
# schema: astropy-2.0
Simulation_number n0 type age sigma size_physical 0.1 0.11514 0.132571 0.152642 0.175751 0.202359 0.232995 0.26827 0.308884 0.355648 0.409492 0.471487 0.542868 0.625055 0.719686 0.828643 0.954095 1.09854 1.26486 1.45635 1.67683 1.9307 2.223 2.55955 2.94705 3.39322 3.90694 4.49843 5.17947 5.96362 6.86649 7.90604 9.10298 10.4811 12.0679 13.895 15.9986 18.4207 21.2095 24.4205 28.1177 32.3746 37.2759 42.9193 49.4171 56.8987 65.5129 75.4312 86.8511 100.0 galactocentric_x galactocentric_y galactocentric_z galactocentric_r distance GLON GLAT skip
[from data line 238]
0 0.2882 3 16.6736 47.7780 49.8241 5.01096e-12 3.44918e-12 2.34095e-12 1.5645e-12 1.0281e-12 6.63255e-13 4.19319e-13 2.59288e-13 1.5648e-13 9.19463e-14 5.24636e-14 2.8983e-14 1.54512e-14 7.91981e-15 3.88715e-15 1.81866e-15 8.07138e-16 3.38048e-16 1.32944e-16 4.89039e-17 1.68198e-17 5.45254e-18 1.70926e-18 5.4606e-19 1.90151e-19 7.44343e-20 3.15899e-20 1.3668e-20 5.7703e-21 2.32394e-21 8.82217e-22 3.12815e-22 1.02584e-22 3.07229e-23 8.25086e-24 1.92746e-24 3.69302e-25 5.08504e-26 3.50919e-27 2.60852e-29 1.10492e-65 5.66411e-77 3.25754e-89 2.23162e-105 1.3562e-127 1.10229e-157 2.42037e-197 2.36188e-239 7.65235e-297 0.0 7.10454 -9.46117 0.09910 11.83166 7.16995 97.70474 0.79194 0
0 0.2955 1 29.5639 30.9485 21.2308 1.50251e-11 1.06643e-11 7.49729e-12 5.216e-12 3.58755e-12 2.43703e-12 1.63338e-12 1.07884e-12 7.01498e-13 4.48606e-13 2.8185e-13 1.73796e-13 1.05132e-13 6.23792e-14 3.63236e-14 2.07745e-14 1.16914e-14 6.49817e-15 3.58274e-15 1.96913e-15 1.08355e-15 5.98418e-16 3.31535e-16 1.83596e-16 1.01026e-16 5.48598e-17 2.92062e-17 1.51584e-17 7.63378e-18 3.71451e-18 1.73913e-18 7.80025e-19 3.33487e-19 1.35144e-19 5.15742e-20 1.83927e-20 6.07236e-21 1.83344e-21 4.97479e-22 1.17878e-22 2.30994e-23 3.32091e-24 2.55403e-25 3.07306e-27 1.7705e-94 5.7589e-114 2.36336e-140 2.25236e-175 1.88246e-212 5.60964e-263 4.31813 -6.61782 0.24024 7.90201 4.71663 66.44865 2.91961 0
0 2.3269 2 9.4733 15.4563 28.5112 4.20624e-12 3.30947e-12 2.6009e-12 2.04135e-12 1.60004e-12 1.25194e-12 9.7788e-13 7.62377e-13 5.92904e-13 4.60001e-13 3.55978e-13 2.7452e-13 2.10981e-13 1.61554e-13 1.23199e-13 9.34347e-14 7.04841e-14 5.28574e-14 3.93791e-14 2.91225e-14 2.13297e-14 1.54655e-14 1.10888e-14 7.85016e-15 5.47727e-15 3.75872e-15 2.53097e-15 1.66795e-15 1.07285e-15 6.71646e-16 4.08134e-16 2.40104e-16 1.36397e-16 7.45869e-17 3.91397e-17 1.959e-17 9.27969e-18 4.1205e-18 1.69505e-18 6.36709e-19 2.14502e-19 6.33893e-20 1.59933e-20 3.33974e-21 5.62557e-22 7.84398e-23 1.13891e-23 2.55001e-24 7.71205e-25 2.32045e-25 1.28905 4.11698 -0.05105 4.31407 12.68276 5.83355 -0.23063 0
0 0.4649 1 35.1858 10.0266 20.7985 1.46441e-12 1.01478e-12 6.9601e-13 4.72162e-13 3.1656e-13 2.09627e-13 1.37042e-13 8.84082e-14 5.62691e-14 3.53421e-14 2.19197e-14 1.34363e-14 8.15045e-15 4.90287e-15 2.93131e-15 1.7457e-15 1.03726e-15 6.15232e-16 3.64035e-16 2.14559e-16 1.25596e-16 7.27495e-17 4.15337e-17 2.32827e-17 1.27704e-17 6.83148e-18 3.55311e-18 1.79102e-18 8.71948e-19 4.08424e-19 1.83268e-19 7.83927e-20 3.17861e-20 1.21377e-20 4.33151e-21 1.43108e-21 4.32426e-22 1.17435e-22 2.78542e-23 5.46498e-24 7.86875e-25 6.06167e-26 7.28564e-28 2.97262e-106 2.05278e-128 1.97503e-158 4.79832e-198 5.8201e-240 2.61885e-297 0.0 1.85433 5.64018 -0.15315 5.93719 14.26207 7.47108 -0.61528 0
0 0.2929 2 28.6184 43.9525 60.0133 2.08961e-13 1.13367e-13 5.94981e-14 3.01469e-14 1.47246e-14 6.92937e-15 3.14678e-15 1.38613e-15 5.98851e-16 2.58626e-16 1.14593e-16 5.34073e-17 2.64593e-17 1.37925e-17 7.39249e-18 3.98111e-18 2.11853e-18 1.1025e-18 5.5749e-19 2.7264e-19 1.28415e-19 5.79982e-20 2.49955e-20 1.02222e-20 3.94147e-21 1.42207e-21 4.75706e-22 1.45808e-22 4.02725e-23 9.75806e-24 1.97221e-24 2.97759e-25 2.51539e-26 4.01511e-28 5.69558e-77 2.97085e-87 3.65137e-101 2.49353e-120 4.21557e-140 2.23127e-167 6.75659e-205 9.56189e-256 1.09208270357e-319 0.0 0.0 0.0 0.0 0.0 0.0 0.0 -6.11134 -1.39117 0.49850 6.26768 9.38789 -40.68509 3.04384 0
0 0.0479 1 30.4331 31.5435 30.8606 3.05411e-12 2.0347e-12 1.33356e-12 8.58627e-13 5.42278e-13 3.35405e-13 2.02828e-13 1.19718e-13 6.88571e-14 3.85333e-14 2.09561e-14 1.10695e-14 5.6818e-15 2.84004e-15 1.38876e-15 6.69427e-16 3.21474e-16 1.55589e-16 7.65974e-17 3.84576e-17 1.95834e-17 1.00005e-17 5.05532e-18 2.50073e-18 1.19962e-18 5.54169e-19 2.45076e-19 1.03171e-19 4.10944e-20 1.53803e-20 5.36465e-21 1.72621e-21 5.05499e-22 1.32015e-22 2.9693e-23 5.36366e-24 6.60916e-25 3.45012e-26 5.83204e-29 2.30723e-70 1.79702e-82 6.60754e-96 4.32475e-113 8.77682e-137 6.1593e-169 4.55959e-212 2.22225e-257 1.35798883416e-318 0.0 0.0 0.23113 -1.78816 0.38138 1.80304 6.72664 1.97224 3.25025 0
0 0.4256 2 24.9126 135.6050 54.6819 1.04554e-11 6.46949e-12 3.91058e-12 2.30428e-12 1.32056e-12 7.34218e-13 3.94985e-13 2.05021e-13 1.02381e-13 4.90479e-14 2.24894e-14 9.8569e-15 4.13431e-15 1.66914e-15 6.57752e-16 2.59491e-16 1.06104e-16 4.63231e-17 2.16967e-17 1.06567e-17 5.31355e-18 2.62036e-18 1.25746e-18 5.81616e-19 2.57605e-19 1.08633e-19 4.33544e-20 1.62621e-20 5.6865e-21 1.83502e-21 5.39154e-22 1.41373e-22 3.19658e-23 5.81889e-24 7.265e-25 3.90308e-26 7.61933e-29 3.62651e-73 5.68731e-85 1.27587e-100 2.90379e-117 1.98345e-140 3.64251e-172 4.57295e-215 5.23088e-267 0.0 0.0 0.0 0.0 0.0 -1.03359 -5.93326 -0.17417 6.02261 2.77251 -21.93395 -3.60180 0
0 0.4100 2 25.6142 63.4847 54.6819 2.40727e-12 1.49679e-12 9.09516e-13 5.38982e-13 3.10789e-13 1.73946e-13 9.4247e-14 4.92942e-14 2.48154e-14 1.19886e-14 5.5437e-15 2.44928e-15 1.03408e-15 4.18911e-16 1.64671e-16 6.4223e-17 2.56995e-17 1.09188e-17 4.99304e-18 2.4165e-18 1.19793e-18 5.90727e-19 2.84313e-19 1.32083e-19 5.88095e-20 2.49485e-20 1.00237e-20 3.78836e-21 1.33612e-21 4.35444e-22 1.29445e-22 3.4439e-23 7.94196e-24 1.49076e-24 1.97235e-25 1.22735e-26 5.41997e-29 1.8316e-72 7.89726e-84 3.2993e-99 2.37569e-115 1.10168e-137 2.53517e-168 8.95564e-210 3.79506e-261 8.59387665689e-319 0.0 0.0 0.0 0.0 2.54969 -3.15670 -0.14114 4.05779 5.92214 25.50932 -1.36565 0
0 0.1086 2 15.0307 32.1182 45.3979 4.28267e-12 3.25063e-12 2.45478e-12 1.84345e-12 1.37615e-12 1.02025e-12 7.50795e-13 5.48138e-13 3.96569e-13 2.84006e-13 2.01216e-13 1.40911e-13 9.73192e-14 6.61952e-14 4.42945e-14 2.91103e-14 1.87534e-14 1.18052e-14 7.22704e-15 4.29579e-15 2.46985e-15 1.36752e-15 7.25542e-16 3.66839e-16 1.75734e-16 7.92901e-17 3.34874e-17 1.31461e-17 4.7548e-18 1.5666e-18 4.63693e-19 1.21391e-19 2.77056e-20 5.49608e-21 9.88103e-22 1.87747e-22 4.65267e-23 1.45077e-23 4.69171e-24 1.4207e-24 3.88228e-25 9.29035e-26 1.84846e-26 2.7332e-27 2.24717e-28 3.51728e-30 6.84778e-57 1.90465e-65 3.53533e-77 4.35645e-93 1.88161 1.03289 0.16817 2.14647 9.71827 11.16557 0.99151 0
0 0.5433 3 18.8132 28.5209 49.8241 9.57841e-13 6.18161e-13 3.91128e-13 2.4219e-13 1.46468e-13 8.63237e-14 4.94622e-14 2.74808e-14 1.47623e-14 7.64371e-15 3.80229e-15 1.81095e-15 8.23132e-16 3.56108e-16 1.46483e-16 5.74338e-17 2.16687e-17 8.03612e-18 3.03662e-18 1.21836e-18 5.30224e-19 2.46404e-19 1.17788e-19 5.5972e-20 2.58701e-20 1.14879e-20 4.86285e-21 1.94932e-21 7.34852e-22 2.58426e-22 8.39428e-23 2.48568e-23 6.58174e-24 1.50824e-24 2.80422e-25 3.64721e-26 2.18007e-27 7.92421e-30 4.13915e-71 9.74183e-83 4.15602e-97 1.69498e-113 2.82206e-136 2.36008e-167 2.95856e-209 3.97076e-257 6.02274001441e-316 0.0 0.0 0.0 -0.58793 3.49614 -0.10811 3.54523 12.01102 -2.80580 -0.51571 0
0 0.0220 2 32.8920 58.4279 72.2862 6.2595e-14 3.10132e-14 1.47595e-14 6.73479e-15 2.94515e-15 1.23722e-15 5.03179e-16 2.01519e-16 8.18471e-17 3.50183e-17 1.62483e-17 8.17513e-18 4.34087e-18 2.35323e-18 1.27097e-18 6.74222e-19 3.48549e-19 1.74737e-19 8.46111e-20 3.94128e-20 1.75827e-20 7.47443e-21 3.01026e-21 1.1409e-21 4.03691e-22 1.32057e-22 3.94286e-23 1.05456e-23 2.44846e-24 4.6402e-25 6.23375e-26 3.99307e-27 1.94089e-29 1.2678e-83 5.8123e-95 5.52376e-110 6.44892e-131 1.23476e-152 4.3969e-182 1.10274e-222 8.62736e-278 0.0 0.0 0.0 0.0 0.0 0.0 0.0 0.0 0.0 1.28406 -0.09906 0.36336 1.28788 8.50627 8.69024 2.44825 0
0 0.9707 1 29.1954 7.8797 16.6608 1.86491e-12 1.29686e-12 8.95782e-13 6.14569e-13 4.18829e-13 2.83602e-13 1.90883e-13 1.27777e-13 8.51272e-14 5.64852e-14 3.73565e-14 2.46387e-14 1.62119e-14 1.06417e-14 6.96575e-15 4.54301e-15 2.94868e-15 1.90198e-15 1.21729e-15 7.71802e-16 4.84012e-16 2.9977e-16 1.83088e-16 1.10111e-16 6.51076e-17 3.77878e-17 2.14886e-17 1.1949e-17 6.48265e-18 3.42283e-18 1.75391e-18 8.69452e-19 4.15479e-19 1.90619e-19 8.35802e-20 3.48415e-20 1.37257e-20 5.07431e-21 1.74575e-21 5.53083e-22 1.59082e-22 4.06516e-23 8.88552e-24 1.53817e-24 1.75824e-25 7.69958e-27 4.41905e-30 1.80521e-298 0.0 0.0 -8.84839 3.03453 -0.03604 9.35427 14.53756 -37.49260 -0.14203 0
0 2.0040 1 36.2683 17.2550 15.7253 1.43139e-11 9.98351e-12 6.93997e-12 4.80878e-12 3.32171e-12 2.28753e-12 1.5705e-12 1.0748e-12 7.33021e-13 4.9801e-13 3.36869e-13 2.26727e-13 1.51719e-13 1.0086e-13 6.65529e-14 4.35516e-14 2.82384e-14 1.81249e-14 1.15053e-14 7.21544e-15 4.46584e-15 2.7246e-15 1.63641e-15 9.66149e-16 5.59832e-16 3.17799e-16 1.76382e-16 9.54966e-17 5.03099e-17 2.57169e-17 1.27144e-17 6.05784e-18 2.7702e-18 1.21022e-18 5.02435e-19 1.97023e-19 7.24577e-20 2.47788e-20 7.7954e-21 2.22325e-21 5.61989e-22 1.20964e-22 2.04165e-23 2.21699e-24 8.39328e-26 1.21658e-29 0.0 0.0 0.0 0.0 4.72734 -4.38765 -0.05706 6.44975 6.26597 48.97974 -0.52173 0
0 0.1791 1 2.7306 3.4622 8.8749 1.68126e-12 1.2925e-12 9.91103e-13 7.57783e-13 5.77485e-13 4.38456e-13 3.31515e-13 2.49495e-13 1.86797e-13 1.39053e-13 1.02853e-13 7.55404e-14 5.50488e-14 3.97708e-14 2.84604e-14 2.01537e-14 1.41071e-14 9.74962e-15 6.64438e-15 4.45908e-15 2.94257e-15 1.9065e-15 1.21087e-15 7.5276e-16 4.57456e-16 2.71523e-16 1.57411e-16 8.92674e-17 4.97153e-17 2.73919e-17 1.51023e-17 8.45365e-18 4.87117e-18 2.91145e-18 1.80091e-18 1.14101e-18 7.30978e-19 4.68428e-19 2.98161e-19 1.8777e-19 1.16744e-19 7.15564e-20 4.31804e-20 2.56177e-20 1.49189e-20 8.51387e-21 4.75204e-21 2.58863e-21 1.37297e-21 7.07122e-22 -13.73340 2.54582 -0.10511 13.96737 17.62463 -51.19016 -0.34169 0
0 1.1871 1 2.6091 3.1953 6.0269 4.31957e-12 3.18207e-12 2.33597e-12 1.70816e-12 1.24368e-12 9.01234e-13 6.49748e-13 4.65891e-13 3.32151e-13 2.35404e-13 1.65838e-13 1.16138e-13 8.08716e-14 5.60204e-14 3.86307e-14 2.6544e-14 1.81955e-14 1.24596e-14 8.53475e-15 5.85573e-15 4.02812e-15 2.7796e-15 1.924e-15 1.33508e-15 9.2774e-16 6.44709e-16 4.47386e-16 3.09582e-16 2.13359e-16 1.46303e-16 9.97347e-17 6.75448e-17 4.54173e-17 3.03018e-17 2.00474e-17 1.3143e-17 8.53199e-18 5.47994e-18 3.47922e-18 2.18144e-18 1.34924e-18 8.22259e-19 4.93089e-19 2.90543e-19 1.67942e-19 9.50602e-20 5.25845e-20 2.83641e-20 1.48818e-20 7.57359e-21 -6.50133 2.72091 0.07808 7.04774 12.96851 -30.08775 0.34496 0
0 1.6830 1 13.8636 4.8739 11.0704 2.75212e-12 1.96021e-12 1.39068e-12 9.82774e-13 6.91896e-13 4.85385e-13 3.39413e-13 2.36668e-13 1.64632e-13 1.14301e-13 7.92364e-14 5.48615e-14 3.79439e-14 2.62131e-14 1.80831e-14 1.24505e-14 8.54986e-15 5.8511e-15 3.98692e-15 2.70251e-15 1.82074e-15 1.2182e-15 8.08781e-16 5.32416e-16 3.47249e-16 2.24207e-16 1.43186e-16 9.03619e-17 5.62934e-17 3.45798e-17 2.09187e-17 1.24448e-17 7.26964e-18 4.16255e-18 2.33181e-18 1.27522e-18 6.7919e-19 3.51354e-19 1.76009e-19 8.50912e-20 3.95483e-20 1.75946e-20 7.45581e-21 2.99239e-21 1.13007e-21 3.98461e-22 1.29933e-22 3.86968e-23 1.03364e-23 2.40296e-24 -0.65640 7.10290 0.05706 7.13317 15.61681 -2.40897 0.20933 0
0 0.5496 2 18.3536 35.6247 45.3979 5.70861e-12 4.19577e-12 3.05902e-12 2.21056e-12 1.58197e-12 1.12012e-12 7.8388e-13 5.4157e-13 3.68928e-13 2.47464e-13 1.63181e-13 1.05606e-13 6.69489e-14 4.14891e-14 2.50687e-14 1.473e-14 8.3913e-15 4.61871e-15 2.44679e-15 1.24205e-15 6.00693e-16 2.75009e-16 1.1836e-16 4.74846e-17 1.75874e-17 5.95218e-18 1.82434e-18 5.05577e-19 1.29176e-19 3.25357e-20 9.0693e-21 3.00566e-21 1.11881e-21 4.22958e-22 1.5295e-22 5.15595e-23 1.59613e-23 4.46435e-24 1.10044e-24 2.28433e-25 3.627e-26 3.46405e-27 8.84991e-29 9.30131e-38 2.10641e-67 3.72288e-78 5.58151e-93 4.03266e-113 3.35679e-140 5.52294e-171 7.75458 -4.42269 0.09610 8.92713 8.76169 62.26489 0.62842 0
0 0.9149 3 32.2197 72.6447 60.0133 1.73121e-14 1.02859e-14 6.21513e-15 3.7792e-15 2.29243e-15 1.37845e-15 8.18109e-16 4.77809e-16 2.73973e-16 1.53907e-16 8.45234e-17 4.52745e-17 2.3592e-17 1.19245e-17 5.82704e-18 2.74259e-18 1.23803e-18 5.33392e-19 2.18119e-19 8.4114e-20 3.03584e-20 1.01607e-20 3.11651e-21 8.61529e-22 2.08958e-22 4.22722e-23 6.38005e-24 5.34727e-25 8.01518e-27 3.56557e-91 3.58583e-104 1.36981e-119 6.92902e-138 8.93255e-164 4.07549e-193 5.1902e-229 5.93771e-279 0.0 0.0 0.0 0.0 0.0 0.0 0.0 0.0 0.0 0.0 0.0 0.0 0.0 0.22162 -2.82465 -0.06006 2.83333 5.67999 2.23622 -0.60586 0
0 1.3056 2 17.7794 16.7974 41.3648 1.84046e-12 1.37204e-12 1.01597e-12 7.46764e-13 5.44459e-13 3.93432e-13 2.81531e-13 1.99308e-13 1.39439e-13 9.62956e-14 6.55607e-14 4.39403e-14 2.89425e-14 1.87031e-14 1.18345e-14 7.31656e-15 4.40689e-15 2.5788e-15 1.46135e-15 7.98921e-16 4.19551e-16 2.10568e-16 1.00396e-16 4.51479e-17 1.8985e-17 7.39026e-18 2.63369e-18 8.50201e-19 2.47019e-19 6.49556e-20 1.59924e-20 4.01388e-21 1.15347e-21 3.9125e-22 1.43212e-22 5.15773e-23 1.74598e-23 5.44046e-24 1.53414e-24 3.82192e-25 8.05699e-26 1.31343e-26 1.32723e-27 4.05593e-29 2.17869e-34 1.83355e-65 4.53131e-76 1.23437e-90 2.35437e-110 9.18109e-137 4.45398 7.83507 0.00601 9.01256 16.93141 15.25173 0.02032 0
0 1.2071 2 13.8076 15.1367 37.6901 2.24188e-12 1.72695e-12 1.32568e-12 1.01371e-12 7.71847e-13 5.84954e-13 4.40998e-13 3.30571e-13 2.46252e-13 1.82155e-13 1.33708e-13 9.73253e-14 7.01893e-14 5.00888e-14 3.53394e-14 2.46221e-14 1.69197e-14 1.14462e-14 7.60777e-15 4.95955e-15 3.16391e-15 1.96992e-15 1.19333e-15 7.0072e-16 3.97064e-16 2.1597e-16 1.12047e-16 5.50443e-17 2.53966e-17 1.09082e-17 4.32142e-18 1.56368e-18 5.11027e-19 1.48734e-19 3.79015e-20 8.32009e-21 1.5708e-21 2.69805e-22 5.081e-23 1.27587e-23 3.85596e-24 1.15662e-24 3.16527e-25 7.60142e-26 1.5213e-26 2.27533e-27 1.92484e-28 3.37375e-30 1.41082e-54 3.29813e-63 4.45623 8.02977 0.00901 9.18342 17.11991 15.08758 0.03015 0
0 1.3937 2 16.3657 23.7576 41.3648 3.62809e-12 2.69824e-12 1.99279e-12 1.46058e-12 1.06157e-12 7.64493e-13 5.45018e-13 3.84265e-13 2.67645e-13 1.83938e-13 1.24563e-13 8.29981e-14 5.43241e-14 3.48631e-14 2.18929e-14 1.3421e-14 8.01111e-15 4.64249e-15 2.60325e-15 1.40719e-15 7.30119e-16 3.61782e-16 1.70213e-16 7.55397e-17 3.13811e-17 1.20967e-17 4.28495e-18 1.38102e-18 4.02065e-19 1.06013e-19 2.62173e-20 6.73051e-21 2.01524e-21 7.04356e-22 2.59267e-22 9.2561e-23 3.08794e-23 9.45111e-24 2.60765e-24 6.31592e-25 1.27844e-25 1.94534e-26 1.69816e-27 3.24151e-29 1.53381e-58 3.44746e-67 1.83602e-78 6.50238e-94 8.39375e-115 1.7807e-142 -8.83343 -0.42056 0.00901 8.84344 11.97108 -47.55262 0.04312 0
0 0.4750 1 6.8692 23.4515 10.7224 5.34291e-11 3.95385e-11 2.91113e-11 2.13131e-11 1.55063e-11 1.12039e-11 8.03416e-12 5.71378e-12 4.02734e-12 2.81143e-12 1.94252e-12 1.32761e-12 8.97068e-13 5.99078e-13 3.95366e-13 2.57918e-13 1.66432e-13 1.06373e-13 6.74738e-14 4.25937e-14 2.68489e-14 1.69617e-14 1.07756e-14 6.90032e-15 4.45742e-15 2.90148e-15 1.89821e-15 1.24376e-15 8.13215e-16 5.28851e-16 3.4118e-16 2.17916e-16 1.3759e-16 8.5765e-17 5.27145e-17 3.19073e-17 1.89926e-17 1.11006e-17 6.35971e-18 3.56472e-18 1.95071e-18 1.0397e-18 5.38291e-19 2.69916e-19 1.30642e-19 6.08057e-20 2.70991e-20 1.15081e-20 4.63111e-21 1.75469e-21 1.24322 -5.61658 0.15015 5.75253 3.14360 23.32385 2.73770 0
0 0.3374 2 16.9726 115.7030 45.3979 6.47932e-11 4.84198e-11 3.59493e-11 2.65e-11 1.93811e-11 1.40533e-11 1.00936e-11 7.17442e-12 5.04166e-12 3.49869e-12 2.39433e-12 1.61381e-12 1.06971e-12 6.96061e-13 4.43616e-13 2.76368e-13 1.67892e-13 9.91847e-14 5.68041e-14 3.14108e-14 1.6677e-14 8.46356e-15 4.08015e-15 1.85472e-15 7.88122e-16 3.09964e-16 1.11617e-16 3.64023e-17 1.06515e-17 2.78096e-18 6.52355e-19 1.43115e-19 3.28247e-20 9.09039e-21 3.04195e-21 1.07942e-21 3.69146e-22 1.17018e-22 3.3707e-23 8.62789e-24 1.8895e-24 3.27831e-25 3.75629e-26 1.64508e-27 9.01222e-31 6.38553e-62 6.81896e-72 1.32774e-85 3.39675e-104 3.72034e-129 1.56893 -10.69200 0.10511 10.80650 2.69768 144.40670 2.23288 0
