sky_model/snrs/ctadc_skymodel_gps_sources_snr_1.ecsv
# %ECSV 0.9
# ---
# datatype:
# - {name: Simulation_number, unit: '', datatype: float64, format: '%i', description: Simulation
#     number}
# - {name: n0, unit: 1 / cm3, datatype: float64, format: '%0.4f', description: density}
# - {name: type, unit: '', datatype: float64, format: '%i', description: type of progenitor}
# - {name: age, unit: kyear, datatype: float64, format: '%0.4f', description: age of
#     the SNR}
# - {name: sigma, unit: arcmin, datatype: float64, format: '%0.4f', description: apparent
#     size of the SNR}
# - {name: size_physical, unit: pc, datatype: float64, format: '%0.4f', description: SNR
#     Radius}
# - {name: flux_1_10, unit: 1 / (cm2 s), datatype: float64, format: '%0.5f', description: Integral
#     flux from 1 to 10 TeV}
# - {name: '0.1', unit: 1 / (cm2 s TeV), datatype: float64, description: Differential
#     spectrum}
# - {name: '0.11514', unit: 1 / (cm2 s TeV), datatype: float64, description: Differential
#     spectrum}
# - {name: '0.132571', unit: 1 / (cm2 s TeV), datatype: float64, description: Differential
#     spectrum}
# - {name: '0.152642', unit: 1 / (cm2 s TeV), datatype: float64, description: Differential
#     spectrum}
# - {name: '0.175751', unit: 1 / (cm2 s TeV), datatype: float64, description: Differential
#     spectrum}
# - {name: '0.202359', unit: 1 / (cm2 s TeV), datatype: float64, description: Differential
#     spectrum}
# - {name: '0.232995', unit: 1 / (cm2 s TeV), datatype: float64, description: Differential
#     spectrum}
# - {name: '0.26827', unit: 1 / (cm2 s TeV), datatype: float64, description: Differential
#     spectrum}
# - {name: '0.308884', unit: 1 / (cm2 s TeV), datatype: float64, description: Differential
#     spectrum}
# - {name: '0.355648', unit: 1 / (cm2 s TeV), datatype: float64, description: Differential
#     spectrum}
# - {name: '0.409492', unit: 1 / (cm2 s TeV), datatype: float64, description: Differential
#     spectrum}
# - {name: '0.471487', unit: 1 / (cm2 s TeV), datatype: float64, description: Differential
#     spectrum}
# - {name: '0.542868', unit: 1 / (cm2 s TeV), datatype: float64, description: Differential
#     spectrum}
# - {name: '0.625055', unit: 1 / (cm2 s TeV), datatype: float64, description: Differential
#     spectrum}
# - {name: '0.719686', unit: 1 / (cm2 s TeV), datatype: float64, description: Differential
#     spectrum}
# - {name: '0.828643', unit: 1 / (cm2 s TeV), datatype: float64, description: Differential
#     spectrum}
# - {name: '0.954095', unit: 1 / (cm2 s TeV), datatype: float64, description: Differential
#     spectrum}
# - {name: '1.09854', unit: 1 / (cm2 s TeV), datatype: float64, description: Differential
#     spectrum}
# - {name: '1.26486', unit: 1 / (cm2 s TeV), datatype: float64, description: Differential
#     spectrum}
# - {name: '1.45635', unit: 1 / (cm2 s TeV), datatype: float64, description: Differential
#     spectrum}
# - {name: '1.67683', unit: 1 / (cm2 s TeV), datatype: float64, description: Differential
#     spectrum}
# - {name: '1.9307', unit: 1 / (cm2 s TeV), datatype: float64, description: Differential
#     spectrum}
# - {name: '2.223', unit: 1 / (cm2 s TeV), datatype: float64, description: Differential
#     spectrum}
# - {name: '2.55955', unit: 1 / (cm2 s TeV), datatype: float64, description: Differential
#     spectrum}
[...]
#     from Earth}
# - {name: glon, unit: deg, datatype: float64, format: '%.5f', description: Galactic
#     longitude}
# - {name: glat, unit: deg, datatype: float64, format: '%.5f', description: Galactic
#     latitude}
# - {name: skip, datatype: float64, format: '%.d', description: 'Skip boolean, 1 skip
#     0 keep'}
# meta: !!omap
# - simulation_parameters:
#   - {description: Spectral index, name: alpha, value: 4.1}
#   - {description: Electron to proton ratio, name: Kep, value: 0.01}
#   - {description: CR efficiency, name: xi, value: 0.1}
# - energy_array: [0.1, 0.11514, 0.132571, 0.152642, 0.175751, 0.202359, 0.232995, 0.26827,
#     0.308884, 0.355648, 0.409492, 0.471487, 0.542868, 0.625055, 0.719686, 0.828643,
#     0.954095, 1.09854, 1.26486, 1.45635, 1.67683, 1.9307, 2.223, 2.55955, 2.94705,
#     3.39322, 3.90694, 4.49843, 5.17947, 5.96362, 6.86649, 7.90604, 9.10298, 10.4811,
#     12.0679, 13.895, 15.9986, 18.4207, 21.2095, 24.4205, 28.1177, 32.3746, 37.2759,
#     42.9193, 49.4171, 56.8987, 65.5129, 75.4312, 86.8511, 100.0]
Simulation_number n0 type age sigma size_physical flux_1_10 0.1 0.11514 0.132571 0.152642 0.175751 0.202359 0.232995 0.26827 0.308884 0.355648 0.409492 0.471487 0.542868 0.625055 0.719686 0.828643 0.954095 1.09854 1.26486 1.45635 1.67683 1.9307 2.223 2.55955 2.94705 3.39322 3.90694 4.49843 5.17947 5.96362 6.86649 7.90604 9.10298 10.4811 12.0679 13.895 15.9986 18.4207 21.2095 24.4205 28.1177 32.3746 37.2759 42.9193 49.4171 56.8987 65.5129 75.4312 86.8511 100.0 galactocentric_x galactocentric_y galactocentric_z galactocentric_r distance glon glat skip
[from data line 230]
0 0.8569 2 3.7329 8.7968 14.8658 0.00000 4.34596e-12 3.46648e-12 2.76083e-12 2.19708e-12 1.74684e-12 1.38599e-12 1.09841e-12 8.69343e-13 6.85859e-13 5.4007e-13 4.24442e-13 3.32347e-13 2.5915e-13 2.01379e-13 1.55888e-13 1.20149e-13 9.18372e-14 6.97633e-14 5.26294e-14 3.93969e-14 2.92375e-14 2.14925e-14 1.56381e-14 1.12571e-14 8.01603e-15 5.64762e-15 3.93812e-15 2.71844e-15 1.85724e-15 1.25493e-15 8.37619e-16 5.51403e-16 3.57335e-16 2.27468e-16 1.41872e-16 8.6438e-17 5.12622e-17 2.9467e-17 1.63345e-17 8.67829e-18 4.38586e-18 2.08913e-18 9.27323e-19 3.78216e-19 1.39307e-19 4.53822e-20 1.27766e-20 3.05258e-21 6.31134e-22 1.32014e-22 -8.94903 -1.08984 -0.06006 9.01515 11.61892 -50.37386 -0.29617 0
0 0.1376 1 7.4165 5.1028 14.1309 0.00000 5.68787e-12 4.37584e-12 3.3528e-12 2.55738e-12 1.94095e-12 1.465e-12 1.09905e-12 8.18994e-13 6.05807e-13 4.44481e-13 3.2321e-13 2.32723e-13 1.65765e-13 1.16676e-13 8.10566e-14 5.55083e-14 3.74176e-14 2.479e-14 1.61153e-14 1.0261e-14 6.38746e-15 3.88001e-15 2.29579e-15 1.32127e-15 7.39046e-16 4.01991e-16 2.13233e-16 1.1101e-16 5.73553e-17 2.98748e-17 1.59563e-17 8.83994e-18 5.07993e-18 2.99471e-18 1.78296e-18 1.05736e-18 6.18748e-19 3.553e-19 1.99517e-19 1.09274e-19 5.82225e-20 3.00936e-20 1.50417e-20 7.24456e-21 3.34871e-21 1.4788e-21 6.20656e-22 2.46091e-22 9.15375e-23 3.16733e-23 14.86570 3.39625 0.09961 15.24872 19.03995 51.33152 0.29975 0
0 0.2784 3 13.0678 27.4198 45.3979 0.00000 1.69765e-11 1.26617e-11 9.37222e-12 6.87987e-12 5.00452e-12 3.6042e-12 2.56747e-12 1.80714e-12 1.25534e-12 8.59521e-13 5.79238e-13 3.83597e-13 2.49197e-13 1.58492e-13 9.84711e-14 5.96171e-14 3.50734e-14 1.99874e-14 1.09937e-14 5.81247e-15 2.94011e-15 1.41516e-15 6.44144e-16 2.75277e-16 1.09538e-16 4.02027e-17 1.34675e-17 4.07385e-18 1.10379e-18 2.68694e-19 6.0965e-20 1.4328e-20 4.02867e-21 1.37217e-21 4.98859e-22 1.75444e-22 5.73281e-23 1.70683e-23 4.53459e-24 1.03862e-24 1.91632e-25 2.43774e-26 1.37463e-27 3.81755e-30 7.42709e-62 2.69654e-71 3.46776e-84 8.87858e-102 1.69975e-125 9.66674e-155 11.22550 -6.61113 0.06241 13.02762 11.38348 80.44854 0.31411 0
0 0.1272 3 16.7547 15.8879 54.6819 0.00000 1.47114e-12 9.95474e-13 6.62675e-13 4.33321e-13 2.77864e-13 1.74411e-13 1.06942e-13 6.39128e-14 3.71372e-14 2.09226e-14 1.1394e-14 5.97734e-15 3.00931e-15 1.44788e-15 6.62687e-16 2.87118e-16 1.17168e-16 4.48348e-17 1.60473e-17 5.3883e-18 1.72367e-18 5.46104e-19 1.83056e-19 6.89603e-20 2.91414e-20 1.30373e-20 5.83049e-21 2.52177e-21 1.03803e-21 4.02807e-22 1.4613e-22 4.90881e-23 1.50817e-23 4.16372e-24 1.00345e-24 1.99818e-25 2.91288e-26 2.25518e-27 2.60877e-29 1.94108e-66 2.44693e-77 2.51727e-90 9.57296e-106 4.16751e-127 3.4725e-156 2.44866e-195 7.06036e-239 3.9445e-294 0.0 0.0 -0.00864 15.16330 0.11701 15.16330 23.66359 -0.02092 0.28332 0
0 0.3841 2 10.7088 17.1857 34.3418 0.00000 1.21634e-11 9.64561e-12 7.63718e-12 6.03568e-12 4.76209e-12 3.74821e-12 2.94302e-12 2.30547e-12 1.79998e-12 1.40041e-12 1.08588e-12 8.3876e-13 6.44145e-13 4.92209e-13 3.74054e-13 2.82551e-13 2.11617e-13 1.57055e-13 1.15474e-13 8.40091e-14 6.03893e-14 4.2822e-14 2.98976e-14 2.05116e-14 1.38001e-14 9.08798e-15 5.8486e-15 3.67321e-15 2.24849e-15 1.33935e-15 7.74513e-16 4.33302e-16 2.33442e-16 1.20424e-16 5.90739e-17 2.73282e-17 1.18022e-17 4.69967e-18 1.69931e-18 5.4741e-19 1.53415e-19 3.6313e-20 6.99936e-21 1.05418e-21 1.20901e-22 1.16691e-23 1.52836e-24 3.42512e-25 8.25438e-26 1.69929e-26 0.14031 5.23549 0.28529 5.23737 13.73917 0.58526 1.18980 0
0 0.1199 2 19.1169 56.5241 54.6819 0.00000 2.1195e-11 1.47934e-11 1.01858e-11 6.90979e-12 4.61181e-12 3.02378e-12 1.94431e-12 1.2238e-12 7.52458e-13 4.50906e-13 2.6267e-13 1.48325e-13 8.09316e-14 4.25174e-14 2.14201e-14 1.03024e-14 4.70694e-15 2.03159e-15 8.23509e-16 3.1165e-16 1.09576e-16 3.57504e-17 1.09157e-17 3.21475e-18 9.74615e-19 3.30242e-19 1.2856e-19 5.43743e-20 2.32312e-20 9.59426e-21 3.75274e-21 1.37478e-21 4.67076e-22 1.45428e-22 4.0811e-23 1.005e-23 2.06668e-24 3.18959e-25 2.81102e-26 5.28858e-28 2.41959e-62 7.9479e-73 1.08046e-84 1.32242e-99 3.60027e-120 4.39587e-148 1.4182e-185 1.20601e-225 6.63386e-279 0.0 -4.63656 -13.26580 0.17462 14.05273 6.65139 -135.78751 1.50434 0
0 0.5745 2 5.3734 16.7047 21.5677 0.00000 1.47772e-11 1.17965e-11 9.41009e-12 7.5e-12 5.97327e-12 4.75121e-12 3.77531e-12 2.99654e-12 2.37412e-12 1.87826e-12 1.48376e-12 1.169e-12 9.18996e-13 7.20797e-13 5.63825e-13 4.39179e-13 3.40859e-13 2.63495e-13 2.02777e-13 1.55258e-13 1.17986e-13 8.90158e-14 6.66245e-14 4.94143e-14 3.62729e-14 2.63166e-14 1.88441e-14 1.32985e-14 9.23718e-15 6.30823e-15 4.23195e-15 2.78718e-15 1.80099e-15 1.14056e-15 7.06978e-16 4.27676e-16 2.51565e-16 1.43247e-16 7.85423e-17 4.11994e-17 2.0512e-17 9.59887e-18 4.17126e-18 1.65796e-18 5.91391e-19 1.84833e-19 4.91236e-20 1.07064e-20 1.84527e-21 2.52876e-22 2.86017 -0.09675 -0.08461 2.86181 8.87707 18.79675 -0.54610 0
0 0.4527 2 15.5617 59.1750 45.3979 0.00000 7.15467e-11 5.34206e-11 3.95892e-11 2.90995e-11 2.11978e-11 1.52905e-11 1.0911e-11 7.69433e-12 5.35596e-12 3.67548e-12 2.48308e-12 1.64887e-12 1.07435e-12 6.85531e-13 4.27451e-13 2.59811e-13 1.53514e-13 8.79028e-14 4.86059e-14 2.58502e-14 1.31613e-14 6.38083e-15 2.92782e-15 1.26245e-15 5.07375e-16 1.88282e-16 6.38452e-17 1.95751e-17 5.38688e-18 1.33862e-18 3.14127e-19 7.8266e-20 2.36594e-20 8.42672e-21 3.11676e-21 1.10506e-21 3.63711e-22 1.09195e-22 2.93129e-23 6.8092e-24 1.2841e-24 1.70162e-25 1.062e-26 5.00476e-29 1.66346e-60 9.28535e-70 2.52837e-82 1.74342e-99 1.23421e-122 1.28497e-151 -2.72320 -3.98505 -0.14941 4.82664 5.27474 -31.09635 -1.62321 0
0 2.1281 1 1.9998 2.6227 4.8175 0.00000 2.18999e-11 1.6295e-11 1.2088e-11 8.93812e-12 6.58649e-12 4.83639e-12 3.53849e-12 2.57958e-12 1.87396e-12 1.35688e-12 9.79553e-13 7.05357e-13 5.06892e-13 3.63759e-13 2.60846e-13 1.87025e-13 1.34152e-13 9.63035e-14 6.92005e-14 4.97695e-14 3.58145e-14 2.57723e-14 1.85327e-14 1.33066e-14 9.53209e-15 6.80724e-15 4.84309e-15 3.43073e-15 2.41846e-15 1.69582e-15 1.18226e-15 8.19109e-16 5.63718e-16 3.85169e-16 2.61138e-16 1.75574e-16 1.16987e-16 7.7195e-17 5.04058e-17 3.25415e-17 2.07516e-17 1.30579e-17 8.09857e-18 4.94432e-18 2.96729e-18 1.74782e-18 1.00871e-18 5.69297e-19 3.13532e-19 1.68096e-19 7.56032 1.61629 -0.01680 7.73116 12.62925 36.77228 -0.07623 0
0 1.8175 2 7.4953 18.0264 25.9783 0.00000 2.45135e-11 1.95228e-11 1.55328e-11 1.23446e-11 9.79964e-12 7.76788e-12 6.14849e-12 4.85871e-12 3.8318e-12 3.01595e-12 2.36845e-12 1.85472e-12 1.4484e-12 1.12772e-12 8.74642e-13 6.75576e-13 5.19565e-13 3.97683e-13 3.02743e-13 2.28852e-13 1.71786e-13 1.27937e-13 9.44359e-14 6.90067e-14 4.98468e-14 3.55341e-14 2.49499e-14 1.7216e-14 1.16455e-14 7.70142e-15 4.96535e-15 3.11219e-15 1.89116e-15 1.1112e-15 6.29602e-16 3.42802e-16 1.78591e-16 8.84073e-17 4.12149e-17 1.78972e-17 7.14152e-18 2.57496e-18 8.21664e-19 2.26238e-19 5.22341e-20 9.88641e-21 1.57767e-21 2.65471e-22 6.86757e-23 2.42497e-23 2.83590 0.99398 0.01502 3.00505 9.90849 16.63116 0.08682 0
0 2.1879 2 18.2481 29.7349 41.3648 0.00000 2.16507e-11 1.59256e-11 1.16113e-11 8.38419e-12 5.99015e-12 4.23031e-12 2.94973e-12 2.02833e-12 1.37357e-12 9.1469e-13 5.97979e-13 3.83079e-13 2.3999e-13 1.4669e-13 8.72567e-14 5.03655e-14 2.81187e-14 1.51286e-14 7.81163e-15 3.85279e-15 1.80556e-15 7.99268e-16 3.32062e-16 1.28617e-16 4.6168e-17 1.53137e-17 4.72105e-18 1.38842e-18 4.13632e-19 1.35285e-19 5.01218e-20 1.99548e-20 7.93866e-21 3.01925e-21 1.07504e-21 3.53718e-22 1.06079e-22 2.84336e-23 6.59043e-24 1.23821e-24 1.62818e-25 9.94696e-27 4.16596e-29 1.66497e-62 3.853e-72 1.21093e-84 8.24146e-102 4.77785e-125 5.67723e-156 7.18577e-189 -7.15334 -2.15085 0.02703 7.46970 9.56466 -48.40843 0.16190 0
0 0.5468 3 10.7167 31.9175 37.6901 0.00000 4.90753e-11 3.82952e-11 2.97869e-11 2.30866e-11 1.78234e-11 1.37008e-11 1.04817e-11 7.97709e-12 6.03605e-12 4.53836e-12 3.38852e-12 2.51062e-12 1.84442e-12 1.34238e-12 9.6698e-13 6.88684e-13 4.84323e-13 3.3589e-13 2.29382e-13 1.53989e-13 1.0143e-13 6.53993e-14 4.11747e-14 2.52408e-14 1.50154e-14 8.63437e-15 4.77733e-15 2.52938e-15 1.27306e-15 6.04241e-16 2.67819e-16 1.09529e-16 4.07028e-17 1.34427e-17 3.89263e-18 9.69893e-19 2.03765e-19 3.54445e-20 5.16614e-21 7.28196e-22 1.39306e-22 3.79775e-23 1.09993e-23 2.90899e-24 6.64446e-25 1.22307e-25 1.55583e-26 8.88544e-28 2.82772e-30 2.11467e-55 3.44419 -1.14856 -0.10981 3.63065 8.11900 25.10335 -0.77496 0
0 0.1709 2 10.9156 12.5822 37.6901 0.00000 4.6047e-12 3.62836e-12 2.85225e-12 2.23668e-12 1.74939e-12 1.36374e-12 1.05967e-12 8.20473e-13 6.32381e-13 4.85255e-13 3.70603e-13 2.81312e-13 2.12167e-13 1.58947e-13 1.1821e-13 8.71219e-14 6.35443e-14 4.58524e-14 3.26921e-14 2.29972e-14 1.59325e-14 1.08476e-14 7.23974e-15 4.7166e-15 2.99545e-15 1.8486e-15 1.10488e-15 6.37391e-16 3.5343e-16 1.87951e-16 9.54969e-17 4.61096e-17 2.10027e-17 8.94125e-18 3.5172e-18 1.2607e-18 4.04758e-19 1.13967e-19 2.74213e-20 5.46535e-21 8.72987e-22 1.10207e-22 1.2236e-23 1.81712e-24 4.35769e-25 1.14611e-25 2.68367e-26 5.14628e-27 7.07075e-28 4.88558e-29 14.53770 6.08877 -0.01560 15.76128 20.59556 44.89954 -0.04340 0
0 3.3173 3 9.0077 16.2740 31.2910 0.00000 2.11463e-11 1.66054e-11 1.30065e-11 1.01589e-11 7.91007e-12 6.13793e-12 4.74478e-12 3.65252e-12 2.79875e-12 2.13366e-12 1.61752e-12 1.21867e-12 9.11926e-13 6.77276e-13 4.98842e-13 3.64063e-13 2.6302e-13 1.87903e-13 1.32582e-13 9.22681e-14 6.32379e-14 4.26103e-14 2.81718e-14 1.82351e-14 1.15259e-14 7.09322e-15 4.23578e-15 2.44468e-15 1.35734e-15 7.21022e-16 3.6405e-16 1.73348e-16 7.71081e-17 3.16233e-17 1.17798e-17 3.9119e-18 1.13115e-18 2.76853e-19 5.54453e-20 9.02262e-21 1.24519e-21 1.81518e-22 3.88217e-23 1.07768e-23 2.93442e-24 7.04864e-25 1.40225e-25 2.05541e-26 1.64333e-27 2.32576e-29 -2.61327 4.45899 -0.03240 5.16834 13.21990 -11.40119 -0.14044 0
0 0.6313 1 10.9509 14.0400 12.2385 0.00000 5.3232e-11 3.90713e-11 2.84895e-11 2.06261e-11 1.48191e-11 1.05602e-11 7.46038e-12 5.22288e-12 3.62229e-12 2.48834e-12 1.69318e-12 1.14154e-12 7.63049e-13 5.06205e-13 3.33767e-13 2.19136e-13 1.43576e-13 9.40861e-14 6.17923e-14 4.07317e-14 2.69619e-14 1.79123e-14 1.19255e-14 7.93874e-15 5.27071e-15 3.48123e-15 2.28222e-15 1.48224e-15 9.52208e-16 6.04233e-16 3.78262e-16 2.33316e-16 1.41605e-16 8.44411e-17 4.93922e-17 2.82878e-17 1.58304e-17 8.63675e-18 4.58207e-18 2.35713e-18 1.17196e-18 5.61135e-19 2.5767e-19 1.12945e-19 4.70072e-20 1.84617e-20 6.79274e-21 2.32101e-21 7.28283e-22 2.06608e-22 2.16690 -2.91311 0.10261 3.63066 5.99327 21.19900 0.98100 0
0 1.2085 3 17.8876 34.9297 45.3979 0.00000 1.1567e-11 7.813e-12 5.19105e-12 3.38746e-12 2.16746e-12 1.35733e-12 8.30232e-13 4.94912e-13 2.86816e-13 1.61158e-13 8.75354e-14 4.58129e-14 2.30219e-14 1.10671e-14 5.07041e-15 2.20649e-15 9.10014e-16 3.55929e-16 1.32912e-16 4.82456e-17 1.7614e-17 6.76831e-18 2.82546e-18 1.27115e-18 5.92979e-19 2.75745e-19 1.24559e-19 5.38713e-20 2.21086e-20 8.54531e-21 3.08587e-21 1.03115e-21 3.14848e-22 8.62619e-23 2.05796e-23 4.03613e-24 5.72535e-25 4.16067e-26 3.71719e-28 3.13711e-66 2.36877e-77 2.02594e-90 3.6782e-106 6.00121e-128 1.36897e-157 1.7472e-197 2.46241e-241 1.11219e-297 0.0 0.0 7.85558 -4.24070 0.03000 8.92713 8.93603 61.53343 0.19237 0
0 0.4148 1 15.9605 5.4897 15.4869 0.00000 4.49149e-12 3.28704e-12 2.38738e-12 1.71965e-12 1.22759e-12 8.67844e-13 6.07133e-13 4.20013e-13 2.87127e-13 1.93841e-13 1.29168e-13 8.49299e-14 5.5099e-14 3.52821e-14 2.23187e-14 1.39684e-14 8.66909e-15 5.3511e-15 3.2967e-15 2.03438e-15 1.2612e-15 7.86733e-16 4.93691e-16 3.10997e-16 1.95984e-16 1.23047e-16 7.66563e-17 4.7219e-17 2.86753e-17 1.71269e-17 1.00396e-17 5.76442e-18 3.2351e-18 1.77061e-18 9.42673e-19 4.86817e-19 2.43078e-19 1.16932e-19 5.39695e-20 2.3789e-20 9.96125e-21 3.93823e-21 1.45957e-21 5.02719e-22 1.59158e-22 4.56197e-23 1.15631e-23 2.48532e-24 4.15615e-25 4.40068e-26 -7.45544 9.40620 -0.03000 12.00251 19.39630 -22.60493 -0.08863 0
0 0.2320 4 1.1138 3.8365 12.3418 0.00000 5.20812e-12 4.16735e-12 3.33357e-12 2.66571e-12 2.13088e-12 1.70263e-12 1.35986e-12 1.08553e-12 8.66056e-13 6.90547e-13 5.50207e-13 4.38071e-13 3.485e-13 2.76974e-13 2.1991e-13 1.74412e-13 1.38137e-13 1.09257e-13 8.62866e-14 6.80275e-14 5.35197e-14 4.20161e-14 3.29071e-14 2.5705e-14 2.00199e-14 1.55354e-14 1.20074e-14 9.24001e-15 7.07518e-15 5.38696e-15 4.07511e-15 3.05997e-15 2.27827e-15 1.67978e-15 1.22471e-15 8.81115e-16 6.23281e-16 4.33208e-16 2.95194e-16 1.9676e-16 1.27792e-16 8.08563e-17 4.98632e-17 2.99162e-17 1.74009e-17 9.75772e-18 5.23831e-18 2.66882e-18 1.27655e-18 5.65661e-19 4.97400 13.05170 0.05581 13.96737 22.11831 12.99596 0.14456 0
0 0.4886 3 3.3864 15.3104 19.6516 0.00000 2.23183e-11 1.78416e-11 1.42554e-11 1.13836e-11 9.08469e-12 7.24481e-12 5.77326e-12 4.59643e-12 3.65604e-12 2.90504e-12 2.30541e-12 1.82723e-12 1.44617e-12 1.14259e-12 9.01139e-13 7.09353e-13 5.57063e-13 4.36347e-13 3.40858e-13 2.65465e-13 2.06037e-13 1.59235e-13 1.22528e-13 9.3823e-14 7.14483e-14 5.40719e-14 4.06332e-14 3.02892e-14 2.23707e-14 1.63478e-14 1.18012e-14 8.39987e-15 5.88258e-15 4.04354e-15 2.72071e-15 1.78667e-15 1.1415e-15 7.05812e-16 4.21895e-16 2.43456e-16 1.3517e-16 7.18383e-17 3.62681e-17 1.72216e-17 7.59653e-18 3.06482e-18 1.10903e-18 3.51189e-19 9.44225e-20 2.08549e-20 6.02425 -2.05257 -0.14281 6.36432 8.82504 43.05663 -0.92725 0
0 0.2188 3 9.5123 13.3445 37.6901 0.00000 7.85944e-12 6.20466e-12 4.88845e-12 3.84298e-12 3.01355e-12 2.35679e-12 1.8376e-12 1.42798e-12 1.10565e-12 8.52584e-13 6.54461e-13 4.99924e-13 3.79814e-13 2.86765e-13 2.15073e-13 1.6013e-13 1.18266e-13 8.65196e-14 6.26574e-14 4.48698e-14 3.17334e-14 2.21325e-14 1.51972e-14 1.02529e-14 6.77492e-15 4.37534e-15 2.75293e-15 1.68112e-15 9.91906e-16 5.62488e-16 3.0396e-16 1.55726e-16 7.5123e-17 3.38767e-17 1.41655e-17 5.43721e-18 1.8895e-18 5.83658e-19 1.56555e-19 3.54227e-20 6.5272e-21 9.42591e-22 1.047e-22 1.01949e-23 1.45015e-24 3.44263e-25 8.58883e-26 1.84689e-26 3.09407e-27 3.28806e-28 -3.97259 10.50780 0.16262 11.23367 19.41918 -11.80478 0.47980 0
0 0.0165 2 1.7791 4.7706 6.4350 0.00000 1.45739e-11 1.14939e-11 9.0526e-12 7.11888e-12 5.5884e-12 4.37824e-12 3.42244e-12 2.66856e-12 2.07488e-12 1.60819e-12 1.24209e-12 9.55587e-13 7.3198e-13 5.57997e-13 4.23098e-13 3.18915e-13 2.38811e-13 1.77531e-13 1.30916e-13 9.56826e-14 6.92429e-14 4.95623e-14 3.50462e-14 2.44491e-14 1.68022e-14 1.1356e-14 7.53425e-15 4.89686e-15 3.11091e-15 1.92714e-15 1.16127e-15 6.79122e-16 3.84769e-16 2.11109e-16 1.12423e-16 5.85253e-17 3.0221e-17 1.58402e-17 8.65429e-18 5.01444e-18 3.07194e-18 1.95187e-18 1.25803e-18 8.09824e-19 5.16557e-19 3.25367e-19 2.02036e-19 1.23513e-19 7.42373e-20 4.38025e-20 -0.00464 0.77271 0.17417 0.77273 9.27435 -0.02869 1.07609 0
0 2.1352 2 15.1167 93.3188 37.6901 0.00000 3.61893e-10 2.78061e-10 2.12637e-10 1.6176e-10 1.22351e-10 9.19629e-11 6.86452e-11 5.08505e-11 3.73556e-11 2.71915e-11 1.9593e-11 1.39619e-11 9.82862e-12 6.82602e-12 4.67033e-12 3.14329e-12 2.07748e-12 1.34579e-12 8.52378e-13 5.26447e-13 3.16175e-13 1.84026e-13 1.03395e-13 5.58175e-14 2.87926e-14 1.40976e-14 6.49953e-15 2.79474e-15 1.10834e-15 4.0037e-16 1.30042e-16 3.75389e-17 9.56229e-18 2.16384e-18 4.55536e-19 1.01391e-19 2.77197e-20 9.05585e-21 3.05598e-21 9.73585e-22 2.82352e-22 7.26259e-23 1.59172e-23 2.74122e-24 3.0606e-25 1.23296e-26 3.23691e-30 6.97028e-59 3.10395e-69 2.52737e-83 2.54561 -7.39046 0.00660 7.81659 2.77691 66.44934 0.13619 0
