sky_model/snrs/ctadc_skymodel_gps_sources_snr_2_summary_all.ecsv
# %ECSV 0.9
# ---
# datatype:
# - {name: file, datatype: string}
# - {name: name, datatype: string}
# - {name: spatial_type, datatype: string}
# - {name: ra, datatype: float64}
# - {name: dec, datatype: float64}
# - {name: GLON, datatype: float64}
# - {name: GLAT, datatype: float64}
# - {name: size, datatype: float64}
# - {name: spectral_type, datatype: string}
# - {name: flux_1_10, datatype: float64}
# - {name: distance, unit: kpc, datatype: float64, description: distance}
# - {name: galactocentric_x, unit: kpc, datatype: float64, description: galactocentric_x}
# - {name: galactocentric_y, unit: kpc, datatype: float64, description: galactocentric_x}
# - {name: galactocentric_z, unit: kpc, datatype: float64, description: galactocentric_x}
# - {name: galactocentric_r, unit: kpc, datatype: float64, description: galactocentric_x}
# - {name: age, unit: kyr, datatype: float64, description: age}
# - {name: n0, unit: 1 / cm3, datatype: float64, description: n0 column density}
# - {name: int_flux_above_1TeV_cu, unit: '%', datatype: float64, description: integral
#     flux in crab unit}
# - {name: skip, datatype: int64, description: skip because already known}
# - {name: size_physical, unit: pc, datatype: float64, description: intrinsic physical
#     size}
# - {name: sigma, unit: deg, datatype: float64, description: angular size}
# meta: !!omap
# - {tag: snr}
# - {filename: snrs/ctadc_skymodel_gps_sources_snr_2.xml}
file name spatial_type ra dec GLON GLAT size spectral_type flux_1_10 distance galactocentric_x galactocentric_y galactocentric_z galactocentric_r age n0 int_flux_above_1TeV_cu skip size_physical sigma
[from data line 217]
snr snr_243 RadialShell 264.468331334 -25.5469998484 1.97224615336 3.25024715025 0.52572 NodeFunction 1.04296610208e-16 6.72664 0.23113 -1.78816 0.38138 1.80304 30.4331 0.0479 0.000558474986483 0 61.7448947324 0.525725
snr snr_244 RadialShell 254.020832721 -49.0294444158 338.066056207 -3.60180305348 2.26008 NodeFunction 3.55434811836e-17 2.77251 -1.03359 -5.93326 -0.17417 6.02261 24.9126 0.4256 0.000190323972505 0 109.406169598 2.26008333333
snr snr_245 RadialShell 280.68279552 -7.22749953128 25.5093262674 -1.36565217091 1.05808 NodeFunction 1.39065115971e-17 5.92214 2.54969 -3.1567 -0.14114 4.05779 25.6142 0.41 7.44649213501e-05 0 109.405896846 1.05807833333
snr snr_246 RadialShell 271.623649817 -18.7892276617 11.1655761894 0.991507363584 0.5353 NodeFunction 7.00315478933e-15 9.71827 1.88161 1.03289 0.16817 2.14647 15.0307 0.1086 0.0374996538096 0 90.8308017986 0.535303333333
snr snr_247 RadialShell 265.206133525 -31.5944599633 357.194206224 -0.515712931973 0.47535 NodeFunction 2.43811916885e-17 12.01102 -0.58793 3.49614 -0.10811 3.54523 18.8132 0.5433 0.000130553482721 0 99.6864441925 0.475348333333
snr snr_249 RadialShell 230.951726455 -57.1058538266 322.507406214 -0.142032902997 0.13133 NodeFunction 1.30330173495e-15 14.53756 -8.84839 3.03453 -0.03604 9.35427 29.1954 0.9707 0.00697876390574 0 33.3345189558 0.131328333333
snr snr_250 RadialShell 290.806397889 13.9966765738 48.9797462419 -0.521731134151 0.28758 NodeFunction 1.09603575009e-14 6.26597 4.72734 -4.38765 -0.05706 6.44975 36.2683 2.004 0.0586892085463 0 31.4627198939 0.287583333333
snr snr_251 RadialShell 205.727859481 -62.6245388991 308.809846207 -0.341692593646 0.0577 NodeFunction 7.94245198833e-15 17.62463 -13.7334 2.54582 -0.10511 13.96737 2.7306 0.1791 0.0425292898588 0 17.7568182499 0.0577033333333
snr snr_252 RadialShell 240.636069322 -52.219556128 329.91225622 0.344956997787 0.05325 NodeFunction 9.31782574728e-15 12.96851 -6.50133 2.72091 0.07808 7.04774 2.6091 1.1871 0.0498939763995 0 12.0585394809 0.053255
snr snr_253 RadialShell 264.734684574 -30.8728954811 357.591036213 0.209327074086 0.08123 NodeFunction 4.49200269371e-15 15.61681 -0.6564 7.1029 0.05706 7.13317 13.8636 1.683 0.0240532375755 0 22.1493981454 0.0812316666667
snr snr_254 RadialShell 296.627611009 26.1655318778 62.2648961829 0.628419548526 0.59374 NodeFunction 2.61041218605e-15 8.76169 7.75458 -4.42269 0.0961 8.92713 18.3536 0.5496 0.0139779222682 0 90.8305801232 0.593745
snr snr_256 RadialShell 274.570905418 -15.6720567709 15.2517362155 0.0203174805382 0.27996 NodeFunction 1.80057060206e-15 16.93141 4.45398 7.83507 0.00601 9.01256 17.7794 1.3056 0.00964147962856 0 82.7614669032 0.279956666667
snr snr_257 RadialShell 274.481093696 -15.8119475505 15.0875862152 0.0301474755889 0.25228 NodeFunction 8.2384571813e-15 17.11991 4.45623 8.02977 0.00901 9.18342 13.8076 1.2071 0.0441143029845 0 75.4094320338 0.252278333333
snr snr_258 RadialShell 213.015349752 -61.3302228134 312.447386217 0.0431173089323 0.39596 NodeFunction 2.81830916461e-15 11.97108 -8.83343 -0.42056 0.00901 8.84344 16.3657 1.3937 0.0150911440887 0 82.7616018905 0.39596
snr snr_259 RadialShell 275.996762812 -7.27297725294 23.3238561172 2.73769774859 0.39086 NodeFunction 6.39209165464e-14 3.1436 1.24322 -5.61658 0.15015 5.75253 6.8692 0.475 0.34227606183 0 21.4531414014 0.390858333333
snr snr_260 RadialShell 56.0756609241 57.7084795691 144.406706183 2.23288293314 1.92838 NodeFunction 4.54780009361e-14 2.69768 1.56893 -10.692 0.10511 10.8065 16.9726 0.3374 0.243520148042 0 90.8297336906 1.92838333333
snr snr_261 RadialShell 276.984943311 -11.13806109 20.3571462136 0.0739576445883 0.4681 NodeFunction 1.64626068122e-13 6.97955 2.42798 -1.95638 0.00901 3.11809 8.3554 2.0311 0.881519936131 0 57.0442467232 0.468101666667
snr snr_262 RadialShell 299.172331333 30.3853345231 67.0372461703 0.859329801623 0.08706 NodeFunction 1.40019057022e-14 6.40744 5.89904 -6.00053 0.0961 8.41457 1.1651 0.6215 0.0749757262694 0 9.73955548644 0.0870583333333
snr snr_263 RadialShell 251.604285212 -45.1068415609 340.042486216 0.165126943379 0.34994 NodeFunction 6.53809965177e-16 13.54537 -4.62333 4.23186 0.03904 6.26768 20.4313 2.7222 0.00350094323043 0 82.7615659404 0.34994
snr snr_264 RadialShell 69.6622414608 53.5477692146 152.844056184 4.43039302771 2.3072 NodeFunction 9.54042674094e-14 2.25474 1.02602 -10.5002 0.17417 10.55021 15.288 0.2316 0.510859335176 0 90.8292967949 2.3072
snr snr_266 RadialShell 163.446328524 -59.7804607479 288.621136207 -0.218441876092 0.51776 NodeFunction 2.2967922755e-16 11.02724 -10.4499 -4.97893 -0.04204 11.57541 18.3487 0.4413 0.00122985879642 0 99.686916748 0.517758333333
snr snr_267 RadialShell 274.892925282 -12.3526792428 18.3245261734 1.31472757696 0.15213 NodeFunction 1.70085077208e-15 12.17205 3.82587 3.05178 0.27928 4.89394 16.924 0.3772 0.00910751183623 0 32.3319834684 0.152133333333
snr snr_268 RadialShell 267.388141753 -24.5183239274 4.23531618355 1.53434719616 0.16641 NodeFunction 8.12325892088e-14 4.03746 0.29807 -4.47501 0.10811 4.48493 0.89 0.7387 0.434974531482 0 11.731267597 0.166415
snr snr_269 RadialShell 286.499458428 13.9589194873 47.0046160615 3.16210876868 0.47575 NodeFunction 2.7538854639e-15 5.00852 3.6577 -5.08969 0.27628 6.26767 31.287 0.3675 0.0147461757785 0 41.6036014415 0.475748333333
snr snr_270 RadialShell 139.657998362 -50.3819482453 272.225306184 -0.647821118671 1.3435 NodeFunction 1.19628009408e-16 4.24968 -4.2462 -8.335 -0.04805 9.35427 23.0816 0.8691 0.000640569725171 0 99.6866637654 1.34349666667
snr snr_271 RadialShell 283.619576807 1.86769459753 34.9406762085 0.175388211096 0.12753 NodeFunction 8.96177896881e-15 17.65786 10.1131 5.97488 0.05405 11.74623 5.1901 0.3942 0.0479874597889 0 39.3182942261 0.12753
snr snr_273 RadialShell 221.862763598 -58.7398674917 317.505956233 0.809867191548 0.6972 NodeFunction 1.19513074198e-14 6.79874 -4.59218 -3.48747 0.0961 5.76633 15.5903 1.0156 0.0639954283885 0 82.7616256355 0.697198333333
snr snr_274 RadialShell 275.678076325 -10.0210890748 20.7452661567 1.73145765784 0.75859 NodeFunction 8.1446123994e-15 6.85772 2.42799 -2.08983 0.20721 3.20352 13.2513 0.2288 0.0436117941954 0 90.8307729657 0.758593333333
snr snr_275 RadialShell 277.574307521 -4.08640569453 26.8791461074 2.82451788115 0.33605 NodeFunction 1.70819198902e-15 7.19104 3.24719 -2.09366 0.35435 3.86363 28.5906 0.2857 0.00914682170472 0 42.1929454003 0.33605
snr snr_276 RadialShell 292.277897609 10.8529818888 46.8924963762 -3.27787123678 0.41885 NodeFunction 5.80872938147e-14 8.56073 6.23973 -2.65943 -0.48949 6.78283 9.5143 0.2664 0.311038878093 0 62.6061525728 0.418853333333
snr snr_277 RadialShell 278.209605338 -10.7393418989 21.2675062441 -0.806982324154 0.13003 NodeFunction 2.50411439427e-15 12.36673 4.48525 3.02338 -0.17417 5.40909 12.6805 0.4272 0.0134087315945 0 28.076841319 0.130031666667
snr snr_278 RadialShell 277.019792562 -10.7940343612 20.6776362092 0.203617655524 0.09448 NodeFunction 1.03702515462e-14 12.6749 4.4756 3.35833 0.04505 5.59548 15.3845 2.7705 0.0555293799151 0 20.9098851967 0.094485
snr snr_279 RadialShell 277.025672333 -11.7823120037 19.8053162249 -0.260912374068 0.39443 NodeFunction 1.95687388838e-17 13.18924 4.4688 3.90896 -0.06006 5.93718 19.3489 2.082 0.000104784337303 0 90.8305857468 0.394428333333
snr snr_280 RadialShell 149.4319646 -55.8647031988 280.238756177 -0.843791504287 1.07685 NodeFunction 2.57963912289e-17 5.30195 -5.21695 -7.55768 -0.07808 9.18341 20.403 0.646 0.000138131423583 0 99.6866716722 1.076855
snr snr_282 RadialShell 254.809946912 -43.1948617426 342.978866217 -0.401713054572 0.13604 NodeFunction 1.60661747345e-15 13.70629 -4.01207 4.60559 -0.0961 6.10804 27.7291 0.9852 0.00860292266431 0 32.5559804553 0.13604
snr snr_283 RadialShell 277.876382744 -12.3370696561 19.6993162582 -1.25521237762 0.70321 NodeFunction 8.00267876606e-17 8.91069 3.00293 -0.11282 -0.1952 3.00505 22.8271 0.2054 0.000428517849889 0 109.405867058 0.70321
snr snr_285 RadialShell 348.314241524 60.8924969337 111.273366205 0.262711985738 0.30079 NodeFunction 1.25634218807e-14 5.2396 4.88252 -10.401 0.02402 11.48999 12.9163 0.4907 0.0672731055306 0 27.5171442263 0.300788333333
snr snr_286 RadialShell 286.164456225 5.75819648686 39.56148623 -0.303701583393 0.55777 NodeFunction 1.38935448444e-15 8.49822 5.41249 -1.94846 -0.04505 5.75253 20.635 2.7272 0.00743954885371 0 82.7615581759 0.557771666667
snr snr_287 RadialShell 291.510502395 16.6281078528 51.6188862097 0.126818997761 0.13228 NodeFunction 6.34529835962e-16 18.99359 14.889 3.29289 0.04204 15.24879 25.0948 0.1807 0.00339770430559 0 43.8683153211 0.132281666667
snr snr_288 RadialShell 265.292880228 -24.8739825021 2.9398861562 2.97473716934 0.18894 NodeFunction 9.33664036111e-18 9.89512 0.50682 1.36878 0.51351 1.4596 5.7652 0.0207 4.99947226384e-05 0 32.6429361651 0.18894
snr snr_289 RadialShell 280.496485457 -1.10698425315 30.8685561507 1.59751803958 1.52007 NodeFunction 2.58667310564e-19 4.52416 2.32031 -4.61821 0.12613 5.16834 32.9704 0.5923 1.38508070859e-06 0 120.072853194 1.52006666667
snr snr_290 RadialShell 137.947145651 -46.6724553809 268.766916272 1.10789905496 1.15868 NodeFunction 2.1116565907e-13 3.72748 -3.72592 -8.5802 0.07207 9.35427 12.9438 0.6615 1.13072455912 0 75.4091978903 1.15868333333
snr snr_291 RadialShell 188.371971999 -62.8607630291 300.886586214 -0.0603223458998 0.41899 NodeFunction 9.99875874802e-14 8.55794 -7.34429 -4.10687 -0.00901 8.41457 10.7203 1.6688 0.535401548096 0 62.6061697593 0.41899
snr snr_295 RadialShell 245.525605693 -47.0058124667 335.788096225 1.97969695465 0.93316 NodeFunction 8.87899114446e-13 1.82552 -0.74822 -6.83606 0.06306 6.87689 3.5523 1.632 4.75441574707 0 29.743042921 0.933156666667
snr snr_296 RadialShell 141.403295921 -50.0821954572 272.806536233 0.35136885253 0.17725 NodeFunction 1.01230739402e-13 3.91747 -3.9127 -8.30819 0.02402 9.18342 2.5853 1.1329 0.542058228992 0 12.123727394 0.17725
snr snr_297 RadialShell 287.461511616 9.74973256309 43.6966461975 0.392038609284 0.74083 NodeFunction 8.63006710721e-17 7.02215 4.85107 -3.42305 0.04805 5.93718 21.411 2.5457 0.000462112488741 0 90.8307504534 0.74083
snr snr_298 RadialShell 239.081471801 -53.0333371743 328.66620622 0.341397011012 0.32718 NodeFunction 7.45830962031e-18 19.15159 -9.95909 7.85808 0.11411 12.68593 19.3371 0.2217 3.99368623399e-05 0 109.405775217 0.327183333333
snr snr_299 RadialShell 283.920440297 1.07329652025 34.3709562356 -0.454651813462 0.3719 NodeFunction 1.72881680333e-13 6.05513 3.41831 -3.50225 -0.04805 4.89393 4.818 2.666 0.925726098812 0 39.3183999129 0.371901666667
snr snr_300 RadialShell 271.869664751 -19.2050890353 10.9156362005 0.58580735686 0.29127 NodeFunction 3.19016771178e-14 13.51098 2.55835 4.76583 0.13814 5.40909 10.3135 0.5204 0.17082327663 0 68.7103049657 0.291266666667
snr snr_301 RadialShell 258.449414754 -38.7393707803 348.189466216 0.0882069687967 0.09471 NodeFunction 7.07594507571e-16 19.50464 -3.99213 10.5917 0.03003 11.31906 19.4231 0.5042 0.00378894225098 0 32.2535865738 0.09471
snr snr_302 RadialShell 248.081405518 -43.5849610604 339.50220622 3.05806694387 0.68072 NodeFunction 1.03159986901e-15 8.38733 -2.93282 -0.6549 0.44745 3.00505 16.5263 0.1629 0.00552388732244 0 99.6865304269 0.68072
snr snr_303 RadialShell 268.420753056 -22.3800772476 6.55868617412 1.80989724783 0.21729 NodeFunction 7.32378644267e-15 10.36388 1.18318 1.79092 0.32733 2.14646 5.6776 0.0822 0.0392165337533 0 39.3184475249 0.217285
snr snr_305 RadialShell 41.2945021439 60.9870227908 136.286976192 1.09938278212 0.65668 NodeFunction 1.41543470487e-14 3.13031 2.16279 -10.7622 0.06006 10.97737 24.3024 0.4635 0.0757920009187 0 35.8909850102 0.65668
snr snr_306 RadialShell 281.666492032 -4.85311042212 28.0690662613 -1.15251207263 0.11217 NodeFunction 3.66011484542e-14 6.41994 3.0202 -2.83631 -0.12913 4.14322 1.8901 0.4798 0.195987442425 0 12.5737503752 0.112173333333
snr snr_307 RadialShell 283.734625334 2.04417481228 35.1501762094 0.153568220171 0.4501 NodeFunction 4.29244875761e-13 2.24083 1.29009 -6.6678 0.00601 6.79146 10.5011 3.0368 2.29846900787 0 17.6102442155 0.450103333333
snr snr_309 RadialShell 107.334041502 -5.8367814019 220.166366276 1.3008715557 0.53538 NodeFunction 1.61398199709e-13 2.11642 -1.36476 -10.1169 0.04805 10.20854 6.5216 0.6429 0.864235733272 0 19.7836712976 0.535378333333
snr snr_310 RadialShell 268.973614222 -27.8547733382 2.0858862431 -1.38730284754 0.58982 NodeFunction 1.14159875567e-18 11.65945 0.42425 3.14831 -0.28228 3.17677 26.6096 0.2135 6.11289617535e-06 0 120.072693491 0.589823333333
snr snr_311 RadialShell 289.676810122 5.3638186219 40.8267463821 -3.58663152526 0.27254 NodeFunction 5.87611753297e-16 10.03281 6.54634 -0.92314 -0.62763 6.61111 35.3144 0.2353 0.00314647298053 0 47.7413200182 0.272538333333
snr snr_312 RadialShell 273.173410238 -17.7663711548 12.7727062105 0.198337408016 0.08222 NodeFunction 7.97415311232e-15 13.01251 2.87684 4.19044 0.04505 5.08291 2.1719 2.8164 0.0426990392376 0 18.6794971425 0.0822166666667
snr snr_313 RadialShell 113.089598932 -20.7472873559 235.951416176 -0.785959218791 0.41813 NodeFunction 4.31913848939e-16 7.00553 -5.80398 -12.422 -0.0961 13.71103 38.6129 0.1994 0.00231276050552 0 51.1444245013 0.418131666667
snr snr_314 RadialShell 160.708986712 -58.6178116546 286.843966224 0.178048199641 0.19268 NodeFunction 1.44341368792e-16 15.4613 -14.7979 -4.01986 0.04805 15.33418 37.5345 0.1731 0.000772901859652 0 52.0143442148 0.192678333333
snr snr_315 RadialShell 231.264674611 -57.2410429603 322.57449621 -0.348322904116 0.62452 NodeFunction 1.53180977433e-14 6.91562 -4.20275 -3.0081 -0.04204 5.16834 15.2897 2.9439 0.0820235136413 0 75.409147311 0.624523333333
snr snr_317 RadialShell 276.062596075 -12.5655928254 18.6733762094 0.206527588352 0.39028 NodeFunction 9.02470935978e-18 13.32936 4.26767 4.12761 0.04805 5.93719 22.6451 2.5457 4.83244319031e-05 0 90.8304964435 0.390281666667
snr snr_318 RadialShell 269.067184019 -26.5092688159 3.29090623217 -0.782512823532 0.52483 NodeFunction 6.71825388509e-18 8.13586 0.467 -0.37832 -0.11111 0.60101 28.7856 0.0166 3.59741005981e-05 0 74.5536853374 0.524833333333
snr snr_320 RadialShell 257.517590742 -36.8324302889 349.295266202 1.80757697699 0.34896 NodeFunction 1.12056844635e-14 6.85463 -1.2726 -1.76801 0.21622 2.17839 16.5673 0.0997 0.0600028559587 0 41.7643742863 0.348961666667
snr snr_321 RadialShell 249.400757594 -46.0237245339 338.335996218 0.720346945876 0.40203 NodeFunction 1.01210691942e-13 7.40469 -2.73332 -1.61889 0.09309 3.17677 7.415 0.6031 0.541950881257 0 51.9768053114 0.40203
snr snr_322 RadialShell 277.64846157 -11.0307368517 20.7543562317 -0.453042341846 0.56859 NodeFunction 2.21900073544e-14 7.59591 2.69162 -1.39722 -0.06006 3.03266 11.871 1.0773 0.118820391503 0 75.4092358731 0.568591666667
snr snr_323 RadialShell 258.87536379 -41.0187847407 346.529496224 -1.50792304138 0.36045 NodeFunction 3.12949279029e-14 11.98231 -2.79025 3.14864 -0.31532 4.20707 10.0314 0.3274 0.167574328664 0 75.40910669 0.360445
snr snr_324 RadialShell 281.791552057 -4.61157451532 28.3409162615 -1.15330206194 0.42422 NodeFunction 8.80799124087e-14 14.77064 7.01045 4.49758 -0.2973 8.32914 11.0287 0.2434 0.471639756976 0 109.405665205 0.424225
snr snr_325 RadialShell 258.047347143 -40.1688670616 346.850366219 -0.500583039612 0.46538 NodeFunction 4.04457848576e-14 9.28056 -2.1112 0.53687 -0.08108 2.17839 11.6603 0.3074 0.216574240588 0 75.4092431792 0.465378333333
snr snr_326 RadialShell 272.072430187 -19.3123282273 10.9149262063 0.366397356842 0.30395 NodeFunction 2.53691612595e-16 18.78385 3.55667 9.94366 0.12012 10.5606 17.8725 0.3159 0.00135843743754 0 99.686365303 0.303953333333
snr snr_327 RadialShell 280.046685045 -5.02403768613 27.1794762082 0.204787892732 0.37753 NodeFunction 1.39483442344e-17 15.12296 6.90781 4.953 0.05405 8.5 21.5396 1.1112 7.46889217419e-05 0 99.6864993667 0.377533333333
