sky_model/snrs/ctadc_skymodel_gps_sources_snr_2.ecsv
# %ECSV 0.9
# ---
# datatype:
# - {name: Simulation_number, unit: '', datatype: float64, format: '%i', description: Simulation_number}
# - {name: n0, unit: 1 / cm3, datatype: float64, format: '%0.4f', description: density}
# - {name: type, unit: '', datatype: float64, format: '%i', description: type of progenitor}
# - {name: age, unit: kyear, datatype: float64, format: '%0.4f', description: age of
#     the SNR}
# - {name: size, unit: arcmin, datatype: float64, format: '%0.4f', description: apparent
#     size of the SNR}
# - {name: size_physical, unit: pc, datatype: float64, format: '%0.4f', description: SNR
#     Radius}
# - {name: '0.1', unit: 'TeV^{-1}cm^{-2}s^{-1}', datatype: float64, description: Differential
#     spectrum}
# - {name: '0.11514', unit: 'TeV^{-1}cm^{-2}s^{-1}', datatype: float64, description: Differential
#     spectrum}
# - {name: '0.132571', unit: 'TeV^{-1}cm^{-2}s^{-1}', datatype: float64, description: Differential
#     spectrum}
# - {name: '0.152642', unit: 'TeV^{-1}cm^{-2}s^{-1}', datatype: float64, description: Differential
#     spectrum}
# - {name: '0.175751', unit: 'TeV^{-1}cm^{-2}s^{-1}', datatype: float64, description: Differential
#     spectrum}
# - {name: '0.202359', unit: 'TeV^{-1}cm^{-2}s^{-1}', datatype: float64, description: Differential
#     spectrum}
# - {name: '0.232995', unit: 'TeV^{-1}cm^{-2}s^{-1}', datatype: float64, description: Differential
#     spectrum}
# - {name: '0.26827', unit: 'TeV^{-1}cm^{-2}s^{-1}', datatype: float64, description: Differential
#     spectrum}
# - {name: '0.308884', unit: 'TeV^{-1}cm^{-2}s^{-1}', datatype: float64, description: Differential
#     spectrum}
# - {name: '0.355648', unit: 'TeV^{-1}cm^{-2}s^{-1}', datatype: float64, description: Differential
#     spectrum}
# - {name: '0.409492', unit: 'TeV^{-1}cm^{-2}s^{-1}', datatype: float64, description: Differential
#     spectrum}
# - {name: '0.471487', unit: 'TeV^{-1}cm^{-2}s^{-1}', datatype: float64, description: Differential
#     spectrum}
# - {name: '0.542868', unit: 'TeV^{-1}cm^{-2}s^{-1}', datatype: float64, description: Differential
#     spectrum}
# - {name: '0.625055', unit: 'TeV^{-1}cm^{-2}s^{-1}', datatype: float64, description: Differential
#     spectrum}
# - {name: '0.719686', unit: 'TeV^{-1}cm^{-2}s^{-1}', datatype: float64, description: Differential
#     spectrum}
# - {name: '0.828643', unit: 'TeV^{-1}cm^{-2}s^{-1}', datatype: float64, description: Differential
#     spectrum}
# - {name: '0.954095', unit: 'TeV^{-1}cm^{-2}s^{-1}', datatype: float64, description: Differential
#     spectrum}
# - {name: '1.09854', unit: 'TeV^{-1}cm^{-2}s^{-1}', datatype: float64, description: Differential
#     spectrum}
# - {name: '1.26486', unit: 'TeV^{-1}cm^{-2}s^{-1}', datatype: float64, description: Differential
#     spectrum}
# - {name: '1.45635', unit: 'TeV^{-1}cm^{-2}s^{-1}', datatype: float64, description: Differential
#     spectrum}
# - {name: '1.67683', unit: 'TeV^{-1}cm^{-2}s^{-1}', datatype: float64, description: Differential
#     spectrum}
# - {name: '1.9307', unit: 'TeV^{-1}cm^{-2}s^{-1}', datatype: float64, description: Differential
#     spectrum}
# - {name: '2.223', unit: 'TeV^{-1}cm^{-2}s^{-1}', datatype: float64, description: Differential
#     spectrum}
[...]
#     radius in the xy plan}
# - {name: distance, unit: kpc, datatype: float64, format: '%.5f', description: Distance
#     from Earth}
# - {name: glon, unit: deg, datatype: float64, format: '%.5f', description: Galactic
#     longitude}
# - {name: glat, unit: deg, datatype: float64, format: '%.5f', description: Galactic
#     latitude}
# meta: !!omap
# - simulation_parameters:
#   - {description: Spectral index, name: alpha, value: 4.1}
#   - {description: Electron to proton ratio, name: Kep, value: 0.01}
#   - {description: CR efficiency, name: xi, value: 0.1}
# - energy_array: [0.1, 0.11514, 0.132571, 0.152642, 0.175751, 0.202359, 0.232995, 0.26827,
#     0.308884, 0.355648, 0.409492, 0.471487, 0.542868, 0.625055, 0.719686, 0.828643,
#     0.954095, 1.09854, 1.26486, 1.45635, 1.67683, 1.9307, 2.223, 2.55955, 2.94705,
#     3.39322, 3.90694, 4.49843, 5.17947, 5.96362, 6.86649, 7.90604, 9.10298, 10.4811,
#     12.0679, 13.895, 15.9986, 18.4207, 21.2095, 24.4205, 28.1177, 32.3746, 37.2759,
#     42.9193, 49.4171, 56.8987, 65.5129, 75.4312, 86.8511, 100.0]
Simulation_number n0 type age size size_physical 0.1 0.11514 0.132571 0.152642 0.175751 0.202359 0.232995 0.26827 0.308884 0.355648 0.409492 0.471487 0.542868 0.625055 0.719686 0.828643 0.954095 1.09854 1.26486 1.45635 1.67683 1.9307 2.223 2.55955 2.94705 3.39322 3.90694 4.49843 5.17947 5.96362 6.86649 7.90604 9.10298 10.4811 12.0679 13.895 15.9986 18.4207 21.2095 24.4205 28.1177 32.3746 37.2759 42.9193 49.4171 56.8987 65.5129 75.4312 86.8511 100.0 galactocentric_x galactocentric_y galactocentric_z galactocentric_r distance glon glat
0 3.1222 1 8.7584 3.7761 8.1370 5.05098e-12 3.63147e-12 2.60555e-12 1.86579e-12 1.33361e-12 9.51632e-13 6.78048e-13 4.82481e-13 3.4292e-13 2.43468e-13 1.72676e-13 1.22329e-13 8.65462e-14 6.11313e-14 4.30928e-14 3.03018e-14 2.12438e-14 1.4841e-14 1.03259e-14 7.15153e-15 4.92776e-15 3.37645e-15 2.29939e-15 1.55554e-15 1.04478e-15 6.96298e-16 4.60163e-16 3.01355e-16 1.9542e-16 1.25379e-16 7.95162e-17 4.98001e-17 3.07662e-17 1.87267e-17 1.12153e-17 6.599e-18 3.80846e-18 2.15193e-18 1.18802e-18 6.39356e-19 3.34562e-19 1.69738e-19 8.32236e-20 3.92919e-20 1.77896e-20 7.688e-21 3.15453e-21 1.22145e-21 4.43112e-22 1.49312e-22 1.65425 6.22328 0.02102 6.43939 14.81594 6.41064 0.08129
0 0.0241 2 2.1385 4.2357 7.7510 2.16929e-12 1.69611e-12 1.32466e-12 1.03322e-12 8.04685e-13 6.25622e-13 4.85453e-13 3.75853e-13 2.9027e-13 2.23545e-13 1.71618e-13 1.3129e-13 1.00046e-13 7.59043e-14 5.7309e-14 4.3036e-14 3.21243e-14 2.38198e-14 1.75317e-14 1.27979e-14 9.25719e-15 6.62832e-15 4.69259e-15 3.28054e-15 2.26138e-15 1.53456e-15 1.02322e-15 6.68992e-16 4.2786e-16 2.66959e-16 1.62008e-16 9.53072e-17 5.41552e-17 2.96128e-17 1.55314e-17 7.79875e-18 3.75542e-18 1.75015e-18 8.06973e-19 3.8232e-19 1.93997e-19 1.07524e-19 6.38498e-20 3.91546e-20 2.41118e-20 1.47018e-20 8.82983e-21 5.21226e-21 3.01902e-21 1.7128e-21 10.06780 -1.05684 -1.24024 10.12312 12.58171 53.52435 -5.65711
0 0.1814 2 27.4709 46.2462 65.8645 2.96038e-14 1.40592e-14 6.51089e-15 2.97115e-15 1.35885e-15 6.36879e-16 3.12464e-16 1.62082e-16 8.8297e-17 4.96035e-17 2.81711e-17 1.59273e-17 8.8755e-18 4.84492e-18 2.58013e-18 1.33603e-18 6.70524e-19 3.25033e-19 1.5159e-19 6.77228e-20 2.88363e-20 1.16355e-20 4.41944e-21 1.56764e-21 5.14292e-22 1.54076e-22 4.13818e-23 9.66157e-24 1.84639e-24 2.51783e-25 1.66972e-26 9.50205e-29 2.01265e-85 1.06137e-97 2.58165e-112 6.13673e-133 2.402e-156 3.99228e-185 4.36927e-225 1.45788e-279 0.0 0.0 0.0 0.0 0.0 0.0 0.0 0.0 0.0 0.0 0.60416 1.27350 -0.02102 1.40954 9.79218 3.53733 -0.12300
0 0.2799 3 36.4128 26.9418 72.2862 4.36122e-16 2.63601e-16 1.5688e-16 9.17999e-17 5.27334e-17 2.96847e-17 1.63427e-17 8.77997e-18 4.59144e-18 2.33056e-18 1.14454e-18 5.41849e-19 2.46263e-19 1.0694e-19 4.41309e-20 1.71982e-20 6.283e-21 2.13276e-21 6.65151e-22 1.87654e-22 4.67367e-23 9.82635e-24 1.584e-24 1.52933e-25 3.70486e-27 1.15968e-106 5.81461e-120 2.05698e-136 9.04499e-158 1.22882e-180 2.05358e-213 8.69669e-254 9.57566e-299 0.0 0.0 0.0 0.0 0.0 0.0 0.0 0.0 0.0 0.0 0.0 0.0 0.0 0.0 0.0 0.0 0.0 9.92393 7.05028 0.09309 12.17337 18.44734 32.54534 0.28914
0 0.0117 2 25.3055 48.2667 60.0133 1.36339e-13 7.52452e-14 4.0172e-14 2.06886e-14 1.02436e-14 4.86208e-15 2.20692e-15 9.55242e-16 3.93758e-16 1.55133e-16 5.90787e-17 2.22782e-17 8.61618e-18 3.58095e-18 1.64238e-18 8.16355e-19 4.21862e-19 2.18697e-19 1.11349e-19 5.50685e-20 2.62876e-20 1.20537e-20 5.28341e-21 2.202e-21 8.67306e-22 3.2054e-22 1.10213e-22 3.4879e-23 1.00125e-23 2.54951e-24 5.53405e-25 9.42961e-26 1.03155e-26 3.83041e-28 2.8243e-32 5.30154e-83 2.21274e-95 9.88319e-113 1.1014e-131 4.46664e-156 8.67778e-190 1.30224e-235 3.99079e-297 0.0 0.0 0.0 0.0 0.0 0.0 0.0 -0.42765 0.03749 -0.09910 0.42929 8.54877 -2.86761 -0.66420
0 0.7246 2 30.1342 35.4940 60.0133 1.48403e-14 7.33752e-15 3.66233e-15 1.87406e-15 9.9467e-16 5.49048e-16 3.12934e-16 1.81778e-16 1.06169e-16 6.16773e-17 3.53711e-17 1.99248e-17 1.09856e-17 5.91128e-18 3.09571e-18 1.57319e-18 7.73257e-19 3.66261e-19 1.66481e-19 7.22737e-20 2.98035e-20 1.16009e-20 4.23099e-21 1.43301e-21 4.45651e-22 1.25271e-22 3.10503e-23 6.48449e-24 1.03484e-24 9.83747e-26 2.33018e-27 7.92175e-83 1.95555e-95 2.04973e-108 2.25845e-126 5.47051e-151 4.82028e-176 4.39679e-211 2.62148e-259 0.0 0.0 0.0 0.0 0.0 0.0 0.0 0.0 0.0 0.0 0.0 7.00476 0.77712 0.10511 7.04774 11.62509 37.05490 0.51803
0 0.4687 3 17.4565 59.6107 49.8241 4.93719e-12 3.23924e-12 2.08661e-12 1.31745e-12 8.13794e-13 4.90783e-13 2.88324e-13 1.64592e-13 9.1052e-14 4.86656e-14 2.50489e-14 1.23728e-14 5.84322e-15 2.62875e-15 1.12291e-15 4.54569e-16 1.74603e-16 6.41377e-17 2.29852e-17 8.33642e-18 3.20554e-18 1.34505e-18 6.08011e-19 2.84271e-19 1.32273e-19 5.97821e-20 2.58953e-20 1.06608e-20 4.14196e-21 1.50729e-21 5.09192e-22 1.57881e-22 4.42267e-23 1.09174e-23 2.26867e-24 3.59986e-25 3.41035e-26 8.27943e-28 3.75487e-65 4.11506e-75 1.24715e-88 6.45822e-103 1.58876e-122 2.02838e-149 8.46687e-186 1.96812e-231 3.75432e-282 0.0 0.0 0.0 -3.47076 -3.92223 -0.15015 5.23737 5.74671 -37.16857 -1.49719
0 0.2273 1 36.3683 12.6053 24.3106 1.62873e-12 1.14357e-12 7.94145e-13 5.44966e-13 3.69163e-13 2.46478e-13 1.62039e-13 1.04777e-13 6.65082e-14 4.13828e-14 2.5214e-14 1.5028e-14 8.74806e-15 4.96175e-15 2.74429e-15 1.48121e-15 7.81701e-16 4.04764e-16 2.06687e-16 1.04771e-16 5.30887e-17 2.70182e-17 1.38084e-17 7.04743e-18 3.55993e-18 1.76282e-18 8.48339e-19 3.93853e-19 1.75285e-19 7.43398e-20 2.98603e-20 1.12824e-20 3.97815e-21 1.2962e-21 3.85281e-22 1.02518e-22 2.36572e-23 4.44994e-24 5.92751e-25 3.7848e-26 1.98921e-28 5.08062e-66 4.83693e-77 3.96678e-89 7.98474e-106 1.25512e-128 2.16305e-159 1.56589e-196 7.81249e-240 6.6151e-299 3.87097 4.15792 0.78979 5.68091 13.26013 17.00437 3.41463
0 0.0466 1 19.7591 31.1639 26.0729 1.22191e-11 9.08539e-12 6.71007e-12 4.91923e-12 3.57713e-12 2.57797e-12 1.8397e-12 1.29874e-12 9.05986e-13 6.2379e-13 4.23367e-13 2.82818e-13 1.85653e-13 1.19548e-13 7.53663e-14 4.64144e-14 2.7846e-14 1.62309e-14 9.16261e-15 4.99165e-15 2.61384e-15 1.30969e-15 6.24756e-16 2.82161e-16 1.19964e-16 4.77865e-17 1.78142e-17 6.26331e-18 2.12784e-18 7.29722e-19 2.645e-19 1.02644e-19 4.13703e-20 1.6562e-20 6.36753e-21 2.30444e-21 7.74794e-22 2.39023e-22 6.65774e-23 1.63253e-23 3.36416e-24 5.27844e-25 4.92261e-26 1.17096e-27 2.72757e-57 7.92703e-66 8.26245e-77 7.13239e-92 2.98444e-112 1.98748e-139 5.21225 -6.49670 1.38138 8.32915 5.75230 68.97601 13.89503
0 0.8564 1 15.3657 20.0971 13.2011 2.38471e-11 1.70067e-11 1.20512e-11 8.48224e-12 5.9282e-12 4.11319e-12 2.83299e-12 1.93714e-12 1.31537e-12 8.87417e-13 5.95292e-13 3.97448e-13 2.64416e-13 1.75508e-13 1.16368e-13 7.71466e-14 5.11679e-14 3.39535e-14 2.25286e-14 1.49302e-14 9.86794e-15 6.4934e-15 4.24659e-15 2.75556e-15 1.77144e-15 1.12669e-15 7.08104e-16 4.39223e-16 2.68553e-16 1.61642e-16 9.5639e-17 5.55357e-17 3.15932e-17 1.75726e-17 9.53533e-18 5.03513e-18 2.58017e-18 1.27905e-18 6.11209e-19 2.8043e-19 1.22977e-19 5.128e-20 2.02127e-20 7.47919e-21 2.57664e-21 8.17978e-22 2.35979e-22 6.05787e-23 1.33429e-23 2.34413e-24 4.49005 -8.98613 0.00300 10.04545 4.51629 96.17925 0.03810
0 0.1041 2 0.6347 2.8483 2.5381 6.39312e-12 4.84189e-12 3.66321e-12 2.76762e-12 2.08734e-12 1.57092e-12 1.17928e-12 8.82651e-13 6.58376e-13 4.89171e-13 3.6185e-13 2.66344e-13 1.94969e-13 1.41854e-13 1.02523e-13 7.35598e-14 5.23667e-14 3.6968e-14 2.5867e-14 1.79331e-14 1.23159e-14 8.3791e-15 5.64956e-15 3.77817e-15 2.5096e-15 1.6591e-15 1.09459e-15 7.22985e-16 4.79677e-16 3.20618e-16 2.16313e-16 1.47377e-16 1.01281e-16 7.0041e-17 4.85954e-17 3.37266e-17 2.33565e-17 1.61108e-17 1.10552e-17 7.54065e-18 5.10939e-18 3.43721e-18 2.29441e-18 1.51879e-18 9.96308e-19 6.47207e-19 4.16007e-19 2.64354e-19 1.65914e-19 1.0274e-19 -5.71128 -6.41021 -0.74174 8.58542 6.12667 -69.90214 -6.95372
0 0.0209 1 35.5429 23.5035 38.7416 1.13344e-13 6.33192e-14 3.46605e-14 1.86467e-14 9.9077e-15 5.23598e-15 2.776e-15 1.48938e-15 8.13766e-16 4.53539e-16 2.56905e-16 1.46798e-16 8.38701e-17 4.75175e-17 2.65193e-17 1.45048e-17 7.74377e-18 4.02151e-18 2.02476e-18 9.84886e-19 4.61048e-19 2.06806e-19 8.84464e-20 3.58615e-20 1.36945e-20 4.88713e-21 1.61443e-21 4.87609e-22 1.32281e-22 3.13024e-23 6.1075e-24 8.65999e-25 6.33188e-26 5.71291e-28 2.33976e-79 6.55767e-90 1.51733e-104 3.13611e-124 9.9241e-145 2.26679e-173 1.08358e-212 6.41871e-266 0.0 0.0 0.0 0.0 0.0 0.0 0.0 0.0 9.34105 -2.25997 1.49850 9.61055 11.33308 56.25619 7.59810
0 0.3103 2 6.1488 11.4214 23.6705 1.30228e-12 1.02851e-12 8.11697e-13 6.40154e-13 5.04217e-13 3.96796e-13 3.11906e-13 2.44737e-13 1.91781e-13 1.50061e-13 1.17079e-13 9.11559e-14 7.08163e-14 5.48465e-14 4.22898e-14 3.24873e-14 2.48537e-14 1.89248e-14 1.43279e-14 1.07562e-14 8.01465e-15 5.92169e-15 4.33396e-15 3.13857e-15 2.24666e-15 1.58824e-15 1.10816e-15 7.62891e-16 5.18175e-16 3.47259e-16 2.2956e-16 1.4958e-16 9.59313e-17 6.04315e-17 3.72969e-17 2.24841e-17 1.31922e-17 7.50129e-18 4.11246e-18 2.16027e-18 1.07907e-18 5.0776e-19 2.22479e-19 8.94597e-20 3.24133e-20 1.03399e-20 2.81951e-21 6.3275e-22 1.11412e-22 1.45665e-23 2.34733 5.54634 -0.48048 6.02261 14.24923 9.48722 -1.93236
0 0.0389 2 29.9317 76.8813 72.2862 8.7847e-14 4.23376e-14 1.96156e-14 8.74179e-15 3.76188e-15 1.5785e-15 6.58102e-16 2.80667e-16 1.26529e-16 6.15003e-17 3.20227e-17 1.74037e-17 9.59817e-18 5.26356e-18 2.83595e-18 1.491e-18 7.61521e-19 3.76442e-19 1.79431e-19 8.21277e-20 3.59289e-20 1.49432e-20 5.87244e-21 2.16494e-21 7.42303e-22 2.34158e-22 6.69574e-23 1.69645e-23 3.65586e-24 6.15198e-25 6.54726e-26 2.22443e-27 3.87974e-32 2.43401e-89 1.50721e-101 8.30683e-119 2.95726e-141 2.89382e-165 6.54389e-199 4.73137e-245 1.80103e-307 0.0 0.0 0.0 0.0 0.0 0.0 0.0 0.0 0.0 1.02743 -2.20727 1.06607 2.43468 6.46456 9.27301 9.49200
0 0.0705 1 3.6396 18.5829 11.9892 2.62015e-11 2.03561e-11 1.57814e-11 1.22057e-11 9.41499e-12 7.24064e-12 5.54986e-12 4.23809e-12 3.223e-12 2.4398e-12 1.83753e-12 1.37613e-12 1.02416e-12 7.56954e-13 5.55189e-13 4.03764e-13 2.90895e-13 2.07408e-13 1.46188e-13 1.01729e-13 6.97938e-14 4.7135e-14 3.12792e-14 2.03557e-14 1.29618e-14 8.0555e-15 4.87243e-15 2.85931e-15 1.6224e-15 8.86893e-16 4.65466e-16 2.33887e-16 1.12436e-16 5.19092e-17 2.33101e-17 1.04559e-17 4.87589e-18 2.45174e-18 1.33792e-18 7.71498e-19 4.53947e-19 2.66088e-19 1.53588e-19 8.68699e-20 4.80181e-20 2.58792e-20 1.35647e-20 6.8955e-21 3.38879e-21 1.60437e-21 -4.37329 -8.46182 -0.74174 9.52513 4.43591 -89.49981 -9.62582
0 0.3442 1 37.5159 30.7524 22.6609 1.11252e-11 7.73691e-12 5.32189e-12 3.61725e-12 2.42737e-12 1.60642e-12 1.04727e-12 6.72058e-13 4.24264e-13 2.63076e-13 1.60206e-13 9.58223e-14 5.63279e-14 3.25772e-14 1.85386e-14 1.04223e-14 5.80973e-15 3.22337e-15 1.78554e-15 9.889e-16 5.47095e-16 3.01327e-16 1.64362e-16 8.82507e-17 4.63688e-17 2.37157e-17 1.17521e-17 5.61783e-18 2.57914e-18 1.13182e-18 4.72252e-19 1.86226e-19 6.89144e-20 2.37313e-20 7.52457e-21 2.16557e-21 5.53492e-22 1.20896e-22 2.08619e-23 2.35753e-24 9.84229e-26 3.30718e-29 1.79332e-83 9.51944e-98 1.82166e-117 2.93727e-144 2.7604e-180 1.06741e-219 9.10906e-271 0.0 0.59163 -3.47013 0.13814 3.52020 5.06643 6.70851 1.56238
0 0.4062 2 6.0134 24.2525 23.6705 6.58972e-12 5.20517e-12 4.10877e-12 3.24095e-12 2.55374e-12 2.01054e-12 1.58099e-12 1.24147e-12 9.73684e-13 7.62359e-13 5.95647e-13 4.64538e-13 3.61591e-13 2.80459e-13 2.16901e-13 1.6722e-13 1.2847e-13 9.82328e-14 7.46695e-14 5.64383e-14 4.23849e-14 3.15976e-14 2.33578e-14 1.71005e-14 1.23819e-14 8.85446e-15 6.24505e-15 4.33908e-15 2.9673e-15 1.99613e-15 1.32055e-15 8.58882e-16 5.48833e-16 3.44093e-16 2.11187e-16 1.26503e-16 7.36821e-17 4.15453e-17 2.25557e-17 1.17151e-17 5.77498e-18 2.67561e-18 1.15105e-18 4.52861e-19 1.59856e-19 4.94171e-20 1.29733e-20 2.78143e-21 4.6445e-22 5.77806e-23 -1.73505 -2.01837 0.09309 2.66162 6.71048 -14.98600 0.79488
0 1.3283 2 10.0851 23.7006 31.2910 8.08433e-12 6.36069e-12 4.99914e-12 3.92352e-12 3.07498e-12 2.40622e-12 1.87918e-12 1.46477e-12 1.13925e-12 8.83618e-13 6.83504e-13 5.27194e-13 4.04998e-13 3.09915e-13 2.36163e-13 1.79141e-13 1.35047e-13 1.01156e-13 7.52495e-14 5.55473e-14 4.06479e-14 2.94515e-14 2.10972e-14 1.48963e-14 1.03618e-14 7.08603e-15 4.75315e-15 3.11951e-15 1.99794e-15 1.24545e-15 7.52871e-16 4.40978e-16 2.49768e-16 1.36372e-16 7.14491e-17 3.56979e-17 1.68748e-17 7.47464e-18 3.06577e-18 1.1474e-18 3.84754e-19 1.1298e-19 2.82289e-20 5.79001e-21 9.34367e-22 1.14088e-22 1.08377e-23 1.13921e-24 2.15108e-25 5.05298e-26 7.88438 -4.00154 0.02102 8.84171 9.07745 60.29293 0.13268
0 0.1977 1 25.1708 8.6633 21.5624 1.28862e-12 9.34728e-13 6.72503e-13 4.79496e-13 3.38497e-13 2.36369e-13 1.63092e-13 1.11062e-13 7.45543e-14 4.92736e-14 3.20104e-14 2.04125e-14 1.27575e-14 7.80294e-15 4.66235e-15 2.71675e-15 1.54221e-15 8.52263e-16 4.58576e-16 2.40602e-16 1.23507e-16 6.23825e-17 3.12578e-17 1.56877e-17 7.95273e-18 4.08597e-18 2.11911e-18 1.09839e-18 5.62244e-19 2.81247e-19 1.3637e-19 6.36953e-20 2.85052e-20 1.21583e-20 4.91433e-21 1.87e-21 6.6473e-22 2.18655e-22 6.57389e-23 1.77464e-23 4.17729e-24 8.10745e-25 1.14652e-25 8.50634e-27 8.95402e-29 1.72337e-88 2.18416e-106 1.38628e-130 3.16656e-162 2.99355e-196 -14.37290 0.78756 -0.06907 14.39446 17.11268 -57.13005 -0.23125
0 0.1276 3 1.1350 9.5309 5.8634 1.83971e-11 1.43969e-11 1.12604e-11 8.80096e-12 6.87278e-12 5.36146e-12 4.17735e-12 3.25011e-12 2.52452e-12 1.95722e-12 1.51415e-12 1.16853e-12 8.99336e-13 6.90024e-13 5.27597e-13 4.01846e-13 3.04744e-13 2.29992e-13 1.72641e-13 1.28814e-13 9.54707e-14 7.02305e-14 5.12332e-14 3.70278e-14 2.64836e-14 1.87223e-14 1.30636e-14 8.98234e-15 6.07484e-15 4.03249e-15 2.62077e-15 1.66285e-15 1.0265e-15 6.14052e-16 3.54243e-16 1.95946e-16 1.03196e-16 5.13039e-17 2.3822e-17 1.01722e-17 3.91824e-18 1.3335e-18 3.88816e-19 9.40416e-20 1.86803e-20 3.06718e-21 4.61447e-22 8.37229e-23 2.0381e-23 5.24756e-24 -4.20548 -8.54646 -0.45045 9.52513 4.22979 -90.63295 -6.11329
0 0.2578 1 35.4259 12.7916 23.4608 1.91785e-12 1.35175e-12 9.42862e-13 6.50266e-13 4.42859e-13 2.97507e-13 1.96946e-13 1.28302e-13 8.21102e-14 5.15728e-14 3.17573e-14 1.9146e-14 1.12736e-14 6.4841e-15 3.64247e-15 1.9999e-15 1.07503e-15 5.67376e-16 2.94929e-16 1.52169e-16 7.84794e-17 4.06306e-17 2.11149e-17 1.09621e-17 5.64041e-18 2.85089e-18 1.40386e-18 6.68773e-19 3.06345e-19 1.3418e-19 5.58784e-20 2.19879e-20 8.11738e-21 2.78769e-21 8.81119e-22 2.52631e-22 6.42623e-23 1.39432e-23 2.38021e-24 2.63249e-25 1.03477e-26 1.94248e-30 2.07922e-74 6.80458e-86 1.4253e-101 4.93403e-123 5.03664e-152 2.12609e-188 4.35388e-229 1.06621e-284 2.22037 3.89673 -0.63964 4.48492 12.61024 10.15454 -2.90751
0 0.0119 3 5.4044 13.8150 17.9059 3.97635e-14 2.26411e-14 1.30529e-14 7.63739e-15 4.53077e-15 2.71425e-15 1.63255e-15 9.79841e-16 5.83593e-16 3.43373e-16 1.98873e-16 1.13054e-16 6.29214e-17 3.42028e-17 1.81122e-17 9.31789e-18 4.64253e-18 2.23233e-18 1.03181e-18 4.56373e-19 1.92164e-19 7.65724e-20 2.8676e-20 1.00099e-20 3.22376e-21 9.4492e-22 2.46992e-22 5.5584e-23 1.00311e-23 1.22704e-24 6.16245e-26 7.03277e-29 7.68513e-89 2.66194e-101 5.55773e-117 5.00112e-139 7.70459e-163 1.14204e-193 2.35513e-236 1.90247e-294 0.0 0.0 0.0 0.0 0.0 0.0 0.0 0.0 0.0 0.0 0.44998 0.39842 -0.17117 0.60101 8.91143 2.89488 -1.10061
0 0.3090 3 27.1837 178.3200 60.0133 8.38848e-13 4.07425e-13 1.92167e-13 8.86037e-14 4.0424e-14 1.85906e-14 8.81381e-15 4.38817e-15 2.30579e-15 1.26489e-15 7.10507e-16 4.01102e-16 2.24485e-16 1.23482e-16 6.63946e-17 3.47615e-17 1.76622e-17 8.67959e-18 4.10999e-18 1.86746e-18 8.10318e-19 3.33952e-19 1.29897e-19 4.73351e-20 1.60163e-20 4.97505e-21 1.39649e-21 3.45515e-22 7.19751e-23 1.14408e-23 1.0796e-24 2.50808e-26 1.05006e-78 1.22797e-90 1.74152e-103 9.97787e-122 1.82663e-144 7.37182e-170 2.38268e-205 6.32471e-254 1.46885716509e-319 0.0 0.0 0.0 0.0 0.0 0.0 0.0 0.0 0.0 1.44126 -6.72416 -0.35135 6.87689 2.31393 39.06256 -8.73366
0 2.0011 3 24.0157 20.8655 49.8241 7.65852e-14 4.17203e-14 2.20475e-14 1.12963e-14 5.61536e-15 2.71582e-15 1.28577e-15 6.02291e-16 2.83541e-16 1.36621e-16 6.83789e-17 3.56987e-17 1.92786e-17 1.05999e-17 5.83766e-18 3.17937e-18 1.69753e-18 8.83321e-19 4.46015e-19 2.17685e-19 1.02291e-19 4.60782e-20 1.98002e-20 8.07088e-21 3.10049e-21 1.11397e-21 3.70859e-22 1.13035e-22 3.10078e-23 7.44618e-24 1.48514e-24 2.19043e-25 1.75503e-26 2.29491e-28 5.11421e-78 2.15725e-88 1.40656e-102 5.62328e-122 5.46045e-142 8.76446e-170 5.49407e-208 9.72389e-260 4.94065645841e-324 0.0 0.0 0.0 0.0 0.0 0.0 0.0 1.43396 7.85504 0.00601 7.98485 16.41778 5.01071 0.02096
