sky_model/snrs/ctadc_skymodel_gps_sources_snr_1.ecsv
# %ECSV 0.9
# ---
# datatype:
# - {name: Simulation_number, unit: '', datatype: float64, format: '%i', description: Simulation_number}
# - {name: n0, unit: 1 / cm3, datatype: float64, format: '%0.4f', description: density}
# - {name: type, unit: '', datatype: float64, format: '%i', description: type of progenitor}
# - {name: age, unit: kyear, datatype: float64, format: '%0.4f', description: age of
#     the SNR}
# - {name: sigma, unit: arcmin, datatype: float64, format: '%0.4f', description: apparent
#     size of the SNR}
# - {name: size_physical, unit: pc, datatype: float64, format: '%0.4f', description: SNR
#     Radius}
# - {name: '0.1', unit: 1 / (cm2 s TeV), datatype: float64, description: Differential
#     spectrum}
# - {name: '0.11514', unit: 1 / (cm2 s TeV), datatype: float64, description: Differential
#     spectrum}
# - {name: '0.132571', unit: 1 / (cm2 s TeV), datatype: float64, description: Differential
#     spectrum}
# - {name: '0.152642', unit: 1 / (cm2 s TeV), datatype: float64, description: Differential
#     spectrum}
# - {name: '0.175751', unit: 1 / (cm2 s TeV), datatype: float64, description: Differential
#     spectrum}
# - {name: '0.202359', unit: 1 / (cm2 s TeV), datatype: float64, description: Differential
#     spectrum}
# - {name: '0.232995', unit: 1 / (cm2 s TeV), datatype: float64, description: Differential
#     spectrum}
# - {name: '0.26827', unit: 1 / (cm2 s TeV), datatype: float64, description: Differential
#     spectrum}
# - {name: '0.308884', unit: 1 / (cm2 s TeV), datatype: float64, description: Differential
#     spectrum}
# - {name: '0.355648', unit: 1 / (cm2 s TeV), datatype: float64, description: Differential
#     spectrum}
# - {name: '0.409492', unit: 1 / (cm2 s TeV), datatype: float64, description: Differential
#     spectrum}
# - {name: '0.471487', unit: 1 / (cm2 s TeV), datatype: float64, description: Differential
#     spectrum}
# - {name: '0.542868', unit: 1 / (cm2 s TeV), datatype: float64, description: Differential
#     spectrum}
# - {name: '0.625055', unit: 1 / (cm2 s TeV), datatype: float64, description: Differential
#     spectrum}
# - {name: '0.719686', unit: 1 / (cm2 s TeV), datatype: float64, description: Differential
#     spectrum}
# - {name: '0.828643', unit: 1 / (cm2 s TeV), datatype: float64, description: Differential
#     spectrum}
# - {name: '0.954095', unit: 1 / (cm2 s TeV), datatype: float64, description: Differential
#     spectrum}
# - {name: '1.09854', unit: 1 / (cm2 s TeV), datatype: float64, description: Differential
#     spectrum}
# - {name: '1.26486', unit: 1 / (cm2 s TeV), datatype: float64, description: Differential
#     spectrum}
# - {name: '1.45635', unit: 1 / (cm2 s TeV), datatype: float64, description: Differential
#     spectrum}
# - {name: '1.67683', unit: 1 / (cm2 s TeV), datatype: float64, description: Differential
#     spectrum}
# - {name: '1.9307', unit: 1 / (cm2 s TeV), datatype: float64, description: Differential
#     spectrum}
# - {name: '2.223', unit: 1 / (cm2 s TeV), datatype: float64, description: Differential
#     spectrum}
# - {name: '2.55955', unit: 1 / (cm2 s TeV), datatype: float64, description: Differential
#     spectrum}
# - {name: '2.94705', unit: 1 / (cm2 s TeV), datatype: float64, description: Differential
#     spectrum}
[...]
#     from Earth}
# - {name: GLON, unit: deg, datatype: float64, format: '%.5f', description: Galactic
#     longitude}
# - {name: GLAT, unit: deg, datatype: float64, format: '%.5f', description: Galactic
#     latitude}
# - {name: skip, datatype: int64, description: 'Skip boolean, 1 skip 0 keep'}
# meta: !!omap
# - simulation_parameters:
#   - {description: Spectral index, name: alpha, value: 4.1}
#   - {description: Electron to proton ratio, name: Kep, value: 0.01}
#   - {description: CR efficiency, name: xi, value: 0.1}
# - energy_array: [0.1, 0.11514, 0.132571, 0.152642, 0.175751, 0.202359, 0.232995, 0.26827,
#     0.308884, 0.355648, 0.409492, 0.471487, 0.542868, 0.625055, 0.719686, 0.828643,
#     0.954095, 1.09854, 1.26486, 1.45635, 1.67683, 1.9307, 2.223, 2.55955, 2.94705,
#     3.39322, 3.90694, 4.49843, 5.17947, 5.96362, 6.86649, 7.90604, 9.10298, 10.4811,
#     12.0679, 13.895, 15.9986, 18.4207, 21.2095, 24.4205, 28.1177, 32.3746, 37.2759,
#     42.9193, 49.4171, 56.8987, 65.5129, 75.4312, 86.8511, 100.0]
# schema: astropy-2.0
Simulation_number n0 type age sigma size_physical 0.1 0.11514 0.132571 0.152642 0.175751 0.202359 0.232995 0.26827 0.308884 0.355648 0.409492 0.471487 0.542868 0.625055 0.719686 0.828643 0.954095 1.09854 1.26486 1.45635 1.67683 1.9307 2.223 2.55955 2.94705 3.39322 3.90694 4.49843 5.17947 5.96362 6.86649 7.90604 9.10298 10.4811 12.0679 13.895 15.9986 18.4207 21.2095 24.4205 28.1177 32.3746 37.2759 42.9193 49.4171 56.8987 65.5129 75.4312 86.8511 100.0 galactocentric_x galactocentric_y galactocentric_z galactocentric_r distance GLON GLAT skip
[from data line 286]
0 2.7272 2 20.6350 33.4663 41.3648 1.14611e-11 8.26873e-12 5.90753e-12 4.17562e-12 2.91701e-12 2.01173e-12 1.36797e-12 9.15937e-13 6.02954e-13 3.89592e-13 2.46624e-13 1.5264e-13 9.21548e-14 5.41357e-14 3.08533e-14 1.70054e-14 9.0318e-15 4.60383e-15 2.24222e-15 1.03828e-15 4.54673e-16 1.87163e-16 7.20624e-17 2.5868e-17 8.67735e-18 2.7616e-18 8.66774e-19 2.8587e-19 1.04279e-19 4.16408e-20 1.71513e-20 6.91521e-21 2.65246e-21 9.53643e-22 3.17885e-22 9.70587e-23 2.6693e-23 6.43626e-24 1.2936e-24 1.94214e-25 1.64084e-26 2.76038e-28 1.23674e-60 1.46988e-70 9.86665e-82 3.699e-97 3.48838e-118 1.64368e-146 4.61466e-180 4.04831e-220 5.41249 -1.94846 -0.04505 5.75253 8.49822 39.56148 -0.30370 0
0 0.1807 1 25.0948 7.9369 21.9256 2.11783e-12 1.54073e-12 1.11195e-12 7.95439e-13 5.635e-13 3.94951e-13 2.73584e-13 1.87079e-13 1.26135e-13 8.37478e-14 5.46659e-14 3.50305e-14 2.20026e-14 1.3524e-14 8.11772e-15 4.7492e-15 2.70405e-15 1.49634e-15 8.04158e-16 4.19813e-16 2.13284e-16 1.05884e-16 5.17351e-17 2.51367e-17 1.22879e-17 6.09614e-18 3.07149e-18 1.55881e-18 7.86482e-19 3.89397e-19 1.87241e-19 8.67646e-20 3.85064e-20 1.6274e-20 6.51077e-21 2.44906e-21 8.59252e-22 2.78423e-22 8.22383e-23 2.17204e-23 4.96535e-24 9.21735e-25 1.20182e-25 7.35028e-27 3.27883e-29 3.14526e-85 3.77217e-102 4.65042e-125 1.19101e-155 3.01954e-188 14.88900 3.29289 0.04204 15.24879 18.99359 51.61888 0.12682 0
0 0.0207 2 5.7652 11.3364 16.3151 6.25116e-13 3.91609e-13 2.40143e-13 1.43916e-13 8.41521e-14 4.79362e-14 2.6566e-14 1.43105e-14 7.49198e-15 3.81635e-15 1.8975e-15 9.26402e-16 4.48299e-16 2.17672e-16 1.07389e-16 5.42895e-17 2.81347e-17 1.4829e-17 7.84964e-18 4.11956e-18 2.12077e-18 1.06249e-18 5.14922e-19 2.40193e-19 1.07321e-19 4.56964e-20 1.84349e-20 6.99945e-21 2.48156e-21 8.13619e-22 2.43583e-22 6.53749e-23 1.52541e-23 2.9153e-24 3.98769e-25 2.69178e-26 1.75757e-28 3.37944e-72 2.67211e-83 1.81346e-98 2.32932e-114 3.40793e-136 3.57355e-166 9.34548e-207 8.6902e-258 3.67636000015e-314 0.0 0.0 0.0 0.0 0.50682 1.36878 0.51351 1.45960 9.89512 2.93988 2.97474 0
0 0.5923 2 32.9704 91.2040 60.0133 3.24519e-13 1.58615e-13 7.64569e-14 3.68217e-14 1.80196e-14 9.11248e-15 4.80977e-15 2.64542e-15 1.49839e-15 8.60393e-16 4.93887e-16 2.80542e-16 1.56636e-16 8.55793e-17 4.5599e-17 2.36228e-17 1.18613e-17 5.75271e-18 2.68452e-18 1.20007e-18 5.11358e-19 2.06499e-19 7.85041e-20 2.78752e-20 9.15573e-21 2.74676e-21 7.38989e-22 1.7293e-22 3.31638e-23 4.55167e-24 3.06641e-25 1.88062e-27 2.62657e-84 1.42445e-96 4.07585e-111 1.20064e-131 4.99147e-155 1.12551e-183 1.84249e-223 1.04601e-277 0.0 0.0 0.0 0.0 0.0 0.0 0.0 0.0 0.0 0.0 2.32031 -4.61821 0.12613 5.16834 4.52416 30.86855 1.59752 0
0 0.6615 2 12.9438 69.5210 37.6901 9.07249e-11 7.04321e-11 5.45283e-11 4.20927e-11 3.23834e-11 2.48225e-11 1.89524e-11 1.44032e-11 1.0892e-11 8.19314e-12 6.12503e-12 4.54759e-12 3.35185e-12 2.45098e-12 1.77532e-12 1.27256e-12 9.02006e-13 6.3146e-13 4.36003e-13 2.96436e-13 1.97702e-13 1.29195e-13 8.25083e-14 5.13332e-14 3.09994e-14 1.80941e-14 1.01605e-14 5.46118e-15 2.79484e-15 1.35449e-15 6.18128e-16 2.63808e-16 1.04448e-16 3.79011e-17 1.24166e-17 3.60602e-18 9.08483e-19 1.93827e-19 3.43319e-20 5.11968e-21 7.42725e-22 1.43975e-22 3.86109e-23 1.08762e-23 2.78639e-24 6.13108e-25 1.07417e-25 1.26074e-26 5.97868e-28 6.56189e-31 -3.72592 -8.58020 0.07207 9.35427 3.72748 -91.23309 1.10790 0
0 1.6688 2 10.7203 25.1394 31.2910 1.89383e-11 1.48882e-11 1.16889e-11 9.1651e-12 7.17385e-12 5.60556e-12 4.37212e-12 3.40165e-12 2.64039e-12 2.0444e-12 1.57735e-12 1.21295e-12 9.29409e-13 7.09155e-13 5.38185e-13 4.06298e-13 3.04962e-13 2.27438e-13 1.68284e-13 1.23338e-13 8.95195e-14 6.42606e-14 4.55533e-14 3.18326e-14 2.18834e-14 1.47657e-14 9.75472e-15 6.29349e-15 3.95547e-15 2.4161e-15 1.43121e-15 8.20352e-16 4.53776e-16 2.41307e-16 1.22705e-16 5.92413e-17 2.69174e-17 1.13874e-17 4.42652e-18 1.55541e-18 4.84083e-19 1.30086e-19 2.92432e-20 5.29353e-21 7.42554e-22 8.07192e-23 8.38614e-24 1.38863e-24 3.30853e-25 7.53107e-26 -7.34429 -4.10687 -0.00901 8.41457 8.55794 -59.11342 -0.06032 0
0 0.2530 2 36.2625 31.4370 72.2862 1.61537e-15 9.9713e-16 6.0869e-16 3.66538e-16 2.17318e-16 1.26646e-16 7.24201e-17 4.056e-17 2.22031e-17 1.18524e-17 6.15372e-18 3.09839e-18 1.50782e-18 7.0654e-19 3.17414e-19 1.36045e-19 5.53169e-20 2.11985e-20 7.59758e-21 2.52277e-21 7.66706e-22 2.096e-22 5.00999e-23 9.91648e-24 1.43866e-24 1.09743e-25 1.11464e-27 6.22501e-102 7.41626e-115 2.93043e-133 1.27677e-151 9.04073e-178 4.76618e-213 6.586e-249 1.60372e-299 0.0 0.0 0.0 0.0 0.0 0.0 0.0 0.0 0.0 0.0 0.0 0.0 0.0 0.0 0.0 14.14970 -1.44825 0.00601 14.22362 15.80953 63.50983 0.02177 0
0 0.5932 3 38.5169 165.4490 65.8645 7.36299e-14 4.5384e-14 2.76206e-14 1.65674e-14 9.77855e-15 5.67021e-15 3.22468e-15 1.79521e-15 9.76266e-16 5.1738e-16 2.66484e-16 1.32994e-16 6.4091e-17 2.97073e-17 1.31855e-17 5.57548e-18 2.23292e-18 8.41215e-19 2.95707e-19 9.60266e-20 2.84283e-20 7.52444e-21 1.72238e-21 3.19057e-22 4.09244e-23 2.30094e-24 5.01572e-27 1.2298e-104 7.0447e-119 7.81336e-138 9.52769e-158 2.56658e-186 3.51595e-222 2.0597e-261 1.62641998605e-316 0.0 0.0 0.0 0.0 0.0 0.0 0.0 0.0 0.0 0.0 0.0 0.0 0.0 0.0 0.0 1.65635 -10.67880 -0.03003 10.80649 2.73707 142.75747 -0.62864 0
0 0.0167 3 31.7696 71.2639 79.3340 1.10037e-14 4.76385e-15 2.10015e-15 9.72103e-16 4.83053e-16 2.5772e-16 1.44645e-16 8.31743e-17 4.79847e-17 2.74139e-17 1.53958e-17 8.46284e-18 4.539e-18 2.36868e-18 1.19912e-18 5.86936e-19 2.76742e-19 1.25162e-19 5.40359e-20 2.21464e-20 8.56153e-21 3.09853e-21 1.04028e-21 3.20227e-22 8.89097e-23 2.16873e-23 4.42446e-24 6.77942e-25 5.88655e-26 1.01226e-27 3.27513e-87 2.81848e-100 2.26171e-114 9.64997e-133 1.69037e-158 1.98693e-185 2.4389e-221 5.45873e-271 0.0 0.0 0.0 0.0 0.0 0.0 0.0 0.0 0.0 0.0 0.0 0.0 0.68082 -0.88448 0.35435 1.11616 7.65410 5.10859 2.65351 0
0 1.6320 2 3.5523 55.9894 14.8658 1.15725e-10 9.13965e-11 7.2137e-11 5.68934e-11 4.48303e-11 3.52953e-11 2.7755e-11 2.17998e-11 1.71024e-11 1.33931e-11 1.04711e-11 8.17266e-12 6.36401e-12 4.9426e-12 3.82885e-12 2.95784e-12 2.27642e-12 1.74434e-12 1.33083e-12 1.0104e-12 7.62878e-13 5.72359e-13 4.2618e-13 3.1432e-13 2.29572e-13 1.6582e-13 1.18268e-13 8.31568e-14 5.75414e-14 3.91186e-14 2.6087e-14 1.70264e-14 1.08757e-14 6.79665e-15 4.14997e-15 2.46998e-15 1.42801e-15 7.98345e-16 4.29212e-16 2.20427e-16 1.07255e-16 4.89542e-17 2.07033e-17 7.99167e-18 2.76547e-18 8.40954e-19 2.21123e-19 5.08589e-20 1.14802e-20 3.34631e-21 -0.74822 -6.83606 0.06306 6.87689 1.82552 -24.21191 1.97970 0
0 1.1329 1 2.5853 10.6350 6.0595 9.29969e-11 6.85846e-11 5.04044e-11 3.68982e-11 2.68935e-11 1.9508e-11 1.40774e-11 1.01023e-11 7.20725e-12 5.11052e-12 3.60123e-12 2.52192e-12 1.75544e-12 1.21503e-12 8.36794e-13 5.73948e-13 3.92517e-13 2.68024e-13 1.83005e-13 1.25125e-13 8.577e-14 5.89878e-14 4.07098e-14 2.81807e-14 1.95473e-14 1.35677e-14 9.40905e-15 6.50948e-15 4.4867e-15 3.07756e-15 2.09891e-15 1.42224e-15 9.56888e-16 6.3884e-16 4.2295e-16 2.77495e-16 1.8029e-16 1.159e-16 7.36565e-17 4.62305e-17 2.86268e-17 1.74675e-17 1.04891e-17 6.18961e-18 3.58357e-18 2.032e-18 1.12622e-18 6.08784e-19 3.2016e-19 1.63357e-19 -3.91270 -8.30819 0.02402 9.18342 3.91747 -87.19347 0.35137 0
0 2.5457 2 21.4110 44.4498 45.3979 7.45491e-12 4.95205e-12 3.23348e-12 2.07209e-12 1.30093e-12 7.98687e-13 4.78499e-13 2.79114e-13 1.58127e-13 8.67763e-14 4.59968e-14 2.34799e-14 1.15086e-14 5.40179e-15 2.42345e-15 1.03919e-15 4.27448e-16 1.70365e-16 6.71075e-17 2.69095e-17 1.13217e-17 5.06309e-18 2.37384e-18 1.13319e-18 5.35665e-19 2.45996e-19 1.08468e-19 4.55593e-20 1.81049e-20 6.75867e-21 2.35056e-21 7.53809e-22 2.19863e-22 5.71327e-23 1.27625e-23 2.2805e-24 2.75181e-25 1.35954e-26 1.59929e-29 3.12284e-70 1.75135e-82 5.63693e-96 2.24961e-113 2.37556e-137 7.03819e-170 1.99375e-213 5.0542e-259 5.77562739988e-321 0.0 0.0 4.85107 -3.42305 0.04805 5.93718 7.02215 43.69664 0.39204 0
0 0.2217 3 19.3371 19.6310 54.6819 5.45405e-13 3.42844e-13 2.10802e-13 1.26524e-13 7.39645e-14 4.20114e-14 2.31232e-14 1.22971e-14 6.29893e-15 3.09737e-15 1.45711e-15 6.53629e-16 2.78846e-16 1.13026e-16 4.36534e-17 1.62334e-17 5.94996e-18 2.23527e-18 8.99313e-19 3.95359e-19 1.86176e-19 9.01865e-20 4.34121e-20 2.03322e-20 9.15868e-21 3.93878e-21 1.60714e-21 6.18073e-22 2.22335e-22 7.41208e-23 2.26287e-23 6.22063e-24 1.49828e-24 3.00312e-25 4.47489e-26 3.68757e-27 5.48102e-29 6.97269e-70 2.86953e-80 1.10271e-94 4.53936e-110 1.51934e-130 9.92329e-159 6.06327e-197 5.07997e-247 5.9032e-300 0.0 0.0 0.0 0.0 -9.95909 7.85808 0.11411 12.68593 19.15159 -31.33380 0.34140 0
0 2.6660 2 4.8180 22.3141 19.6516 2.30596e-11 1.81951e-11 1.43459e-11 1.13012e-11 8.89436e-12 6.99237e-12 5.49064e-12 4.3057e-12 3.37136e-12 2.63549e-12 2.0564e-12 1.6012e-12 1.24397e-12 9.63987e-13 7.4482e-13 5.73687e-13 4.40361e-13 3.36682e-13 2.56244e-13 1.94079e-13 1.46203e-13 1.09477e-13 8.14269e-14 6.00782e-14 4.39366e-14 3.18174e-14 2.27855e-14 1.61116e-14 1.12282e-14 7.69561e-15 5.17424e-15 3.40284e-15 2.18144e-15 1.35728e-15 8.13906e-16 4.6949e-16 2.59378e-16 1.36638e-16 6.82865e-17 3.21777e-17 1.41584e-17 5.74223e-18 2.1129e-18 6.92294e-19 1.98008e-19 4.88295e-20 1.06884e-20 2.44216e-21 7.7238e-22 3.33736e-22 3.41831 -3.50225 -0.04805 4.89393 6.05513 34.37095 -0.45465 0
0 0.5204 2 10.3135 17.4760 34.3418 6.39681e-12 5.02054e-12 3.93422e-12 3.07811e-12 2.4037e-12 1.87315e-12 1.45659e-12 1.12954e-12 8.73469e-13 6.73456e-13 5.17308e-13 3.95769e-13 3.01523e-13 2.28687e-13 1.72372e-13 1.29144e-13 9.61191e-14 7.10169e-14 5.20439e-14 3.7729e-14 2.70497e-14 1.91552e-14 1.3376e-14 9.19251e-15 6.20338e-15 4.10011e-15 2.64673e-15 1.66367e-15 1.01519e-15 5.99598e-16 3.41796e-16 1.87499e-16 9.86423e-17 4.9533e-17 2.35881e-17 1.05594e-17 4.39609e-18 1.67974e-18 5.7954e-19 1.76925e-19 4.65984e-20 1.02608e-20 1.8184e-21 2.49185e-22 2.62478e-23 2.58634e-24 4.07965e-25 9.71465e-26 2.24717e-26 4.31259e-27 2.55835 4.76583 0.13814 5.40909 13.51098 10.91563 0.58581 0
0 0.5042 1 19.4231 5.6826 16.1208 2.13976e-12 1.52856e-12 1.08342e-12 7.61394e-13 5.30195e-13 3.65593e-13 2.4948e-13 1.68396e-13 1.12386e-13 7.41474e-14 4.83614e-14 3.11951e-14 1.9916e-14 1.26007e-14 7.91477e-15 4.94637e-15 3.08323e-15 1.92142e-15 1.19931e-15 7.50431e-16 4.70547e-16 2.95194e-16 1.84802e-16 1.15095e-16 7.10848e-17 4.34101e-17 2.61444e-17 1.54941e-17 9.01716e-18 5.14324e-18 2.86931e-18 1.56217e-18 8.27972e-19 4.26033e-19 2.1216e-19 1.01895e-19 4.70114e-20 2.07426e-20 8.70803e-21 3.45804e-21 1.29014e-21 4.48562e-22 1.43882e-22 4.20099e-23 1.09433e-23 2.45754e-24 4.44582e-25 5.54699e-26 3.07834e-27 8.81134e-30 -3.99213 10.59170 0.03003 11.31906 19.50464 -11.81054 0.08821 0
0 0.1629 3 16.5263 40.8432 49.8241 1.03981e-11 7.46778e-12 5.30862e-12 3.73164e-12 2.59109e-12 1.77509e-12 1.19826e-12 7.95888e-13 5.19328e-13 3.32322e-13 2.08142e-13 1.27323e-13 7.58838e-14 4.39454e-14 2.46535e-14 1.33523e-14 6.95447e-15 3.46812e-15 1.64771e-15 7.41603e-16 3.14175e-16 1.24385e-16 4.56638e-17 1.54234e-17 4.76332e-18 1.34539e-18 3.5394e-19 9.19114e-20 2.61787e-20 8.82488e-21 3.36359e-21 1.31415e-21 4.94324e-22 1.74362e-22 5.68829e-23 1.69347e-23 4.51535e-24 1.04499e-24 1.97498e-25 2.65581e-26 1.73909e-27 1.0407e-29 2.11645e-63 1.24591e-73 9.83633e-86 1.87851e-102 3.48082e-125 9.17144e-156 2.56898e-190 1.04797e-233 -2.93282 -0.65490 0.44745 3.00505 8.38733 -20.49780 3.05807 0
0 0.0822 2 5.6776 13.0371 19.6516 2.33447e-12 1.82192e-12 1.41945e-12 1.10117e-12 8.52258e-13 6.58108e-13 5.04801e-13 3.8573e-13 2.93579e-13 2.22085e-13 1.66505e-13 1.24014e-13 9.16945e-14 6.7234e-14 4.87134e-14 3.48692e-14 2.46898e-14 1.72808e-14 1.19484e-14 8.15797e-15 5.49887e-15 3.6583e-15 2.40083e-15 1.55264e-15 9.87945e-16 6.1729e-16 3.77863e-16 2.25997e-16 1.31658e-16 7.44383e-17 4.06738e-17 2.13717e-17 1.0735e-17 5.11851e-18 2.29711e-18 9.60426e-19 3.69465e-19 1.28792e-19 3.99324e-20 1.07675e-20 2.4606e-21 4.65087e-22 7.26746e-23 1.04161e-23 1.84302e-24 4.55973e-25 1.22258e-25 2.978e-26 6.1136e-27 9.5747e-28 1.18318 1.79092 0.32733 2.14646 10.36388 6.55868 1.80990 0
0 0.2922 2 26.3546 23.8211 60.0133 1.23446e-13 6.70057e-14 3.51845e-14 1.78369e-14 8.71653e-15 4.10394e-15 1.86438e-15 8.21377e-16 3.5479e-16 1.53114e-16 6.77555e-17 3.15261e-17 1.55941e-17 8.1196e-18 4.34937e-18 2.34185e-18 1.24628e-18 6.48692e-19 3.28102e-19 1.60506e-19 7.56247e-20 3.41683e-20 1.47317e-20 6.02748e-21 2.32531e-21 8.39464e-22 2.81006e-22 8.61993e-23 2.38316e-23 5.78173e-24 1.17073e-24 1.77332e-25 1.50904e-26 2.47404e-28 4.98155e-77 2.67228e-87 3.59257e-101 2.66837e-120 4.83917e-140 3.03234e-167 1.14743e-204 2.17909e-255 2.77239996507e-319 0.0 0.0 0.0 0.0 0.0 0.0 0.0 10.33490 5.40030 0.10210 11.66076 17.32163 36.63087 0.33773 0
0 0.4635 1 24.3024 39.4008 17.9387 7.48492e-11 5.30139e-11 3.72233e-11 2.58909e-11 1.7827e-11 1.21424e-11 8.17618e-12 5.43976e-12 3.57451e-12 2.31937e-12 1.48619e-12 9.40863e-13 5.89009e-13 3.65153e-13 2.24614e-13 1.37418e-13 8.38315e-14 5.11144e-14 3.11993e-14 1.90714e-14 1.16635e-14 7.12061e-15 4.32587e-15 2.60592e-15 1.55117e-15 9.09442e-16 5.23696e-16 2.95435e-16 1.6288e-16 8.75434e-17 4.57481e-17 2.3176e-17 1.13445e-17 5.34556e-18 2.41454e-18 1.04046e-18 4.25395e-19 1.63977e-19 5.91528e-20 1.97904e-20 6.07018e-21 1.67944e-21 4.08407e-22 8.32173e-23 1.28297e-23 1.15739e-24 2.50842e-26 1.79239e-186 4.44851e-227 1.40585e-282 2.16279 -10.76220 0.06006 10.97737 3.13031 136.28697 1.09938 0
0 0.4798 1 1.8901 6.7304 6.2845 2.77614e-11 2.09926e-11 1.58294e-11 1.18971e-11 8.90826e-12 6.64201e-12 4.92867e-12 3.6378e-12 2.6691e-12 1.94551e-12 1.40785e-12 1.01072e-12 7.19363e-13 5.07211e-13 3.54027e-13 2.44451e-13 1.66869e-13 1.12557e-13 7.49979e-14 4.93633e-14 3.21099e-14 2.06644e-14 1.31822e-14 8.35941e-15 5.29018e-15 3.35645e-15 2.14527e-15 1.38679e-15 9.08697e-16 6.03415e-16 4.05055e-16 2.7377e-16 1.85499e-16 1.25516e-16 8.45632e-17 5.66119e-17 3.76095e-17 2.47705e-17 1.6161e-17 1.04364e-17 6.66521e-18 4.20581e-18 2.61947e-18 1.60848e-18 9.7256e-19 5.78254e-19 3.37567e-19 1.93155e-19 1.08129e-19 5.90956e-20 3.02020 -2.83631 -0.12913 4.14322 6.41994 28.06906 -1.15251 0
0 3.0368 1 10.5011 27.0062 8.8017 4.2184e-10 3.02634e-10 2.16662e-10 1.54806e-10 1.10406e-10 7.86081e-11 5.5884e-11 3.96752e-11 2.81326e-11 1.99242e-11 1.40932e-11 9.95478e-12 7.01999e-12 4.94047e-12 3.46843e-12 2.42779e-12 1.69344e-12 1.17644e-12 8.13521e-13 5.59674e-13 3.82859e-13 2.60286e-13 1.75766e-13 1.17828e-13 7.83663e-14 5.16772e-14 3.37638e-14 2.18401e-14 1.39747e-14 8.83722e-15 5.51738e-15 3.39709e-15 2.06017e-15 1.22892e-15 7.19958e-16 4.13544e-16 2.3246e-16 1.27607e-16 6.82458e-17 3.5466e-17 1.78566e-17 8.68148e-18 4.06039e-18 1.8192e-18 7.77032e-19 3.1467e-19 1.20051e-19 4.28266e-20 1.41556e-20 4.28418e-21 1.29009 -6.66780 0.00601 6.79146 2.24083 35.15017 0.15357 0
0 0.0099 3 39.2071 63.3358 87.0690 8.01401e-16 4.84671e-16 2.9405e-16 1.77192e-16 1.0545e-16 6.1771e-17 3.55347e-17 2.00344e-17 1.10476e-17 5.94492e-18 3.11404e-18 1.58332e-18 7.78901e-19 3.69391e-19 1.68183e-19 7.31674e-20 3.02514e-20 1.18128e-20 4.32473e-21 1.4714e-21 4.6007e-22 1.30184e-22 3.25449e-23 6.87937e-24 1.1195e-24 1.10514e-25 2.90715e-27 3.36671e-97 6.84657e-109 8.61495e-126 1.57241e-143 3.88162e-167 2.93829e-200 4.07373e-234 5.16517e-280 0.0 0.0 0.0 0.0 0.0 0.0 0.0 0.0 0.0 0.0 0.0 0.0 0.0 0.0 0.0 -0.06338 0.94232 -0.42042 0.94444 9.45188 -0.38459 -2.54936 0
