sky_model/snrs/ctadc_skymodel_gps_sources_snr_1.ecsv
# %ECSV 0.9
# ---
# datatype:
# - {name: Simulation_number, unit: '', datatype: float64, format: '%i', description: Simulation_number}
# - {name: galactocentric_x, unit: kpc, datatype: float64, format: '%0.4f', description: X
#     Position}
# - {name: galactocentric_y, unit: kpc, datatype: float64, format: '%0.4f', description: Y
#     Position}
# - {name: galactocentric_z, unit: kpc, datatype: float64, format: '%0.4f', description: Z
#     Position}
# - {name: n0, unit: 1 / cm3, datatype: float64, format: '%0.4f', description: density}
# - {name: type, unit: '', datatype: float64, format: '%i', description: type of progenitor}
# - {name: age, unit: kyear, datatype: float64, format: '%0.4f', description: age of
#     the SNR}
# - {name: size, unit: arcmin, datatype: float64, format: '%0.4f', description: apparent
#     size of the SNR}
# - {name: size_physical, unit: pc, datatype: float64, format: '%0.4f', description: SNR
#     Radius}
# - {name: '0.1', unit: 'TeV^{-1}cm^{-2}s^{-1}', datatype: float64, description: Differential
#     spectrum}
# - {name: '0.11514', unit: 'TeV^{-1}cm^{-2}s^{-1}', datatype: float64, description: Differential
#     spectrum}
# - {name: '0.132571', unit: 'TeV^{-1}cm^{-2}s^{-1}', datatype: float64, description: Differential
#     spectrum}
# - {name: '0.152642', unit: 'TeV^{-1}cm^{-2}s^{-1}', datatype: float64, description: Differential
#     spectrum}
# - {name: '0.175751', unit: 'TeV^{-1}cm^{-2}s^{-1}', datatype: float64, description: Differential
#     spectrum}
# - {name: '0.202359', unit: 'TeV^{-1}cm^{-2}s^{-1}', datatype: float64, description: Differential
#     spectrum}
# - {name: '0.232995', unit: 'TeV^{-1}cm^{-2}s^{-1}', datatype: float64, description: Differential
#     spectrum}
# - {name: '0.26827', unit: 'TeV^{-1}cm^{-2}s^{-1}', datatype: float64, description: Differential
#     spectrum}
# - {name: '0.308884', unit: 'TeV^{-1}cm^{-2}s^{-1}', datatype: float64, description: Differential
#     spectrum}
# - {name: '0.355648', unit: 'TeV^{-1}cm^{-2}s^{-1}', datatype: float64, description: Differential
#     spectrum}
# - {name: '0.409492', unit: 'TeV^{-1}cm^{-2}s^{-1}', datatype: float64, description: Differential
#     spectrum}
# - {name: '0.471487', unit: 'TeV^{-1}cm^{-2}s^{-1}', datatype: float64, description: Differential
#     spectrum}
# - {name: '0.542868', unit: 'TeV^{-1}cm^{-2}s^{-1}', datatype: float64, description: Differential
#     spectrum}
# - {name: '0.625055', unit: 'TeV^{-1}cm^{-2}s^{-1}', datatype: float64, description: Differential
#     spectrum}
# - {name: '0.719686', unit: 'TeV^{-1}cm^{-2}s^{-1}', datatype: float64, description: Differential
#     spectrum}
# - {name: '0.828643', unit: 'TeV^{-1}cm^{-2}s^{-1}', datatype: float64, description: Differential
#     spectrum}
# - {name: '0.954095', unit: 'TeV^{-1}cm^{-2}s^{-1}', datatype: float64, description: Differential
#     spectrum}
# - {name: '1.09854', unit: 'TeV^{-1}cm^{-2}s^{-1}', datatype: float64, description: Differential
#     spectrum}
# - {name: '1.26486', unit: 'TeV^{-1}cm^{-2}s^{-1}', datatype: float64, description: Differential
#     spectrum}
# - {name: '1.45635', unit: 'TeV^{-1}cm^{-2}s^{-1}', datatype: float64, description: Differential
#     spectrum}
[...]
# - {name: galactocentric_r, unit: kpc, datatype: float64, format: '%0.4f', description: Galactocentric
#     radius in the xy plan}
# - {name: distance, unit: kpc, datatype: float64, description: Distance from Earth}
# - {name: glon, unit: deg, datatype: float64, description: Galactic longitude}
# - {name: glat, unit: deg, datatype: float64, description: Galactic latitude}
# meta: !!omap
# - simulation_parameters:
#   - {description: Spectral index, name: alpha, value: 4.1}
#   - {description: Electron to proton ratio, name: Kep, value: 0.01}
#   - {description: CR efficiency, name: xi, value: 0.1}
# - energy_array: [0.1, 0.11514, 0.132571, 0.152642, 0.175751, 0.202359, 0.232995, 0.26827,
#     0.308884, 0.355648, 0.409492, 0.471487, 0.542868, 0.625055, 0.719686, 0.828643,
#     0.954095, 1.09854, 1.26486, 1.45635, 1.67683, 1.9307, 2.223, 2.55955, 2.94705,
#     3.39322, 3.90694, 4.49843, 5.17947, 5.96362, 6.86649, 7.90604, 9.10298, 10.4811,
#     12.0679, 13.895, 15.9986, 18.4207, 21.2095, 24.4205, 28.1177, 32.3746, 37.2759,
#     42.9193, 49.4171, 56.8987, 65.5129, 75.4312, 86.8511, 100.0]
Simulation_number galactocentric_x galactocentric_y galactocentric_z n0 type age size size_physical 0.1 0.11514 0.132571 0.152642 0.175751 0.202359 0.232995 0.26827 0.308884 0.355648 0.409492 0.471487 0.542868 0.625055 0.719686 0.828643 0.954095 1.09854 1.26486 1.45635 1.67683 1.9307 2.223 2.55955 2.94705 3.39322 3.90694 4.49843 5.17947 5.96362 6.86649 7.90604 9.10298 10.4811 12.0679 13.895 15.9986 18.4207 21.2095 24.4205 28.1177 32.3746 37.2759 42.9193 49.4171 56.8987 65.5129 75.4312 86.8511 100.0 galactocentric_r distance glon glat
[from data line 24]
0 15.3844 1.0420 0.0060 0.1891 2 4.1374 14.6794 14.8658 3.34953e-12 2.57924e-12 1.98131e-12 1.50692e-12 1.14237e-12 8.62836e-13 6.46933e-13 4.81337e-13 3.56651e-13 2.63047e-13 1.93056e-13 1.40923e-13 1.02553e-13 7.44243e-14 5.38608e-14 3.88706e-14 2.79707e-14 2.00632e-14 1.43402e-14 1.02091e-14 7.23598e-15 5.10332e-15 3.5793e-15 2.49484e-15 1.72686e-15 1.18597e-15 8.07354e-16 5.44191e-16 3.62731e-16 2.38746e-16 1.5491e-16 9.88955e-17 6.19807e-17 3.80349e-17 2.27835e-17 1.32736e-17 7.48886e-18 4.07046e-18 2.11814e-18 1.04723e-18 4.87349e-19 2.11027e-19 8.38099e-20 2.99848e-20 9.44853e-21 2.54967e-21 5.69357e-22 1.01294e-22 1.40522e-23 1.65891e-24 15.4196 18.1033078268 58.1911830143 0.0190086272806
0 -9.1423 8.6713 0.8168 0.0206 3 28.6257 25.2606 72.2862 3.07569e-14 1.54284e-14 7.43665e-15 3.43654e-15 1.52036e-15 6.44343e-16 2.62809e-16 1.04416e-16 4.13848e-17 1.6971e-17 7.47943e-18 3.59998e-18 1.85978e-18 9.96226e-19 5.36773e-19 2.85419e-19 1.48223e-19 7.47297e-20 3.64194e-20 1.7087e-20 7.68415e-21 3.29593e-21 1.3408e-21 5.13939e-22 1.84195e-22 6.1148e-23 1.85757e-23 5.07501e-24 1.21214e-24 2.39785e-25 3.48358e-26 2.6913e-27 3.0243e-29 2.75157e-81 1.92909e-92 1.35895e-106 1.97585e-126 9.20681e-148 1.40914e-175 5.0601e-214 2.77497e-266 0.0 0.0 0.0 0.0 0.0 0.0 0.0 0.0 0.0 12.6005 19.4705546671 -28.0314453011 2.40434367905
0 -2.4650 10.5216 -1.0781 0.0228 2 28.5369 29.7248 65.8645 2.13916e-13 1.24126e-13 6.99599e-14 3.82015e-14 2.01488e-14 1.02335e-14 4.9893e-15 2.32675e-15 1.03401e-15 4.36706e-16 1.75108e-16 6.68677e-17 2.44737e-17 8.78949e-18 3.23463e-18 1.28659e-18 5.69299e-19 2.74608e-19 1.37834e-19 6.92206e-20 3.4003e-20 1.61523e-20 7.37067e-21 3.21369e-21 1.33147e-21 5.20931e-22 1.91073e-22 6.51319e-23 2.04064e-23 5.78799e-24 1.4515e-24 3.08383e-25 5.07316e-26 5.16767e-27 1.55612e-28 2.39087e-34 1.17713e-81 1.11946e-94 3.64268e-112 1.72346e-130 5.09221e-156 4.82281e-191 1.97223e-238 2.66177e-296 0.0 0.0 0.0 0.0 0.0 0.0 10.8065 19.2109303951 -7.38384221363 -3.21701759488
0 -0.0780 -10.1228 0.7447 0.0551 2 35.6007 41.0449 79.3340 1.28468e-15 7.65344e-16 4.62657e-16 2.80058e-16 1.68278e-16 9.98347e-17 5.82869e-17 3.34087e-17 1.87604e-17 1.02991e-17 5.51474e-18 2.87277e-18 1.45164e-18 7.09199e-19 3.33737e-19 1.50633e-19 6.48942e-20 2.65367e-20 1.02339e-20 3.69402e-21 1.23657e-21 3.79371e-22 1.04907e-22 2.54553e-23 5.15255e-24 7.782e-25 6.52382e-26 9.72248e-28 9.28123e-96 1.48007e-108 1.82058e-125 2.21128e-143 5.34235e-169 5.07069e-201 2.51505e-236 7.66002e-286 0.0 0.0 0.0 0.0 0.0 0.0 0.0 0.0 0.0 0.0 0.0 0.0 0.0 0.0 10.1231 1.78723347558 -177.249424899 24.6265889432
0 3.6837 -0.2466 -0.2162 0.2893 1 17.8409 24.7842 17.4017 3.57766e-11 2.60598e-11 1.88438e-11 1.35163e-11 9.60936e-12 6.76559e-12 4.71302e-12 3.24538e-12 2.20685e-12 1.48041e-12 9.78707e-13 6.37014e-13 4.07826e-13 2.56624e-13 1.58635e-13 9.63262e-14 5.74866e-14 3.37652e-14 1.95679e-14 1.12314e-14 6.41615e-15 3.66832e-15 2.10949e-15 1.22383e-15 7.16316e-16 4.21642e-16 2.48247e-16 1.45282e-16 8.40179e-17 4.77791e-17 2.66147e-17 1.44756e-17 7.66533e-18 3.94044e-18 1.96024e-18 9.40371e-19 4.33301e-19 1.9091e-19 8.00187e-20 3.17194e-20 1.18102e-20 4.09682e-21 1.31065e-21 3.81477e-22 9.89842e-23 2.21105e-23 3.96658e-24 4.87141e-25 2.59759e-26 5.94428e-29 3.6919 9.04075615929 24.0522280314 -1.37039925447
0 -7.6378 -10.1290 -0.4835 0.0529 1 39.9647 12.1820 33.7693 2.06313e-13 1.23466e-13 7.24591e-14 4.17266e-14 2.36126e-14 1.3165e-14 7.26042e-15 3.98138e-15 2.18393e-15 1.2051e-15 6.71486e-16 3.78069e-16 2.14494e-16 1.21954e-16 6.90247e-17 3.86336e-17 2.12598e-17 1.14469e-17 6.00608e-18 3.05972e-18 1.50799e-18 7.16295e-19 3.26543e-19 1.42196e-19 5.88279e-20 2.29787e-20 8.41287e-21 2.86171e-21 8.9441e-22 2.52942e-22 6.31938e-23 1.33541e-23 2.17719e-24 2.17634e-25 6.18071e-27 1.17416e-33 5.40767e-82 3.94273e-95 1.10989e-112 3.82697e-131 6.84756e-157 3.34509e-192 5.70879e-240 5.52975e-298 0.0 0.0 0.0 0.0 0.0 0.0 12.6859 7.82451788545 -102.039754828 -3.54260722489
0 -4.2847 -8.4112 0.3604 0.1631 1 29.0934 10.6670 23.7493 3.10376e-12 2.248e-12 1.61445e-12 1.14858e-12 8.08696e-13 5.62994e-13 3.87072e-13 2.62462e-13 1.7532e-13 1.15225e-13 7.43392e-14 4.70153e-14 2.90984e-14 1.75932e-14 1.03681e-14 5.93265e-15 3.29187e-15 1.76755e-15 9.16873e-16 4.59092e-16 2.22072e-16 1.04156e-16 4.77468e-17 2.16674e-17 9.87896e-18 4.57375e-18 2.15133e-18 1.01796e-18 4.77252e-19 2.18367e-19 9.63089e-20 4.05537e-20 1.61752e-20 6.06515e-21 2.1203e-21 6.84133e-22 2.01035e-22 5.2747e-23 1.19467e-23 2.1845e-24 2.76436e-25 1.56162e-26 4.4831e-29 2.37265e-66 2.24086e-76 7.65374e-90 2.78949e-108 3.41699e-133 3.29687e-165 3.11701e-200 9.4397 4.30079318324 -88.813135226 4.80640248247
0 -9.9664 1.7742 0.5946 0.0751 1 3.7820 4.4590 12.0375 3.01221e-12 2.33761e-12 1.8101e-12 1.39814e-12 1.07694e-12 8.26939e-13 6.32765e-13 4.82309e-13 3.66045e-13 2.7648e-13 2.07724e-13 1.55151e-13 1.15131e-13 8.48202e-14 6.1993e-14 4.4911e-14 3.22196e-14 2.2866e-14 1.60345e-14 1.10956e-14 7.56562e-15 5.07489e-15 3.34273e-15 2.15763e-15 1.3616e-15 8.37916e-16 5.01398e-16 2.90825e-16 1.62965e-16 8.79227e-17 4.55367e-17 2.26015e-17 1.07647e-17 4.95698e-18 2.24741e-18 1.03573e-18 5.04294e-19 2.65529e-19 1.49746e-19 8.76547e-20 5.17059e-20 3.02047e-20 1.73353e-20 9.73972e-21 5.34411e-21 2.85689e-21 1.48412e-21 7.47035e-22 3.63148e-22 1.69862e-22 10.1231 14.3262926566 -44.1288251737 2.37867346918
0 8.7646 -3.9426 -0.9700 0.0473 3 15.5529 84.1931 49.8241 4.51406e-11 3.3602e-11 2.48416e-11 1.82264e-11 1.32611e-11 9.5613e-12 6.82498e-12 4.81764e-12 3.35996e-12 2.31291e-12 1.56822e-12 1.04619e-12 6.85654e-13 4.40739e-13 2.77089e-13 1.69876e-13 1.01338e-13 5.86375e-14 3.27909e-14 1.76443e-14 9.08699e-15 4.4506e-15 2.05759e-15 8.90595e-16 3.5788e-16 1.32428e-16 4.4754e-17 1.36845e-17 3.74446e-18 9.07712e-19 1.95135e-19 3.87395e-20 8.09889e-21 2.13406e-21 7.02434e-22 2.45236e-22 8.19109e-23 2.52132e-23 7.0079e-24 1.7137e-24 3.5175e-25 5.48202e-26 5.03951e-27 1.14401e-28 5.40765e-57 1.48651e-65 1.33494e-76 9.455e-92 3.04696e-112 1.54166e-139 9.6106 9.92617003531 62.5267375029 -5.60780404112
0 -6.8811 -2.1813 0.3604 0.2841 1 16.8984 7.5601 17.0865 3.52198e-12 2.57248e-12 1.86567e-12 1.3425e-12 9.57741e-13 6.76815e-13 4.73363e-13 3.27351e-13 2.23615e-13 1.50735e-13 1.00163e-13 6.55446e-14 4.21969e-14 2.67039e-14 1.66016e-14 1.01365e-14 6.08027e-15 3.58694e-15 2.08558e-15 1.1993e-15 6.85296e-16 3.91309e-16 2.24522e-16 1.29972e-16 7.59969e-17 4.4785e-17 2.64669e-17 1.55876e-17 9.09203e-18 5.22466e-18 2.94548e-18 1.62374e-18 8.7275e-19 4.56099e-19 2.31064e-19 1.13105e-19 5.32955e-20 2.40737e-20 1.03745e-20 4.24229e-21 1.63574e-21 5.90348e-22 1.9765e-22 6.06888e-23 1.68179e-23 4.10025e-24 8.39249e-25 1.30609e-25 1.20731e-26 2.87438e-28 7.2186 9.34910579128 -47.4398333079 2.20900517949
0 0.0307 0.0802 1.0240 0.0001 3 9.7622 20.9361 25.9783 1.62942e-11 1.27208e-11 9.91109e-12 7.70395e-12 5.9737e-12 4.6188e-12 3.55998e-12 2.73477e-12 2.09254e-12 1.59425e-12 1.20909e-12 9.12236e-13 6.84045e-13 5.09687e-13 3.77147e-13 2.76913e-13 2.01356e-13 1.4497e-13 1.03229e-13 7.26054e-14 5.03639e-14 3.43916e-14 2.30661e-14 1.51356e-14 9.70138e-15 6.05417e-15 3.66483e-15 2.14317e-15 1.20551e-15 6.48467e-16 3.32633e-16 1.62031e-16 7.45226e-17 3.21059e-17 1.28211e-17 4.68383e-18 1.54035e-18 4.47195e-19 1.11978e-19 2.35728e-20 4.09153e-21 5.99574e-22 8.83221e-23 1.79127e-23 4.78982e-24 1.28695e-24 3.07361e-25 6.11513e-26 9.07018e-27 7.5703e-28 0.0859 8.64113152607 0.204935938964 6.80584782039
0 -2.6964 -1.9853 -0.2763 0.2370 1 33.1342 14.0384 23.2244 4.96528e-12 3.52508e-12 2.47812e-12 1.72309e-12 1.18393e-12 8.03065e-13 5.36897e-13 3.53423e-13 2.28795e-13 1.45455e-13 9.06232e-14 5.52777e-14 3.29721e-14 1.92149e-14 1.092e-14 6.04545e-15 3.26501e-15 1.72373e-15 8.92933e-16 4.56454e-16 2.31905e-16 1.17947e-16 6.03353e-17 3.10341e-17 1.59586e-17 8.12929e-18 4.06227e-18 1.9741e-18 9.2624e-19 4.17026e-19 1.79147e-19 7.29975e-20 2.80297e-20 1.00656e-20 3.3494e-21 1.02053e-21 2.79952e-22 6.7278e-23 1.34558e-23 2.00294e-24 1.6603e-25 2.60844e-27 3.35285e-69 5.77048e-80 6.98747e-94 5.13692e-113 6.18512e-139 1.56011e-173 3.834e-210 9.34646e-260 3.3485 7.05605498968 -22.4848304156 -2.243958729
0 5.4712 2.3056 -0.3213 0.3661 2 25.3887 98.4201 54.6819 1.33048e-11 8.39084e-12 5.17777e-12 3.12001e-12 1.8319e-12 1.04555e-12 5.78573e-13 3.0955e-13 1.59646e-13 7.91187e-14 3.75609e-14 1.70334e-14 7.36443e-15 3.03628e-15 1.19921e-15 4.595e-16 1.75132e-16 6.89039e-17 2.89951e-17 1.318e-17 6.32633e-18 3.0935e-18 1.49656e-18 7.03493e-19 3.18022e-19 1.37299e-19 5.62646e-20 2.17435e-20 7.86473e-21 2.63844e-21 8.1145e-22 2.25071e-22 5.48463e-23 1.11836e-23 1.7171e-24 1.51251e-25 2.85777e-27 7.62043e-68 5.76546e-78 4.65985e-92 2.66745e-107 2.84481e-127 8.57859e-155 3.94829e-192 9.59635e-242 1.62735e-293 0.0 0.0 0.0 0.0 5.9372 12.1160470558 26.8545906916 -1.51967847631
0 0.1179 -10.2933 0.0330 0.6960 1 9.0803 5.7644 11.1293 6.01929e-12 4.37906e-12 3.16764e-12 2.27706e-12 1.62578e-12 1.15232e-12 8.10395e-13 5.65265e-13 3.90927e-13 2.68005e-13 1.82133e-13 1.22723e-13 8.20312e-14 5.44409e-14 3.59175e-14 2.35953e-14 1.54637e-14 1.01311e-14 6.64779e-15 4.37517e-15 2.89007e-15 1.91563e-15 1.27264e-15 8.45849e-16 5.61184e-16 3.70811e-16 2.43514e-16 1.5865e-16 1.02389e-16 6.53764e-17 4.1252e-17 2.56947e-17 1.578e-17 9.54304e-18 5.67514e-18 3.31362e-18 1.89635e-18 1.06167e-18 5.80208e-19 3.08791e-19 1.59612e-19 7.98877e-20 3.85863e-20 1.79171e-20 7.96353e-21 3.3714e-21 1.35188e-21 5.10101e-22 1.79726e-22 5.85704e-23 10.2940 1.79747811222 176.237023311 1.05300755652
0 3.2603 -2.5567 0.0180 3.2579 2 23.5196 53.5369 45.3979 8.50168e-12 5.51312e-12 3.50705e-12 2.18466e-12 1.33015e-12 7.8995e-13 4.56582e-13 2.56228e-13 1.39262e-13 7.31174e-14 3.69912e-14 1.79934e-14 8.40339e-15 3.76908e-15 1.629e-15 6.84351e-16 2.84062e-16 1.19352e-16 5.20872e-17 2.39493e-17 1.15237e-17 5.67398e-18 2.78862e-18 1.34226e-18 6.24973e-19 2.79207e-19 1.18925e-19 4.80001e-20 1.82349e-20 6.469e-21 2.12251e-21 6.36007e-22 1.70893e-22 3.99403e-23 7.65406e-24 1.05288e-24 7.21916e-26 5.11201e-28 6.833e-69 4.40902e-80 2.732e-94 4.57854e-110 5.17751e-132 5.42866e-162 1.91627e-202 9.94892e-250 2.01779e-306 0.0 0.0 0.0 4.1432 6.7788233751 28.7476246496 0.152291410135
0 4.3015 -1.5443 0.0180 3.5831 1 29.5599 19.8267 12.9001 1.00017e-10 7.08164e-11 5.0035e-11 3.52749e-11 2.48119e-11 1.74093e-11 1.21823e-11 8.49888e-12 5.90909e-12 4.09275e-12 2.82252e-12 1.93713e-12 1.32235e-12 8.97337e-13 6.04971e-13 4.04971e-13 2.69e-13 1.77188e-13 1.15654e-13 7.4749e-14 4.7797e-14 3.02101e-14 1.88549e-14 1.16073e-14 7.03951e-15 4.20014e-15 2.46172e-15 1.41492e-15 7.96024e-16 4.37428e-16 2.34233e-16 1.21899e-16 6.14714e-17 2.9937e-17 1.40269e-17 6.29615e-18 2.6942e-18 1.09297e-18 4.17643e-19 1.49185e-19 4.9356e-20 1.49428e-20 4.06971e-21 9.69687e-22 1.91814e-22 2.81103e-23 2.27334e-24 3.39497e-26 0.0 0.0 4.5703 8.17838468149 31.7333639205 0.126229840073
0 -1.6308 4.0638 0.0511 2.3611 2 20.7233 28.5951 45.3979 3.30074e-12 2.20776e-12 1.45243e-12 9.38374e-13 5.9438e-13 3.68435e-13 2.23044e-13 1.31581e-13 7.54607e-14 4.19593e-14 2.2557e-14 1.16888e-14 5.82008e-15 2.77611e-15 1.26518e-15 5.50105e-16 2.28439e-16 9.11396e-17 3.54372e-17 1.37754e-17 5.53618e-18 2.36176e-18 1.07033e-18 5.02727e-19 2.37028e-19 1.09422e-19 4.86938e-20 2.06869e-20 8.329e-21 3.15562e-21 1.11608e-21 3.64922e-22 1.08905e-22 2.91181e-23 6.76122e-24 1.28324e-24 1.73535e-25 1.14438e-26 6.85281e-29 6.39996e-68 2.40153e-79 1.59715e-92 1.06061e-108 4.59916e-131 1.83698e-161 2.37539e-202 1.27997e-246 2.00079e-304 0.0 0.0 4.3788 12.6692737243 -7.39583442202 0.230875151079
0 -2.4857 1.9782 -0.0240 1.9521 2 19.0358 25.4787 41.3648 7.57463e-12 5.55569e-12 4.04137e-12 2.9133e-12 2.07937e-12 1.46807e-12 1.02417e-12 7.05186e-13 4.78615e-13 3.1974e-13 2.09923e-13 1.35214e-13 8.52744e-14 5.25427e-14 3.15537e-14 1.84184e-14 1.04185e-14 5.68989e-15 2.98854e-15 1.5028e-15 7.19769e-16 3.26417e-16 1.39232e-16 5.54439e-17 2.04496e-17 6.93674e-18 2.15851e-18 6.23093e-19 1.74066e-19 5.11708e-20 1.71131e-20 6.43376e-21 2.51387e-21 9.57201e-22 3.43927e-22 1.14737e-22 3.50743e-23 9.66116e-24 2.33457e-24 4.70829e-25 7.11512e-26 6.10837e-27 1.0941e-28 1.58087e-59 9.52962e-69 5.79189e-80 2.04438e-95 2.18911e-116 1.47533e-144 7.62089e-176 3.1768 10.7690058985 -13.3453218952 -0.127818199908
0 -0.4107 0.4388 -0.1682 0.0121 2 26.8714 46.2420 60.0133 2.8689e-13 1.59738e-13 8.62749e-14 4.47153e-14 2.22768e-14 1.06533e-14 4.87427e-15 2.10064e-15 8.61133e-16 3.36889e-16 1.26791e-16 4.69054e-17 1.77826e-17 7.27589e-18 3.29869e-18 1.6295e-18 8.41195e-19 4.37221e-19 2.23682e-19 1.11307e-19 5.35142e-20 2.47354e-20 1.09397e-20 4.60527e-21 1.83439e-21 6.8661e-22 2.39514e-22 7.70752e-23 2.25701e-23 5.89295e-24 1.32441e-24 2.38673e-25 2.91802e-26 1.47566e-27 1.87842e-30 2.12178e-80 5.20327e-92 2.39566e-108 5.5512e-127 6.45007e-150 1.05066e-181 5.45337e-225 2.78198e-283 0.0 0.0 0.0 0.0 0.0 0.0 0.0 0.6010 8.94979450924 -2.63071059268 -1.0766597735
0 5.0081 -6.8679 -0.6366 0.1258 2 26.8039 58.5767 65.8645 2.46703e-13 1.24527e-13 6.05961e-14 2.8416e-14 1.28642e-14 5.65344e-15 2.44043e-15 1.0558e-15 4.70461e-16 2.21548e-16 1.11374e-16 5.90787e-17 3.22805e-17 1.77492e-17 9.66082e-18 5.15374e-18 2.67847e-18 1.35038e-18 6.57941e-19 3.0859e-19 1.38724e-19 5.94782e-20 2.41849e-20 9.26549e-21 3.3188e-21 1.10102e-21 3.34207e-22 9.12201e-23 2.17598e-23 4.29637e-24 6.22058e-25 4.76808e-26 5.18973e-28 2.43589e-80 1.67785e-91 1.08013e-105 1.39708e-125 6.27642e-147 8.11077e-175 2.32947e-213 9.51272e-266 0.0 0.0 0.0 0.0 0.0 0.0 0.0 0.0 0.0 8.5000 5.30568493319 71.9501371909 -6.89161100184
0 -4.5337 7.2908 -0.1171 0.4622 2 25.7192 25.1739 54.6819 6.44392e-13 3.94335e-13 2.35515e-13 1.36984e-13 7.74103e-14 4.23943e-14 2.24406e-14 1.14493e-14 5.61515e-15 2.6408e-15 1.18912e-15 5.12821e-16 2.12657e-16 8.56926e-17 3.42476e-17 1.3999e-17 6.04275e-18 2.79532e-18 1.36791e-18 6.87553e-19 3.45087e-19 1.69659e-19 8.07761e-20 3.69753e-20 1.61805e-20 6.73128e-21 2.64569e-21 9.75438e-22 3.34464e-22 1.0551e-22 3.01738e-23 7.64728e-24 1.64942e-24 2.78315e-25 2.99068e-26 1.06203e-27 4.72887e-32 1.31496e-77 1.912e-90 1.64483e-106 1.50957e-124 1.14282e-149 5.50777e-184 2.70982e-230 1.42706e-283 0.0 0.0 0.0 0.0 0.0 8.5854 16.4291295343 -16.0192415357 -0.408443224563
0 4.8941 -3.5100 -0.0090 3.6093 1 32.6841 18.3228 13.4104 7.74265e-11 5.47083e-11 3.85689e-11 2.71268e-11 1.90314e-11 1.33156e-11 9.28847e-12 6.45761e-12 4.47264e-12 3.08475e-12 2.11748e-12 1.44586e-12 9.81527e-13 6.62051e-13 4.43439e-13 2.94752e-13 1.94302e-13 1.26937e-13 8.2122e-14 5.25696e-14 3.32676e-14 2.07916e-14 1.28191e-14 7.78758e-15 4.65523e-15 2.73414e-15 1.57514e-15 8.8844e-16 4.89604e-16 2.63001e-16 1.37351e-16 6.9533e-17 3.40093e-17 1.60115e-17 7.22529e-18 3.11015e-18 1.27006e-18 4.88913e-19 1.76101e-19 5.88143e-20 1.80031e-20 4.96864e-21 1.2044e-21 2.44266e-22 3.73585e-23 3.31262e-24 6.77998e-26 0.0 0.0 0.0 6.0226 6.98944217571 44.4438175527 -0.0738511572945
0 -1.5515 -5.7175 -0.0300 3.2036 2 23.2968 26.9920 45.3979 2.19882e-12 1.42832e-12 9.10277e-13 5.68179e-13 3.46691e-13 2.06376e-13 1.19584e-13 6.72903e-14 3.66782e-14 1.93158e-14 9.80284e-15 4.78336e-15 2.24063e-15 1.00748e-15 4.36084e-16 1.83143e-16 7.57856e-17 3.16387e-17 1.36842e-17 6.23462e-18 2.97961e-18 1.46193e-18 7.17885e-19 3.45813e-19 1.61282e-19 7.22077e-20 3.08328e-20 1.24797e-20 4.756e-21 1.69331e-21 5.57883e-22 1.67982e-22 4.54068e-23 1.06971e-23 2.07482e-24 2.91736e-25 2.10715e-26 1.8717e-28 6.42098e-69 6.24069e-80 4.56119e-94 1.33867e-109 3.29583e-131 9.65055e-161 1.32143e-200 1.18844e-247 1.76027e-303 0.0 0.0 0.0 5.9242 3.18601255387 -29.1438128673 -0.540053658723
