sky_model/snrs/ctadc_skymodel_gps_sources_snr_1_summary_all.ecsv
# %ECSV 0.9
# ---
# datatype:
# - {name: distance, unit: kpc, datatype: float64, description: distance}
# - {name: GLAT, datatype: float64, description: Latitude}
# - {name: GLON, datatype: float64, description: Latitude}
# - {name: galactocentric_x, unit: kpc, datatype: float64, description: galactocentric_x}
# - {name: galactocentric_y, unit: kpc, datatype: float64, description: galactocentric_x}
# - {name: galactocentric_z, unit: kpc, datatype: float64, description: galactocentric_x}
# - {name: galactocentric_r, unit: kpc, datatype: float64, description: galactocentric_x}
# - {name: age, unit: kyr, datatype: float64, description: age}
# - {name: n0, unit: 1 / cm3, datatype: float64, description: n0 column density}
# - {name: skip, datatype: float64, description: skip because already known}
# - {name: size_physical, unit: pc, datatype: float64, description: intrinsic physical
#     size}
# - {name: sigma, unit: deg, datatype: float64, description: angular size}
# - {name: flux_1_10, unit: 1 / (cm2 s), datatype: float64, description: Integral flux
#     between 1 and 10 TeV}
# - {name: int_flux_above_1TeV_cu, datatype: float64, description: Integral flux between
#     1 and 10 TeV in crab units}
distance GLAT GLON galactocentric_x galactocentric_y galactocentric_z galactocentric_r age n0 skip size_physical sigma flux_1_10 int_flux_above_1TeV_cu
[from data line 382]
13.84768 0.14152 11.4112 2.73974 5.0739 0.0342 5.76634 13.4617 3.1323 0.0 9.6657 0.079985 8.8463e-14 0.0047369106849
19.22963 0.41159 -1.17361 -0.39385 10.7251 0.13814 10.73233 16.6479 0.2725 0.0 17.1265 0.102058333333 5.134e-15 0.000274909277961
14.68549 -0.04214 1.61216 0.41316 6.17967 -0.0108 6.19347 13.4252 3.4754 0.0 34.3418 0.267971666667 5.3037e-14 0.00283996170144
19.35245 0.07106 -26.51511 -8.63958 8.81688 0.024 12.34422 7.4968 0.3866 0.0 34.3418 0.203348333333 1.9867e-13 0.0106381430176
11.21422 0.12876 26.03485 4.92211 1.57626 0.0252 5.16834 37.2588 3.5571 0.0 14.1742 0.144838333333 5.1835e-14 0.00277559844626
7.80701 -2.84421 4.44286 0.60402 -0.72604 -0.38739 0.94444 1.7035 0.011 0.0 7.751 0.11377 8.7102e-13 0.0466403348831
12.0948 0.1734 55.63645 9.98388 -1.67322 0.0366 10.12312 10.0007 0.7228 0.0 11.485 0.108815 3.4416e-14 0.00184286671412
3.04178 -3.57403 60.27146 2.6363 -6.99454 -0.18962 7.47487 9.119 0.3534 0.0 31.291 1.17881 5.6513e-12 0.302609038282
15.44364 0.18255 2.55377 0.68812 6.92822 0.0492 6.96231 5.2007 1.9948 0.0 7.2076 0.05348 7.5079e-14 0.00402024029607
12.94371 -0.06109 13.5108 3.02402 4.0855 -0.0138 5.08291 4.3301 3.8301 0.0 17.9059 0.158521666667 3.3719e-13 0.018055445936
13.51908 -0.41708 33.08122 7.37889 2.82731 -0.09841 7.90201 0.4885 0.6776 0.0 3.2157 0.0272566666667 1.1273e-13 0.00603633091246
17.34993 0.24176 14.33556 4.29581 8.30954 0.07321 9.35427 1.2314 0.6525 0.0 4.8679 0.0321516666667 5.4916e-15 0.000294057614112
10.82053 -0.32409 82.49247 10.7276 -7.08625 -0.06121 12.85676 20.5107 0.2912 0.0 18.3828 0.194676666667 1.0846e-14 0.000580768607083
7.82593 -1.18625 -9.37956 -1.27515 -0.78035 -0.16202 1.49498 29.6358 0.0529 0.0 29.9392 0.438386666667 5.9925e-16 3.20879206892e-05
3.15564 0.30506 -26.60557 -1.41322 -5.67855 0.0168 5.85176 4.8208 3.5881 0.0 17.9059 0.65022 5.3357e-12 0.285709667787
19.38751 0.3263 -18.72419 -6.22354 9.86113 0.11041 11.6608 13.6617 0.2764 0.0 15.7691 0.093205 6.991e-15 0.000374345688007
6.79728 1.44299 -17.12451 -2.00082 -2.00612 0.17117 2.83334 2.4381 0.1921 0.0 9.3361 0.157393333333 1.6167e-13 0.0086569113689
7.76425 -0.03985 -59.31273 -6.67699 -4.5375 -0.0054 8.07286 2.9761 1.934 0.0 12.3418 0.182151666667 2.8845e-13 0.0154455748399
3.66873 -1.07777 68.09559 3.40327 -7.13159 -0.06901 7.90201 8.6836 1.0944 0.0 28.5112 0.890538333333 5.2577e-12 0.281533017284
1.79983 1.108 3.98579 0.12508 -6.70486 0.0348 6.70603 4.0383 2.5787 0.0 21.5677 1.373175 3.339e-11 1.78792769597
2.54004 2.26103 -20.80869 -0.90164 -6.12749 0.10021 6.19347 17.9455 0.8994 0.0 13.9143 0.627731666667 5.493e-13 0.0294132579634
7.11139 -1.40218 19.96433 2.42735 -1.81797 -0.17402 3.03266 9.6927 0.2176 0.0 34.3418 0.553378333333 7.7533e-13 0.041516441465
15.11424 -0.33666 -5.59975 -1.4748 6.54185 -0.08881 6.70603 4.229 1.04 0.0 23.6705 0.179463333333 4.7972e-13 0.0256874715277
6.57083 -0.65929 64.05831 5.90836 -5.62574 -0.07561 8.15829 36.0162 0.9096 0.0 18.3611 0.320208333333 2.7894e-14 0.00149363447593
11.04577 -1.01255 -9.46911 -1.81692 2.39356 -0.1952 3.00505 1.5711 0.2054 0.0 6.8216 0.0707683333333 1.7289e-13 0.00925770647968
21.64278 0.3193 15.23749 5.68808 12.3816 0.12061 13.62565 4.1683 0.1761 0.0 14.8658 0.07871 7.8076e-15 0.000418072005962
13.67952 -0.56551 -4.6988 -1.12054 5.13288 -0.13501 5.25377 3.8733 0.5337 0.0 14.8658 0.124528333333 5.1341e-14 0.00274914632641
13.30274 -0.25328 -53.00191 -10.6242 -0.49465 -0.05881 10.63571 16.3843 0.5151 0.0 14.9901 0.129126666667 1.3207e-14 0.000707192604992
4.93943 0.20882 -40.97471 -3.23889 -4.77076 0.018 5.76633 3.4133 3.6045 0.0 5.404 0.125368333333 1.4948e-12 0.0800417586085
16.04543 0.5314 22.76743 6.20918 6.29459 0.14882 8.84171 27.615 0.3438 0.0 20.0424 0.143136666667 2.7169e-15 0.000145481304498
13.51239 0.28243 -4.51749 -1.06427 4.97025 0.06661 5.08292 19.8611 1.9269 0.0 12.4491 0.105575 4.0042e-14 0.00214412101833
5.68217 -1.04077 -4.07754 -0.40397 -2.83315 -0.10321 2.86181 6.2628 0.3927 0.0 23.6705 0.47736 1.2048e-12 0.0645131862266
7.34474 -0.95029 66.6367 6.74161 -5.58777 -0.12181 8.75628 20.5012 0.4277 0.0 17.0239 0.265605 2.7116e-14 0.00145197506451
10.53636 1.14541 -44.67494 -7.40646 -1.00902 0.21062 7.47488 12.3262 0.3367 0.0 14.5457 0.158196666667 2.6542e-14 0.00142123920055
5.85288 -1.7053 -30.41417 -2.96169 -3.45478 -0.17417 4.55051 27.2988 0.3906 0.0 19.4486 0.380778333333 2.2941e-14 0.00122841716901
14.35526 0.12454 -40.35837 -9.29596 2.43881 0.0312 9.61055 7.6459 0.9105 0.0 28.5112 0.227591666667 3.5846e-13 0.0191943864001
1.96835 -2.51603 2.04575 0.0702 -6.5348 -0.08641 6.53518 8.8323 1.1255 0.0 10.0027 0.582328333333 2.0765e-12 0.111189932935
7.19319 -1.29178 24.12634 2.93947 -1.93683 -0.16216 3.5202 30.4755 0.294 0.0 21.5132 0.342716666667 9.754e-15 0.000522295500045
19.00219 0.427 -32.51973 -10.2151 7.52232 0.14161 12.68596 6.5518 0.1887 0.0 31.291 0.188698333333 2.4824e-13 0.0132924579589
7.53182 -0.21454 -31.11261 -3.89183 -2.05165 -0.0282 4.3995 1.079 3.2067 0.0 4.8679 0.0740616666667 4.0013e-14 0.00214256816109
11.51315 -0.66594 -40.45867 -7.47037 0.25947 -0.13381 7.47487 10.4844 0.4684 0.0 12.7603 0.127005 2.8345e-14 0.00151778408333
4.67002 -11.12276 14.1123 1.11727 -4.056 -0.9009 4.20707 11.8027 0.1732 0.0 16.3087 0.400178333333 2.0116e-13 0.0107714745529
9.76552 1.05273 -19.18638 -3.20882 0.72153 0.17942 3.28894 26.1964 0.2494 0.0 20.9187 0.245466666667 7.7387e-15 0.000414382631351
3.68456 0.74651 25.78274 1.6025 -5.18252 0.048 5.42462 21.4654 2.6806 0.0 12.0241 0.373955 7.1193e-13 0.0381215742615
2.64366 0.16907 -11.82246 -0.54163 -5.91243 0.0078 5.93719 24.8423 3.6728 0.0 11.9725 0.51896 1.6645e-12 0.089128650792
12.21393 0.54891 -61.51258 -10.7346 -2.67464 0.11701 11.06279 7.51 0.2952 0.0 28.5112 0.267493333333 3.3964e-13 0.0181866355993
9.06842 -0.29951 -32.26571 -4.84108 -0.83201 -0.0474 4.91206 31.397 2.6963 0.0 13.9879 0.176756666667 7.4014e-14 0.00396321295267
12.73906 0.28068 34.41486 7.19979 2.00918 0.06241 7.47488 2.4856 1.3925 0.0 10.2464 0.09217 4.6929e-14 0.002512897839
11.774 -1.05129 39.25819 7.44952 0.6151 -0.21602 7.47487 0.262 0.3331 0.0 2.7492 0.0267566666667 1.36e-13 0.0072823649791
11.15182 -0.20057 -1.34739 -0.26222 2.64867 -0.03904 2.66162 30.8041 1.0756 0.0 16.678 0.171376666667 1.6344e-14 0.000875168920724
11.70757 0.08223 78.52393 11.4735 -6.17068 0.0168 13.02761 30.9378 0.3313 0.0 21.1338 0.206853333333 3.7621e-15 0.000201448421234
5.3352 1.38688 -16.20944 -1.48888 -3.37839 0.12913 3.69192 8.3186 0.4107 0.0 11.9271 0.256175 1.6382e-13 0.00877203699174
4.00406 -0.14597 -42.82566 -2.72183 -5.56333 -0.0102 6.19346 35.2191 3.4824 0.0 13.917 0.398288333333 4.3288e-13 0.0231793393541
4.29454 0.07205 -32.94577 -2.33556 -4.89609 0.0054 5.42462 22.5841 3.905 0.0 11.3835 0.303748333333 7.4594e-13 0.0399427009743
10.43122 -2.04577 2.69257 0.48971 1.91306 -0.37237 1.97475 6.437 0.0618 0.0 21.5677 0.23693 4.2248e-14 0.00226224526204
9.564 5.83897 32.03643 5.04698 -0.43456 0.97297 5.06565 12.5335 0.181 0.0 16.5654 0.19848 4.2217e-14 0.0022605853112
13.02498 -0.32731 34.6619 7.40761 2.21316 -0.07441 7.73116 34.4052 1.0539 0.0 17.5051 0.154006666667 9.5023e-15 0.000508817770154
10.36495 2.39111 4.12103 0.74421 1.82915 0.43243 1.97475 32.1748 0.0559 0.0 30.6085 0.338398333333 2.0455e-16 1.09529982094e-05
23.08651 0.08191 5.60784 2.25599 14.476 0.033 14.65074 32.4202 0.2151 0.0 23.473 0.11651 7.8539e-16 4.20551222863e-05
19.09736 0.30065 -30.29301 -9.633 7.98952 0.10021 12.51508 32.1842 0.2498 0.0 22.7165 0.136308333333 1.1451e-15 6.1316442188e-05
1.39316 -2.04875 21.10907 0.50142 -7.20116 -0.04981 7.2186 5.8502 1.8326 0.0 7.6875 0.632323333333 8.1082e-12 0.434168174438
12.88701 2.23025 -0.63688 -0.14314 4.37645 0.5015 4.37879 10.8101 0.2923 0.0 14.1878 0.126158333333 2.1794e-14 0.0011669989879
15.83438 -0.18673 -14.56429 -3.98179 6.82548 -0.05161 7.90201 1.173 1.4234 0.0 8.5067 0.0615616666667 9.613e-14 0.00514745401059
11.23885 -0.57512 81.32115 11.1096 -6.80419 -0.11281 13.02767 34.0025 0.2087 0.0 24.0709 0.245428333333 2.6726e-15 0.0001431091812
3.97181 -9.8826 -21.47805 -1.43268 -4.85884 -0.68168 5.06566 3.5806 0.2628 0.0 13.5451 0.390793333333 3.9633e-13 0.0212222037659
21.22664 0.07937 18.70735 6.80811 11.6052 0.0294 13.45478 26.6629 0.2889 0.0 20.4602 0.110453333333 1.5738e-15 8.42719559126e-05
2.85086 1.99027 -41.03506 -1.87052 -6.35087 0.09901 6.6206 9.1679 0.8677 0.0 10.6935 0.429828333333 7.6657e-13 0.0410473714855
6.95118 -0.17806 -23.21912 -2.74048 -2.11187 -0.0216 3.4598 8.9038 2.3814 0.0 8.645 0.142515 3.4392e-13 0.0184158159089
15.28183 -0.18673 25.24554 6.51764 5.32216 -0.04981 8.41457 0.7788 1.2102 0.0 3.5975 0.026975 9.0483e-14 0.00484507522356
11.12261 0.50694 -5.37848 -1.04253 2.57321 0.09841 2.77638 5.1063 0.4031 0.0 19.6516 0.202463333333 1.9586e-13 0.0104876765059
1.97574 3.60449 174.63761 0.18428 -10.4632 0.12421 10.46482 5.8776 0.3121 0.0 21.5677 1.25091166667 5.8626e-12 0.313923477401
7.53733 0.09123 66.60143 6.91749 -5.50674 0.012 8.84171 4.7368 1.3826 0.0 7.4625 0.113453333333 2.332e-13 0.0124871140671
9.06135 -0.55017 62.96469 8.07081 -4.38145 -0.08701 9.18341 0.1438 0.5774 0.0 0.6287 0.00795 2.8058e-13 0.0150241615135
11.1776 2.30961 23.06563 4.37566 1.77567 0.45045 4.72222 8.062 0.3258 0.0 28.5112 0.292293333333 3.8464e-13 0.0205962416585
4.80149 -1.76892 33.94718 2.68001 -4.51881 -0.14822 5.25377 0.2017 0.4753 0.0 0.9121 0.0217683333333 6.6996e-13 0.0358742150103
7.21106 0.16702 -41.9601 -4.82139 -3.1378 0.02102 5.75253 13.2682 3.5406 0.0 34.3418 0.545728333333 2.1448e-13 0.0114847179465
6.15207 -0.90538 24.73194 2.57354 -2.91293 -0.09721 3.88694 31.2589 0.7863 0.0 17.8591 0.332653333333 3.4938e-14 0.00187081814441
3.10302 2.92635 -25.34786 -1.32671 -5.69938 0.15842 5.85176 36.6186 0.4532 0.0 21.2424 0.784463333333 4.6754e-14 0.00250352714877
6.91053 -4.53621 -1.91606 -0.23033 -1.61497 -0.54655 1.63131 0.4629 0.0264 0.0 1.92 0.0318383333333 1.8512e-13 0.00991258385979
19.32266 -0.1959 -13.72382 -4.58412 10.2709 -0.06607 11.24747 0.1758 0.4132 0.0 1.3234 0.00784833333333 9.6043e-14 0.00514279543888
6.91313 3.0877 -2.49297 -0.30026 -1.60344 0.37237 1.63131 9.9515 0.0377 0.0 31.291 0.518678333333 4.4402e-14 0.00237758507207
7.07524 -1.03995 -121.79689 -6.01241 -12.2274 -0.12841 13.62565 0.2198 0.1683 0.0 1.0011 0.0162133333333 2.8e-13 0.0149931043687
19.12463 0.00719 -30.06574 -9.58131 8.05143 0.0024 12.51507 3.7531 0.3867 0.0 21.5677 0.12923 2.2054e-13 0.0118092115624
9.16351 -0.09755 46.23863 6.61812 -2.16201 -0.0156 6.96231 37.1632 2.7933 0.0 14.8603 0.185831666667 5.8106e-14 0.00311139043732
9.03856 2.72319 -1.87368 -0.29519 0.52352 0.42943 0.60101 1.0198 0.0047 0.0 4.0414 0.0512366666667 1.7649e-13 0.00945047496442
12.53509 -1.75723 1.23679 0.27043 4.02628 -0.38438 4.03535 33.7526 0.2964 0.0 22.3773 0.204566666667 2.4114e-15 0.000129122756696
16.75273 -0.56233 39.14658 10.5756 4.49168 -0.16442 11.48993 31.1399 0.2075 0.0 23.2612 0.15911 1.7178e-15 9.19826953022e-05
14.03395 3.32439 -15.73033 -3.79834 4.98562 0.81381 6.26768 14.8704 0.2029 0.0 17.3526 0.14169 1.3613e-14 0.000728932606327
8.28033 -0.4858 16.61813 2.36802 -0.56581 -0.07021 2.43468 20.4374 0.5101 0.0 16.4156 0.227175 2.462e-14 0.00131832224842
8.87501 2.55993 -55.97936 -7.34859 -3.53946 0.3964 8.15656 7.6997 0.2117 0.0 13.1786 0.170158333333 8.3422e-14 0.00446698125946
15.44803 0.02003 -25.42479 -6.63224 5.45188 0.0054 8.58543 7.1584 1.5656 0.0 28.5112 0.211493333333 4.3608e-13 0.0233506891183
9.06461 0.2655 62.2952 8.02531 -4.28576 0.042 9.09799 22.762 1.0169 0.0 14.9379 0.18884 3.6853e-14 0.00197336026893
12.8209 1.04589 -53.75584 -10.3384 -0.92119 0.23402 10.37936 2.544 0.1896 0.0 13.5451 0.121065 1.6494e-13 0.00883200940921
13.77379 1.22429 -43.05618 -9.40143 1.562 0.29429 9.53031 0.8352 0.1884 0.0 4.8679 0.0404983333333 2.3704e-13 0.0126927337842
13.13714 -0.41874 -20.21059 -4.53839 3.82795 -0.09601 5.93719 5.2603 1.0041 0.0 8.2962 0.072365 5.6215e-14 0.00301013343603
18.20238 -0.18888 5.72165 1.81469 9.6116 -0.06001 9.78141 1.3905 0.6624 0.0 5.185 0.0326416666667 4.5248e-14 0.00242288566599
11.81416 -0.68452 -25.89732 -5.15958 2.127 -0.14114 5.58081 32.7033 0.5082 0.0 19.8414 0.192451666667 4.9274e-15 0.000263846508809
8.40236 -2.19162 53.7728 6.77306 -3.53793 -0.32132 7.64142 23.3886 0.273 0.0 19.6302 0.267718333333 1.3606e-14 0.000728557778718
10.54926 -1.63123 -35.31032 -6.09505 0.10506 -0.3003 6.09596 39.6957 0.3669 0.0 22.8861 0.248601666667 2.4839e-15 0.000133004899791
17.79858 0.23953 12.82749 3.95154 8.85423 0.07441 9.69598 35.6522 0.582 0.0 19.9918 0.128711666667 2.1118e-15 0.000113080135021
12.95479 -0.62103 11.32778 2.54445 4.20168 -0.14041 4.91206 36.4022 0.4912 0.0 20.8542 0.184466666667 3.0206e-15 0.000161743468058
1.94196 3.73826 164.38466 0.52162 -10.3663 0.12661 10.37942 6.3585 0.3114 0.0 23.6705 1.39677 8.7597e-12 0.469053915496
22.99628 -0.13605 5.81204 2.32872 14.378 -0.05461 14.56536 2.5063 0.2029 0.0 8.3562 0.04164 3.2034e-14 0.00171531823339
14.93851 -0.74868 10.88507 2.82074 6.16848 -0.1952 6.78283 9.6936 0.3817 0.0 12.875 0.0987633333333 1.7727e-14 0.000949224146945
11.82424 1.1933 -14.79821 -3.01944 2.92957 0.24625 4.20707 1.0708 0.3389 0.0 6.435 0.0623633333333 1.7683e-13 0.00946868087687
14.2508 -0.41014 11.99732 2.96218 5.43917 -0.10201 6.19347 0.5129 0.8687 0.0 2.1072 0.0169433333333 2.1571e-14 0.00115505805121
16.96004 -0.04865 -58.5984 -14.476 0.33674 -0.0144 14.47992 35.6403 0.2346 0.0 23.963 0.161908333333 1.0353e-15 5.54370034034e-05
8.36403 0.09865 -26.03921 -3.67169 -0.98498 0.0144 3.80151 39.3627 2.9432 0.0 15.0485 0.206171666667 6.7416e-14 0.00360991115758
13.49481 -0.0051 0.8757 0.20625 4.99323 -0.0012 4.99749 14.1552 3.9365 0.0 34.3418 0.291615 1.19e-13 0.00637206935671
4.77179 0.64905 87.03884 4.76511 -8.25351 0.05405 9.5303 9.2306 0.7668 0.0 31.291 0.751433333333 3.0961e-12 0.165786251557
18.68385 -0.4398 31.42214 9.74034 7.44338 -0.14341 12.2588 5.3152 0.2025 0.0 11.4269 0.0700833333333 2.8261e-14 0.00151328615202
5.96761 1.86121 44.29484 4.16529 -4.2309 0.19382 5.93718 5.5111 0.4099 0.0 21.5677 0.414148333333 9.4761e-13 0.0507414843959
8.34753 -2.26791 -2.71366 -0.3949 -0.16836 -0.33033 0.42929 8.7507 0.0043 0.0 23.6705 0.32494 8.5372e-13 0.0457139752203
7.40023 0.10221 -62.0036 -6.53422 -5.02622 0.0132 8.24372 12.1721 1.7665 0.0 34.3418 0.53178 7.2885e-13 0.0390275861398
5.02406 -0.37638 62.80485 4.46858 -6.20394 -0.033 7.64572 5.2034 1.9468 0.0 19.6516 0.448226666667 2.0721e-12 0.110954327009
14.43712 0.18575 -38.08542 -8.90528 2.86328 0.0468 9.35427 3.1803 0.88 0.0 6.9338 0.0550366666667 5.4014e-14 0.00289227692633
16.07737 0.13686 -14.86074 -4.12336 7.03957 0.0384 8.15829 32.5537 1.5211 0.0 15.9113 0.113408333333 1.1085e-14 0.000593566292598
5.43533 -4.11879 -51.05257 -4.21626 -5.09214 -0.39039 6.61111 3.2078 0.3109 0.0 17.9059 0.377505 1.7884e-12 0.0957630994752
3.72696 2.85169 -94.18877 -3.7124 -8.77189 0.18542 9.52512 11.2858 0.2602 0.0 14.7737 0.454241666667 2.5739e-13 0.013782411191
9.94096 0.62946 -80.10343 -9.79244 -6.79155 0.10921 11.91709 5.7991 0.2653 0.0 21.5677 0.248615 2.2774e-13 0.0121947485319
6.97184 0.14301 -32.49224 -3.74516 -2.61952 0.0174 4.57035 5.228 3.5964 0.0 19.6516 0.323001666667 1.2814e-12 0.0686148712075
4.00959 1.16624 31.7358 2.10862 -5.09062 0.08161 5.51005 30.2855 1.403 0.0 15.7088 0.448948333333 1.8168e-13 0.00972838286326
7.78546 -0.5211 -62.74514 -6.92082 -4.9348 -0.07081 8.5 12.9235 0.8799 0.0 12.2467 0.180255 7.942e-14 0.00425268696059
4.83679 -1.99249 -18.52704 -1.53597 -3.91666 -0.16817 4.20707 22.6549 0.3676 0.0 18.2645 0.432716666667 4.7483e-14 0.00254256276693
10.27344 0.33131 -48.66422 -7.7137 -1.71481 0.05941 7.90201 5.6378 1.2719 0.0 25.9783 0.289766666667 1.0479e-12 0.0561116931
8.68708 0.8319 28.31269 4.1197 -0.85294 0.12613 4.20707 30.9992 0.5086 0.0 19.4164 0.256121666667 1.0297e-14 0.00055137141316
