sky_model/snrs/ctadc_skymodel_gps_sources_snr_1.ecsv
# %ECSV 0.9
# ---
# datatype:
# - {name: Simulation_number, unit: '', datatype: float64, format: '%i', description: Simulation
#     number}
# - {name: n0, unit: 1 / cm3, datatype: float64, format: '%0.4f', description: density}
# - {name: type, unit: '', datatype: float64, format: '%i', description: type of progenitor}
# - {name: age, unit: kyear, datatype: float64, format: '%0.4f', description: age of
#     the SNR}
# - {name: sigma, unit: arcmin, datatype: float64, format: '%0.4f', description: apparent
#     size of the SNR}
# - {name: size_physical, unit: pc, datatype: float64, format: '%0.4f', description: SNR
#     Radius}
# - {name: flux_1_10, unit: 1 / (cm2 s), datatype: float64, format: '%0.5f', description: Integral
#     flux from 1 to 10 TeV}
# - {name: '0.1', unit: 1 / (cm2 s TeV), datatype: float64, description: Differential
#     spectrum}
# - {name: '0.11514', unit: 1 / (cm2 s TeV), datatype: float64, description: Differential
#     spectrum}
# - {name: '0.132571', unit: 1 / (cm2 s TeV), datatype: float64, description: Differential
#     spectrum}
# - {name: '0.152642', unit: 1 / (cm2 s TeV), datatype: float64, description: Differential
#     spectrum}
# - {name: '0.175751', unit: 1 / (cm2 s TeV), datatype: float64, description: Differential
#     spectrum}
# - {name: '0.202359', unit: 1 / (cm2 s TeV), datatype: float64, description: Differential
#     spectrum}
# - {name: '0.232995', unit: 1 / (cm2 s TeV), datatype: float64, description: Differential
#     spectrum}
# - {name: '0.26827', unit: 1 / (cm2 s TeV), datatype: float64, description: Differential
#     spectrum}
# - {name: '0.308884', unit: 1 / (cm2 s TeV), datatype: float64, description: Differential
#     spectrum}
# - {name: '0.355648', unit: 1 / (cm2 s TeV), datatype: float64, description: Differential
#     spectrum}
# - {name: '0.409492', unit: 1 / (cm2 s TeV), datatype: float64, description: Differential
#     spectrum}
# - {name: '0.471487', unit: 1 / (cm2 s TeV), datatype: float64, description: Differential
#     spectrum}
# - {name: '0.542868', unit: 1 / (cm2 s TeV), datatype: float64, description: Differential
#     spectrum}
# - {name: '0.625055', unit: 1 / (cm2 s TeV), datatype: float64, description: Differential
#     spectrum}
# - {name: '0.719686', unit: 1 / (cm2 s TeV), datatype: float64, description: Differential
#     spectrum}
# - {name: '0.828643', unit: 1 / (cm2 s TeV), datatype: float64, description: Differential
#     spectrum}
# - {name: '0.954095', unit: 1 / (cm2 s TeV), datatype: float64, description: Differential
#     spectrum}
# - {name: '1.09854', unit: 1 / (cm2 s TeV), datatype: float64, description: Differential
#     spectrum}
# - {name: '1.26486', unit: 1 / (cm2 s TeV), datatype: float64, description: Differential
#     spectrum}
# - {name: '1.45635', unit: 1 / (cm2 s TeV), datatype: float64, description: Differential
#     spectrum}
# - {name: '1.67683', unit: 1 / (cm2 s TeV), datatype: float64, description: Differential
#     spectrum}
# - {name: '1.9307', unit: 1 / (cm2 s TeV), datatype: float64, description: Differential
#     spectrum}
# - {name: '2.223', unit: 1 / (cm2 s TeV), datatype: float64, description: Differential
#     spectrum}
# - {name: '2.55955', unit: 1 / (cm2 s TeV), datatype: float64, description: Differential
#     spectrum}
[...]
#     from Earth}
# - {name: glon, unit: deg, datatype: float64, format: '%.5f', description: Galactic
#     longitude}
# - {name: glat, unit: deg, datatype: float64, format: '%.5f', description: Galactic
#     latitude}
# - {name: skip, datatype: float64, format: '%.d', description: 'Skip boolean, 1 skip
#     0 keep'}
# meta: !!omap
# - simulation_parameters:
#   - {description: Spectral index, name: alpha, value: 4.1}
#   - {description: Electron to proton ratio, name: Kep, value: 0.01}
#   - {description: CR efficiency, name: xi, value: 0.1}
# - energy_array: [0.1, 0.11514, 0.132571, 0.152642, 0.175751, 0.202359, 0.232995, 0.26827,
#     0.308884, 0.355648, 0.409492, 0.471487, 0.542868, 0.625055, 0.719686, 0.828643,
#     0.954095, 1.09854, 1.26486, 1.45635, 1.67683, 1.9307, 2.223, 2.55955, 2.94705,
#     3.39322, 3.90694, 4.49843, 5.17947, 5.96362, 6.86649, 7.90604, 9.10298, 10.4811,
#     12.0679, 13.895, 15.9986, 18.4207, 21.2095, 24.4205, 28.1177, 32.3746, 37.2759,
#     42.9193, 49.4171, 56.8987, 65.5129, 75.4312, 86.8511, 100.0]
Simulation_number n0 type age sigma size_physical flux_1_10 0.1 0.11514 0.132571 0.152642 0.175751 0.202359 0.232995 0.26827 0.308884 0.355648 0.409492 0.471487 0.542868 0.625055 0.719686 0.828643 0.954095 1.09854 1.26486 1.45635 1.67683 1.9307 2.223 2.55955 2.94705 3.39322 3.90694 4.49843 5.17947 5.96362 6.86649 7.90604 9.10298 10.4811 12.0679 13.895 15.9986 18.4207 21.2095 24.4205 28.1177 32.3746 37.2759 42.9193 49.4171 56.8987 65.5129 75.4312 86.8511 100.0 galactocentric_x galactocentric_y galactocentric_z galactocentric_r distance glon glat skip
[from data line 184]
0 0.1810 1 5.3362 4.4416 11.7003 0.00000 6.3298e-12 4.87357e-12 3.73809e-12 2.85502e-12 2.17033e-12 1.64126e-12 1.23404e-12 9.21972e-13 6.84013e-13 5.03572e-13 3.67599e-13 2.65851e-13 1.90308e-13 1.34709e-13 9.41863e-14 6.49715e-14 4.41627e-14 2.95395e-14 1.94157e-14 1.25221e-14 7.91336e-15 4.8938e-15 2.95877e-15 1.74822e-15 1.01019e-15 5.72232e-16 3.19331e-16 1.76991e-16 9.85419e-17 5.5819e-17 3.24993e-17 1.95149e-17 1.20264e-17 7.52739e-18 4.73098e-18 2.95863e-18 1.82997e-18 1.11542e-18 6.68455e-19 3.93142e-19 2.26508e-19 1.2759e-19 7.01138e-20 3.74952e-20 1.94599e-20 9.77149e-21 4.73069e-21 2.19953e-21 9.77783e-22 4.13489e-22 -13.11850 3.98721 0.11281 13.71105 18.11182 -46.41230 0.35687 0
0 1.1161 1 5.4930 30.5314 8.2683 0.00000 7.02739e-10 5.19014e-10 3.81452e-10 2.78881e-10 2.02759e-10 1.46555e-10 1.05293e-10 7.51848e-11 5.33582e-11 3.76437e-11 2.64096e-11 1.84357e-11 1.28154e-11 8.88013e-12 6.14091e-12 4.24345e-12 2.93362e-12 2.03108e-12 1.40917e-12 9.79912e-13 6.82706e-13 4.76135e-13 3.32004e-13 2.3113e-13 1.60411e-13 1.10839e-13 7.61573e-14 5.19827e-14 3.52178e-14 2.36642e-14 1.57589e-14 1.03931e-14 6.78273e-15 4.37649e-15 2.78931e-15 1.75414e-15 1.08725e-15 6.63332e-16 3.97794e-16 2.34114e-16 1.34982e-16 7.60946e-17 4.18522e-17 2.2403e-17 1.16394e-17 5.85138e-18 2.83651e-18 1.32072e-18 5.88055e-19 2.49122e-19 -0.43614 -6.69183 0.08521 6.70603 1.86198 -13.56107 2.62291 0
0 0.3629 2 13.2977 30.8979 41.3648 0.00000 2.86201e-11 2.21861e-11 1.71316e-11 1.31723e-11 1.00799e-11 7.67364e-12 5.80868e-12 4.36913e-12 3.26378e-12 2.41978e-12 1.77882e-12 1.29566e-12 9.34273e-13 6.6621e-13 4.69101e-13 3.25822e-13 2.22916e-13 1.49995e-13 9.90777e-14 6.40468e-14 4.04412e-14 2.48714e-14 1.48475e-14 8.56916e-15 4.75862e-15 2.52816e-15 1.27639e-15 6.07611e-16 2.70331e-16 1.11331e-16 4.20111e-17 1.43685e-17 4.39774e-18 1.18614e-18 2.76625e-19 5.49357e-20 9.3897e-21 1.53389e-21 3.09359e-22 8.59829e-23 2.66311e-23 7.8124e-24 2.05068e-24 4.62555e-25 8.3445e-26 1.02083e-26 5.26701e-28 9.24431e-31 2.15413e-57 2.49371e-67 -9.20058 -8.22977 0.04080 12.34422 9.20464 -88.31765 0.25399 0
0 0.0235 3 4.0671 12.5485 14.8658 0.00000 1.03316e-11 7.35e-12 5.16774e-12 3.58701e-12 2.45506e-12 1.65469e-12 1.09666e-12 7.13566e-13 4.5504e-13 2.83847e-13 1.72833e-13 1.02488e-13 5.90377e-14 3.29466e-14 1.77601e-14 9.21972e-15 4.59528e-15 2.1931e-15 1.00041e-15 4.36248e-16 1.82572e-16 7.40874e-17 2.97129e-17 1.20943e-17 5.11988e-18 2.27035e-18 1.03834e-18 4.7663e-19 2.14152e-19 9.25418e-20 3.8021e-20 1.47232e-20 5.32894e-21 1.78547e-21 5.46945e-22 1.50473e-22 3.61053e-23 7.14621e-24 1.03184e-24 7.84404e-26 8.57569e-28 1.00126e-62 1.80756e-73 4.59488e-85 5.97766e-101 1.09615e-122 4.80459e-152 1.40391e-188 8.19657e-230 3.77707e-286 -1.03253 -0.42392 -0.23423 1.11617 8.14519 -7.28576 -1.64790 0
0 3.5164 1 8.1637 5.8268 7.7248 0.00000 5.16512e-11 3.78032e-11 2.76147e-11 2.01358e-11 1.46584e-11 1.06553e-11 7.7353e-12 5.60902e-12 4.06289e-12 2.93991e-12 2.12499e-12 1.53403e-12 1.10575e-12 7.95555e-13 5.71079e-13 4.08817e-13 2.91713e-13 2.07376e-13 1.46799e-13 1.0343e-13 7.24966e-14 5.05293e-14 3.50042e-14 2.409e-14 1.64616e-14 1.11631e-14 7.50795e-15 5.00491e-15 3.30447e-15 2.15925e-15 1.39518e-15 8.90579e-16 5.61029e-16 3.48395e-16 2.13001e-16 1.28029e-16 7.55396e-17 4.36743e-17 2.46959e-17 1.36279e-17 7.32134e-18 3.81884e-18 1.92809e-18 9.39047e-19 4.3947e-19 1.96764e-19 8.38619e-20 3.38292e-20 1.283e-20 4.53848e-21 4.35123 -0.49045 0.01502 4.37878 9.11517 28.51324 0.09438 0
0 1.3207 3 6.0093 58.1533 28.5112 0.00000 3.09656e-10 2.46537e-10 1.96084e-10 1.5578e-10 1.23605e-10 9.79373e-11 7.74798e-11 6.11897e-11 4.82321e-11 3.7938e-11 2.97705e-11 2.33006e-11 1.81843e-11 1.41458e-11 1.09652e-11 8.46663e-12 6.50884e-12 4.97965e-12 3.78945e-12 2.86674e-12 2.15444e-12 1.60728e-12 1.18938e-12 8.72216e-13 6.33215e-13 4.54562e-13 3.22229e-13 2.25213e-13 1.54903e-13 1.04641e-13 6.92592e-14 4.47877e-14 2.81894e-14 1.71997e-14 1.01221e-14 5.71032e-15 3.06484e-15 1.55045e-15 7.29412e-16 3.13358e-16 1.21634e-16 4.19529e-17 1.26199e-17 3.22777e-18 6.76452e-19 1.11033e-19 1.36089e-20 1.25052e-21 1.21463e-22 2.35571e-23 3.09937 -7.17585 0.05881 7.81658 3.37089 66.86628 0.99959 0
0 0.4692 1 10.9152 26.1052 12.9649 0.00000 1.61199e-10 1.19203e-10 8.75729e-11 6.38766e-11 4.62302e-11 3.3177e-11 2.35932e-11 1.66146e-11 1.15789e-11 7.98117e-12 5.43845e-12 3.6622e-12 2.43677e-12 1.60241e-12 1.04203e-12 6.70863e-13 4.28359e-13 2.71938e-13 1.72164e-13 1.09065e-13 6.93543e-14 4.43736e-14 2.85922e-14 1.85403e-14 1.2071e-14 7.86489e-15 5.10972e-15 3.29895e-15 2.11045e-15 1.33475e-15 8.32998e-16 5.12184e-16 3.09809e-16 1.84067e-16 1.07235e-16 6.11467e-17 3.40546e-17 1.84813e-17 9.74789e-18 4.98234e-18 2.45961e-18 1.1684e-18 5.31831e-19 2.3085e-19 9.50328e-20 3.68676e-20 1.33778e-20 4.49898e-21 1.38573e-21 3.84368e-22 -3.39943 -8.80635 -0.09961 9.43970 3.41466 -95.14947 -1.67163 0
0 0.2081 1 5.5954 8.6777 11.6078 0.00000 2.45138e-11 1.88053e-11 1.43675e-11 1.09273e-11 8.26914e-12 6.22293e-12 4.65439e-12 3.45773e-12 2.54967e-12 1.86475e-12 1.3516e-12 9.70047e-13 6.88719e-13 4.83231e-13 3.347e-13 2.2858e-13 1.53734e-13 1.01694e-13 6.60796e-14 4.21267e-14 2.63218e-14 1.61082e-14 9.65443e-15 5.67267e-15 3.27606e-15 1.86857e-15 1.0605e-15 6.04853e-16 3.50385e-16 2.07856e-16 1.26595e-16 7.8835e-17 4.97619e-17 3.15292e-17 1.98897e-17 1.24219e-17 7.65321e-18 4.6409e-18 2.76496e-18 1.6157e-18 9.2431e-19 5.16631e-19 2.81488e-19 1.49126e-19 7.65985e-20 3.80248e-20 1.8177e-20 8.33324e-21 3.64689e-21 1.51547e-21 4.51924 -0.53252 -0.82583 4.55051 9.19708 29.56237 -5.15165 0
0 0.3771 2 6.3345 19.4802 23.6705 0.00000 1.70951e-11 1.36386e-11 1.08723e-11 8.65652e-12 6.88699e-12 5.47117e-12 4.3396e-12 3.43806e-12 2.71815e-12 2.14372e-12 1.68746e-12 1.32569e-12 1.03665e-12 8.08073e-13 6.27714e-13 4.85729e-13 3.73763e-13 2.85589e-13 2.16845e-13 1.63482e-13 1.22263e-13 9.06129e-14 6.64814e-14 4.82402e-14 3.45933e-14 2.45052e-14 1.7146e-14 1.18514e-14 8.09342e-15 5.45983e-15 3.63579e-15 2.38681e-15 1.54188e-15 9.77978e-16 6.07461e-16 3.68365e-16 2.17279e-16 1.24119e-16 6.83052e-17 3.59826e-17 1.80039e-17 8.47428e-18 3.70779e-18 1.48564e-18 5.34964e-19 1.69047e-19 4.54804e-20 1.0025e-20 1.72798e-21 2.22849e-22 4.78623 -1.65917 -0.30330 5.06565 8.35446 34.97880 -2.08054 0
0 0.3896 1 11.9642 7.3445 13.9612 0.00000 1.0761e-11 7.9731e-12 5.86823e-12 4.28759e-12 3.10779e-12 2.23312e-12 1.58955e-12 1.11997e-12 7.80512e-13 5.37605e-13 3.65721e-13 2.45565e-13 1.62669e-13 1.06281e-13 6.84948e-14 4.35672e-14 2.73837e-14 1.70422e-14 1.05322e-14 6.48761e-15 3.99979e-15 2.47807e-15 1.54734e-15 9.74796e-16 6.18849e-16 3.94683e-16 2.51804e-16 1.59987e-16 1.00826e-16 6.28222e-17 3.86009e-17 2.3342e-17 1.38661e-17 8.07734e-18 4.60531e-18 2.56458e-18 1.39164e-18 7.33924e-19 3.75071e-19 1.85129e-19 8.79249e-20 4.00115e-20 1.73622e-20 7.14456e-21 2.77032e-21 1.0046e-21 3.37578e-22 1.03869e-22 2.87707e-23 6.98016e-24 10.20310 -0.33280 -0.10201 10.20853 13.06969 51.32402 -0.44720 0
0 0.3619 1 19.7088 15.1061 17.3229 0.00000 2.53722e-11 1.84687e-11 1.3333e-11 9.53909e-12 6.7582e-12 4.73748e-12 3.28317e-12 2.24751e-12 1.51851e-12 1.01181e-12 6.64449e-13 4.29815e-13 2.73814e-13 1.71812e-13 1.06263e-13 6.48707e-14 3.91778e-14 2.34816e-14 1.40217e-14 8.37644e-15 5.02415e-15 3.03198e-15 1.84088e-15 1.12186e-15 6.83436e-16 4.1418e-16 2.48498e-16 1.46982e-16 8.54057e-17 4.86092e-17 2.70285e-17 1.46447e-17 7.71113e-18 3.93395e-18 1.938e-18 9.18419e-19 4.16889e-19 1.80369e-19 7.39654e-20 2.8562e-20 1.03061e-20 3.44222e-21 1.05113e-21 2.88288e-22 6.8976e-23 1.3626e-23 1.97133e-24 1.52781e-25 1.9123e-27 5.07726e-217 -3.72471 -1.55262 0.15916 4.03536 7.88447 -28.19717 1.15667 0
0 0.3234 3 9.9502 21.5977 37.6901 0.00000 2.18544e-11 1.71888e-11 1.34869e-11 1.05541e-11 8.2347e-12 6.40434e-12 4.96284e-12 3.83065e-12 2.94394e-12 2.2515e-12 1.71284e-12 1.29552e-12 9.73467e-13 7.26277e-13 5.37627e-13 3.94565e-13 2.86742e-13 2.06173e-13 1.46504e-13 1.02752e-13 7.103e-14 4.83066e-14 3.22475e-14 2.10895e-14 1.34767e-14 8.38915e-15 5.06862e-15 2.95949e-15 1.66129e-15 8.90994e-16 4.53185e-16 2.16688e-16 9.6184e-17 3.92327e-17 1.45703e-17 4.86398e-18 1.43523e-18 3.65962e-19 7.83719e-20 1.36439e-20 1.88182e-21 2.1369e-22 2.67488e-23 5.54511e-24 1.48194e-24 3.72943e-25 7.98863e-26 1.32818e-26 1.38825e-27 4.70544e-29 11.74120 -6.02868 -0.00720 13.19851 11.99847 78.11373 -0.03439 0
0 0.1226 1 9.0280 10.6229 15.6636 0.00000 1.99093e-11 1.52876e-11 1.16882e-11 8.89362e-12 6.73156e-12 5.06548e-12 3.78733e-12 2.8117e-12 2.07118e-12 1.51266e-12 1.09437e-12 7.83577e-13 5.54677e-13 3.87746e-13 2.67337e-13 1.81543e-13 1.21241e-13 7.94975e-14 5.10864e-14 3.21114e-14 1.97022e-14 1.17745e-14 6.83944e-15 3.8542e-15 2.1044e-15 1.11321e-15 5.71802e-16 2.86887e-16 1.4219e-16 7.08114e-17 3.61346e-17 1.91671e-17 1.05802e-17 6.00308e-18 3.43834e-18 1.9568e-18 1.09486e-18 5.98484e-19 3.18352e-19 1.64259e-19 8.19404e-20 3.93778e-20 1.81561e-20 7.99476e-21 3.34434e-21 1.32098e-21 4.89181e-22 1.68382e-22 5.3289e-23 1.52743e-23 -2.04119 1.42588 -0.30030 2.48990 10.13803 -11.62049 -1.69741 0
0 0.7156 3 4.5479 28.0906 23.6705 0.00000 7.743e-11 6.18374e-11 4.93529e-11 3.93614e-11 3.13673e-11 2.49752e-11 1.9866e-11 1.57849e-11 1.25274e-11 9.92838e-12 7.85707e-12 6.2078e-12 4.89543e-12 3.85277e-12 3.02554e-12 2.36966e-12 1.85083e-12 1.44119e-12 1.11847e-12 8.64482e-13 6.65331e-13 5.0964e-13 3.88332e-13 2.94167e-13 2.21376e-13 1.65298e-13 1.22384e-13 8.97521e-14 6.51144e-14 4.66634e-14 3.2975e-14 2.29305e-14 1.56534e-14 1.046e-14 6.80199e-15 4.29379e-15 2.61944e-15 1.53661e-15 8.62137e-16 4.5914e-16 2.31671e-16 1.09989e-16 4.86104e-17 1.9713e-17 7.20257e-18 2.3172e-18 6.37808e-19 1.45033e-19 2.62882e-20 3.80418e-21 5.34801 -6.27357 -0.08941 8.24372 5.79363 67.39755 -0.88424 0
0 0.5881 3 0.7850 2.5608 5.3425 0.00000 2.32206e-12 1.84759e-12 1.46961e-12 1.1685e-12 9.28638e-13 7.37583e-13 5.85442e-13 4.64314e-13 3.67912e-13 2.91226e-13 2.30247e-13 1.81795e-13 1.43323e-13 1.12798e-13 8.8607e-14 6.94572e-14 5.43131e-14 4.23582e-14 3.29375e-14 2.55276e-14 1.97096e-14 1.51549e-14 1.15993e-14 8.8326e-15 6.68751e-15 5.03064e-15 3.75658e-15 2.78251e-15 2.04229e-15 1.48362e-15 1.06527e-15 7.54823e-16 5.26821e-16 3.61378e-16 2.43002e-16 1.59537e-16 1.01791e-16 6.28743e-17 3.73882e-17 2.12631e-17 1.14326e-17 5.78288e-18 2.73825e-18 1.20557e-18 4.89821e-19 1.82221e-19 6.22192e-20 2.0138e-20 6.75253e-21 2.63431e-21 -9.07142 2.61100 -0.07981 9.43970 14.34404 -39.22944 -0.31879 0
0 0.3200 3 9.9479 24.8521 37.6901 0.00000 2.88951e-11 2.27293e-11 1.78365e-11 1.39599e-11 1.08939e-11 8.47402e-12 6.56798e-12 5.07072e-12 3.89792e-12 2.9819e-12 2.26916e-12 1.71684e-12 1.29052e-12 9.63195e-13 7.13308e-13 5.23749e-13 3.80821e-13 2.73971e-13 1.94799e-13 1.36716e-13 9.4577e-14 6.43782e-14 4.30146e-14 2.81585e-14 1.80132e-14 1.12262e-14 6.7914e-15 3.97096e-15 2.23252e-15 1.19941e-15 6.11225e-16 2.92892e-16 1.30252e-16 5.32962e-17 1.98685e-17 6.66292e-18 1.97664e-18 5.07201e-19 1.0942e-19 1.92087e-20 2.67119e-21 3.03944e-22 3.7325e-23 7.55639e-24 2.01218e-24 5.08203e-25 1.09514e-25 1.83886e-26 1.96077e-27 7.03831e-29 9.08570 -3.38557 -0.13921 9.69598 10.42721 60.62441 -0.76498 0
0 0.8419 1 0.2196 2.2354 2.1769 0.00000 3.36513e-11 2.59704e-11 2.00203e-11 1.54119e-11 1.18443e-11 9.0843e-12 6.95114e-12 5.30453e-12 4.03551e-12 3.0594e-12 2.31033e-12 1.73708e-12 1.29976e-12 9.67387e-13 7.15827e-13 5.26342e-13 3.8438e-13 2.78662e-13 2.0046e-13 1.43038e-13 1.01215e-13 7.10187e-14 4.94217e-14 3.41276e-14 2.34074e-14 1.59702e-14 1.08613e-14 7.38271e-15 5.03079e-15 3.44733e-15 2.38177e-15 1.66187e-15 1.17136e-15 8.33057e-16 5.96464e-16 4.28769e-16 3.0862e-16 2.21934e-16 1.59196e-16 1.13788e-16 8.09904e-17 5.73788e-17 4.04469e-17 2.83579e-17 1.97672e-17 1.36936e-17 9.42297e-18 6.43788e-18 4.36465e-18 2.93462e-18 6.15407 -5.86322 0.07381 8.50000 6.69557 66.80675 0.63160 0
0 0.2371 2 13.6430 35.6977 41.3648 0.00000 3.56062e-11 2.77162e-11 2.1496e-11 1.66089e-11 1.27788e-11 9.78425e-12 7.45383e-12 5.64646e-12 4.2492e-12 3.17605e-12 2.35668e-12 1.73286e-12 1.26219e-12 9.10056e-13 6.48931e-13 4.56717e-13 3.16562e-13 2.15933e-13 1.44684e-13 9.5018e-14 6.10007e-14 3.81626e-14 2.31796e-14 1.36114e-14 7.69183e-15 4.16325e-15 2.14825e-15 1.05196e-15 4.86457e-16 2.1114e-16 8.53152e-17 3.17489e-17 1.07359e-17 3.24568e-18 8.60605e-19 1.95918e-19 3.75909e-20 6.11544e-21 9.35412e-22 1.77791e-22 4.77991e-23 1.43728e-23 4.06211e-24 1.01611e-24 2.14236e-25 3.46488e-26 3.41351e-27 9.622e-29 7.48838e-35 6.37603e-60 3.28910 -1.25445 -0.39640 3.52020 7.96701 24.41556 -2.85191 0
0 0.0259 2 13.3099 28.7845 37.6901 0.00000 7.71981e-12 5.70901e-12 4.17683e-12 3.02947e-12 2.17672e-12 1.53895e-12 1.07455e-12 7.40445e-13 5.01758e-13 3.32281e-13 2.15835e-13 1.37236e-13 8.51794e-14 5.14403e-14 3.00671e-14 1.70579e-14 9.36764e-15 4.96489e-15 2.53128e-15 1.23662e-15 5.76147e-16 2.54546e-16 1.05949e-16 4.1242e-17 1.48947e-17 4.9512e-18 1.50579e-18 4.19473e-19 1.09322e-19 2.83945e-20 8.17755e-21 2.78388e-21 1.0579e-21 4.07457e-22 1.50138e-22 5.16041e-23 1.63002e-23 4.65602e-24 1.17361e-24 2.49783e-25 4.09327e-26 4.11705e-27 1.20946e-28 1.87662e-34 8.22203e-67 2.31723e-77 6.56071e-92 1.08985e-111 2.70241e-138 7.32e-169 1.21928 0.41471 0.30030 1.28788 9.00272 7.78812 1.91155 0
0 0.5578 2 17.7605 37.1948 45.3979 0.00000 2.70877e-11 2.00618e-11 1.47364e-11 1.07274e-11 7.73242e-12 5.5136e-12 3.88515e-12 2.70235e-12 1.85302e-12 1.2509e-12 8.30039e-13 5.40467e-13 3.44654e-13 2.14793e-13 1.3051e-13 7.71074e-14 4.41612e-14 2.44303e-14 1.30038e-14 6.62983e-15 3.22087e-15 1.48211e-15 6.41514e-16 2.59084e-16 9.67264e-17 3.30453e-17 1.0235e-17 2.86523e-18 7.3776e-19 1.86373e-19 5.20372e-20 1.73781e-20 6.54683e-21 2.50621e-21 9.17268e-22 3.1279e-22 9.78875e-23 2.7648e-23 6.86855e-24 1.43161e-24 2.26477e-25 2.11505e-26 4.91692e-28 7.36572e-58 5.65254e-67 7.39135e-78 7.29855e-93 3.01846e-113 1.19622e-140 1.39763e-171 -2.11281 -0.37859 0.04204 2.14646 8.39184 -14.58243 0.28705 0
0 0.3052 1 2.3419 2.4698 7.5060 0.00000 4.80736e-12 3.70791e-12 2.85095e-12 2.18433e-12 1.66698e-12 1.26658e-12 9.57644e-13 7.20147e-13 5.38312e-13 3.99738e-13 2.94685e-13 2.15512e-13 1.56237e-13 1.12187e-13 7.97205e-14 5.60107e-14 3.88721e-14 2.6623e-14 1.79774e-14 1.19586e-14 7.83129e-15 5.0469e-15 3.20127e-15 2.00047e-15 1.23411e-15 7.54282e-16 4.59183e-16 2.8036e-16 1.73002e-16 1.08614e-16 6.96287e-17 4.55477e-17 3.02644e-17 2.02908e-17 1.36361e-17 9.13692e-18 6.08224e-18 4.01336e-18 2.62131e-18 1.69291e-18 1.08001e-18 6.79894e-19 4.21876e-19 2.57697e-19 1.54743e-19 9.1205e-20 5.26727e-20 2.97496e-20 1.63976e-20 8.79929e-21 7.36825 11.05310 -0.02460 13.28390 20.89534 20.64806 -0.06746 0
0 0.0014 1 15.3466 39.4325 47.0344 0.00000 3.50792e-12 2.20697e-12 1.35728e-12 8.14253e-13 4.75415e-13 2.69472e-13 1.4787e-13 7.83166e-14 3.99025e-14 1.94882e-14 9.08959e-15 4.03357e-15 1.69734e-15 6.75994e-16 2.55174e-16 9.21005e-17 3.25128e-17 1.17111e-17 4.54108e-18 1.95445e-18 9.15945e-19 4.45713e-19 2.16196e-19 1.0207e-19 4.63252e-20 2.006e-20 8.23522e-21 3.18357e-21 1.14982e-21 3.84271e-22 1.17344e-22 3.21505e-23 7.66875e-24 1.50287e-24 2.12624e-25 1.52954e-26 1.28472e-28 1.66517e-70 2.07319e-81 2.13637e-96 3.97085e-112 1.34902e-133 4.27249e-163 4.77471e-203 7.8483e-254 2.74871e-309 0.0 0.0 0.0 0.0 0.27367 -0.33076 0.66667 0.42929 8.20097 1.91867 4.66279 0
