sky_model/snrs/ctadc_skymodel_gps_sources_snr_1_summary_all.ecsv
# %ECSV 0.9
# ---
# datatype:
# - {name: distance, unit: kpc, datatype: float64, description: distance}
# - {name: GLAT, datatype: float64, description: Latitude}
# - {name: GLON, datatype: float64, description: Latitude}
# - {name: galactocentric_x, unit: kpc, datatype: float64, description: galactocentric_x}
# - {name: galactocentric_y, unit: kpc, datatype: float64, description: galactocentric_x}
# - {name: galactocentric_z, unit: kpc, datatype: float64, description: galactocentric_x}
# - {name: galactocentric_r, unit: kpc, datatype: float64, description: galactocentric_x}
# - {name: age, unit: kyr, datatype: float64, description: age}
# - {name: n0, unit: 1 / cm3, datatype: float64, description: n0 column density}
# - {name: int_flux_above_1TeV_cu, datatype: float64, description: Integral flux between
#     1 and 10 TeV in crab units}
# - {name: skip, datatype: float64, description: skip because already known}
# - {name: size_physical, unit: pc, datatype: float64, description: intrinsic physical
#     size}
# - {name: sigma, unit: deg, datatype: float64, description: angular size}
# - {name: flux_1_10, unit: 1 / (cm2 s), datatype: float64, description: Integral flux
#     between 1 and 10 TeV}
distance GLAT GLON galactocentric_x galactocentric_y galactocentric_z galactocentric_r age n0 int_flux_above_1TeV_cu skip size_physical sigma flux_1_10
[from data line 453]
10.43122 -2.04577 2.69257 0.48971 1.91306 -0.37237 1.97475 6.437 0.0618 0.0 0.0 21.5677 0.23693 0.0
9.564 5.83897 32.03643 5.04698 -0.43456 0.97297 5.06565 12.5335 0.181 0.0 0.0 16.5654 0.19848 0.0
1.39316 -2.04875 21.10907 0.50142 -7.20116 -0.04981 7.2186 5.8502 1.8326 0.0 0.0 7.6875 0.632323333333 0.0
12.88701 2.23025 -0.63688 -0.14314 4.37645 0.5015 4.37879 10.8101 0.2923 0.0 0.0 14.1878 0.126158333333 0.0
15.83438 -0.18673 -14.56429 -3.98179 6.82548 -0.05161 7.90201 1.173 1.4234 0.0 0.0 8.5067 0.0615616666667 0.0
14.37741 0.39493 3.86785 0.96981 5.84432 0.0991 5.92424 19.6571 0.9441 0.0 0.0 45.3979 0.361833333333 0.0
7.19881 -2.46257 35.10483 4.13603 -2.61608 -0.30931 4.89394 17.1226 0.3709 0.0 0.0 45.3979 0.722648333333 0.0
3.97181 -9.8826 -21.47805 -1.43268 -4.85884 -0.68168 5.06566 3.5806 0.2628 0.0 0.0 13.5451 0.390793333333 0.0
2.85086 1.99027 -41.03506 -1.87052 -6.35087 0.09901 6.6206 9.1679 0.8677 0.0 0.0 10.6935 0.429828333333 0.0
6.95118 -0.17806 -23.21912 -2.74048 -2.11187 -0.0216 3.4598 8.9038 2.3814 0.0 0.0 8.645 0.142515 0.0
15.28183 -0.18673 25.24554 6.51764 5.32216 -0.04981 8.41457 0.7788 1.2102 0.0 0.0 3.5975 0.026975 0.0
11.12261 0.50694 -5.37848 -1.04253 2.57321 0.09841 2.77638 5.1063 0.4031 0.0 0.0 19.6516 0.202463333333 0.0
1.97574 3.60449 174.63761 0.18428 -10.4632 0.12421 10.46482 5.8776 0.3121 0.0 0.0 21.5677 1.25091166667 0.0
18.42255 -0.40498 3.54571 1.13931 9.88683 -0.13021 9.95226 14.9529 0.3262 0.0 0.0 45.3979 0.282383333333 0.0
7.53733 0.09123 66.60143 6.91749 -5.50674 0.012 8.84171 4.7368 1.3826 0.0 0.0 7.4625 0.113453333333 0.0
9.06135 -0.55017 62.96469 8.07081 -4.38145 -0.08701 9.18341 0.1438 0.5774 0.0 0.0 0.6287 0.00795 0.0
11.1776 2.30961 23.06563 4.37566 1.77567 0.45045 4.72222 8.062 0.3258 0.0 0.0 28.5112 0.292293333333 0.0
4.80149 -1.76892 33.94718 2.68001 -4.51881 -0.14822 5.25377 0.2017 0.4753 0.0 0.0 0.9121 0.0217683333333 0.0
7.21106 0.16702 -41.9601 -4.82139 -3.1378 0.02102 5.75253 13.2682 3.5406 0.0 0.0 34.3418 0.545728333333 0.0
17.48742 0.15742 8.95809 2.72299 8.77405 0.04805 9.18687 17.3061 0.9248 0.0 0.0 45.3979 0.297483333333 0.0
6.91053 -4.53621 -1.91606 -0.23033 -1.61497 -0.54655 1.63131 0.4629 0.0264 0.0 0.0 1.92 0.0318383333333 0.0
19.32266 -0.1959 -13.72382 -4.58412 10.2709 -0.06607 11.24747 0.1758 0.4132 0.0 0.0 1.3234 0.00784833333333 0.0
6.91313 3.0877 -2.49297 -0.30026 -1.60344 0.37237 1.63131 9.9515 0.0377 0.0 0.0 31.291 0.518678333333 0.0
7.07524 -1.03995 -121.79689 -6.01241 -12.2274 -0.12841 13.62565 0.2198 0.1683 0.0 0.0 1.0011 0.0162133333333 0.0
19.12463 0.00719 -30.06574 -9.58131 8.05143 0.0024 12.51507 3.7531 0.3867 0.0 0.0 21.5677 0.12923 0.0
11.76061 -0.43851 -4.98785 -1.02249 3.21573 -0.09001 3.37437 12.2413 0.7265 0.0 0.0 37.6901 0.36724 0.0
9.03856 2.72319 -1.87368 -0.29519 0.52352 0.42943 0.60101 1.0198 0.0047 0.0 0.0 4.0414 0.0512366666667 0.0
14.03395 3.32439 -15.73033 -3.79834 4.98562 0.81381 6.26768 14.8704 0.2029 0.0 0.0 17.3526 0.14169 0.0
8.87501 2.55993 -55.97936 -7.34859 -3.53946 0.3964 8.15656 7.6997 0.2117 0.0 0.0 13.1786 0.170158333333 0.0
15.44803 0.02003 -25.42479 -6.63224 5.45188 0.0054 8.58543 7.1584 1.5656 0.0 0.0 28.5112 0.211493333333 0.0
12.8209 1.04589 -53.75584 -10.3384 -0.92119 0.23402 10.37936 2.544 0.1896 0.0 0.0 13.5451 0.121065 0.0
13.77379 1.22429 -43.05618 -9.40143 1.562 0.29429 9.53031 0.8352 0.1884 0.0 0.0 4.8679 0.0404983333333 0.0
13.13714 -0.41874 -20.21059 -4.53839 3.82795 -0.09601 5.93719 5.2603 1.0041 0.0 0.0 8.2962 0.072365 0.0
6.23521 -1.04866 15.58444 1.67486 -2.49503 -0.11411 3.00505 15.2397 0.3569 0.0 0.0 45.3979 0.834328333333 0.0
18.20238 -0.18888 5.72165 1.81469 9.6116 -0.06001 9.78141 1.3905 0.6624 0.0 0.0 5.185 0.0326416666667 0.0
6.0977 0.7901 106.20937 5.85475 -10.202 0.08408 11.76261 6.5615 0.3234 0.0 0.0 41.3648 0.777351666667 0.0
1.94196 3.73826 164.38466 0.52162 -10.3663 0.12661 10.37942 6.3585 0.3114 0.0 0.0 23.6705 1.39677 0.0
22.99628 -0.13605 5.81204 2.32872 14.378 -0.05461 14.56536 2.5063 0.2029 0.0 0.0 8.3562 0.04164 0.0
7.98129 3.60254 -26.89059 -3.60271 -1.39578 0.5015 3.86364 19.5908 0.2499 0.0 0.0 49.8241 0.715351666667 0.0
14.93851 -0.74868 10.88507 2.82074 6.16848 -0.1952 6.78283 9.6936 0.3817 0.0 0.0 12.875 0.0987633333333 0.0
11.82424 1.1933 -14.79821 -3.01944 2.92957 0.24625 4.20707 1.0708 0.3389 0.0 0.0 6.435 0.0623633333333 0.0
14.2508 -0.41014 11.99732 2.96218 5.43917 -0.10201 6.19347 0.5129 0.8687 0.0 0.0 2.1072 0.0169433333333 0.0
13.49481 -0.0051 0.8757 0.20625 4.99323 -0.0012 4.99749 14.1552 3.9365 0.0 0.0 34.3418 0.291615 0.0
4.77179 0.64905 87.03884 4.76511 -8.25351 0.05405 9.5303 9.2306 0.7668 0.0 0.0 31.291 0.751433333333 0.0
12.12048 0.24111 -62.58506 -10.7592 -2.9194 0.05101 11.14824 13.5178 0.4713 0.0 0.0 45.3979 0.429208333333 0.0
18.68385 -0.4398 31.42214 9.74034 7.44338 -0.14341 12.2588 5.3152 0.2025 0.0 0.0 11.4269 0.0700833333333 0.0
5.96761 1.86121 44.29484 4.16529 -4.2309 0.19382 5.93718 5.5111 0.4099 0.0 0.0 21.5677 0.414148333333 0.0
7.90456 -2.65654 -39.58388 -5.03143 -2.41456 -0.36637 5.58081 13.665 0.3612 0.0 0.0 41.3648 0.599661666667 0.0
9.50446 -2.82521 -8.26304 -1.3643 0.89436 -0.46847 1.63132 13.9998 0.0309 0.0 0.0 41.3648 0.49872 0.0
14.6006 1.03144 1.77937 0.45329 6.0912 0.26283 6.10804 16.9285 0.3779 0.0 0.0 49.8241 0.39104 0.0
8.34753 -2.26791 -2.71366 -0.3949 -0.16836 -0.33033 0.42929 8.7507 0.0043 0.0 0.0 23.6705 0.32494 0.0
7.40023 0.10221 -62.0036 -6.53422 -5.02622 0.0132 8.24372 12.1721 1.7665 0.0 0.0 34.3418 0.53178 0.0
5.02406 -0.37638 62.80485 4.46858 -6.20394 -0.033 7.64572 5.2034 1.9468 0.0 0.0 19.6516 0.448226666667 0.0
14.43712 0.18575 -38.08542 -8.90528 2.86328 0.0468 9.35427 3.1803 0.88 0.0 0.0 6.9338 0.0550366666667 0.0
18.53343 0.02226 31.87828 9.78781 7.23807 0.0072 12.17337 12.8718 0.421 0.0 0.0 41.3648 0.255758333333 0.0
5.43533 -4.11879 -51.05257 -4.21626 -5.09214 -0.39039 6.61111 3.2078 0.3109 0.0 0.0 17.9059 0.377505 0.0
3.72696 2.85169 -94.18877 -3.7124 -8.77189 0.18542 9.52512 11.2858 0.2602 0.0 0.0 14.7737 0.454241666667 0.0
9.94096 0.62946 -80.10343 -9.79244 -6.79155 0.10921 11.91709 5.7991 0.2653 0.0 0.0 21.5677 0.248615 0.0
6.97184 0.14301 -32.49224 -3.74516 -2.61952 0.0174 4.57035 5.228 3.5964 0.0 0.0 19.6516 0.323001666667 0.0
9.59789 -1.59569 -4.31078 -0.72116 1.06703 -0.26727 1.28788 18.0446 0.0281 0.0 0.0 54.6819 0.65286 0.0
7.78546 -0.5211 -62.74514 -6.92082 -4.9348 -0.07081 8.5 12.9235 0.8799 0.0 0.0 12.2467 0.180255 0.0
10.27344 0.33131 -48.66422 -7.7137 -1.71481 0.05941 7.90201 5.6378 1.2719 0.0 0.0 25.9783 0.289766666667 0.0
11.15577 0.55525 -8.28682 -1.60779 2.53877 0.10811 3.00505 16.2632 0.3972 0.0 0.0 45.3979 0.466325 0.0
13.27612 0.33407 -21.39292 -4.84254 3.8612 0.07741 6.19347 2.5773 1.4306 0.0 0.0 16.3151 0.140823333333 0.0
8.44676 0.01628 -97.80879 -8.36843 -9.64764 0.0024 12.77136 7.5922 0.362 0.0 0.0 11.7846 0.159873333333 0.0
15.56349 0.76657 44.04998 10.8201 2.685 0.20822 11.14826 3.9044 0.1814 0.0 0.0 14.8658 0.109455 0.0
14.99221 -0.61231 8.55139 2.22916 6.32469 -0.16022 6.70603 15.3848 0.4273 0.0 0.0 15.1691 0.115943333333 0.0
3.14703 -3.56381 -9.33476 -0.50947 -5.40065 -0.19562 5.42463 16.7119 0.411 0.0 0.0 49.8241 1.81421666667 0.0
5.64532 0.52376 -75.25618 -5.45921 -7.06334 0.05161 8.92714 7.2958 0.979 0.0 0.0 25.9783 0.527321666667 0.0
5.0664 -3.29305 39.31633 3.20478 -4.5868 -0.29103 5.59548 11.2252 0.3825 0.0 0.0 37.6901 0.852473333333 0.0
2.32081 13.01151 -69.27224 -2.11486 -7.69969 0.52252 7.98485 8.9629 0.1803 0.0 0.0 49.8241 2.4601 0.0
3.29605 3.22487 22.27257 1.24727 -5.45469 0.18542 5.59547 19.9178 0.4184 0.0 0.0 54.6819 1.90108333333 0.0
7.1911 4.7189 -26.86599 -3.23868 -2.10681 0.59159 3.86364 1.2164 0.2267 0.0 0.0 5.9804 0.0952983333333 0.0
5.19702 0.13231 46.42458 3.76506 -4.91766 0.012 6.19347 10.5587 3.46 0.0 0.0 31.291 0.689951666667 0.0
15.48316 0.19985 -20.33738 -5.3811 6.01789 0.05401 8.07287 3.8156 1.2965 0.0 0.0 6.9214 0.051225 0.0
8.36913 0.64498 65.96324 7.64291 -5.09128 0.09421 9.18342 9.5352 0.529 0.0 0.0 31.291 0.428441666667 0.0
3.83777 -0.40314 -33.01639 -2.09107 -5.28205 -0.027 5.6809 16.7713 3.4032 0.0 0.0 37.6901 1.12538666667 0.0
19.40841 0.46767 -17.34929 -5.78732 10.0248 0.15842 11.57539 8.3621 0.2109 0.0 0.0 28.5112 0.168336666667 0.0
8.09895 2.33756 -12.15615 -1.70403 -0.58924 0.33033 1.80303 7.1264 0.0527 0.0 0.0 23.6705 0.334913333333 0.0
8.81736 0.11308 -26.44011 -3.92603 -0.60495 0.0174 3.97236 16.1981 3.0943 0.0 0.0 10.4365 0.135633333333 0.0
