sky_model/snrs/ctadc_skymodel_gps_sources_snr_2.ecsv
# %ECSV 0.9
# ---
# datatype:
# - {name: Simulation_number, unit: '', datatype: float64, format: '%i', description: Simulation_number}
# - {name: n0, unit: 1 / cm3, datatype: float64, format: '%0.4f', description: density}
# - {name: type, unit: '', datatype: float64, format: '%i', description: type of progenitor}
# - {name: age, unit: kyear, datatype: float64, format: '%0.4f', description: age of
#     the SNR}
# - {name: sigma, unit: arcmin, datatype: float64, format: '%0.4f', description: apparent
#     size of the SNR}
# - {name: size_physical, unit: pc, datatype: float64, format: '%0.4f', description: SNR
#     Radius}
# - {name: '0.1', unit: 1 / (cm2 s TeV), datatype: float64, description: Differential
#     spectrum}
# - {name: '0.11514', unit: 1 / (cm2 s TeV), datatype: float64, description: Differential
#     spectrum}
# - {name: '0.132571', unit: 1 / (cm2 s TeV), datatype: float64, description: Differential
#     spectrum}
# - {name: '0.152642', unit: 1 / (cm2 s TeV), datatype: float64, description: Differential
#     spectrum}
# - {name: '0.175751', unit: 1 / (cm2 s TeV), datatype: float64, description: Differential
#     spectrum}
# - {name: '0.202359', unit: 1 / (cm2 s TeV), datatype: float64, description: Differential
#     spectrum}
# - {name: '0.232995', unit: 1 / (cm2 s TeV), datatype: float64, description: Differential
#     spectrum}
# - {name: '0.26827', unit: 1 / (cm2 s TeV), datatype: float64, description: Differential
#     spectrum}
# - {name: '0.308884', unit: 1 / (cm2 s TeV), datatype: float64, description: Differential
#     spectrum}
# - {name: '0.355648', unit: 1 / (cm2 s TeV), datatype: float64, description: Differential
#     spectrum}
# - {name: '0.409492', unit: 1 / (cm2 s TeV), datatype: float64, description: Differential
#     spectrum}
# - {name: '0.471487', unit: 1 / (cm2 s TeV), datatype: float64, description: Differential
#     spectrum}
# - {name: '0.542868', unit: 1 / (cm2 s TeV), datatype: float64, description: Differential
#     spectrum}
# - {name: '0.625055', unit: 1 / (cm2 s TeV), datatype: float64, description: Differential
#     spectrum}
# - {name: '0.719686', unit: 1 / (cm2 s TeV), datatype: float64, description: Differential
#     spectrum}
# - {name: '0.828643', unit: 1 / (cm2 s TeV), datatype: float64, description: Differential
#     spectrum}
# - {name: '0.954095', unit: 1 / (cm2 s TeV), datatype: float64, description: Differential
#     spectrum}
# - {name: '1.09854', unit: 1 / (cm2 s TeV), datatype: float64, description: Differential
#     spectrum}
# - {name: '1.26486', unit: 1 / (cm2 s TeV), datatype: float64, description: Differential
#     spectrum}
# - {name: '1.45635', unit: 1 / (cm2 s TeV), datatype: float64, description: Differential
#     spectrum}
# - {name: '1.67683', unit: 1 / (cm2 s TeV), datatype: float64, description: Differential
#     spectrum}
# - {name: '1.9307', unit: 1 / (cm2 s TeV), datatype: float64, description: Differential
#     spectrum}
# - {name: '2.223', unit: 1 / (cm2 s TeV), datatype: float64, description: Differential
#     spectrum}
# - {name: '2.55955', unit: 1 / (cm2 s TeV), datatype: float64, description: Differential
#     spectrum}
# - {name: '2.94705', unit: 1 / (cm2 s TeV), datatype: float64, description: Differential
#     spectrum}
[...]
#     from Earth}
# - {name: GLON, unit: deg, datatype: float64, format: '%.5f', description: Galactic
#     longitude}
# - {name: GLAT, unit: deg, datatype: float64, format: '%.5f', description: Galactic
#     latitude}
# - {name: skip, datatype: int64, description: 'Skip boolean, 1 skip 0 keep'}
# meta: !!omap
# - simulation_parameters:
#   - {description: Spectral index, name: alpha, value: 4.1}
#   - {description: Electron to proton ratio, name: Kep, value: 0.01}
#   - {description: CR efficiency, name: xi, value: 0.1}
# - energy_array: [0.1, 0.11514, 0.132571, 0.152642, 0.175751, 0.202359, 0.232995, 0.26827,
#     0.308884, 0.355648, 0.409492, 0.471487, 0.542868, 0.625055, 0.719686, 0.828643,
#     0.954095, 1.09854, 1.26486, 1.45635, 1.67683, 1.9307, 2.223, 2.55955, 2.94705,
#     3.39322, 3.90694, 4.49843, 5.17947, 5.96362, 6.86649, 7.90604, 9.10298, 10.4811,
#     12.0679, 13.895, 15.9986, 18.4207, 21.2095, 24.4205, 28.1177, 32.3746, 37.2759,
#     42.9193, 49.4171, 56.8987, 65.5129, 75.4312, 86.8511, 100.0]
# schema: astropy-2.0
Simulation_number n0 type age sigma size_physical 0.1 0.11514 0.132571 0.152642 0.175751 0.202359 0.232995 0.26827 0.308884 0.355648 0.409492 0.471487 0.542868 0.625055 0.719686 0.828643 0.954095 1.09854 1.26486 1.45635 1.67683 1.9307 2.223 2.55955 2.94705 3.39322 3.90694 4.49843 5.17947 5.96362 6.86649 7.90604 9.10298 10.4811 12.0679 13.895 15.9986 18.4207 21.2095 24.4205 28.1177 32.3746 37.2759 42.9193 49.4171 56.8987 65.5129 75.4312 86.8511 100.0 galactocentric_x galactocentric_y galactocentric_z galactocentric_r distance GLON GLAT skip
[from data line 48]
0 0.3927 2 0.1702 0.3851 0.7573 2.39107e-12 1.75473e-12 1.28728e-12 9.4395e-13 6.9184e-13 5.0678e-13 3.71001e-13 2.71434e-13 1.98466e-13 1.45029e-13 1.05923e-13 7.73239e-14 5.6424e-14 4.11596e-14 3.00171e-14 2.18865e-14 1.59554e-14 1.16293e-14 8.47411e-15 6.17273e-15 4.49407e-15 3.26963e-15 2.37662e-15 1.72553e-15 1.25106e-15 9.05594e-16 6.5431e-16 4.71777e-16 3.39391e-16 2.43546e-16 1.74296e-16 1.24372e-16 8.84663e-17 6.27117e-17 4.42909e-17 3.11568e-17 2.18236e-17 1.52157e-17 1.05559e-17 7.28397e-18 4.99728e-18 3.40719e-18 2.30753e-18 1.55153e-18 1.03512e-18 6.84805e-19 4.48954e-19 2.9146e-19 1.87219e-19 1.18887e-19 10.29050 0.26654 -0.09910 10.29395 13.51875 49.57210 -0.42001 0
0 0.0310 2 29.8672 67.5567 72.2862 8.34851e-14 4.10589e-14 1.9402e-14 8.79888e-15 3.83255e-15 1.61059e-15 6.60382e-16 2.69936e-16 1.13636e-16 5.09938e-17 2.48049e-17 1.29168e-17 6.98716e-18 3.8149e-18 2.06233e-18 1.09192e-18 5.62687e-19 2.81007e-19 1.35478e-19 6.28021e-20 2.7866e-20 1.17746e-20 4.71011e-21 1.77157e-21 6.21438e-22 2.0127e-22 5.93892e-23 1.56536e-23 3.5633e-24 6.54899e-25 8.30355e-26 4.59492e-27 1.00357e-29 4.77641e-85 1.5216e-96 3.61653e-112 9.53979e-134 7.63803e-156 2.01818e-186 1.63405e-228 1.37583e-285 0.0 0.0 0.0 0.0 0.0 0.0 0.0 0.0 0.0 -0.83325 -1.19838 0.33934 1.45960 7.35684 -6.51037 2.64374 0
0 0.3364 2 21.7609 28.0988 54.6819 5.97885e-13 3.8086e-13 2.37589e-13 1.44866e-13 8.61536e-14 4.98591e-14 2.80081e-14 1.523e-14 7.99277e-15 4.03551e-15 1.95375e-15 9.04058e-16 3.98711e-16 1.67325e-16 6.69001e-17 2.56584e-17 9.60167e-18 3.61674e-18 1.42907e-18 6.10657e-19 2.81197e-19 1.35035e-19 6.51882e-20 3.08343e-20 1.40815e-20 6.15496e-21 2.55801e-21 1.00435e-21 3.69848e-22 1.26643e-22 3.98883e-23 1.13863e-23 2.87919e-24 6.19103e-25 1.03976e-25 1.10783e-26 3.8519e-28 1.32981e-32 9.91307e-76 9.70511e-89 1.39137e-103 5.9021e-122 2.30324e-147 6.50249e-182 2.14603e-228 3.97475e-278 0.0 0.0 0.0 0.0 -0.56693 4.86099 -0.43544 4.89394 13.38010 -2.42969 -1.86493 0
0 0.2534 2 28.3728 37.6506 60.0133 2.05389e-13 1.14385e-13 6.17141e-14 3.21804e-14 1.6181e-14 7.83092e-15 3.64406e-15 1.63189e-15 7.06291e-16 2.98443e-16 1.25433e-16 5.38853e-17 2.43452e-17 1.17398e-17 5.99124e-18 3.15751e-18 1.67505e-18 8.77977e-19 4.49526e-19 2.23263e-19 1.07031e-19 4.93045e-20 2.17228e-20 9.10578e-21 3.60975e-21 1.34385e-21 4.65916e-22 1.48872e-22 4.32285e-23 1.1168e-23 2.47364e-24 4.35532e-25 5.08795e-26 2.27525e-27 1.14395e-30 3.87788e-81 4.51605e-93 7.75379e-110 1.32313e-128 3.73595e-152 9.40323e-185 4.14914e-229 8.28002e-289 0.0 0.0 0.0 0.0 0.0 0.0 0.0 -2.27243 2.21989 0.15616 3.17677 10.95921 -11.96853 0.81643 0
0 0.4506 1 12.4068 6.5063 13.7634 2.20688e-12 1.60873e-12 1.16512e-12 8.37818e-13 5.97759e-13 4.22856e-13 2.96375e-13 2.05667e-13 1.4121e-13 9.5868e-14 6.43217e-14 4.26336e-14 2.79121e-14 1.80531e-14 1.15423e-14 7.30329e-15 4.58153e-15 2.8566e-15 1.77568e-15 1.10409e-15 6.88829e-16 4.32146e-16 2.72821e-16 1.73151e-16 1.10203e-16 7.00973e-17 4.4396e-17 2.79021e-17 1.73511e-17 1.06513e-17 6.44216e-18 3.83246e-18 2.23881e-18 1.28199e-18 7.18194e-19 3.92789e-19 2.09216e-19 1.08238e-19 5.42259e-20 2.62177e-20 1.21866e-20 5.42228e-21 2.29801e-21 9.22434e-22 3.48409e-22 1.2287e-22 4.00746e-23 1.19379e-23 3.1897e-24 7.41819e-25 5.25967 5.05928 0.14114 7.29798 14.54435 21.20137 0.55602 0
0 0.3548 1 2.2111 5.4904 7.1168 6.91688e-12 5.25737e-12 3.98469e-12 3.01026e-12 2.26567e-12 1.69808e-12 1.26667e-12 9.39876e-13 6.93289e-13 5.08062e-13 3.6964e-13 2.66798e-13 1.90892e-13 1.3528e-13 9.48749e-14 6.57884e-14 4.50648e-14 3.04671e-14 2.03133e-14 1.33473e-14 8.63946e-15 5.50888e-15 3.46255e-15 2.14862e-15 1.31997e-15 8.06238e-16 4.92437e-16 3.02791e-16 1.88645e-16 1.19623e-16 7.72909e-17 5.07535e-17 3.36947e-17 2.24791e-17 1.49887e-17 9.94865e-18 6.55589e-18 4.28197e-18 2.7689e-18 1.77096e-18 1.11929e-18 6.9833e-19 4.29618e-19 2.60298e-19 1.55109e-19 9.0767e-20 5.20732e-20 2.92342e-20 1.60272e-20 8.5608e-21 -4.32102 -0.70891 -0.23724 4.37879 8.91228 -29.01319 -1.52534 0
0 0.3121 2 19.1122 28.9726 49.8241 2.19982e-12 1.5625e-12 1.09741e-12 7.61326e-13 5.21095e-13 3.5144e-13 2.33216e-13 1.5204e-13 9.7208e-14 6.08358e-14 3.7188e-14 2.21516e-14 1.28238e-14 7.19365e-15 3.89725e-15 2.0315e-15 1.0146e-15 4.83215e-16 2.18297e-16 9.30003e-17 3.71313e-17 1.3804e-17 4.75382e-18 1.51487e-18 4.5107e-19 1.29816e-19 3.87307e-20 1.29815e-20 4.95495e-21 2.01939e-21 8.1821e-22 3.16983e-22 1.15349e-22 3.89873e-23 1.20977e-23 3.3926e-24 8.38897e-25 1.74857e-25 2.79284e-26 2.69373e-27 7.03174e-29 3.14462e-37 6.54964e-71 7.10497e-82 2.24711e-96 2.8028e-116 3.24567e-143 1.2913e-178 2.31761e-216 5.83852e-268 5.83183 1.77495 -0.46547 6.09596 11.82377 29.57827 -2.25614 0
0 1.9712 2 27.2466 21.4522 49.8241 2.10456e-13 1.24714e-13 7.19764e-14 4.03739e-14 2.19663e-14 1.15697e-14 5.89018e-15 2.89625e-15 1.37642e-15 6.34321e-16 2.85597e-16 1.27306e-16 5.72729e-17 2.65634e-17 1.28861e-17 6.53518e-18 3.41466e-18 1.80162e-18 9.43043e-19 4.83638e-19 2.41028e-19 1.16059e-19 5.37359e-20 2.38101e-20 1.0044e-20 4.00992e-21 1.50474e-21 5.26424e-22 1.69968e-22 4.997e-23 1.31123e-23 2.96744e-24 5.40786e-25 6.76113e-26 3.63569e-27 7.01573e-30 4.75068e-77 1.10114e-88 6.99959e-105 4.35109e-122 5.35546e-145 1.45586e-176 2.18348e-219 1.65491e-275 0.0 0.0 0.0 0.0 0.0 0.0 -3.14490 7.15601 0.02402 7.81658 15.96877 -11.35813 0.08620 0
0 0.0257 1 34.2477 12.5272 36.6314 7.34478e-14 4.29915e-14 2.45825e-14 1.37292e-14 7.49456e-15 4.00684e-15 2.10601e-15 1.09478e-15 5.67473e-16 2.96068e-16 1.56788e-16 8.46651e-17 4.65691e-17 2.59264e-17 1.44755e-17 8.02906e-18 4.38866e-18 2.34909e-18 1.22531e-18 6.20303e-19 3.03615e-19 1.43119e-19 6.46921e-20 2.79047e-20 1.14226e-20 4.40884e-21 1.59251e-21 5.33411e-22 1.63743e-22 4.53111e-23 1.10064e-23 2.23306e-24 3.39561e-25 2.91909e-26 4.99742e-28 4.80559e-75 5.29385e-85 5.32712e-99 6.67268e-117 1.66178e-136 7.07866e-164 2.48948e-201 6.3084e-252 5.15898e-311 0.0 0.0 0.0 0.0 0.0 0.0 -3.09622 11.34780 -0.82883 11.76262 20.10494 -8.86657 -2.36270 0
0 1.2190 1 21.4507 6.2495 14.0682 2.07752e-12 1.46231e-12 1.02376e-12 7.12894e-13 4.93827e-13 3.40374e-13 2.33527e-13 1.59564e-13 1.08642e-13 7.3757e-14 4.99571e-14 3.37738e-14 2.2796e-14 1.53611e-14 1.03304e-14 6.9289e-15 4.63085e-15 3.08055e-15 2.03723e-15 1.33771e-15 8.71113e-16 5.61921e-16 3.58662e-16 2.26272e-16 1.40939e-16 8.65719e-17 5.2374e-17 3.11632e-17 1.82089e-17 1.04303e-17 5.84579e-18 3.19885e-18 1.70492e-18 8.8268e-19 4.42563e-19 2.1416e-19 9.96364e-20 4.4373e-20 1.88228e-20 7.56217e-21 2.8585e-21 1.00872e-21 3.29139e-22 9.80601e-23 2.61915e-23 6.0838e-24 1.1592e-24 1.59152e-25 1.11333e-26 9.59529e-29 -5.81487 5.84347 0.05405 8.24372 15.47743 -22.06773 0.20010 0
0 0.3204 2 24.5650 33.7998 54.6819 9.12004e-13 5.84193e-13 3.66639e-13 2.25022e-13 1.34779e-13 7.86045e-14 4.45268e-14 2.44326e-14 1.29482e-14 6.60642e-15 3.23429e-15 1.51417e-15 6.75741e-16 2.86807e-16 1.15745e-16 4.46025e-17 1.66227e-17 6.15123e-18 2.35298e-18 9.6739e-19 4.31883e-19 2.03986e-19 9.80076e-20 4.64501e-20 2.13234e-20 9.38369e-21 3.93056e-21 1.55696e-21 5.79108e-22 2.00569e-22 6.4011e-23 1.85624e-23 4.78832e-24 1.05872e-24 1.8605e-25 2.17107e-26 9.7717e-28 5.60867e-31 8.98025e-74 3.47873e-86 7.97214e-101 2.46378e-118 1.32751e-142 1.19863e-175 3.81011e-220 4.53374e-269 0.0 0.0 0.0 0.0 10.25320 -4.18858 -0.10511 11.07575 11.12329 67.19349 -0.54140 0
0 0.7056 3 33.5241 95.1246 60.0133 3.63546e-14 2.00278e-14 1.14394e-14 6.7196e-15 4.0106e-15 2.40377e-15 1.43355e-15 8.45311e-16 4.90763e-16 2.79692e-16 1.56093e-16 8.5109e-17 4.52262e-17 2.3359e-17 1.16909e-17 5.65045e-18 2.62702e-18 1.16967e-18 4.96236e-19 1.99438e-19 7.54198e-20 2.66219e-20 8.6852e-21 2.58503e-21 6.88711e-22 1.59053e-22 2.9882e-23 3.94296e-24 2.39946e-25 8.60859e-28 5.69983e-92 1.95028e-106 4.05943e-121 9.16483e-142 1.07054e-169 2.99731e-198 2.08119e-238 1.15276e-293 0.0 0.0 0.0 0.0 0.0 0.0 0.0 0.0 0.0 0.0 0.0 0.0 -1.29620 -4.36199 -0.11111 4.55050 4.33770 -17.39277 -1.46780 0
0 0.0808 1 35.9166 19.5436 29.7331 1.10203e-12 7.22216e-13 4.65316e-13 2.94358e-13 1.82596e-13 1.1093e-13 6.59276e-14 3.82969e-14 2.17328e-14 1.20505e-14 6.53638e-15 3.47709e-15 1.82149e-15 9.45224e-16 4.89391e-16 2.54579e-16 1.3368e-16 7.08934e-17 3.78108e-17 2.01274e-17 1.05997e-17 5.47677e-18 2.75658e-18 1.34354e-18 6.3085e-19 2.83971e-19 1.21919e-19 4.96434e-20 1.90465e-20 6.83298e-21 2.27093e-21 6.90824e-22 1.89088e-22 4.52895e-23 9.00484e-24 1.32355e-24 1.05918e-25 1.41999e-27 2.51829e-68 5.75854e-79 6.23029e-93 5.62125e-108 7.03e-129 1.75883e-157 4.08802e-196 1.15846e-242 1.09208e-296 0.0 0.0 0.0 0.98245 1.90843 0.33934 2.14646 10.46020 5.39215 1.85906 0
0 0.4503 2 4.5470 6.5566 17.9059 4.72007e-13 3.72628e-13 2.93998e-13 2.31746e-13 1.82439e-13 1.43501e-13 1.12697e-13 8.83435e-14 6.91597e-14 5.40359e-14 4.20857e-14 3.27034e-14 2.5351e-14 1.95769e-14 1.50415e-14 1.15081e-14 8.76293e-15 6.63644e-15 4.99449e-15 3.72327e-15 2.75194e-15 2.0156e-15 1.46171e-15 1.04883e-15 7.44259e-16 5.22187e-16 3.6228e-16 2.48583e-16 1.68715e-16 1.13233e-16 7.50891e-17 4.91334e-17 3.16672e-17 2.00615e-17 1.24615e-17 7.56784e-18 4.478e-18 2.57119e-18 1.42558e-18 7.58725e-19 3.8483e-19 1.8437e-19 8.25218e-20 3.40367e-20 1.27161e-20 4.21106e-21 1.20297e-21 2.8665e-22 5.48701e-23 8.25704e-24 0.88937 10.25550 -0.08408 10.29399 18.77676 2.71489 -0.25658 0
0 0.0636 2 3.3003 7.9524 11.2454 1.3578e-12 1.03313e-12 7.82559e-13 5.89853e-13 4.42157e-13 3.29437e-13 2.43837e-13 1.79142e-13 1.30542e-13 9.4286e-14 6.74333e-14 4.76946e-14 3.33309e-14 2.29883e-14 1.56268e-14 1.04441e-14 6.85437e-15 4.40853e-15 2.77248e-15 1.70039e-15 1.01389e-15 5.85547e-16 3.25675e-16 1.73666e-16 8.83015e-17 4.25283e-17 1.92634e-17 8.14481e-18 3.19117e-18 1.15571e-18 3.86285e-19 1.19751e-19 3.51636e-20 1.02697e-20 3.19261e-21 1.09294e-21 3.97006e-22 1.43335e-22 4.90991e-23 1.55596e-23 4.48057e-24 1.14673e-24 2.51191e-25 4.36342e-26 5.02162e-27 2.23967e-28 1.4837e-31 6.20456e-61 4.40392e-71 6.68706e-85 -0.85317 1.18428 -0.12613 1.45959 9.72261 -5.03466 -0.74329 0
0 0.1621 2 3.2141 4.4057 12.3418 2.25708e-13 1.77591e-13 1.39553e-13 1.09558e-13 8.58621e-14 6.718e-14 5.24889e-14 4.09035e-14 3.17966e-14 2.46624e-14 1.90713e-14 1.4682e-14 1.1262e-14 8.6047e-15 6.54409e-15 4.93789e-15 3.70207e-15 2.75556e-15 2.03431e-15 1.48787e-15 1.07664e-15 7.69687e-16 5.42458e-16 3.76782e-16 2.57823e-16 1.73687e-16 1.15138e-16 7.50681e-17 4.81076e-17 3.02723e-17 1.86662e-17 1.12478e-17 6.60179e-18 3.75977e-18 2.06814e-18 1.0928e-18 5.51059e-19 2.63083e-19 1.17764e-19 4.88406e-20 1.84923e-20 6.27609e-21 1.86635e-21 4.72884e-22 9.88193e-23 1.65261e-23 2.22684e-24 2.86535e-25 5.13814e-26 1.24752e-26 -7.83176 9.09526 -0.19820 12.00251 19.26055 -23.99414 -0.58960 0
0 0.2239 2 26.8761 58.9013 60.0133 6.31453e-13 3.59199e-13 1.98234e-13 1.05876e-13 5.45874e-14 2.71022e-14 1.29309e-14 5.92168e-15 2.60459e-15 1.10496e-15 4.56891e-16 1.87806e-16 7.90253e-17 3.50995e-17 1.67064e-17 8.43139e-18 4.39111e-18 2.29696e-18 1.18413e-18 5.94819e-19 2.89136e-19 1.35314e-19 6.06811e-20 2.59444e-20 1.05157e-20 4.01389e-21 1.4317e-21 4.72671e-22 1.42663e-22 3.86705e-23 9.14146e-24 1.78119e-24 2.52074e-25 1.83814e-26 1.65453e-28 5.19836e-76 1.63408e-86 2.45235e-101 1.66405e-119 2.81242e-140 3.30138e-169 1.01394e-208 4.92273e-262 3.75489890839e-322 0.0 0.0 0.0 0.0 0.0 0.0 -5.80400 -12.42200 0.07508 13.71104 7.00529 -124.04850 0.61405 0
0 1.1219 2 26.1049 56.4663 54.6819 3.33242e-13 1.77486e-13 9.1648e-14 4.58918e-14 2.23303e-14 1.06116e-14 4.97095e-15 2.329e-15 1.11161e-15 5.49837e-16 2.84188e-16 1.52738e-16 8.41162e-17 4.66634e-17 2.57085e-17 1.3928e-17 7.37186e-18 3.79442e-18 1.89205e-18 9.10565e-19 4.21238e-19 1.86473e-19 7.85838e-20 3.13407e-20 1.17475e-20 4.10466e-21 1.32338e-21 3.88396e-22 1.0169e-22 2.29391e-23 4.15718e-24 5.13426e-25 2.6595e-26 3.89892e-29 2.57752e-82 1.10428e-93 9.1183e-110 5.53749e-130 1.93792e-152 8.35637e-184 1.01348e-226 1.07708e-284 0.0 0.0 0.0 0.0 0.0 0.0 0.0 0.0 -1.61880 -2.04163 0.03003 2.60553 6.65822 -14.07137 0.25842 0
0 0.8546 2 1.9055 11.1668 7.7510 1.59819e-12 1.25479e-12 9.83852e-13 7.70867e-13 6.0185e-13 4.68991e-13 3.64897e-13 2.82714e-13 2.18132e-13 1.67788e-13 1.28633e-13 9.78791e-14 7.40167e-14 5.5657e-14 4.15881e-14 3.08544e-14 2.269e-14 1.65214e-14 1.1937e-14 8.55836e-15 6.08982e-15 4.30189e-15 3.01755e-15 2.10181e-15 1.45321e-15 9.96711e-16 6.77496e-16 4.55887e-16 3.03293e-16 1.99195e-16 1.28935e-16 8.20898e-17 5.12911e-17 3.13672e-17 1.87171e-17 1.08576e-17 6.09634e-18 3.29597e-18 1.70518e-18 8.37861e-19 3.87505e-19 1.66887e-19 6.60987e-20 2.37544e-20 7.65864e-21 2.21672e-21 5.98479e-22 1.68579e-22 5.67734e-23 2.26038e-23 2.88102 -4.69685 -0.10511 5.51005 4.77234 37.14521 -1.26197 0
0 0.4509 1 36.5610 7.8880 21.2505 8.45049e-13 5.84479e-13 4.00011e-13 2.7069e-13 1.80996e-13 1.19482e-13 7.78334e-14 5.00157e-14 3.1695e-14 1.98068e-14 1.22139e-14 7.44015e-15 4.48381e-15 2.67663e-15 1.587e-15 9.36749e-16 5.51486e-16 3.241e-16 1.90035e-16 1.10959e-16 6.4318e-17 3.68714e-17 2.08184e-17 1.15308e-17 6.24193e-18 3.29114e-18 1.68465e-18 8.34334e-19 3.98326e-19 1.82569e-19 7.99648e-20 3.32935e-20 1.30971e-20 4.83355e-21 1.65938e-21 5.24309e-22 1.50275e-22 3.82128e-23 8.28875e-24 1.41485e-24 1.56628e-25 6.1949e-27 1.28085e-30 8.9879e-108 2.42283e-130 6.7343e-161 8.33315e-201 1.90071e-243 7.62244e-302 0.0 0.99685 9.99587 0.09009 10.04545 18.52293 3.08501 0.27867 0
0 0.6957 3 20.7670 17.9822 49.8241 2.81215e-13 1.76232e-13 1.08005e-13 6.46018e-14 3.76291e-14 2.12934e-14 1.16756e-14 6.18628e-15 3.15814e-15 1.54886e-15 7.27765e-16 3.26941e-16 1.40356e-16 5.77371e-17 2.29586e-17 8.98958e-18 3.5722e-18 1.49187e-18 6.68651e-19 3.18916e-19 1.57135e-19 7.75422e-20 3.75e-20 1.75445e-20 7.87772e-21 3.37408e-21 1.37029e-21 5.24209e-22 1.87444e-22 6.20615e-23 1.87953e-23 5.11632e-24 1.21647e-24 2.39184e-25 3.4445e-26 2.62579e-27 2.88858e-29 4.1926e-71 8.79883e-82 1.56635e-96 4.25815e-112 3.96639e-133 4.78804e-162 3.1503e-201 1.04608e-251 4.91359e-306 0.0 0.0 0.0 0.0 0.03142 10.55020 -0.01201 10.55025 19.05023 0.09449 -0.03613 0
0 2.6344 2 13.1622 48.4377 34.3418 3.04691e-11 2.36301e-11 1.82748e-11 1.40901e-11 1.0827e-11 8.28808e-12 6.31847e-12 4.79483e-12 3.62001e-12 2.71791e-12 2.02811e-12 1.50285e-12 1.10529e-12 8.06239e-13 5.82668e-13 4.16707e-13 2.94657e-13 2.05761e-13 1.41706e-13 9.60993e-14 6.39846e-14 4.1767e-14 2.66626e-14 1.65959e-14 1.00371e-14 5.87384e-15 3.30989e-15 1.78564e-15 9.16251e-16 4.43917e-16 2.01481e-16 8.49618e-17 3.29719e-17 1.16754e-17 3.71937e-18 1.047e-18 2.5522e-19 5.29e-20 9.33118e-21 1.51132e-21 2.82269e-22 7.18962e-23 2.10848e-23 5.91705e-24 1.47933e-24 3.14013e-25 5.19038e-26 5.42879e-27 1.87351e-28 1.04663e-32 -0.52754 -3.65403 -0.02402 3.69191 4.87466 -6.21283 -0.28237 0
0 0.6235 1 21.0535 8.8795 15.9609 2.64682e-12 1.87504e-12 1.31798e-12 9.18715e-13 6.34765e-13 4.34534e-13 2.94632e-13 1.97841e-13 1.3157e-13 8.66842e-14 5.66153e-14 3.6691e-14 2.3626e-14 1.51397e-14 9.67182e-15 6.17006e-15 3.93585e-15 2.51221e-15 1.60426e-15 1.02387e-15 6.5191e-16 4.1315e-16 2.59969e-16 1.62019e-16 9.97857e-17 6.06107e-17 3.62418e-17 2.12955e-17 1.22746e-17 6.92696e-18 3.81932e-18 2.05272e-18 1.0726e-18 5.43308e-19 2.65901e-19 1.2527e-19 5.65723e-20 2.43732e-20 9.9633e-21 3.84009e-21 1.3852e-21 4.63468e-22 1.4219e-22 3.93589e-23 9.58032e-24 1.95581e-24 3.02854e-25 2.76593e-26 6.30396e-28 2.26344e-299 4.37751 3.05686 -0.12312 5.33919 12.35875 20.74570 -0.57081 0
