observations/ctadc_observations_gps.ecsv
# %ECSV 0.9
# ---
# datatype:
# - {name: glon, unit: deg, datatype: float64, description: Galactic longitude pointing
#     position}
# - {name: glat, unit: deg, datatype: float64, description: Galactic latitude pointing
#     position}
# - {name: t_obs, unit: h, datatype: float64, description: Observation time}
# - {name: zenith, unit: deg, datatype: float64, description: Mean zenith angle of observation}
# meta: !!omap
# - {description: Simulated Galactic plane survey (GPS) observation list table.}
# - {origin: 'Generated with a script from https://github.com/gammasky/cta-dc'}
# - {t_obs: 0.5 hour}
# - {t_obs_total: 757.5 hour}
# - {n_obs_per_grid_position: 5}
# - {n_pointings: 303}
# - {glon_range: '[-100.0, 100.0]'}
# - {glat_range: '[-2.0, 2.0]'}
glon glat t_obs zenith
[from data line 566]
-76.0 0.0 0.5 3.82626657219
-76.0 0.0 0.5 27.9971598247
-76.0 0.0 0.5 29.80061741
-76.0 0.0 0.5 41.7378399818
-74.0 0.0 0.5 30.7834535529
-74.0 0.0 0.5 22.3399690072
-74.0 0.0 0.5 17.2545175172
-74.0 0.0 0.5 12.2267119011
-74.0 0.0 0.5 21.0388424584
-72.0 0.0 0.5 10.8273615277
-72.0 0.0 0.5 44.5782159919
-72.0 0.0 0.5 23.388860342
-72.0 0.0 0.5 11.4093208294
-72.0 0.0 0.5 15.9593594715
-70.0 0.0 0.5 22.4554399231
-70.0 0.0 0.5 30.7380574275
-70.0 0.0 0.5 16.2885280547
-70.0 0.0 0.5 37.4334317566
-70.0 0.0 0.5 48.2516423225
-68.0 0.0 0.5 15.1203316298
-68.0 0.0 0.5 21.4319721156
-68.0 0.0 0.5 9.63933920015
-68.0 0.0 0.5 25.4178369643
-68.0 0.0 0.5 14.2891708361
-66.0 0.0 0.5 43.4341815824
-66.0 0.0 0.5 0.609021114782
-66.0 0.0 0.5 31.5411631354
-66.0 0.0 0.5 6.03139855671
-66.0 0.0 0.5 1.62615664746
-64.0 0.0 0.5 35.3042536734
-64.0 0.0 0.5 31.3674089469
-64.0 0.0 0.5 5.04407923273
-64.0 0.0 0.5 27.4861994046
-64.0 0.0 0.5 38.6103153871
-62.0 0.0 0.5 37.2658474351
-62.0 0.0 0.5 0.914656886225
-62.0 0.0 0.5 42.8432845392
-62.0 0.0 0.5 35.4970285402
-62.0 0.0 0.5 38.1004727164
-60.0 0.0 0.5 7.70559974525
-60.0 0.0 0.5 22.7780666999
-60.0 0.0 0.5 9.20503368814
-60.0 0.0 0.5 5.68676790035
-60.0 0.0 0.5 32.8880482073
-58.0 0.0 0.5 4.82203802514
-58.0 0.0 0.5 17.0793026325
-58.0 0.0 0.5 36.2539189126
-58.0 0.0 0.5 9.12208951225
-58.0 0.0 0.5 39.6511226891
-56.0 0.0 0.5 14.3017232278
-56.0 0.0 0.5 12.3826837475
-56.0 0.0 0.5 17.4307983345
-56.0 0.0 0.5 31.9077411029
-56.0 0.0 0.5 18.4810850081
-54.0 0.0 0.5 40.5754069516
-54.0 0.0 0.5 19.8236319258
-54.0 0.0 0.5 25.5941595358
-54.0 0.0 0.5 4.44711479548
-54.0 0.0 0.5 14.1260955851
-52.0 0.0 0.5 46.9128980328
-52.0 0.0 0.5 5.85393270508
-52.0 0.0 0.5 18.0247184172
-52.0 0.0 0.5 38.7941995385
-52.0 0.0 0.5 1.59588113196
-50.0 0.0 0.5 22.2843712504
-50.0 0.0 0.5 17.713699969
-50.0 0.0 0.5 42.5366679125
-50.0 0.0 0.5 10.8929399856
-50.0 0.0 0.5 46.140144191
-48.0 0.0 0.5 36.9389871559
-48.0 0.0 0.5 36.2119006455
-48.0 0.0 0.5 46.3163739579
-48.0 0.0 0.5 41.0963867078
-48.0 0.0 0.5 10.2728739512
-46.0 0.0 0.5 33.9438799008
-46.0 0.0 0.5 5.15236263074
-46.0 0.0 0.5 40.7901418976
-46.0 0.0 0.5 12.9666907848
-46.0 0.0 0.5 17.2622189406
-44.0 0.0 0.5 19.6753412865
-44.0 0.0 0.5 18.301720968
-44.0 0.0 0.5 7.30263120057
-44.0 0.0 0.5 7.02713679195
-44.0 0.0 0.5 33.3325561919
-42.0 0.0 0.5 26.6138150642
-42.0 0.0 0.5 37.9397455565
-42.0 0.0 0.5 9.34473481241
-42.0 0.0 0.5 42.991702527
-42.0 0.0 0.5 24.3920899015
-40.0 0.0 0.5 9.45268563036
-40.0 0.0 0.5 47.0771730469
-40.0 0.0 0.5 20.1990713023
-40.0 0.0 0.5 0.0936563028567
-40.0 0.0 0.5 33.828037233
-38.0 0.0 0.5 15.1749289011
-38.0 0.0 0.5 30.957612492
-38.0 0.0 0.5 8.75149021519
-38.0 0.0 0.5 28.5876407514
-38.0 0.0 0.5 49.2679563766
-36.0 0.0 0.5 45.9594879411
-36.0 0.0 0.5 4.10615252263
-36.0 0.0 0.5 31.9120551932
-36.0 0.0 0.5 25.5336183264
-36.0 0.0 0.5 34.1815612313
-34.0 0.0 0.5 25.8179930263
-34.0 0.0 0.5 46.3091992872
-34.0 0.0 0.5 25.6454339693
-34.0 0.0 0.5 43.7202701067
-34.0 0.0 0.5 15.0334845476
-32.0 0.0 0.5 4.24870943928
-32.0 0.0 0.5 30.5826845813
-32.0 0.0 0.5 3.32787248173
-32.0 0.0 0.5 15.7546976578
-32.0 0.0 0.5 1.7275859363
-30.0 0.0 0.5 4.50006297199
-30.0 0.0 0.5 0.986711557399
-30.0 0.0 0.5 7.69595882269
-30.0 0.0 0.5 4.7317761124
-30.0 0.0 0.5 46.0885788413
-28.0 0.0 0.5 31.2981544617
-28.0 0.0 0.5 24.9583504691
-28.0 0.0 0.5 44.67607876
-28.0 0.0 0.5 41.9216811384
-28.0 0.0 0.5 2.59796432191
-26.0 0.0 0.5 8.80317355999
-26.0 0.0 0.5 39.9931997502
-26.0 0.0 0.5 48.3617970538
-26.0 0.0 0.5 3.84080692347
-26.0 0.0 0.5 33.724844039
-24.0 0.0 0.5 11.7502464217
-24.0 0.0 0.5 22.9271492846
-24.0 0.0 0.5 28.6072346106
-24.0 0.0 0.5 1.61376165425
-24.0 0.0 0.5 37.5310986212
-22.0 0.0 0.5 21.9118322334
-22.0 0.0 0.5 12.512613606
-22.0 0.0 0.5 11.9327824599
-22.0 0.0 0.5 6.74526578833
-22.0 0.0 0.5 25.9556050747
-20.0 0.0 0.5 29.5724849774
-20.0 0.0 0.5 5.24531412416
-20.0 0.0 0.5 44.5679724176
-20.0 0.0 0.5 30.1984122623
-20.0 0.0 0.5 45.5655165681
-18.0 0.0 0.5 7.64826995536
-18.0 0.0 0.5 37.1773992477
-18.0 0.0 0.5 41.264615208
-18.0 0.0 0.5 39.4087706639
-18.0 0.0 0.5 34.2420294881
-16.0 0.0 0.5 29.5728692706
-16.0 0.0 0.5 49.5322484304
-16.0 0.0 0.5 38.7558585295
-16.0 0.0 0.5 16.8912379848
-16.0 0.0 0.5 20.5574304232
-14.0 0.0 0.5 9.86316178172
-14.0 0.0 0.5 36.8494486759
-14.0 0.0 0.5 44.0999831769
-14.0 0.0 0.5 46.3176352525
-14.0 0.0 0.5 41.8220998645
-12.0 0.0 0.5 14.0505541917
-12.0 0.0 0.5 19.0004039021
-12.0 0.0 0.5 24.3900757324
-12.0 0.0 0.5 0.825926168873
-12.0 0.0 0.5 41.4109937935
-10.0 0.0 0.5 33.9311272271
-10.0 0.0 0.5 20.5896021713
-10.0 0.0 0.5 47.4769783127
-10.0 0.0 0.5 43.7691672317
-10.0 0.0 0.5 14.82219994
-8.0 0.0 0.5 19.8615826387
-8.0 0.0 0.5 39.846186071
-8.0 0.0 0.5 34.4465276007
-8.0 0.0 0.5 40.3314910815
-8.0 0.0 0.5 25.4442652372
-6.0 0.0 0.5 39.0195176615
-6.0 0.0 0.5 17.8454890784
-6.0 0.0 0.5 18.5961178134
-6.0 0.0 0.5 5.33446211518
-6.0 0.0 0.5 37.3587910487
-4.0 0.0 0.5 45.4316400714
-4.0 0.0 0.5 47.9455252052
-4.0 0.0 0.5 37.0724808581
-4.0 0.0 0.5 39.7801045261
-4.0 0.0 0.5 13.2429223043
-2.0 0.0 0.5 49.2297640082
-2.0 0.0 0.5 17.7906136537
-2.0 0.0 0.5 23.4399875616
-2.0 0.0 0.5 37.4527326909
-2.0 0.0 0.5 21.1131116784
0.0 0.0 0.5 1.5775531526
0.0 0.0 0.5 23.5645799794
0.0 0.0 0.5 34.1817968579
0.0 0.0 0.5 35.546533382
0.0 0.0 0.5 17.2961053665
2.0 0.0 0.5 11.9833847195
2.0 0.0 0.5 20.0533220436
2.0 0.0 0.5 31.5511971124
2.0 0.0 0.5 35.3431415263
2.0 0.0 0.5 48.6421146607
4.0 0.0 0.5 46.819907663
4.0 0.0 0.5 10.6836278495
4.0 0.0 0.5 18.5900085701
4.0 0.0 0.5 39.7830455638
4.0 0.0 0.5 8.02397812486
6.0 0.0 0.5 32.7620788136
6.0 0.0 0.5 1.14487874896
6.0 0.0 0.5 12.8039084769
6.0 0.0 0.5 16.9642108372
6.0 0.0 0.5 7.86207275756
8.0 0.0 0.5 39.5225759698
8.0 0.0 0.5 18.2279054855
8.0 0.0 0.5 23.5336479429
8.0 0.0 0.5 35.6662116225
8.0 0.0 0.5 40.4094709246
10.0 0.0 0.5 3.30698099824
10.0 0.0 0.5 25.459460022
10.0 0.0 0.5 36.6199141589
10.0 0.0 0.5 24.6391470527
10.0 0.0 0.5 11.1578461913
12.0 0.0 0.5 48.6156167484
12.0 0.0 0.5 10.216622869
12.0 0.0 0.5 18.6858033009
12.0 0.0 0.5 37.0651213211
12.0 0.0 0.5 12.1041889283
14.0 0.0 0.5 31.4099422175
14.0 0.0 0.5 36.3498415231
14.0 0.0 0.5 49.3997066512
14.0 0.0 0.5 31.6112919493
14.0 0.0 0.5 27.464074027
16.0 0.0 0.5 47.1984570116
16.0 0.0 0.5 16.7758686262
16.0 0.0 0.5 19.2578143291
16.0 0.0 0.5 11.4010335638
16.0 0.0 0.5 47.8083404074
18.0 0.0 0.5 16.7585452446
18.0 0.0 0.5 15.1470687628
18.0 0.0 0.5 14.8988318154
18.0 0.0 0.5 19.9589153576
18.0 0.0 0.5 9.81135445094
20.0 0.0 0.5 9.65627445049
20.0 0.0 0.5 28.9825471717
20.0 0.0 0.5 13.8241777334
20.0 0.0 0.5 8.75736384023
20.0 0.0 0.5 13.295568471
22.0 0.0 0.5 17.7347278132
22.0 0.0 0.5 48.2327927144
22.0 0.0 0.5 29.343047758
22.0 0.0 0.5 19.9405827273
22.0 0.0 0.5 8.37559182921
24.0 0.0 0.5 18.6458161411
24.0 0.0 0.5 37.3896702619
24.0 0.0 0.5 8.84311981276
24.0 0.0 0.5 44.9904306584
24.0 0.0 0.5 47.3371533717
26.0 0.0 0.5 22.5211232478
26.0 0.0 0.5 20.0147898018
26.0 0.0 0.5 17.2840324154
26.0 0.0 0.5 29.5898557673
26.0 0.0 0.5 9.66785795958
28.0 0.0 0.5 12.4326512435
28.0 0.0 0.5 33.6613466735
28.0 0.0 0.5 1.15463454164
28.0 0.0 0.5 15.7704729119
28.0 0.0 0.5 26.779269513
30.0 0.0 0.5 30.7285898706
30.0 0.0 0.5 4.80506261517
30.0 0.0 0.5 5.33550051641
30.0 0.0 0.5 31.4605723955
30.0 0.0 0.5 21.3052248017
32.0 0.0 0.5 49.418076394
32.0 0.0 0.5 29.0386575552
32.0 0.0 0.5 30.5435664332
32.0 0.0 0.5 26.2760481786
32.0 0.0 0.5 44.5168800828
34.0 0.0 0.5 3.20403744323
34.0 0.0 0.5 21.6473258195
34.0 0.0 0.5 15.1211481362
34.0 0.0 0.5 6.95293327923
34.0 0.0 0.5 0.509004727075
36.0 0.0 0.5 38.2555760564
36.0 0.0 0.5 35.5077295375
36.0 0.0 0.5 48.4226390174
36.0 0.0 0.5 9.76227351864
36.0 0.0 0.5 1.08174409637
38.0 0.0 0.5 41.1032231084
38.0 0.0 0.5 37.9790977612
38.0 0.0 0.5 27.1588268703
38.0 0.0 0.5 40.1608797413
38.0 0.0 0.5 32.7588136064
40.0 0.0 0.5 40.1831676703
40.0 0.0 0.5 24.2676370922
40.0 0.0 0.5 39.6208615261
40.0 0.0 0.5 49.250557339
40.0 0.0 0.5 12.2244655616
42.0 0.0 0.5 27.7785549285
42.0 0.0 0.5 21.3417751182
42.0 0.0 0.5 44.6061364407
42.0 0.0 0.5 22.2647701431
42.0 0.0 0.5 29.7054459638
44.0 0.0 0.5 11.4012401282
44.0 0.0 0.5 30.5934328863
44.0 0.0 0.5 39.3059880751
44.0 0.0 0.5 24.9314245945
44.0 0.0 0.5 16.4195426279
46.0 0.0 0.5 32.6684476681
46.0 0.0 0.5 26.6501779995
46.0 0.0 0.5 37.4007696592
46.0 0.0 0.5 3.16193586941
46.0 0.0 0.5 32.9789679927
48.0 0.0 0.5 11.2478553024
48.0 0.0 0.5 38.198545391
48.0 0.0 0.5 45.3820493629
48.0 0.0 0.5 16.9461929567
48.0 0.0 0.5 19.6217308269
50.0 0.0 0.5 13.5906951316
50.0 0.0 0.5 18.0721760212
50.0 0.0 0.5 9.8805397774
50.0 0.0 0.5 19.3743629817
50.0 0.0 0.5 4.43033093016
52.0 0.0 0.5 0.349650000456
52.0 0.0 0.5 32.5761891451
52.0 0.0 0.5 45.501624203
52.0 0.0 0.5 18.3235238456
52.0 0.0 0.5 14.1061690525
54.0 0.0 0.5 46.2790257388
54.0 0.0 0.5 41.2621878282
54.0 0.0 0.5 9.14590367471
54.0 0.0 0.5 3.27016576456
54.0 0.0 0.5 32.8561535862
56.0 0.0 0.5 27.1257355874
56.0 0.0 0.5 12.8185722772
56.0 0.0 0.5 34.8224660951
56.0 0.0 0.5 36.7635369016
56.0 0.0 0.5 9.93043910228
58.0 0.0 0.5 11.6568471533
58.0 0.0 0.5 1.21390619015
58.0 0.0 0.5 27.7467281597
58.0 0.0 0.5 20.9959072647
58.0 0.0 0.5 3.83872976415
60.0 0.0 0.5 24.6779063793
60.0 0.0 0.5 28.7413915131
60.0 0.0 0.5 14.1831579823
60.0 0.0 0.5 8.78454017915
60.0 0.0 0.5 12.2525870081
62.0 0.0 0.5 12.5972189233
62.0 0.0 0.5 31.71998509
62.0 0.0 0.5 4.78275566435
62.0 0.0 0.5 2.07471590402
62.0 0.0 0.5 40.3983373333
64.0 0.0 0.5 8.91260966414
64.0 0.0 0.5 14.6010132428
64.0 0.0 0.5 4.0110675599
64.0 0.0 0.5 24.1873458201
64.0 0.0 0.5 18.3697673343
66.0 0.0 0.5 19.3414280047
66.0 0.0 0.5 47.9410347123
66.0 0.0 0.5 35.4472234592
66.0 0.0 0.5 18.286581005
66.0 0.0 0.5 33.9541722107
68.0 0.0 0.5 38.514267477
68.0 0.0 0.5 47.9211787829
68.0 0.0 0.5 49.5434105275
68.0 0.0 0.5 8.29383030341
68.0 0.0 0.5 11.4988311197
70.0 0.0 0.5 0.705068959752
70.0 0.0 0.5 23.3136744257
70.0 0.0 0.5 37.1915631665
70.0 0.0 0.5 8.98848871911
70.0 0.0 0.5 23.7753195365
72.0 0.0 0.5 46.9876618496
72.0 0.0 0.5 33.4238287472
72.0 0.0 0.5 36.609542339
72.0 0.0 0.5 25.8312125567
72.0 0.0 0.5 18.6421578557
74.0 0.0 0.5 37.4293695039
74.0 0.0 0.5 47.2698846926
74.0 0.0 0.5 5.10242258505
74.0 0.0 0.5 41.0084730834
74.0 0.0 0.5 45.024906166
76.0 0.0 0.5 14.8254040588
76.0 0.0 0.5 49.5671171744
76.0 0.0 0.5 6.21885839062
76.0 0.0 0.5 25.9853300706
76.0 0.0 0.5 8.66710310696
78.0 0.0 0.5 3.88999567691
78.0 0.0 0.5 17.4395672104
78.0 0.0 0.5 7.54435331896
78.0 0.0 0.5 26.3641582617
78.0 0.0 0.5 24.7564568828
80.0 0.0 0.5 34.6902568382
80.0 0.0 0.5 43.0344005216
80.0 0.0 0.5 5.52782824071
80.0 0.0 0.5 30.6826987625
80.0 0.0 0.5 42.5094012841
82.0 0.0 0.5 40.9043445405
82.0 0.0 0.5 34.4809255706
82.0 0.0 0.5 11.1727644839
82.0 0.0 0.5 23.9945527818
82.0 0.0 0.5 12.2809535974
84.0 0.0 0.5 30.3670713354
84.0 0.0 0.5 39.7382546063
84.0 0.0 0.5 16.8279768881
84.0 0.0 0.5 39.8516625032
84.0 0.0 0.5 9.29596078565
86.0 0.0 0.5 9.11605330758
86.0 0.0 0.5 36.5621351317
86.0 0.0 0.5 29.5907135213
86.0 0.0 0.5 38.2785314199
86.0 0.0 0.5 19.7444360652
88.0 0.0 0.5 38.6922544241
88.0 0.0 0.5 43.5927431517
88.0 0.0 0.5 5.55137413483
88.0 0.0 0.5 11.3925254512
88.0 0.0 0.5 10.5541115851
90.0 0.0 0.5 6.2830297742
90.0 0.0 0.5 5.02190096675
90.0 0.0 0.5 48.7185027559
90.0 0.0 0.5 41.2461259556
90.0 0.0 0.5 33.8535864033
92.0 0.0 0.5 45.5958756305
92.0 0.0 0.5 44.5747089666
92.0 0.0 0.5 30.5293067763
92.0 0.0 0.5 13.3955669416
92.0 0.0 0.5 28.2157907698
94.0 0.0 0.5 2.68023458715
94.0 0.0 0.5 6.48414199513
94.0 0.0 0.5 39.8669601301
94.0 0.0 0.5 8.5790332808
94.0 0.0 0.5 28.2618173309
96.0 0.0 0.5 41.9110722588
96.0 0.0 0.5 32.6978481412
96.0 0.0 0.5 3.85712690877
96.0 0.0 0.5 43.7720944137
96.0 0.0 0.5 37.8008844508
98.0 0.0 0.5 8.15507587725
98.0 0.0 0.5 38.5377116046
98.0 0.0 0.5 42.4417586716
98.0 0.0 0.5 42.3137926525
98.0 0.0 0.5 32.7396491292
100.0 0.0 0.5 16.0497608541
100.0 0.0 0.5 19.6295818462
100.0 0.0 0.5 4.97663979206
100.0 0.0 0.5 25.6484585176
100.0 0.0 0.5 36.0972561695
-100.0 2.0 0.5 37.2450309482
-100.0 2.0 0.5 39.536317881
-100.0 2.0 0.5 9.79673737626
-100.0 2.0 0.5 31.6826027415
-100.0 2.0 0.5 0.375134320247
-98.0 2.0 0.5 34.0090310411
-98.0 2.0 0.5 48.9875501432
-98.0 2.0 0.5 11.8365242095
-98.0 2.0 0.5 39.3190110695
-98.0 2.0 0.5 7.16330715526
-96.0 2.0 0.5 9.70473370192
-96.0 2.0 0.5 49.0808555831
-96.0 2.0 0.5 47.5712586742
-96.0 2.0 0.5 20.221247744
-96.0 2.0 0.5 18.7357068567
-94.0 2.0 0.5 35.3514074953
-94.0 2.0 0.5 9.72333951634
-94.0 2.0 0.5 7.77138513665
-94.0 2.0 0.5 29.2451846772
-94.0 2.0 0.5 41.3321235509
-92.0 2.0 0.5 23.3455221568
-92.0 2.0 0.5 8.82991489215
-92.0 2.0 0.5 49.264092141
-92.0 2.0 0.5 0.310056223239
-92.0 2.0 0.5 34.295578553
-90.0 2.0 0.5 20.9811901256
-90.0 2.0 0.5 20.7106408446
-90.0 2.0 0.5 27.9467501596
-90.0 2.0 0.5 37.5010095987
-90.0 2.0 0.5 45.1082948396
-88.0 2.0 0.5 26.9871002184
-88.0 2.0 0.5 41.7138981865
-88.0 2.0 0.5 37.6145815031
-88.0 2.0 0.5 6.13744906644
-88.0 2.0 0.5 31.8889862466
-86.0 2.0 0.5 16.0021326082
-86.0 2.0 0.5 7.29678839914
-86.0 2.0 0.5 15.4649459138
-86.0 2.0 0.5 30.6461166713
-86.0 2.0 0.5 43.2372684081
-84.0 2.0 0.5 18.9239334494
-84.0 2.0 0.5 2.31120317116
-84.0 2.0 0.5 39.9320561773
-84.0 2.0 0.5 14.2394677554
-84.0 2.0 0.5 26.2501179648
-82.0 2.0 0.5 38.8840966897
-82.0 2.0 0.5 46.6365129717
-82.0 2.0 0.5 0.0777252149715
-82.0 2.0 0.5 44.9396981434
-82.0 2.0 0.5 18.101427689
-80.0 2.0 0.5 45.4529919828
-80.0 2.0 0.5 30.9272025697
-80.0 2.0 0.5 0.478089060823
-80.0 2.0 0.5 10.6529941179
-80.0 2.0 0.5 17.0145525287
-78.0 2.0 0.5 27.8835852674
-78.0 2.0 0.5 31.3989325709
-78.0 2.0 0.5 16.3506817579
-78.0 2.0 0.5 10.6928963184
-78.0 2.0 0.5 12.0996241106
-76.0 2.0 0.5 47.04884136
-76.0 2.0 0.5 44.275667336
-76.0 2.0 0.5 13.3850078946
-76.0 2.0 0.5 17.1967935617
-76.0 2.0 0.5 37.4060505976
-74.0 2.0 0.5 35.6105165049
-74.0 2.0 0.5 22.0496334756
-74.0 2.0 0.5 15.8396251677
-74.0 2.0 0.5 23.3845872333
-74.0 2.0 0.5 16.1183714818
-72.0 2.0 0.5 3.63729942435
-72.0 2.0 0.5 41.2488029833
-72.0 2.0 0.5 42.3090394171
-72.0 2.0 0.5 43.1348877153
-72.0 2.0 0.5 14.5371805754
-70.0 2.0 0.5 5.19207932145
-70.0 2.0 0.5 26.2206429376
-70.0 2.0 0.5 3.26066744252
-70.0 2.0 0.5 16.8992298055
-70.0 2.0 0.5 17.4549518854
-68.0 2.0 0.5 17.7378309352
-68.0 2.0 0.5 15.6246356546
-68.0 2.0 0.5 27.4851356932
-68.0 2.0 0.5 16.4645748772
-68.0 2.0 0.5 19.0358148586
-66.0 2.0 0.5 16.7960067214
-66.0 2.0 0.5 4.58974207399
-66.0 2.0 0.5 19.6126455235
-66.0 2.0 0.5 44.1606289873
-66.0 2.0 0.5 48.0982938583
-64.0 2.0 0.5 17.7530134328
-64.0 2.0 0.5 29.1868395928
-64.0 2.0 0.5 32.5603250683
-64.0 2.0 0.5 5.93537524546
-64.0 2.0 0.5 11.0625914515
-62.0 2.0 0.5 29.1071251278
-62.0 2.0 0.5 47.5632977455
-62.0 2.0 0.5 21.8104367872
-62.0 2.0 0.5 33.7185132093
-62.0 2.0 0.5 0.588630800892
-60.0 2.0 0.5 31.4291258773
-60.0 2.0 0.5 6.51678305326
-60.0 2.0 0.5 18.5340445828
-60.0 2.0 0.5 15.2520589592
-60.0 2.0 0.5 43.6249316421
-58.0 2.0 0.5 42.2733121636
-58.0 2.0 0.5 45.6098363097
-58.0 2.0 0.5 34.6114094235
-58.0 2.0 0.5 35.1679888814
-58.0 2.0 0.5 10.1067876776
-56.0 2.0 0.5 5.52674782666
-56.0 2.0 0.5 13.597100087
-56.0 2.0 0.5 28.565444645
-56.0 2.0 0.5 30.7113234549
-56.0 2.0 0.5 14.1505552849
-54.0 2.0 0.5 9.77017997162
-54.0 2.0 0.5 33.7760340245
-54.0 2.0 0.5 22.4426956147
-54.0 2.0 0.5 1.43482452408
-54.0 2.0 0.5 36.9069571148
-52.0 2.0 0.5 14.0431121101
-52.0 2.0 0.5 38.7193523355
-52.0 2.0 0.5 14.1677738125
-52.0 2.0 0.5 3.68249674335
-52.0 2.0 0.5 48.6085616095
-50.0 2.0 0.5 44.8044514392
-50.0 2.0 0.5 18.3670100665
-50.0 2.0 0.5 16.919194819
-50.0 2.0 0.5 33.760306348
-50.0 2.0 0.5 48.2302881836
-48.0 2.0 0.5 37.1557950547
-48.0 2.0 0.5 47.6501965568
-48.0 2.0 0.5 35.1435966645
-48.0 2.0 0.5 33.0464370439
-48.0 2.0 0.5 10.1486264861
-46.0 2.0 0.5 32.2982760291
-46.0 2.0 0.5 15.4590278627
-46.0 2.0 0.5 47.0071990586
