observations/ctadc_observations_gps.ecsv
# %ECSV 0.9
# ---
# datatype:
# - {name: glon, unit: deg, datatype: float64, description: Galactic longitude pointing
#     position}
# - {name: glat, unit: deg, datatype: float64, description: Galactic latitude pointing
#     position}
# - {name: t_obs, unit: h, datatype: float64, description: Observation time}
# - {name: zenith, unit: deg, datatype: float64, description: Mean zenith angle of observation}
# meta: !!omap
# - {description: Simulated Galactic plane survey (GPS) observation list table.}
# - {origin: 'Generated with a script from https://github.com/gammasky/cta-dc'}
# - {t_obs: 0.5 hour}
# - {t_obs_total: 757.5 hour}
# - {n_obs_per_grid_position: 5}
# - {n_pointings: 303}
# - {glon_range: '[-100.0, 100.0]'}
# - {glat_range: '[-2.0, 2.0]'}
glon glat t_obs zenith
-100.0 -2.0 0.5 10.5693819705
-100.0 -2.0 0.5 15.5598492196
-100.0 -2.0 0.5 44.2264146227
-100.0 -2.0 0.5 41.4486493347
-100.0 -2.0 0.5 22.0056692139
-98.0 -2.0 0.5 5.04335102663
-98.0 -2.0 0.5 32.763181993
-98.0 -2.0 0.5 30.418106657
-98.0 -2.0 0.5 23.4069276259
-98.0 -2.0 0.5 30.8961498659
-96.0 -2.0 0.5 39.9389053667
-96.0 -2.0 0.5 46.0850483556
-96.0 -2.0 0.5 15.4494331907
-96.0 -2.0 0.5 19.4359619898
-96.0 -2.0 0.5 34.2957937592
-94.0 -2.0 0.5 45.312198295
-94.0 -2.0 0.5 24.6281666631
-94.0 -2.0 0.5 42.1785348799
-94.0 -2.0 0.5 24.7850558631
-94.0 -2.0 0.5 48.144833774
-92.0 -2.0 0.5 0.822185017178
-92.0 -2.0 0.5 34.2600142047
-92.0 -2.0 0.5 40.3966104625
-92.0 -2.0 0.5 32.5044798575
-92.0 -2.0 0.5 2.92942359618
-90.0 -2.0 0.5 47.2530041636
-90.0 -2.0 0.5 47.9709848133
-90.0 -2.0 0.5 3.08263547409
-90.0 -2.0 0.5 29.8003643961
-90.0 -2.0 0.5 20.530913019
-88.0 -2.0 0.5 11.6572618347
-88.0 -2.0 0.5 32.1909367747
-88.0 -2.0 0.5 41.5651905476
-88.0 -2.0 0.5 4.19695583564
-88.0 -2.0 0.5 32.8196231709
-86.0 -2.0 0.5 45.9622724282
-86.0 -2.0 0.5 48.3673383333
-86.0 -2.0 0.5 15.6833413725
-86.0 -2.0 0.5 23.6498212568
-86.0 -2.0 0.5 32.6708631158
-84.0 -2.0 0.5 46.9707606542
-84.0 -2.0 0.5 4.74826815696
-84.0 -2.0 0.5 8.50942141683
-84.0 -2.0 0.5 33.9171822334
-84.0 -2.0 0.5 4.70737372404
-82.0 -2.0 0.5 28.6462893192
-82.0 -2.0 0.5 48.1626023954
-82.0 -2.0 0.5 47.1827672611
-82.0 -2.0 0.5 13.3381135362
-82.0 -2.0 0.5 38.6595233234
-80.0 -2.0 0.5 14.3480327949
-80.0 -2.0 0.5 32.2881223685
-80.0 -2.0 0.5 34.023360938
-80.0 -2.0 0.5 22.2433296995
-80.0 -2.0 0.5 39.8460460382
-78.0 -2.0 0.5 8.78514589332
-78.0 -2.0 0.5 42.2918148272
-78.0 -2.0 0.5 39.1445146441
-78.0 -2.0 0.5 29.106350559
-78.0 -2.0 0.5 44.0862956415
-76.0 -2.0 0.5 6.73947285906
-76.0 -2.0 0.5 20.1369138253
-76.0 -2.0 0.5 23.5143875245
-76.0 -2.0 0.5 47.4134410436
-76.0 -2.0 0.5 27.864395139
-74.0 -2.0 0.5 27.9417190502
-74.0 -2.0 0.5 19.8832168505
-74.0 -2.0 0.5 26.6721909531
-74.0 -2.0 0.5 1.99016989996
-74.0 -2.0 0.5 9.54808685177
-72.0 -2.0 0.5 16.5246998409
-72.0 -2.0 0.5 22.9405404068
-72.0 -2.0 0.5 15.0588937134
-72.0 -2.0 0.5 35.8995634039
-72.0 -2.0 0.5 41.2133479117
-70.0 -2.0 0.5 42.6895008243
-70.0 -2.0 0.5 23.2454329017
-70.0 -2.0 0.5 28.8685013122
-70.0 -2.0 0.5 29.0336246158
-70.0 -2.0 0.5 27.1412281944
-68.0 -2.0 0.5 12.5020992234
-68.0 -2.0 0.5 8.37603620855
-68.0 -2.0 0.5 36.048386392
-68.0 -2.0 0.5 26.500948759
-68.0 -2.0 0.5 2.29611486217
-66.0 -2.0 0.5 30.0917014946
-66.0 -2.0 0.5 2.89411863459
-66.0 -2.0 0.5 24.2433373277
-66.0 -2.0 0.5 13.8925168525
-66.0 -2.0 0.5 29.8572577517
-64.0 -2.0 0.5 39.2774149857
-64.0 -2.0 0.5 15.3182590586
-64.0 -2.0 0.5 20.5089451064
-64.0 -2.0 0.5 13.553394707
-64.0 -2.0 0.5 41.4267393021
-62.0 -2.0 0.5 31.9754950978
-62.0 -2.0 0.5 14.8291326821
-62.0 -2.0 0.5 27.3582900023
-62.0 -2.0 0.5 49.1690950744
-62.0 -2.0 0.5 18.8060260843
-60.0 -2.0 0.5 19.0605033662
-60.0 -2.0 0.5 14.1180770437
-60.0 -2.0 0.5 43.2624406941
-60.0 -2.0 0.5 26.7042414171
-60.0 -2.0 0.5 8.45067214391
-58.0 -2.0 0.5 21.9578505361
-58.0 -2.0 0.5 41.2781504134
-58.0 -2.0 0.5 13.0700214967
-58.0 -2.0 0.5 47.7849991064
-58.0 -2.0 0.5 17.125303203
-56.0 -2.0 0.5 12.9445966455
-56.0 -2.0 0.5 30.3869262184
-56.0 -2.0 0.5 48.7403443734
-56.0 -2.0 0.5 38.2384806638
-56.0 -2.0 0.5 35.7221074759
-54.0 -2.0 0.5 24.2813512618
-54.0 -2.0 0.5 18.4971664631
-54.0 -2.0 0.5 7.96054101142
-54.0 -2.0 0.5 40.242801246
-54.0 -2.0 0.5 18.2070112041
-52.0 -2.0 0.5 47.6207784209
-52.0 -2.0 0.5 19.5356516291
-52.0 -2.0 0.5 48.3050273575
-52.0 -2.0 0.5 21.5925618258
-52.0 -2.0 0.5 7.18282611207
-50.0 -2.0 0.5 30.2438865319
-50.0 -2.0 0.5 6.19219302834
-50.0 -2.0 0.5 38.5281753275
-50.0 -2.0 0.5 27.671179026
-50.0 -2.0 0.5 18.110561633
-48.0 -2.0 0.5 40.3072455496
-48.0 -2.0 0.5 32.7333251744
-48.0 -2.0 0.5 41.6089686344
-48.0 -2.0 0.5 42.7283558562
-48.0 -2.0 0.5 7.71018142312
-46.0 -2.0 0.5 44.9014551234
-46.0 -2.0 0.5 2.58492973665
-46.0 -2.0 0.5 30.8763956477
-46.0 -2.0 0.5 20.2949947024
-46.0 -2.0 0.5 37.5717173866
-44.0 -2.0 0.5 13.1974665785
-44.0 -2.0 0.5 24.4407616064
-44.0 -2.0 0.5 46.8774839421
-44.0 -2.0 0.5 20.8767492134
-44.0 -2.0 0.5 36.5415030102
-42.0 -2.0 0.5 32.7259665273
-42.0 -2.0 0.5 46.5893157595
-42.0 -2.0 0.5 37.2148787205
-42.0 -2.0 0.5 33.2340425918
-42.0 -2.0 0.5 20.3272530302
-40.0 -2.0 0.5 5.32058253219
-40.0 -2.0 0.5 43.3488015541
-40.0 -2.0 0.5 25.5724964644
-40.0 -2.0 0.5 27.1471187315
-40.0 -2.0 0.5 47.2489472627
-38.0 -2.0 0.5 28.6597791242
-38.0 -2.0 0.5 17.5134731728
-38.0 -2.0 0.5 27.6358403953
-38.0 -2.0 0.5 18.3450714764
-38.0 -2.0 0.5 9.08370586506
-36.0 -2.0 0.5 37.6813050607
-36.0 -2.0 0.5 38.9062987269
-36.0 -2.0 0.5 35.9270619281
-36.0 -2.0 0.5 0.42529395449
-36.0 -2.0 0.5 35.8383072995
-34.0 -2.0 0.5 3.66619526566
-34.0 -2.0 0.5 34.4564681446
-34.0 -2.0 0.5 34.154854079
-34.0 -2.0 0.5 49.6976469467
-34.0 -2.0 0.5 10.3863526466
-32.0 -2.0 0.5 27.2668820667
-32.0 -2.0 0.5 1.9442440817
-32.0 -2.0 0.5 28.002926347
-32.0 -2.0 0.5 44.1765703783
-32.0 -2.0 0.5 6.61269617241
-30.0 -2.0 0.5 6.04063364118
-30.0 -2.0 0.5 41.6273467498
-30.0 -2.0 0.5 37.9258240126
-30.0 -2.0 0.5 19.3133807451
-30.0 -2.0 0.5 46.8371510752
-28.0 -2.0 0.5 30.0666664333
-28.0 -2.0 0.5 19.7116047452
-28.0 -2.0 0.5 38.8186815758
-28.0 -2.0 0.5 10.689249323
-28.0 -2.0 0.5 31.9266471747
-26.0 -2.0 0.5 10.5236173123
-26.0 -2.0 0.5 11.4898625928
-26.0 -2.0 0.5 15.5359809834
-26.0 -2.0 0.5 8.01629250339
-26.0 -2.0 0.5 3.05917892899
-24.0 -2.0 0.5 33.2978712258
-24.0 -2.0 0.5 31.1421932035
-24.0 -2.0 0.5 29.4494354262
-24.0 -2.0 0.5 39.8835141444
-24.0 -2.0 0.5 16.4173422762
-22.0 -2.0 0.5 26.0871845594
-22.0 -2.0 0.5 13.2183710614
-22.0 -2.0 0.5 10.0410585443
-22.0 -2.0 0.5 21.9564243698
-22.0 -2.0 0.5 5.6384455199
-20.0 -2.0 0.5 48.7851083286
-20.0 -2.0 0.5 48.7487588908
-20.0 -2.0 0.5 9.70447183303
-20.0 -2.0 0.5 37.8130118106
-20.0 -2.0 0.5 19.7358685298
-18.0 -2.0 0.5 10.0965995345
-18.0 -2.0 0.5 17.8400929572
-18.0 -2.0 0.5 19.3709090666
-18.0 -2.0 0.5 6.66099484798
-18.0 -2.0 0.5 46.914465967
-16.0 -2.0 0.5 4.38245411959
-16.0 -2.0 0.5 33.1515503304
-16.0 -2.0 0.5 31.3435344792
-16.0 -2.0 0.5 48.8504436161
-16.0 -2.0 0.5 7.76596026832
-14.0 -2.0 0.5 10.9749959537
-14.0 -2.0 0.5 26.1246642898
-14.0 -2.0 0.5 0.396754564879
-14.0 -2.0 0.5 19.3473410557
-14.0 -2.0 0.5 12.1683013715
-12.0 -2.0 0.5 0.969533711038
-12.0 -2.0 0.5 36.2367932736
-12.0 -2.0 0.5 13.9140113601
-12.0 -2.0 0.5 37.9205673798
-12.0 -2.0 0.5 13.5847386694
-10.0 -2.0 0.5 3.42318221932
-10.0 -2.0 0.5 38.001136763
-10.0 -2.0 0.5 9.45985455337
-10.0 -2.0 0.5 48.2218645063
-10.0 -2.0 0.5 28.2462890044
-8.0 -2.0 0.5 0.768590599478
-8.0 -2.0 0.5 15.3327943304
-8.0 -2.0 0.5 4.60346050923
-8.0 -2.0 0.5 38.3171122372
-8.0 -2.0 0.5 9.08711279684
-6.0 -2.0 0.5 11.4110995522
-6.0 -2.0 0.5 32.2917316349
-6.0 -2.0 0.5 2.90921437147
-6.0 -2.0 0.5 45.1812092093
-6.0 -2.0 0.5 19.2986289668
-4.0 -2.0 0.5 28.9067408433
-4.0 -2.0 0.5 11.1321994307
-4.0 -2.0 0.5 5.17336115604
-4.0 -2.0 0.5 28.4257281596
-4.0 -2.0 0.5 47.1315824625
-2.0 -2.0 0.5 3.65910626402
-2.0 -2.0 0.5 38.1201407532
-2.0 -2.0 0.5 39.7139264591
-2.0 -2.0 0.5 32.113287393
-2.0 -2.0 0.5 31.485232808
0.0 -2.0 0.5 23.3277260241
0.0 -2.0 0.5 29.2037003774
0.0 -2.0 0.5 8.57876665375
0.0 -2.0 0.5 4.70625105522
0.0 -2.0 0.5 19.012080919
2.0 -2.0 0.5 38.5055372049
2.0 -2.0 0.5 33.6792179829
2.0 -2.0 0.5 47.6797278661
2.0 -2.0 0.5 38.7554676299
2.0 -2.0 0.5 11.7836020599
4.0 -2.0 0.5 23.4613162608
4.0 -2.0 0.5 15.4385900944
4.0 -2.0 0.5 44.8548072097
4.0 -2.0 0.5 41.1935725081
4.0 -2.0 0.5 4.4300041364
6.0 -2.0 0.5 20.3634863705
6.0 -2.0 0.5 48.0160341494
6.0 -2.0 0.5 6.3726981546
6.0 -2.0 0.5 37.0842729156
6.0 -2.0 0.5 37.668785843
8.0 -2.0 0.5 20.4982350344
8.0 -2.0 0.5 6.01636762805
8.0 -2.0 0.5 6.24174040428
8.0 -2.0 0.5 23.0194614045
8.0 -2.0 0.5 49.047841548
10.0 -2.0 0.5 1.70913075568
10.0 -2.0 0.5 10.636512265
10.0 -2.0 0.5 11.2349790618
10.0 -2.0 0.5 8.83171526733
10.0 -2.0 0.5 38.7589201625
12.0 -2.0 0.5 5.64026416024
12.0 -2.0 0.5 13.3415789091
12.0 -2.0 0.5 4.70784308475
12.0 -2.0 0.5 37.796584739
12.0 -2.0 0.5 0.667343341055
14.0 -2.0 0.5 14.8502095027
14.0 -2.0 0.5 12.6466258313
14.0 -2.0 0.5 46.5153964862
14.0 -2.0 0.5 39.2521113677
14.0 -2.0 0.5 45.5365501062
16.0 -2.0 0.5 32.218800843
16.0 -2.0 0.5 32.9961930705
16.0 -2.0 0.5 34.3661693265
16.0 -2.0 0.5 5.73866596721
16.0 -2.0 0.5 1.93133948117
18.0 -2.0 0.5 19.308822365
18.0 -2.0 0.5 42.4329032172
18.0 -2.0 0.5 2.02121514826
18.0 -2.0 0.5 5.35764236745
18.0 -2.0 0.5 16.997671995
20.0 -2.0 0.5 10.1039114171
20.0 -2.0 0.5 24.9168280044
20.0 -2.0 0.5 2.8121692357
20.0 -2.0 0.5 36.3758271468
20.0 -2.0 0.5 17.9752953452
22.0 -2.0 0.5 24.9830912503
22.0 -2.0 0.5 15.0495034517
22.0 -2.0 0.5 6.78962397613
22.0 -2.0 0.5 20.2751615155
22.0 -2.0 0.5 11.9532446999
24.0 -2.0 0.5 47.1996067313
24.0 -2.0 0.5 23.4909867514
24.0 -2.0 0.5 47.610502079
24.0 -2.0 0.5 41.5440023488
24.0 -2.0 0.5 5.25908771749
26.0 -2.0 0.5 2.37579605196
26.0 -2.0 0.5 38.3751443453
26.0 -2.0 0.5 13.2420108093
26.0 -2.0 0.5 27.2834754776
26.0 -2.0 0.5 13.5787920453
28.0 -2.0 0.5 49.9910267703
28.0 -2.0 0.5 38.3257567597
28.0 -2.0 0.5 40.8044132362
28.0 -2.0 0.5 25.5896651608
28.0 -2.0 0.5 11.4346485872
30.0 -2.0 0.5 49.8618954519
30.0 -2.0 0.5 7.46502123454
30.0 -2.0 0.5 46.2217420509
30.0 -2.0 0.5 9.40662539438
30.0 -2.0 0.5 46.6515658971
32.0 -2.0 0.5 12.3451904103
32.0 -2.0 0.5 41.8146158621
32.0 -2.0 0.5 42.2716121223
32.0 -2.0 0.5 41.3672144951
32.0 -2.0 0.5 22.1265288451
34.0 -2.0 0.5 47.3098536929
34.0 -2.0 0.5 6.00488970669
34.0 -2.0 0.5 9.35045128857
34.0 -2.0 0.5 33.4575780616
34.0 -2.0 0.5 8.20890999923
36.0 -2.0 0.5 6.3757123468
36.0 -2.0 0.5 16.2355390123
36.0 -2.0 0.5 26.5211708525
36.0 -2.0 0.5 3.97320267209
36.0 -2.0 0.5 5.20639226428
38.0 -2.0 0.5 12.1768694806
38.0 -2.0 0.5 42.1087935299
38.0 -2.0 0.5 27.9486652771
38.0 -2.0 0.5 7.91937192498
38.0 -2.0 0.5 27.3479003874
40.0 -2.0 0.5 27.3521555675
40.0 -2.0 0.5 1.7544660756
40.0 -2.0 0.5 5.49051399079
40.0 -2.0 0.5 2.13262885004
40.0 -2.0 0.5 28.166281119
42.0 -2.0 0.5 41.167901367
42.0 -2.0 0.5 23.743143637
42.0 -2.0 0.5 49.9333551015
42.0 -2.0 0.5 0.312771189169
42.0 -2.0 0.5 26.5352565452
44.0 -2.0 0.5 23.8942794922
44.0 -2.0 0.5 31.6927826643
44.0 -2.0 0.5 9.80598775559
44.0 -2.0 0.5 14.7362260398
44.0 -2.0 0.5 20.8317249172
46.0 -2.0 0.5 20.4766082234
46.0 -2.0 0.5 22.7608053362
46.0 -2.0 0.5 6.7902754871
46.0 -2.0 0.5 4.52644651475
46.0 -2.0 0.5 39.8067507799
48.0 -2.0 0.5 39.6159465152
48.0 -2.0 0.5 43.2317392828
48.0 -2.0 0.5 8.14675205004
48.0 -2.0 0.5 41.6592622643
48.0 -2.0 0.5 0.0559971036222
50.0 -2.0 0.5 43.6905559916
50.0 -2.0 0.5 30.7686973123
50.0 -2.0 0.5 27.0068696807
50.0 -2.0 0.5 30.0854167089
50.0 -2.0 0.5 8.41155307589
52.0 -2.0 0.5 23.005697153
52.0 -2.0 0.5 38.8997251136
52.0 -2.0 0.5 21.3513407071
52.0 -2.0 0.5 35.0715927032
52.0 -2.0 0.5 38.2840572474
54.0 -2.0 0.5 1.62206718514
54.0 -2.0 0.5 0.477070386389
54.0 -2.0 0.5 20.4129279399
54.0 -2.0 0.5 39.2415851236
54.0 -2.0 0.5 46.2411747165
56.0 -2.0 0.5 24.4499789207
56.0 -2.0 0.5 37.3389054763
56.0 -2.0 0.5 30.7059254319
56.0 -2.0 0.5 43.5515105018
56.0 -2.0 0.5 34.1812998963
58.0 -2.0 0.5 18.0810624161
58.0 -2.0 0.5 46.5623820319
58.0 -2.0 0.5 26.7259798397
58.0 -2.0 0.5 45.921048389
58.0 -2.0 0.5 44.396070782
60.0 -2.0 0.5 30.1211603502
60.0 -2.0 0.5 42.2272589338
60.0 -2.0 0.5 33.1229976727
60.0 -2.0 0.5 29.4896035461
60.0 -2.0 0.5 15.0482757648
62.0 -2.0 0.5 5.56820655307
62.0 -2.0 0.5 25.7088359544
62.0 -2.0 0.5 46.5140699676
62.0 -2.0 0.5 7.5614831118
62.0 -2.0 0.5 22.6904669786
64.0 -2.0 0.5 43.9516683345
64.0 -2.0 0.5 39.6247698717
64.0 -2.0 0.5 46.0176993612
64.0 -2.0 0.5 43.096469565
64.0 -2.0 0.5 33.1206738742
66.0 -2.0 0.5 23.6736542225
66.0 -2.0 0.5 25.5700241079
66.0 -2.0 0.5 28.6404559726
66.0 -2.0 0.5 40.9080864871
66.0 -2.0 0.5 44.3503072157
68.0 -2.0 0.5 38.4284880623
68.0 -2.0 0.5 8.17155630979
68.0 -2.0 0.5 34.1259174066
68.0 -2.0 0.5 13.9327478037
68.0 -2.0 0.5 23.1258316417
70.0 -2.0 0.5 38.103771588
70.0 -2.0 0.5 42.1526636699
70.0 -2.0 0.5 43.2747359782
70.0 -2.0 0.5 46.257338382
70.0 -2.0 0.5 20.0971615348
72.0 -2.0 0.5 34.9778588055
72.0 -2.0 0.5 30.5353952608
72.0 -2.0 0.5 6.20184583278
72.0 -2.0 0.5 22.0295748729
72.0 -2.0 0.5 1.72976935962
74.0 -2.0 0.5 24.5274086728
74.0 -2.0 0.5 10.1394096827
74.0 -2.0 0.5 36.2829482556
74.0 -2.0 0.5 42.7601279434
74.0 -2.0 0.5 39.8493520229
76.0 -2.0 0.5 3.15321962489
76.0 -2.0 0.5 29.9903060639
76.0 -2.0 0.5 22.9854502031
76.0 -2.0 0.5 27.5552110177
76.0 -2.0 0.5 33.4179775923
78.0 -2.0 0.5 48.8721956658
78.0 -2.0 0.5 22.9848740043
78.0 -2.0 0.5 46.5155734437
78.0 -2.0 0.5 39.0343927042
78.0 -2.0 0.5 44.5946884363
80.0 -2.0 0.5 46.1607453889
80.0 -2.0 0.5 7.53403053905
80.0 -2.0 0.5 42.7422993009
80.0 -2.0 0.5 27.9508220361
80.0 -2.0 0.5 13.1445280142
82.0 -2.0 0.5 0.528538796611
82.0 -2.0 0.5 12.3605484845
82.0 -2.0 0.5 33.0641597148
82.0 -2.0 0.5 26.7244004883
82.0 -2.0 0.5 2.29400923434
84.0 -2.0 0.5 48.1594139326
84.0 -2.0 0.5 35.9187863041
84.0 -2.0 0.5 23.5767217806
84.0 -2.0 0.5 8.24517574685
84.0 -2.0 0.5 21.5624961124
86.0 -2.0 0.5 10.5587729174
86.0 -2.0 0.5 4.10878219468
86.0 -2.0 0.5 31.2537458986
86.0 -2.0 0.5 42.1581431649
86.0 -2.0 0.5 26.9782152642
88.0 -2.0 0.5 48.4442588542
88.0 -2.0 0.5 8.84022845231
88.0 -2.0 0.5 27.4490494991
88.0 -2.0 0.5 4.48447256961
88.0 -2.0 0.5 29.6803395421
90.0 -2.0 0.5 21.7188930569
90.0 -2.0 0.5 13.9946493095
90.0 -2.0 0.5 31.1768780531
90.0 -2.0 0.5 5.20312958842
90.0 -2.0 0.5 19.7093705515
92.0 -2.0 0.5 1.21306418605
92.0 -2.0 0.5 49.6494834698
92.0 -2.0 0.5 13.7346399903
92.0 -2.0 0.5 22.3023772579
92.0 -2.0 0.5 1.33024542397
94.0 -2.0 0.5 40.708917165
94.0 -2.0 0.5 34.6360290239
94.0 -2.0 0.5 21.0378189969
94.0 -2.0 0.5 45.5665777279
94.0 -2.0 0.5 9.79683201237
96.0 -2.0 0.5 42.7973904644
96.0 -2.0 0.5 29.3578228808
96.0 -2.0 0.5 3.47915304335
96.0 -2.0 0.5 20.8538543955
96.0 -2.0 0.5 44.8108422422
98.0 -2.0 0.5 1.09586184908
98.0 -2.0 0.5 34.4826288856
98.0 -2.0 0.5 28.4249595314
98.0 -2.0 0.5 23.8402518524
98.0 -2.0 0.5 45.4307030126
100.0 -2.0 0.5 0.444268016917
100.0 -2.0 0.5 25.9584868993
100.0 -2.0 0.5 39.7900607563
100.0 -2.0 0.5 18.1130391184
100.0 -2.0 0.5 21.5012512599
-100.0 0.0 0.5 29.1739085008
-100.0 0.0 0.5 4.71366390185
-100.0 0.0 0.5 42.413378591
-100.0 0.0 0.5 44.1909370162
-100.0 0.0 0.5 21.8345638941
-98.0 0.0 0.5 8.97733936529
-98.0 0.0 0.5 32.2254296425
-98.0 0.0 0.5 5.09171892075
-98.0 0.0 0.5 34.444184811
-98.0 0.0 0.5 11.5201544918
-96.0 0.0 0.5 39.8148697512
-96.0 0.0 0.5 45.050412446
-96.0 0.0 0.5 16.7357726084
-96.0 0.0 0.5 49.7098636686
-96.0 0.0 0.5 19.3371843825
-94.0 0.0 0.5 49.7034591739
-94.0 0.0 0.5 19.9185919741
-94.0 0.0 0.5 24.9728014576
-94.0 0.0 0.5 5.13526674902
-94.0 0.0 0.5 41.6306514703
-92.0 0.0 0.5 44.2783790805
-92.0 0.0 0.5 13.4680152973
-92.0 0.0 0.5 31.3193118056
-92.0 0.0 0.5 16.089708073
-92.0 0.0 0.5 0.332016302373
-90.0 0.0 0.5 43.3501481729
-90.0 0.0 0.5 32.1340810622
-90.0 0.0 0.5 8.65409809419
-90.0 0.0 0.5 39.8378034496
-90.0 0.0 0.5 0.359735628546
-88.0 0.0 0.5 0.908762517027
-88.0 0.0 0.5 8.86807515512
-88.0 0.0 0.5 35.4056048852
-88.0 0.0 0.5 38.7821342937
-88.0 0.0 0.5 42.8199336048
-86.0 0.0 0.5 23.244267051
-86.0 0.0 0.5 17.9045870945
-86.0 0.0 0.5 40.2883426076
-86.0 0.0 0.5 9.31576618544
-86.0 0.0 0.5 4.52359857957
-84.0 0.0 0.5 42.2213570877
-84.0 0.0 0.5 18.7110146275
-84.0 0.0 0.5 35.2736265122
-84.0 0.0 0.5 32.7988360511
-84.0 0.0 0.5 45.1536829689
-82.0 0.0 0.5 49.1717705963
-82.0 0.0 0.5 31.6601503118
-82.0 0.0 0.5 22.2795212546
-82.0 0.0 0.5 2.67543623842
-82.0 0.0 0.5 9.47247244072
-80.0 0.0 0.5 12.356986913
-80.0 0.0 0.5 37.3602492352
-80.0 0.0 0.5 29.1652178857
-80.0 0.0 0.5 47.1771181675
-80.0 0.0 0.5 3.03973174554
-78.0 0.0 0.5 45.993292964
-78.0 0.0 0.5 49.0583102851
-78.0 0.0 0.5 27.3973354576
-78.0 0.0 0.5 38.8233049504
-78.0 0.0 0.5 46.2517260873
