observations/ctadc_observations_gps.ecsv
# %ECSV 0.9
# ---
# datatype:
# - {name: glon, unit: deg, datatype: float64, description: Galactic longitude pointing
#     position}
# - {name: glat, unit: deg, datatype: float64, description: Galactic latitude pointing
#     position}
# - {name: t_obs, unit: h, datatype: float64, description: Observation time}
# - {name: zenith, unit: deg, datatype: float64, description: Mean zenith angle of observation}
# meta: !!omap
# - {description: Simulated Galactic plane survey (GPS) observation list table.}
# - {origin: 'Generated with a script from https://github.com/gammasky/cta-dc'}
# - {t_obs: 0.5 hour}
# - {t_obs_total: 757.5 hour}
# - {n_obs_per_grid_position: 5}
# - {n_pointings: 303}
# - {glon_range: '[-100.0, 100.0]'}
# - {glat_range: '[-2.0, 2.0]'}
glon glat t_obs zenith
[from data line 1149]
-46.0 2.0 0.5 5.20687028831
-44.0 2.0 0.5 36.4868694812
-44.0 2.0 0.5 36.1239803183
-44.0 2.0 0.5 39.3086868067
-44.0 2.0 0.5 0.383510059882
-44.0 2.0 0.5 12.1575000305
-42.0 2.0 0.5 47.2881536284
-42.0 2.0 0.5 34.9636297752
-42.0 2.0 0.5 30.5935885199
-42.0 2.0 0.5 45.5645198364
-42.0 2.0 0.5 29.7556319141
-40.0 2.0 0.5 20.4764267183
-40.0 2.0 0.5 31.5531633574
-40.0 2.0 0.5 12.8320382843
-40.0 2.0 0.5 19.4393366775
-40.0 2.0 0.5 47.5110810773
-38.0 2.0 0.5 12.1751163604
-38.0 2.0 0.5 7.21643349014
-38.0 2.0 0.5 43.8191542528
-38.0 2.0 0.5 2.63549317552
-38.0 2.0 0.5 34.4555522017
-36.0 2.0 0.5 12.5848176068
-36.0 2.0 0.5 12.8544845764
-36.0 2.0 0.5 43.1802652842
-36.0 2.0 0.5 35.7427699039
-36.0 2.0 0.5 4.14627204496
-34.0 2.0 0.5 7.04615208049
-34.0 2.0 0.5 20.3686507124
-34.0 2.0 0.5 37.5701595049
-34.0 2.0 0.5 24.9458578428
-34.0 2.0 0.5 26.3412993817
-32.0 2.0 0.5 42.1093613971
-32.0 2.0 0.5 23.5795644326
-32.0 2.0 0.5 3.2652193664
-32.0 2.0 0.5 49.0291883885
-32.0 2.0 0.5 47.8535674429
-30.0 2.0 0.5 19.1452399168
-30.0 2.0 0.5 20.0826770998
-30.0 2.0 0.5 7.14442919556
-30.0 2.0 0.5 49.186360171
-30.0 2.0 0.5 42.429528417
-28.0 2.0 0.5 28.5992175775
-28.0 2.0 0.5 22.3609426749
-28.0 2.0 0.5 23.24485095
-28.0 2.0 0.5 5.63551820279
-28.0 2.0 0.5 33.1109500401
-26.0 2.0 0.5 28.0601051818
-26.0 2.0 0.5 6.66357491559
-26.0 2.0 0.5 40.7015841432
-26.0 2.0 0.5 47.0096951747
-26.0 2.0 0.5 12.0641679973
-24.0 2.0 0.5 34.7423238114
-24.0 2.0 0.5 30.6526303468
-24.0 2.0 0.5 7.22111049615
-24.0 2.0 0.5 21.8368205812
-24.0 2.0 0.5 0.847752624498
-22.0 2.0 0.5 46.6225988524
-22.0 2.0 0.5 20.9060786302
-22.0 2.0 0.5 16.4045748033
-22.0 2.0 0.5 3.8652022711
-22.0 2.0 0.5 39.9939014907
-20.0 2.0 0.5 48.2849319609
-20.0 2.0 0.5 13.8937943342
-20.0 2.0 0.5 31.4250581308
-20.0 2.0 0.5 27.8125551657
-20.0 2.0 0.5 21.5682586387
-18.0 2.0 0.5 2.38567447875
-18.0 2.0 0.5 33.2832881135
-18.0 2.0 0.5 1.25353212474
-18.0 2.0 0.5 16.9538508108
-18.0 2.0 0.5 18.3693994762
-16.0 2.0 0.5 15.1688622093
-16.0 2.0 0.5 18.3658961494
-16.0 2.0 0.5 12.9606530175
-16.0 2.0 0.5 13.1563206558
-16.0 2.0 0.5 5.17857643425
-14.0 2.0 0.5 28.6314312005
-14.0 2.0 0.5 42.9060832194
-14.0 2.0 0.5 11.9464954528
-14.0 2.0 0.5 28.2997252274
-14.0 2.0 0.5 18.6918628029
-12.0 2.0 0.5 13.0160379092
-12.0 2.0 0.5 22.1045045746
-12.0 2.0 0.5 33.7677341547
-12.0 2.0 0.5 18.9801611481
-12.0 2.0 0.5 3.54514110753
-10.0 2.0 0.5 17.3272839388
-10.0 2.0 0.5 0.457497790971
-10.0 2.0 0.5 36.0275133138
-10.0 2.0 0.5 14.0689852977
-10.0 2.0 0.5 7.55737352508
-8.0 2.0 0.5 33.184593242
-8.0 2.0 0.5 32.0449843706
-8.0 2.0 0.5 10.7403311862
-8.0 2.0 0.5 5.06870905432
-8.0 2.0 0.5 29.0202714643
-6.0 2.0 0.5 44.1948498714
-6.0 2.0 0.5 33.2757991578
-6.0 2.0 0.5 6.68864749997
-6.0 2.0 0.5 20.8177944903
-6.0 2.0 0.5 41.3460886424
-4.0 2.0 0.5 8.46284149018
-4.0 2.0 0.5 33.1407011216
-4.0 2.0 0.5 15.5571891059
-4.0 2.0 0.5 7.84433193015
-4.0 2.0 0.5 33.541558672
-2.0 2.0 0.5 42.6090759005
-2.0 2.0 0.5 15.523979388
-2.0 2.0 0.5 42.5898737016
-2.0 2.0 0.5 9.93420448097
-2.0 2.0 0.5 2.39314510219
0.0 2.0 0.5 42.9568917415
0.0 2.0 0.5 42.6182624041
0.0 2.0 0.5 24.5088723571
0.0 2.0 0.5 25.6161686006
0.0 2.0 0.5 33.1505027994
2.0 2.0 0.5 33.3483494981
2.0 2.0 0.5 14.139411215
2.0 2.0 0.5 11.1370128576
2.0 2.0 0.5 28.119540408
2.0 2.0 0.5 20.1609258257
4.0 2.0 0.5 38.4810819903
4.0 2.0 0.5 2.27130477052
4.0 2.0 0.5 9.14187292887
4.0 2.0 0.5 2.83318752803
4.0 2.0 0.5 26.1368669917
6.0 2.0 0.5 24.5100671041
6.0 2.0 0.5 49.7951482084
6.0 2.0 0.5 7.70559770619
6.0 2.0 0.5 17.0112115474
6.0 2.0 0.5 6.51201823618
8.0 2.0 0.5 24.5784111537
8.0 2.0 0.5 6.47148967707
8.0 2.0 0.5 23.6256505619
8.0 2.0 0.5 15.3420307828
8.0 2.0 0.5 35.3795783601
10.0 2.0 0.5 26.2536798834
10.0 2.0 0.5 23.9576326193
10.0 2.0 0.5 25.7251448896
10.0 2.0 0.5 8.6508061944
10.0 2.0 0.5 35.0288633123
12.0 2.0 0.5 5.69319735608
12.0 2.0 0.5 31.2709737069
12.0 2.0 0.5 14.6608165091
12.0 2.0 0.5 42.9145150015
12.0 2.0 0.5 7.83173485961
14.0 2.0 0.5 12.386567097
14.0 2.0 0.5 21.158515237
14.0 2.0 0.5 29.7734578256
14.0 2.0 0.5 25.262361978
14.0 2.0 0.5 30.3140692309
16.0 2.0 0.5 30.2020571082
16.0 2.0 0.5 25.9164621953
16.0 2.0 0.5 46.2666759318
16.0 2.0 0.5 38.4772237476
16.0 2.0 0.5 8.23290938812
18.0 2.0 0.5 7.37622709603
18.0 2.0 0.5 17.863610285
18.0 2.0 0.5 16.8817147469
18.0 2.0 0.5 5.22406677577
18.0 2.0 0.5 9.23095952729
20.0 2.0 0.5 34.974845804
20.0 2.0 0.5 44.8640701093
20.0 2.0 0.5 37.2792664471
20.0 2.0 0.5 34.9218149616
20.0 2.0 0.5 33.3280887105
22.0 2.0 0.5 9.76340605662
22.0 2.0 0.5 15.2064269922
22.0 2.0 0.5 42.1886740665
22.0 2.0 0.5 27.8817465539
22.0 2.0 0.5 7.27231981004
24.0 2.0 0.5 20.2685604298
24.0 2.0 0.5 0.776348372355
24.0 2.0 0.5 1.43067846833
24.0 2.0 0.5 37.5016369432
24.0 2.0 0.5 12.896042187
26.0 2.0 0.5 37.4264234898
26.0 2.0 0.5 49.9091836374
26.0 2.0 0.5 6.06347060762
26.0 2.0 0.5 33.2468148633
26.0 2.0 0.5 18.3169149091
28.0 2.0 0.5 26.7747142118
28.0 2.0 0.5 42.1607816622
28.0 2.0 0.5 33.6782116405
28.0 2.0 0.5 9.44586942613
28.0 2.0 0.5 23.5509426949
30.0 2.0 0.5 21.2901537918
30.0 2.0 0.5 45.6020561278
30.0 2.0 0.5 45.4898802702
30.0 2.0 0.5 42.857852269
30.0 2.0 0.5 37.5087189609
32.0 2.0 0.5 41.4665600339
32.0 2.0 0.5 32.3254596988
32.0 2.0 0.5 13.3699845878
32.0 2.0 0.5 27.8053898454
32.0 2.0 0.5 47.6633819425
34.0 2.0 0.5 34.8124252746
34.0 2.0 0.5 34.9455498678
34.0 2.0 0.5 33.4979657438
34.0 2.0 0.5 2.33057889504
34.0 2.0 0.5 43.8885154561
36.0 2.0 0.5 10.5367263952
36.0 2.0 0.5 45.0500278393
36.0 2.0 0.5 35.2638662531
36.0 2.0 0.5 46.0353603346
36.0 2.0 0.5 31.0372652873
38.0 2.0 0.5 27.3426978333
38.0 2.0 0.5 1.83972188554
38.0 2.0 0.5 48.5003175167
38.0 2.0 0.5 30.6589565587
38.0 2.0 0.5 24.1544254276
40.0 2.0 0.5 28.6624380004
40.0 2.0 0.5 21.8906922703
40.0 2.0 0.5 1.77130515758
40.0 2.0 0.5 44.1814966175
40.0 2.0 0.5 44.9716566797
42.0 2.0 0.5 35.9741428379
42.0 2.0 0.5 1.16405419975
42.0 2.0 0.5 2.32011795449
42.0 2.0 0.5 23.2718876962
42.0 2.0 0.5 48.7389743896
44.0 2.0 0.5 13.3017953731
44.0 2.0 0.5 35.7832098043
44.0 2.0 0.5 11.4135605962
44.0 2.0 0.5 7.01612389798
44.0 2.0 0.5 29.5215295699
46.0 2.0 0.5 48.4425749448
46.0 2.0 0.5 20.652350509
46.0 2.0 0.5 24.1076694785
46.0 2.0 0.5 43.9066539113
46.0 2.0 0.5 7.22731242779
48.0 2.0 0.5 0.371366436108
48.0 2.0 0.5 29.9892816367
48.0 2.0 0.5 10.0787746229
48.0 2.0 0.5 37.3565058947
48.0 2.0 0.5 48.1945991927
50.0 2.0 0.5 35.8912971529
50.0 2.0 0.5 33.3348687864
50.0 2.0 0.5 26.4306975152
50.0 2.0 0.5 25.2400718672
50.0 2.0 0.5 3.37332239574
52.0 2.0 0.5 46.0439583538
52.0 2.0 0.5 35.7725091417
52.0 2.0 0.5 8.03906336316
52.0 2.0 0.5 30.482032692
52.0 2.0 0.5 37.0477719062
54.0 2.0 0.5 48.8522494607
54.0 2.0 0.5 40.2544740905
54.0 2.0 0.5 15.4114113514
54.0 2.0 0.5 10.6903059095
54.0 2.0 0.5 44.0792303631
56.0 2.0 0.5 43.3844506509
56.0 2.0 0.5 31.571342651
56.0 2.0 0.5 36.8961954279
56.0 2.0 0.5 41.3478853271
56.0 2.0 0.5 39.8770497055
58.0 2.0 0.5 14.3385158233
58.0 2.0 0.5 7.44965587413
58.0 2.0 0.5 21.7939581181
58.0 2.0 0.5 12.8594613489
58.0 2.0 0.5 29.9971596126
60.0 2.0 0.5 25.3560248783
60.0 2.0 0.5 2.15411354865
60.0 2.0 0.5 18.3620885188
60.0 2.0 0.5 23.7740611949
60.0 2.0 0.5 28.7175810816
62.0 2.0 0.5 12.1367797713
62.0 2.0 0.5 33.5466848991
62.0 2.0 0.5 6.92024781497
62.0 2.0 0.5 21.7924129068
62.0 2.0 0.5 42.7183609761
64.0 2.0 0.5 8.30190804888
64.0 2.0 0.5 29.2008383877
64.0 2.0 0.5 8.56274101165
64.0 2.0 0.5 37.0609586893
64.0 2.0 0.5 36.4903216285
66.0 2.0 0.5 24.7337225694
66.0 2.0 0.5 6.74211190963
66.0 2.0 0.5 17.4830586189
66.0 2.0 0.5 27.1285344832
66.0 2.0 0.5 48.0903158859
68.0 2.0 0.5 46.6073758168
68.0 2.0 0.5 26.1727200568
68.0 2.0 0.5 20.248385155
68.0 2.0 0.5 13.9072679336
68.0 2.0 0.5 31.1970147444
70.0 2.0 0.5 10.1141154401
70.0 2.0 0.5 46.6726154512
70.0 2.0 0.5 10.0590791627
70.0 2.0 0.5 0.0840044166169
70.0 2.0 0.5 40.8414153393
72.0 2.0 0.5 0.786722064607
72.0 2.0 0.5 25.3245597832
72.0 2.0 0.5 2.8355007712
72.0 2.0 0.5 20.965979508
72.0 2.0 0.5 7.84369373011
74.0 2.0 0.5 34.9891893995
74.0 2.0 0.5 10.1220622966
74.0 2.0 0.5 21.3257329947
74.0 2.0 0.5 9.72746100786
74.0 2.0 0.5 32.3292062765
76.0 2.0 0.5 5.20713253126
76.0 2.0 0.5 5.39632367599
76.0 2.0 0.5 20.8584865063
76.0 2.0 0.5 20.8576325594
76.0 2.0 0.5 30.0170385274
78.0 2.0 0.5 45.1752430454
78.0 2.0 0.5 46.781658536
78.0 2.0 0.5 32.0495676537
78.0 2.0 0.5 33.84568394
78.0 2.0 0.5 3.36138829235
80.0 2.0 0.5 18.5244987761
80.0 2.0 0.5 20.09514016
80.0 2.0 0.5 9.0690462672
80.0 2.0 0.5 10.6426621428
80.0 2.0 0.5 43.7067406607
82.0 2.0 0.5 30.0121308841
82.0 2.0 0.5 43.575971516
82.0 2.0 0.5 21.7041726151
82.0 2.0 0.5 35.761731586
82.0 2.0 0.5 29.1828511334
84.0 2.0 0.5 44.8615174146
84.0 2.0 0.5 17.395339357
84.0 2.0 0.5 24.6025517882
84.0 2.0 0.5 49.3892324102
84.0 2.0 0.5 22.6276462924
86.0 2.0 0.5 46.5519404725
86.0 2.0 0.5 19.3261602732
86.0 2.0 0.5 11.3333501348
86.0 2.0 0.5 15.4836309786
86.0 2.0 0.5 34.5235687784
88.0 2.0 0.5 20.4136472778
88.0 2.0 0.5 29.8648604997
88.0 2.0 0.5 35.6052306886
88.0 2.0 0.5 29.7754449256
88.0 2.0 0.5 40.1525259538
90.0 2.0 0.5 46.6763456913
90.0 2.0 0.5 3.0485231073
90.0 2.0 0.5 14.1593410298
90.0 2.0 0.5 8.74833197657
90.0 2.0 0.5 7.93311072544
92.0 2.0 0.5 45.0941098017
92.0 2.0 0.5 17.5353443727
92.0 2.0 0.5 3.54079713785
92.0 2.0 0.5 9.74662075269
92.0 2.0 0.5 36.0439584658
94.0 2.0 0.5 5.08388670538
94.0 2.0 0.5 32.8088399824
94.0 2.0 0.5 18.4885109075
94.0 2.0 0.5 6.11984525891
94.0 2.0 0.5 19.9413412869
96.0 2.0 0.5 48.3927810333
96.0 2.0 0.5 14.9458860438
96.0 2.0 0.5 46.8319478037
96.0 2.0 0.5 27.1628063993
96.0 2.0 0.5 25.2860607397
98.0 2.0 0.5 32.1319261892
98.0 2.0 0.5 45.2189192834
98.0 2.0 0.5 38.3616673447
98.0 2.0 0.5 1.84581083905
98.0 2.0 0.5 18.6393802064
100.0 2.0 0.5 36.9102651224
100.0 2.0 0.5 9.84674019691
100.0 2.0 0.5 23.9651363627
100.0 2.0 0.5 6.47145761296
100.0 2.0 0.5 37.8560721813
